9.797504710869603173e+00,9.797129265924304775e+00,9.796444066737794998e+00,9.795199475025020419e+00,-4.547963458478567844e+01,-4.260758420140211200e+01,-2.584737317316342597e+01,2.551591858473831298e+00,9.876185378517385871e+00,9.814167531220402196e+00,9.803175994506320379e+00
9.797341087397336779e+00,9.796829929240100654e+00,9.795896964266967544e+00,-5.695582346370024851e+01,-5.422191220019805513e+01,-4.611804888482495812e+01,-2.580038875665258757e+01,2.566412520681050413e+00,9.876166794472737820e+00,9.814147257830926563e+00,9.803168765658835326e+00
9.797342466262323413e+00,9.796832467918031639e+00,9.795901627479754126e+00,-5.661930107020548064e+01,-5.390848360753571455e+01,-4.589686836112620938e+01,-2.570397708892097910e+01,2.601902336924006409e+00,9.877475631601528860e+00,9.814443124504846239e+00,9.803265002863305710e+00
9.797330321956808419e+00,9.796810275131857537e+00,9.795861085403554824e+00,-5.576468101320908488e+01,-5.312916697830831936e+01,-4.533644921247938697e+01,-2.547166555960924939e+01,2.682932569204937057e+00,9.878198999969438177e+00,9.814346631252442776e+00,9.803233402404368135e+00
9.797334501773157456e+00,9.796817960335348019e+00,9.795875162366671773e+00,-5.384060640593423130e+01,-5.135945137123337645e+01,-4.396560010862596357e+01,-2.488709215881548786e+01,2.866410785460111299e+00,9.878799239237100238e+00,9.814330202248436663e+00,9.803222155544311534e+00
9.797340192719929064e+00,9.796828397390482834e+00,9.795894268024598617e+00,-1.832565808802928231e+01,-4.778079348619188238e+01,-4.115255180609135977e+01,-2.337671679192943941e+01,3.236612700359782657e+00,9.878870010079674913e+00,9.814374824725472735e+00,9.803227735563337930e+00
9.797345933164995913e+00,9.796838913123989911e+00,9.795913512612909102e+00,-1.507656009666211716e+01,-4.071468092510510672e+01,-3.527333866930000994e+01,-1.978571187167869283e+01,3.957041179448516743e+00,9.876784826436180609e+00,9.813991166894496132e+00,9.803096293187788746e+00
9.797367302603017691e+00,9.796877988096916567e+00,9.795984923236343178e+00,-9.962525806115118954e+00,-2.805570226628451991e+01,-2.422309534755277838e+01,-1.277560255475659368e+01,5.237542361694963233e+00,9.871076534645585099e+00,9.813309364916150912e+00,9.803069799308152810e+00
9.797376693787352764e+00,9.796895171151964732e+00,9.796016351333364014e+00,-2.939816964993742232e+00,-1.206766003835391743e+01,-9.796726531209982269e+00,-3.427381932151025268e+00,6.994563197364892737e+00,9.859667731679651936e+00,9.812037584578877869e+00,9.802837710800421434e+00
9.797408254261704030e+00,9.796952895088708146e+00,9.796121861475283410e+00,1.547889953904793003e-01,3.188746814420087006e-01,1.273136157875192076e+00,3.952271704072221059e+00,8.516102337807570422e+00,9.844335240177192858e+00,9.810022736556703649e+00,9.802516967972803030e+00
9.797447922591587144e+00,9.797025460932870189e+00,9.796254533394328945e+00,6.325414053332176323e+00,6.384258151208089593e+00,6.723289249670520995e+00,7.675207293103980533e+00,9.329875554072254218e+00,9.830022997044849831e+00,9.807851468576892273e+00,9.802057960721297647e+00
