1.385622978770561176e+01,1.385608374793820019e+01,1.385581769368661931e+01,1.385533719857356516e+01,1.385449380873841640e+01,-1.695449092818897796e+01,-4.756133235544766080e-01,1.364730712329440188e+01,1.390931474922978062e+01,1.386716654958292239e+01,1.386061045409966752e+01
1.385612689694709054e+01,1.385589564522541650e+01,1.385547418577757384e+01,1.385471203913289884e+01,-6.381794541537363585e+00,-1.787855028221652987e+01,-4.357826832734874589e-01,1.364617729106960198e+01,1.390919051600226908e+01,1.386714296546655589e+01,1.386060139350509957e+01
1.385612738788406517e+01,1.385589654337075061e+01,1.385547582674314526e+01,1.385471502446177716e+01,-6.879681523260934739e+00,-1.768672887410690109e+01,-3.319733045904325053e-01,1.364823531647923893e+01,1.390896112660973571e+01,1.386709578978419444e+01,1.386058291782562790e+01
1.385612865122252302e+01,1.385589885260222687e+01,1.385548004231036501e+01,1.385472268823952113e+01,-6.663413273708265194e+00,-1.706117411389694283e+01,-6.052938600293122917e-02,1.365543073959451092e+01,1.390846003423822808e+01,1.386699021677632970e+01,1.386054135721941094e+01
1.385613165587502493e+01,1.385590434461422582e+01,1.385549006811202233e+01,1.385474091727372681e+01,1.385342025719644354e+01,-2.796182065202214240e+00,8.312253578917012664e-01,1.367995771202061484e+01,1.390766904200643239e+01,1.386703397011219607e+01,1.386055710778028427e+01
1.385613165181499262e+01,1.385590433907064778e+01,1.385549006471137190e+01,1.385474094822942348e+01,1.385342053020251996e+01,-5.602654289517119413e-01,1.696043932754090378e+00,1.371007728561760608e+01,1.390566488256433075e+01,1.386681778309236179e+01,1.386047083791506651e+01
1.385613879094704970e+01,1.385591739027366032e+01,1.385551389677828027e+01,1.385478431417005751e+01,1.385349856676416103e+01,2.382376465290239942e+00,4.621221881345070059e+00,1.376037930495125750e+01,1.390125700033394374e+01,1.386628286816592315e+01,1.386045537226548774e+01
1.385614210304430038e+01,1.385592344825314370e+01,1.385552497292301410e+01,1.385480454052340349e+01,1.385353535059656593e+01,6.671752583769615441e+00,8.341602088094372647e+00,1.380891279654287018e+01,1.389318363406347601e+01,1.386507338058807903e+01,1.386014491728352027e+01
1.385616427792448491e+01,1.385596398694182163e+01,1.385559899380521287e+01,1.385493917457953117e+01,1.385377717487239124e+01,1.055377088250051365e+01,1.149923089512711272e+01,1.384479546337478340e+01,1.388345218830897920e+01,1.386384262162838610e+01,1.385997801338536917e+01
1.385617881251448047e+01,1.385599056611878055e+01,1.385564755848422180e+01,1.385502765489615662e+01,1.385393681549731681e+01,1.258723823138095099e+01,1.299897710932868300e+01,1.385870044406829749e+01,1.387449570418599976e+01,1.386237735720345299e+01,1.385962320698197203e+01
1.385620684689338233e+01,1.385604183158212699e+01,1.385574122009692566e+01,1.385519823269068951e+01,1.385424416681449244e+01,1.341060576452443520e+01,1.356966240477862584e+01,1.386197677843950871e+01,1.386752862773113826e+01,1.386098311866689059e+01,1.385938284121591302e+01
