1.385623621437643749e+01,1.385609552081627882e+01,1.385583924168422953e+01,1.385537660489034373e+01,1.385456575735074125e+01,-2.909679836363742567e+01,-4.559744333786747816e+00,1.365702220354500440e+01,1.390949868450997684e+01,1.386719263255258738e+01,1.386061972488847260e+01
1.385612702791185669e+01,1.385589590327441201e+01,1.385547468109768943e+01,1.385471298818482566e+01,-3.922501029773061276e+01,-3.033239887688358039e+01,-4.496033249689697087e+00,1.365487130631721335e+01,1.390873665459943709e+01,1.386704019123615339e+01,1.386056041044565035e+01
1.385613080433845923e+01,1.385590280818734854e+01,1.385548728997992640e+01,1.385473591762963430e+01,1.385341144176937433e+01,-2.824709135062877152e+01,-4.237803775012671359e+00,1.365791866721521686e+01,1.390850455442929245e+01,1.386699342969936311e+01,1.386054218379872260e+01
1.385613198727965134e+01,1.385590497136027466e+01,1.385549123987305720e+01,1.385474309952726379e+01,1.385342432287764858e+01,-2.698106816977354327e+01,-3.732346194050248478e+00,1.366557871854404027e+01,1.390805114762112638e+01,1.386712112049392154e+01,1.386059184374281372e+01
1.385612884788138643e+01,1.385589923172303806e+01,1.385548076041518328e+01,1.385472404775982902e+01,-3.334916030685820942e+01,-2.554229094984709647e+01,-2.823534152387153995e+00,1.368342683267344739e+01,1.390771265232093157e+01,1.386703620455873320e+01,1.386055741759727056e+01
1.385613209143703628e+01,1.385590515972285885e+01,1.385549158243735235e+01,1.385474373682008675e+01,1.385342561768394276e+01,-1.074999895417969142e+00,-1.825380154135070043e-01,1.372095784113121653e+01,1.390540302379940130e+01,1.386675488120489419e+01,1.386044566870296890e+01
1.385614095557777858e+01,1.385592136496528681e+01,1.385552117443900855e+01,1.385479758044851550e+01,1.385352246885416250e+01,-7.493950899015366929e+00,3.456322096865241278e+00,1.375818924229639251e+01,1.390107073653175895e+01,1.386624820702295402e+01,1.386044173444771133e+01
1.385614257031059005e+01,1.385592431772128741e+01,1.385552657466627124e+01,1.385480745273124015e+01,1.385354048218221834e+01,7.033987022674130785e+00,8.331524874524568247e+00,1.381584849267920134e+01,1.389286405819609271e+01,1.386520441351110833e+01,1.386020050260901826e+01
1.385616142672416018e+01,1.385595879273049391e+01,1.385558953588236797e+01,1.385492203388013799e+01,1.385374663539300499e+01,1.081386642143081112e+01,1.160884829629475412e+01,1.384875351993285797e+01,1.388225723921989463e+01,1.386349930399537556e+01,1.385981159811177221e+01
1.385619064385065258e+01,1.385601220931723532e+01,1.385568708938613725e+01,1.385509955471027865e+01,1.385406589605148042e+01,1.228891417634189764e+01,1.303299676597680090e+01,1.386355392793595165e+01,1.387410180032743412e+01,1.386220801251909052e+01,1.385952733365449063e+01
1.385621646830830578e+01,1.385605944049467730e+01,1.385577340235297683e+01,1.385525686081734875e+01,1.385434995940719816e+01,1.344268687603125123e+01,1.358859660874432151e+01,1.386436883962013233e+01,1.386717847176645435e+01,1.386098766316083264e+01,1.385937802533686636e+01
