9.797504710866464350e+00,9.797129265921235231e+00,9.796444066734949274e+00,9.795199475022876356e+00,-4.547963461209168656e+01,-4.260758424714559567e+01,-2.584737317322492700e+01,2.551591858505254162e+00,9.876185378835018014e+00,9.814167532245571479e+00,9.803175997755596782e+00
9.797341087394208614e+00,9.796829929237057755e+00,9.795896964264175111e+00,-5.695582349729401272e+01,-5.422191213362947337e+01,-4.611804892686274826e+01,-2.580038877293307920e+01,2.566412520997609636e+00,9.876166794911460656e+00,9.814147258873482826e+00,9.803168768908426145e+00
9.797342466258669447e+00,9.796832467914008191e+00,9.795901627475144480e+00,-5.661930108858948785e+01,-5.390848365529988939e+01,-4.589686836239858536e+01,-2.570397709165477806e+01,2.601902337993740488e+00,9.877475632034638409e+00,9.814443125544533686e+00,9.803265006106949286e+00
9.797330321953202414e+00,9.796810275127921130e+00,9.795861085399110380e+00,-5.576468101284355328e+01,-5.312916698919732994e+01,-4.533644921550914830e+01,-2.547166556079122657e+01,2.682932572297679563e+00,9.878199000508422145e+00,9.814346632305635865e+00,9.803233405647091558e+00
9.797334501769213944e+00,9.796817960330805874e+00,9.795875162361134869e+00,-5.384060640749827087e+01,-5.135945137274858041e+01,-4.396560011025447778e+01,-2.488709215880946957e+01,2.866410785589331045e+00,9.878799239559329592e+00,9.814330203267575214e+00,9.803222158771635719e+00
9.797340192716793794e+00,9.796828397387415066e+00,9.795894268021745788e+00,-1.832565808813841812e+01,-4.778079348620189393e+01,-4.115255180607838525e+01,-2.337671679189681129e+01,3.236612700459068570e+00,9.878870010399259272e+00,9.814374825742623543e+00,9.803227738785148304e+00
9.797345933161867748e+00,9.796838913120932801e+00,9.795913512610072260e+00,-1.507656009649501527e+01,-4.071468092545008943e+01,-3.527333866926824868e+01,-1.978571187166501133e+01,3.957041179545590204e+00,9.876784826755246272e+00,9.813991167909998481e+00,9.803096296404374854e+00
9.797367302599894856e+00,9.796877988093864786e+00,9.795984923233509889e+00,-9.962525806015584351e+00,-2.805570226651589394e+01,-2.422309534758248972e+01,-1.277560255465846240e+01,5.237542361793749990e+00,9.871076534964119631e+00,9.813309365930098949e+00,9.803069802519878806e+00
9.797376693784237034e+00,9.796895171148920056e+00,9.796016351330539607e+00,-2.939816964897765672e+00,-1.206766003832063561e+01,-9.796726530989385395e+00,-3.427381932254036201e+00,6.994563197451318715e+00,9.859667731997530993e+00,9.812037585591438571e+00,9.802837714007873515e+00
9.797408254258595406e+00,9.796952895085670576e+00,9.796121861472466108e+00,1.547889970905966806e-01,3.188746815279221991e-01,1.273136158125714346e+00,3.952271703679778536e+00,8.516102337812363032e+00,9.844335240491828287e+00,9.810022737567704709e+00,9.802516971176610028e+00
9.797447922588492730e+00,9.797025460929846830e+00,9.796254533391531183e+00,6.325414055154371162e+00,6.384258151856451846e+00,6.723289249575010729e+00,7.675207293232112704e+00,9.329875554223445278e+00,9.830022997365526649e+00,9.807851469588008797e+00,9.802057963922671036e+00
