1.385623453272031114e+01,1.385609245534630141e+01,1.385583364931570927e+01,1.385536641415507120e+01,1.385454729048352362e+01,-2.913739929020290376e+01,-4.523442720193362021e+00,1.365783860617138501e+01,1.390928504188373083e+01,1.386714827930239657e+01,1.386060233543884479e+01
1.385612825363840983e+01,1.385589815227898214e+01,1.385547879569023877e+01,1.385472047766164216e+01,-3.937696931559621305e+01,-3.048506954442358108e+01,-4.453784437229005633e+00,1.365538637432589653e+01,1.390883763029715503e+01,1.386705999720169302e+01,1.386056810157496777e+01
1.385613034930030452e+01,1.385590198469234480e+01,1.385548579547590364e+01,1.385473321025500759e+01,1.385340659872182201e+01,-2.834960773013448687e+01,-4.181177861262831641e+00,1.365852586993593576e+01,1.390835561284318622e+01,1.386696242441971805e+01,1.386053002329592054e+01
1.385613285351390189e+01,1.385590656345665650e+01,1.385549415516537053e+01,1.385474840786911166e+01,1.385343385186453702e+01,-2.702316803735381257e+01,-3.692670463499114319e+00,1.366657337187166021e+01,1.390813237232394250e+01,1.386713673243980161e+01,1.386059785369966235e+01
1.385612853933319144e+01,1.385589867665603414e+01,1.385547975668330523e+01,1.385472223461493968e+01,-3.343513730755447000e+01,-2.571524271024193098e+01,-2.780974966126740888e+00,1.368378735177050487e+01,1.390784221885707339e+01,1.386706212392089732e+01,1.386056747662769340e+01
1.385613149549741863e+01,1.385590407883054276e+01,1.385548961837223558e+01,1.385474017704925132e+01,1.385341925145299413e+01,-1.136945142153170885e+00,-1.130866073870953059e-01,1.372377179390584523e+01,1.390543300850341879e+01,1.386675676333494778e+01,1.386044604532750668e+01
1.385614123166429579e+01,1.385592187888188320e+01,1.385552212336543931e+01,1.385479932387961455e+01,1.385352565868714514e+01,-7.760738589329776005e+00,3.525527448488994686e+00,1.375717687437501269e+01,1.390103391195210669e+01,1.386624247247813990e+01,1.386043960839883837e+01
1.385614255753216817e+01,1.385592430436813416e+01,1.385552655919332210e+01,1.385480742788824138e+01,1.385354040840972445e+01,7.117061010534649235e+00,8.302814984181868141e+00,1.381800735877151354e+01,1.389293151994476005e+01,1.386521667464488061e+01,1.386020543096671886e+01
1.385616141263079015e+01,1.385595877760722061e+01,1.385558952008550371e+01,1.385492202505775872e+01,1.385374668746442950e+01,1.082555487346335177e+01,1.159231570777457421e+01,1.385175384060099368e+01,1.388278948391749346e+01,1.386363835142715573e+01,1.385987763845000842e+01
1.385618703648892236e+01,1.385600562778728850e+01,1.385567509150093990e+01,1.385507778718738336e+01,1.385402704685711228e+01,1.227914803733410487e+01,1.302923936662290139e+01,1.386300299714350182e+01,1.387413501448867947e+01,1.386222963387852758e+01,1.385954026698547992e+01
1.385621467973163590e+01,1.385605618022808905e+01,1.385576745708321411e+01,1.385524603793406406e+01,1.385433039071435068e+01,1.344472375929380092e+01,1.358774259906394200e+01,1.386394920968363031e+01,1.386719403780028870e+01,1.386100314175380888e+01,1.385938939738246845e+01
