1.385623053088790257e+01,1.385608514355460485e+01,1.385582027770673363e+01,1.385534192412797516e+01,1.385450226193404433e+01,-2.846878891005276202e+01,-4.529121686517130208e+00,1.365633965484969181e+01,1.390935673414486118e+01,1.386716439376300869e+01,1.386060876272869002e+01
1.385612773308774237e+01,1.385589721030593324e+01,1.385547708603488815e+01,1.385471737942562598e+01,-3.899067475935618177e+01,-3.026104448188444707e+01,-4.473147959362073323e+00,1.365475502646417638e+01,1.390869725301214999e+01,1.386703209148883786e+01,1.386055725234884406e+01
1.385613103810083047e+01,1.385590325369086528e+01,1.385548812206713443e+01,1.385473744948798114e+01,1.385341420729820783e+01,-2.802374694880456829e+01,-4.211107530825121792e+00,1.365816752237573795e+01,1.390849890009295109e+01,1.386699196814154078e+01,1.386054159947818043e+01
1.385613206466127068e+01,1.385590513111301370e+01,1.385549155036813929e+01,1.385474368339730233e+01,1.385342539036337683e+01,-2.673712873493663977e+01,-3.702857057113670081e+00,1.366595000791655323e+01,1.390803230140253532e+01,1.386711685518393011e+01,1.386059016091314433e+01
1.385612900038244000e+01,1.385589952844093986e+01,1.385548132077237327e+01,1.385472508591747953e+01,-3.326921052957465008e+01,-2.569476413900633105e+01,-2.832847174546350821e+00,1.368401971825738883e+01,1.390781653335597312e+01,1.386705650606926454e+01,1.386056525471922996e+01
1.385613167087777597e+01,1.385590440918738331e+01,1.385549023133468438e+01,1.385474130184845620e+01,1.385342128283810048e+01,-1.180477423487723776e+00,-2.112334061758081027e-01,1.372391800084370672e+01,1.390549953255328930e+01,1.386677022122820624e+01,1.386045124466189016e+01
1.385614093763953392e+01,1.385592135126317004e+01,1.385552117018609763e+01,1.385479760239492286e+01,1.385352259049616386e+01,-8.305066117953634475e+00,3.209874611794758970e+00,1.376004349056932341e+01,1.390128441700437101e+01,1.386628829411249342e+01,1.386045756205103352e+01
1.385614203913801568e+01,1.385592336747521713e+01,1.385552486223108204e+01,1.385480437449227153e+01,1.385353507499907622e+01,6.599601834046872284e+00,7.985969116788430355e+00,1.381531700348236669e+01,1.389372354175533175e+01,1.386518499262925097e+01,1.386019162409509420e+01
1.385616242353128769e+01,1.385596063450203097e+01,1.385559291771582124e+01,1.385492820618066823e+01,1.385375777267645958e+01,1.050562482269653763e+01,1.139639650840204865e+01,1.384724531045721463e+01,1.388351352079046208e+01,1.386385095122141919e+01,1.385998114353914623e+01
1.385617934651764749e+01,1.385599157886075261e+01,1.385564944806783316e+01,1.385503114875882957e+01,1.385394324122769838e+01,1.257878177052405277e+01,1.297555890594212258e+01,1.386155592020232064e+01,1.387443280952071589e+01,1.386232861060435440e+01,1.385959363089227736e+01
1.385621133549070905e+01,1.385605007269116129e+01,1.385575630906750888e+01,1.385522576097730507e+01,1.385429398583349681e+01,1.339637133531001112e+01,1.356241512923345560e+01,1.386186542840803071e+01,1.386747853559170984e+01,1.386096310253228125e+01,1.385936992722778172e+01
