5.542535418828441607e+01,5.542512933303056855e+01,5.542471924605631273e+01,5.542397602901785092e+01,5.542265627721573651e+01,1.950999987986497786e+01,2.639380623393390835e+01,5.359787579732159202e+01,5.550782406595062923e+01,5.543967286379621129e+01,5.543045080940513003e+01
5.542526827763163055e+01,5.542497231526245116e+01,5.542443272344218030e+01,5.542345583555086819e+01,7.970126330743529053e+00,1.124180117367807341e+01,2.638321435889675826e+01,5.355779648112473268e+01,5.550808811481142158e+01,5.543973013534466077e+01,5.543026764669929207e+01
5.542528124520185884e+01,5.542499602396302549e+01,5.542447601095672383e+01,5.542353454852739247e+01,8.748062365504093663e+00,1.129287453074681125e+01,2.643393645432980321e+01,5.159855482708557872e+01,5.550680830967665003e+01,5.544035390204930280e+01,5.543057233742864298e+01
5.542518192995001414e+01,5.542481439401356624e+01,5.542414395780166814e+01,5.542292811723986290e+01,2.196483887404340507e+01,5.271983334191135739e+00,2.622871439097554713e+01,5.169708119436141658e+01,5.550669149652067347e+01,5.544031153410143986e+01,5.543055683960145075e+01
5.542518428476986969e+01,5.542481870701229951e+01,5.542415184453722787e+01,5.542294250212393081e+01,2.307078795570921415e+01,9.837525753657949679e+00,2.804021452647299739e+01,5.190013260063430067e+01,5.550676315539814709e+01,5.544027757761573127e+01,5.543054261540027028e+01
5.542518768393579620e+01,5.542482492225950352e+01,5.542416320282429609e+01,5.542296322797365349e+01,2.675626987153979996e+01,1.695877669363288831e+01,3.156341163892594182e+01,5.227462562411945157e+01,5.550512543628629203e+01,5.544012803442598170e+01,5.543048736262959153e+01
5.542519643695947451e+01,5.542484092695417530e+01,5.542419244925888222e+01,5.542301656979938684e+01,3.234063484666027932e+01,2.802634743006090901e+01,3.771504858352278688e+01,5.295226329723444536e+01,5.549904985242439182e+01,5.543942416289707609e+01,5.543045190191605087e+01
5.542520142724274734e+01,5.542485005259017328e+01,5.542420912893575746e+01,5.542304700085344393e+01,4.194520832171386360e+01,4.189012320532474831e+01,4.517016133659858212e+01,5.394458411139346055e+01,5.548688497248703300e+01,5.543814793004324315e+01,5.543020320019372349e+01
5.542522460348569524e+01,5.542489242722189147e+01,5.542428653852443432e+01,5.542318800194287576e+01,4.947444490827379582e+01,4.938989163048876918e+01,5.096760179657800904e+01,5.477625882962007609e+01,5.547078397284106188e+01,5.543638385911192046e+01,5.542974227696120693e+01
5.542526644056046337e+01,5.542496892388511043e+01,5.542442628687803818e+01,5.542344255470524672e+01,5.320333728699360876e+01,5.322647293195867491e+01,5.382014475934670372e+01,5.519688049398655494e+01,5.545645244447112532e+01,5.543421229952114260e+01,5.542943626872749974e+01
5.542529554242261725e+01,5.542502215657124509e+01,5.542452361432215469e+01,5.542362012223294698e+01,5.467768948935155038e+01,5.467977726244474468e+01,5.489352618135433204e+01,5.536210159689402133e+01,5.544351157668170771e+01,5.543190946097602989e+01,5.542890233355996088e+01
