1.385623756386155137e+01,1.385609800401244307e+01,1.385584377863190042e+01,1.385538478229121573e+01,1.385457992110604764e+01,-2.841080970800397409e+01,-4.550676355452832667e+00,1.366030669326097069e+01,1.390946066124520542e+01,1.386718160926384869e+01,1.386061514414812379e+01
1.385612756621542374e+01,1.385589690586016509e+01,1.385547653060556961e+01,1.385471637331965411e+01,-7.236467774850177115e+00,-2.948972211369003915e+01,-4.483006942747413071e+00,1.365453691797366353e+01,1.390896559029186719e+01,1.386708754431142054e+01,1.386057896509252529e+01
1.385612953993009455e+01,1.385590051418251534e+01,1.385548311792186382e+01,1.385472834173207346e+01,1.385339783361552080e+01,-2.817737312745127554e+01,-4.301323956349637712e+00,1.365619586332977775e+01,1.390853793585587539e+01,1.386700166117088884e+01,1.386054551697465698e+01
1.385613169028436964e+01,1.385590444503020890e+01,1.385549029511817487e+01,1.385474139249919467e+01,1.385342124277080345e+01,-2.656840850799367004e+01,-3.823362926493898861e+00,1.366566616296482550e+01,1.390821179624845350e+01,1.386715392047684503e+01,1.386060461546117750e+01
1.385612804938040732e+01,1.385589778774265035e+01,1.385547814115314758e+01,1.385471930379008398e+01,-3.279107617944418962e+01,-2.547738884078173527e+01,-2.671831344355644511e+00,1.368474240351165250e+01,1.390776771599211337e+01,1.386704793318079254e+01,1.386056203317572866e+01
1.385613178185711725e+01,1.385590461204798451e+01,1.385549060143462796e+01,1.385474197231426530e+01,1.385342246814836109e+01,-7.804929945256484647e-01,-9.359571129934973754e-02,1.372415069663616372e+01,1.390532780803845014e+01,1.386673667801065690e+01,1.386043837723949679e+01
1.385614160411557805e+01,1.385592256914426734e+01,1.385552339243862008e+01,1.385480163620226435e+01,1.385352978752710662e+01,3.081811379502372272e+00,3.683801021420327615e+00,1.376687723603157032e+01,1.390118660437582321e+01,1.386626067829240228e+01,1.386044570358621897e+01
1.385614322898790007e+01,1.385592554286524347e+01,1.385552883635099164e+01,1.385481161468976197e+01,1.385354814713130622e+01,7.000726854308354064e+00,8.049090410560387099e+00,1.381415477081670673e+01,1.389319089018066933e+01,1.386506574185218810e+01,1.386014076932325878e+01
1.385616526091816780e+01,1.385596582056004777e+01,1.385560238207519390e+01,1.385494539256267288e+01,1.385378848138702246e+01,1.060737269561644780e+01,1.148553034123336047e+01,1.385022485625184530e+01,1.388330131848723781e+01,1.386378439425014264e+01,1.385994832034804247e+01
1.385618210751285417e+01,1.385599662758293604e+01,1.385565866936624957e+01,1.385504793434392212e+01,1.385397346849840261e+01,1.220974441351362394e+01,1.298503031460422008e+01,1.386112520015899108e+01,1.387470744689611735e+01,1.386243992450194540e+01,1.385965607907474606e+01
1.385620551022546110e+01,1.385603942844169367e+01,1.385573688153842298e+01,1.385519042935846024e+01,1.385423042478355882e+01,1.343031404424406716e+01,1.357260077648161989e+01,1.386399251466239946e+01,1.386740648875731097e+01,1.386089725225047786e+01,1.385932179643901208e+01
