1.385622978770583558e+01,1.385608374793841868e+01,1.385581769368682004e+01,1.385533719857369839e+01,1.385449380873835246e+01,-1.695449092821545634e+01,-4.756133235566137873e-01,1.364730712328517548e+01,1.390931474920070521e+01,1.386716654949053229e+01,1.386061045380718326e+01
1.385612689694731259e+01,1.385589564522563322e+01,1.385547418577777279e+01,1.385471203913303029e+01,-6.381794541530830145e+00,-1.787855028221166620e+01,-4.357826832773168402e-01,1.364617729106040933e+01,1.390919051597324341e+01,1.386714296537433100e+01,1.386060139321313400e+01
1.385612738788428722e+01,1.385589654337096732e+01,1.385547582674334066e+01,1.385471502446191039e+01,-6.879681523257281661e+00,-1.768672887409708849e+01,-3.319733045952955042e-01,1.364823531647008359e+01,1.390896112658076156e+01,1.386709578969213297e+01,1.386058291753418104e+01
1.385612865122274684e+01,1.385589885260244358e+01,1.385548004231056041e+01,1.385472268823965436e+01,-6.663413273704648532e+00,-1.706117411388565230e+01,-6.052938600814883330e-02,1.365543073958540354e+01,1.390846003420930543e+01,1.386699021668442811e+01,1.386054135692847566e+01
1.385613165587524875e+01,1.385590434461444254e+01,1.385549006811221773e+01,1.385474091727386003e+01,1.385342025719637782e+01,-2.796182065201513467e+00,8.312253578854038594e-01,1.367995771201141686e+01,1.390766904197755949e+01,1.386703397002045790e+01,1.386055710748986058e+01
1.385613165181521467e+01,1.385590433907086272e+01,1.385549006471156730e+01,1.385474094822955493e+01,1.385342053020245245e+01,-5.602654289489954476e-01,1.696043932751562844e+00,1.371007728560872430e+01,1.390566488253551825e+01,1.386681778300077994e+01,1.386047083762513843e+01
1.385613879094727174e+01,1.385591739027387703e+01,1.385551389677847567e+01,1.385478431417018896e+01,1.385349856676409530e+01,2.382376465290140466e+00,4.621221881341928572e+00,1.376037930494225314e+01,1.390125700030517208e+01,1.386628286807448873e+01,1.386045537197601440e+01
1.385614210304452065e+01,1.385592344825336042e+01,1.385552497292320950e+01,1.385480454052353672e+01,1.385353535059649843e+01,6.671752583770411249e+00,8.341602088091642386e+00,1.380891279653390846e+01,1.389318363403474521e+01,1.386507338049677074e+01,1.386014491699444307e+01
1.385616427792470517e+01,1.385596398694203657e+01,1.385559899380540827e+01,1.385493917457966440e+01,1.385377717487232729e+01,1.055377088250039108e+01,1.149923089512462049e+01,1.384479546336579858e+01,1.388345218828027683e+01,1.386384262153718083e+01,1.385997801309660815e+01
1.385617881251470074e+01,1.385599056611899371e+01,1.385564755848441543e+01,1.385502765489628985e+01,1.385393681549725109e+01,1.258723823138065256e+01,1.299897710932620498e+01,1.385870044405930379e+01,1.387449570415731870e+01,1.386237735711232943e+01,1.385962320669346326e+01
1.385620684689360615e+01,1.385604183158234193e+01,1.385574122009712283e+01,1.385519823269082273e+01,1.385424416681442850e+01,1.341060576452402486e+01,1.356966240477591867e+01,1.386197677843049192e+01,1.386752862770246963e+01,1.386098311857583454e+01,1.385938284092761208e+01
