9.797505869823377012e+00,9.797131384444199398e+00,9.796447920828077471e+00,9.795206369389093837e+00,-5.585062743605666924e+01,-4.795394391764288144e+01,-2.610124793029676127e+01,2.557070097369908090e+00,9.875424962645757532e+00,9.814334479109268372e+00,9.803233700452155475e+00
9.797331476990722265e+00,9.796812463816065630e+00,9.795865154859132673e+00,-5.737167738262465377e+01,-5.586557000985666122e+01,-4.766168112082883113e+01,-2.600840927320508555e+01,2.570628054076043778e+00,9.875627502584970685e+00,9.814299334463511215e+00,9.803219085290319157e+00
9.797335602624503537e+00,9.796819997347991915e+00,9.795878918631332866e+00,-5.701833489508721442e+01,-5.556095211055731653e+01,-4.783449950178448518e+01,-2.591773017919386035e+01,2.607962514404879251e+00,9.877264805525014069e+00,9.814434956325056802e+00,9.803263914046908667e+00
9.797329416483179898e+00,9.796808688076390936e+00,9.795858248164686088e+00,-5.756876417868939910e+01,-5.568967915805689728e+01,-4.732440451048361041e+01,-2.571394271172303903e+01,2.689379631793708203e+00,9.877828401638705458e+00,9.814548085920796083e+00,9.803300146826732231e+00
9.797325254451415333e+00,9.796801087567475363e+00,9.795844366370779710e+00,-5.591713539789778054e+01,-5.402637109434670037e+01,-4.599869850884224576e+01,-2.515572510447365673e+01,2.880779731020915779e+00,9.878455075875823610e+00,9.814558113158062369e+00,9.803298236136150479e+00
9.797329220128391469e+00,9.796808349100604829e+00,9.795857648859483291e+00,-1.810752643140194706e+01,-4.953082852265625746e+01,-4.270248264753566048e+01,-2.365650055459706280e+01,3.252689508292967435e+00,9.878619239634698346e+00,9.814390097318552719e+00,9.803235541417667065e+00
9.797342917244957761e+00,9.796833397061844195e+00,9.795903429976924315e+00,-1.496993944335346605e+01,-4.159503480502307582e+01,-3.584348667387630627e+01,-1.967644143417949465e+01,3.974921143309165128e+00,9.876348681486799563e+00,9.814008301379743671e+00,9.803106474640134849e+00
9.797362711424968396e+00,9.796869591019929047e+00,9.795969573637547612e+00,-9.504891662205602998e+00,-2.788292338311115515e+01,-2.395098358228546687e+01,-1.250398579736620164e+01,5.266792584001053434e+00,9.870419986562415815e+00,9.813310105520963944e+00,9.803076515896066212e+00
9.797371198246747070e+00,9.796885114802739380e+00,9.795997960832311335e+00,-2.380047221354381293e+00,-1.145193826350826782e+01,-9.394794013432612445e+00,-3.133388060953413046e+00,7.023915242237925405e+00,9.858454531943642962e+00,9.812016261493637259e+00,9.802842892928643082e+00
9.797398458910322461e+00,9.796934973083297749e+00,9.796089086132980128e+00,4.108692346892535596e+00,5.711648528785460144e-01,1.514862512822797491e+00,4.155488990236293034e+00,8.535519103769692251e+00,9.843286007810242211e+00,9.809988703655033504e+00,9.802517118508379923e+00
9.797438372066430645e+00,9.797007997028737591e+00,9.796222610718022139e+00,6.428803057277125532e+00,6.484200800770905104e+00,6.816449129699623910e+00,7.749499250192817712e+00,9.337305408888013858e+00,9.828976355235978346e+00,9.807668863624780187e+00,9.801990872656634934e+00
