1.385623756385827221e+01,1.385609800400940017e+01,1.385584377862961603e+01,1.385538478229132764e+01,1.385457992111374637e+01,-2.841080970822794072e+01,-4.550676355379365212e+00,1.366030669361069982e+01,1.390946066235016332e+01,1.386718161276328587e+01,1.386061515521198828e+01
1.385612756621215347e+01,1.385589690585713640e+01,1.385547653060329765e+01,1.385471637331977668e+01,-7.236467774586348156e+00,-2.948972211370514174e+01,-4.483006942578093401e+00,1.365453691831643113e+01,1.390896559139350153e+01,1.386708754780083019e+01,1.386057897612477419e+01
1.385612953992683671e+01,1.385590051417949553e+01,1.385548311791960074e+01,1.385472834173219780e+01,1.385339783362319466e+01,-2.817737312754582746e+01,-4.301323956169177620e+00,1.365619586366825189e+01,1.390853793695431406e+01,1.386700166465039530e+01,1.386054552797563844e+01
1.385613169028112068e+01,1.385590444502719976e+01,1.385549029511591712e+01,1.385474139249931724e+01,1.385342124277845599e+01,-2.656840850862482029e+01,-3.823362926329922473e+00,1.366566616330107209e+01,1.390821179734377822e+01,1.386715392394658686e+01,1.386060462643131430e+01
1.385612804937716547e+01,1.385589778773964831e+01,1.385547814115089693e+01,1.385471930379020833e+01,-3.279107618027634885e+01,-2.547738884071725707e+01,-2.671831344273924103e+00,1.368474240385380014e+01,1.390776771708456749e+01,1.386704793664091184e+01,1.386056204411539028e+01
1.385613178185388605e+01,1.385590461204499135e+01,1.385549060143238265e+01,1.385474197231438609e+01,1.385342246815596567e+01,-7.804929943344720567e-01,-9.359571120722431914e-02,1.372415069698014634e+01,1.390532780912800526e+01,1.386673668146129046e+01,1.386043838814912732e+01
1.385614160411234863e+01,1.385592256914127418e+01,1.385552339243637299e+01,1.385480163620237803e+01,1.385352978753468278e+01,3.081811379481196767e+00,3.683801021534065967e+00,1.376687723637350125e+01,1.390118660546253615e+01,1.386626068173426241e+01,1.386044571446849893e+01
1.385614322898467776e+01,1.385592554286225564e+01,1.385552883634874988e+01,1.385481161468987210e+01,1.385354814713885929e+01,7.000726854280099332e+00,8.049090410667190554e+00,1.381415477115789514e+01,1.389319089126495754e+01,1.386506574528651115e+01,1.386014078018204998e+01
1.385616526091494904e+01,1.385596582055706882e+01,1.385560238207295392e+01,1.385494539256278301e+01,1.385378848139455954e+01,1.060737269564265617e+01,1.148553034133999162e+01,1.385022485659218106e+01,1.388330131956948321e+01,1.386378439767823423e+01,1.385994833118782488e+01
1.385618210750964430e+01,1.385599662757996064e+01,1.385565866936401846e+01,1.385504793434403226e+01,1.385397346850592726e+01,1.220974441356454321e+01,1.298503031470988667e+01,1.386112520049938723e+01,1.387470744797683864e+01,1.386243992792508095e+01,1.385965608989942766e+01
1.385620551022225300e+01,1.385603942843872360e+01,1.385573688153618832e+01,1.385519042935856682e+01,1.385423042479106925e+01,1.343031404427413023e+01,1.357260077658683706e+01,1.386399251500198204e+01,1.386740648983666446e+01,1.386089725566949404e+01,1.385932180725164464e+01
