9.797506358949998884e+00,9.797132299070151262e+00,9.796449617269207266e+00,9.795209515212668805e+00,-5.585858668117734283e+01,-4.795875657438035233e+01,-2.609176557432672183e+01,2.557197174974717324e+00,9.875447879035354148e+00,9.814342172047298973e+00,9.803236728734038508e+00
9.797331100622660216e+00,9.796811788148678701e+00,9.795863934506277459e+00,-5.737452271582090901e+01,-5.586937604874194818e+01,-4.766436590013194774e+01,-2.601199985917009982e+01,2.570758878782668067e+00,9.875428262171912053e+00,9.814256763278072171e+00,9.803205742868698280e+00
9.797337265971174602e+00,9.796823040431259955e+00,9.795884480418008522e+00,-5.700564584060362705e+01,-5.555632434514268425e+01,-4.783465711851602009e+01,-2.591723831458322280e+01,2.608001973858450562e+00,9.877264482086175690e+00,9.814435016752996788e+00,9.803264297339573830e+00
9.797329418626285147e+00,9.796808692450584388e+00,9.795858256565697531e+00,-5.756811185905278450e+01,-5.568953023935298319e+01,-4.732422939136414897e+01,-2.571358477354148420e+01,2.689361149841051013e+00,9.877823965601427503e+00,9.814547431240438158e+00,9.803300277005027041e+00
9.797325278066127296e+00,9.796801131077675251e+00,9.795844446226752211e+00,-5.591719914086309018e+01,-5.402641995219752857e+01,-4.599874187062047071e+01,-2.515573578954592904e+01,2.880778786158981752e+00,9.878455122448546177e+00,9.814558225143557024e+00,9.803298582233789915e+00
9.797329219802206168e+00,9.796808348817149792e+00,9.795857648664387796e+00,-1.810751791072988581e+01,-4.953081932090702821e+01,-4.270249024639912250e+01,-2.365650390123752445e+01,3.252689442114653495e+00,9.878619271217676356e+00,9.814390201079978837e+00,9.803235864231471197e+00
9.797342916904705490e+00,9.796833396723908294e+00,9.795903429652730310e+00,-1.496994014043914589e+01,-4.159503060560732735e+01,-3.584348685898766007e+01,-1.967644094496931828e+01,3.974921171856794722e+00,9.876348712670688812e+00,9.814008398832188007e+00,9.803106777897228952e+00
9.797362711117271417e+00,9.796869590718781495e+00,9.795969573357277582e+00,-9.504891634592999239e+00,-2.788292275378037033e+01,-2.395098346037741166e+01,-1.250398590577188962e+01,5.266792587105438628e+00,9.870420015632749511e+00,9.813310197580390692e+00,9.803076802889501451e+00
9.797371197961183498e+00,9.796885114523528060e+00,9.795997960573119556e+00,-2.380047196856803993e+00,-1.145193793373204549e+01,-9.394794002984484749e+00,-3.133388022469151935e+00,7.023915255782647193e+00,9.858454559945361240e+00,9.812016349344105492e+00,9.802843167003917557e+00
9.797398458641952246e+00,9.796934972820704246e+00,9.796089085888976200e+00,4.108692345500634779e+00,5.711648522839718467e-01,1.514862499789987105e+00,4.155489005728218999e+00,8.535519114734016810e+00,9.843286034702144249e+00,9.809988788234866419e+00,9.802517382763795695e+00
9.797438371811869828e+00,9.797007996779793615e+00,9.796222610487093974e+00,6.428802992500354030e+00,6.484200800644699392e+00,6.816449130120231459e+00,7.749499252691928852e+00,9.337305416936702684e+00,9.828976381211044000e+00,9.807668945718090114e+00,9.801991129504136424e+00
