1.385623395241552203e+01,1.385609139745302087e+01,1.385583169062129727e+01,1.385536264933800155e+01,1.385453930513554255e+01,-2.779828416594200036e+01,-4.486410663943883215e+00,1.365629357464526450e+01,1.390929112787939204e+01,1.386715184730603312e+01,1.386060391899733801e+01
1.385612800609346529e+01,1.385589771170769424e+01,1.385547800273118391e+01,1.385471904622507466e+01,-7.598854904495888185e+00,-2.903161352323713373e+01,-4.400463064685681935e+00,1.365287827723197722e+01,1.390902113008324648e+01,1.386710035707635846e+01,1.386058410018020481e+01
1.385612909997591657e+01,1.385589971151229705e+01,1.385548165387664454e+01,1.385472568143528704e+01,-3.726077371994535525e+01,-2.907350854438520216e+01,-4.343439524552903386e+00,1.365719918771947228e+01,1.390868793533545045e+01,1.386702960399758311e+01,1.386055621036427254e+01
1.385613114794092837e+01,1.385590345449712757e+01,1.385548848767320962e+01,1.385473811131035404e+01,1.385341539201679950e+01,-2.624537575137874157e+01,-3.833672447179965914e+00,1.366686380194037653e+01,1.390834284279322830e+01,1.386695526569337922e+01,1.386052680610331933e+01
1.385613337525542121e+01,1.385590752442707085e+01,1.385549591603912667e+01,1.385475161656520626e+01,1.385343964286719043e+01,-2.305514050697065898e+01,-2.812926170541589777e+00,1.368298063908882511e+01,1.390779804171188871e+01,1.386705525183906929e+01,1.386056497327192361e+01
1.385613151979247704e+01,1.385590413231597395e+01,1.385548972465079665e+01,1.385474037645281342e+01,1.385341959930081757e+01,-9.822492744759734329e-01,-3.273289781963737433e-01,1.372432097632812287e+01,1.390548077629105528e+01,1.386676608523073817e+01,1.386044960713440943e+01
1.385614105237354821e+01,1.385592155740265596e+01,1.385552154318728668e+01,1.385479827896574356e+01,1.385352381170420699e+01,-7.998907625534158683e+00,3.126360927374917331e+00,1.375840278190972477e+01,1.390131450135467261e+01,1.386629669482350913e+01,1.386046115327606998e+01
1.385614168238901911e+01,1.385592271573813505e+01,1.385552367217976766e+01,1.385480220823171571e+01,1.385353117311026239e+01,6.570569521153564629e+00,7.797298124366127681e+00,1.381548913276673929e+01,1.389377438213452365e+01,1.386519433514962607e+01,1.386019539736351902e+01
1.385616237261584338e+01,1.385596054234850527e+01,1.385559275094753851e+01,1.385492791031693294e+01,1.385375728753694347e+01,1.036591092917647572e+01,1.123004909566928333e+01,1.384632136681523029e+01,1.388412361437461229e+01,1.386380212856561656e+01,1.385995759258482352e+01
1.385618092150536995e+01,1.385599445710857225e+01,1.385565469899418645e+01,1.385504068282937240e+01,1.385396030442168325e+01,1.246534354430046854e+01,1.290539230795294046e+01,1.386110977125267496e+01,1.387475751711827776e+01,1.386244052624534895e+01,1.385965446230121145e+01
1.385620712755555672e+01,1.385604238091671547e+01,1.385574226525118036e+01,1.385520022107583138e+01,1.385424813975706115e+01,1.335873851695193437e+01,1.353771487142784480e+01,1.386204040490271794e+01,1.386798979221042671e+01,1.386117517342676564e+01,1.385930958457926110e+01
