9.797501880169193100e+00,9.797123847517717365e+00,9.796433913775707936e+00,9.795180655653325630e+00,-5.199094373076370346e+01,-4.947499393022107483e+01,-2.653602379820495472e+01,2.554730752366565216e+00,9.874894003651441210e+00,9.814220249271405905e+00,9.803196775038454547e+00
9.797335690529877184e+00,9.796819928365858132e+00,9.795878546961610311e+00,-5.946029245126817386e+01,-5.862626430082034545e+01,-4.948569176194239105e+01,-2.648673818261673674e+01,2.570858395625439385e+00,9.875527294551368129e+00,9.814317116065080171e+00,9.803226387737797864e+00
9.797333312241791603e+00,9.796815579637550897e+00,9.795870603531076526e+00,-5.919981234525288727e+01,-5.828975438504239293e+01,-4.923780082892420751e+01,-2.635793361652028821e+01,2.606770009188866588e+00,9.877460600858306350e+00,9.814467393701209019e+00,9.803273927122317488e+00
9.797328276140929049e+00,9.796806384507744880e+00,9.795853810126441630e+00,-5.822466797133265715e+01,-5.738665983713517704e+01,-4.855048544310872671e+01,-2.598517765435578042e+01,2.689931401197093841e+00,9.877896968387114285e+00,9.814530595967360327e+00,9.803293093673101311e+00
9.797326869748125944e+00,9.796803827203804715e+00,9.795849149761520991e+00,-5.624804943820385006e+01,-5.501009021268458810e+01,-4.664222329257923860e+01,-2.515226228534508124e+01,2.881772260099743299e+00,9.878526944055272097e+00,9.814517943371797060e+00,9.803282886291135867e+00
9.797332532686713336e+00,9.796814181872019134e+00,9.795868077608187008e+00,-1.809362095033865359e+01,-4.920864514527465161e+01,-4.216135231344569689e+01,-2.270491373999059803e+01,3.276533032459872707e+00,9.877963940881167915e+00,9.814221665293819896e+00,9.803179866359295502e+00
9.797350315585859448e+00,9.796846701610581576e+00,9.795927511179634450e+00,-1.435969995999406024e+01,-3.920939801278703385e+01,-3.349504906273689642e+01,-1.797934726764052371e+01,4.071284677869225987e+00,9.875947635559095161e+00,9.813993676066695926e+00,9.803094436321106997e+00
9.797369209258663503e+00,9.796881255841116243e+00,9.795990676140375442e+00,-8.918552118691080111e+00,-2.350908451277303257e+01,-2.009880423311705044e+01,-1.014625782954933797e+01,5.469583150433515506e+00,9.869441636443267996e+00,9.813143811944378569e+00,9.803012307368259570e+00
9.797384721818902520e+00,9.796909616443850055e+00,9.796042511987009149e+00,-1.419440537828844384e+00,-7.836097216936272147e+00,-6.042963357256146750e+00,-1.010146001189276888e+00,7.300543857658119862e+00,9.856537078171502486e+00,9.811619129642078718e+00,9.802696389018722201e+00
9.797421257046449838e+00,9.796976432576451899e+00,9.796164621631151093e+00,4.867574925229138039e+00,2.595884879383042243e+00,3.310844255893395705e+00,5.306127487698287126e+00,8.728623288576368822e+00,9.840598898339337097e+00,9.809579461477211382e+00,9.802354934292763389e+00
9.797461847488909470e+00,9.797050690828729813e+00,9.796300402229137561e+00,7.233007841144196703e+00,7.279709154591486708e+00,7.525717006051793057e+00,8.211570306939623975e+00,9.419903128450110685e+00,9.826716513838164246e+00,9.807332260127658685e+00,9.802045824544576291e+00
