9.797505869833798897e+00,9.797131384454340619e+00,9.796447920837330514e+00,9.795206369395565105e+00,-5.585062743488133208e+01,-4.795394391728045491e+01,-2.610124793018337996e+01,2.557070096964329409e+00,9.875424961385437683e+00,9.814334475097455268e+00,9.803233687753902359e+00
9.797331477001280930e+00,9.796812463826341855e+00,9.795865154868524272e+00,-5.737167737924146849e+01,-5.586557000792456051e+01,-4.766168112053127714e+01,-2.600840927394557767e+01,2.570628053674345548e+00,9.875627501329390157e+00,9.814299330465233950e+00,9.803219072634890452e+00
9.797335602635030227e+00,9.796819997358239718e+00,9.795878918640708477e+00,-5.701833489366251939e+01,-5.556095210919217919e+01,-4.783449950182605193e+01,-2.591773017943567936e+01,2.607962514017276856e+00,9.877264804271495890e+00,9.814434952340205243e+00,9.803263901434693395e+00
9.797329416493679943e+00,9.796808688086617423e+00,9.795858248174049265e+00,-5.756876417938346435e+01,-5.568967915808514135e+01,-4.732440451057326669e+01,-2.571394271186306923e+01,2.689379631412851968e+00,9.877828400389851993e+00,9.814548081949617142e+00,9.803300134257558085e+00
9.797325254461879851e+00,9.796801087577666323e+00,9.795844366380100254e+00,-5.591713539921479992e+01,-5.402637109439510965e+01,-4.599869850888519096e+01,-2.515572510450548549e+01,2.880779730632901714e+00,9.878455074630812405e+00,9.814558109200305580e+00,9.803298223609610673e+00
9.797329220138824013e+00,9.796808349110762038e+00,9.795857648868780743e+00,-1.810752643218107494e+01,-4.953082852990500839e+01,-4.270248264618081180e+01,-2.365650055422021936e+01,3.252689507963405724e+00,9.878619238394785285e+00,9.814390093374141699e+00,9.803235528933068821e+00
9.797342917255349448e+00,9.796833397071962324e+00,9.795903429986182687e+00,-1.496993944422702327e+01,-4.159503481045017281e+01,-3.584348667576043823e+01,-1.967644143441453508e+01,3.974921142962948295e+00,9.876348680250565337e+00,9.814008297447962548e+00,9.803106462195584569e+00
9.797362711435317451e+00,9.796869591030004543e+00,9.795969573646765127e+00,-9.504891662702519284e+00,-2.788292338081330968e+01,-2.395098358340069211e+01,-1.250398579685463574e+01,5.266792583684559936e+00,9.870419985330199708e+00,9.813310101601020463e+00,9.803076503488576066e+00
9.797371198257039282e+00,9.796885114812761586e+00,9.795997960841479113e+00,-2.380047221641271804e+00,-1.145193826645393820e+01,-9.394794013320160175e+00,-3.133388061241383582e+00,7.023915241833337930e+00,9.858454530713158803e+00,9.812016257583801249e+00,9.802842880553409799e+00
9.797398458920545394e+00,9.796934973093248900e+00,9.796089086142080404e+00,4.108692346732748746e+00,5.711648529132631325e-01,1.514862512806992356e+00,4.155488990130290716e+00,8.535519103392488205e+00,9.843286006583074510e+00,9.809988699753809271e+00,9.802517106159605476e+00
9.797438372076578972e+00,9.797007997038615912e+00,9.796222610727046032e+00,6.428803057244858898e+00,6.484200800766521056e+00,6.816449129676692920e+00,7.749499250071082201e+00,9.337305408509246618e+00,9.828976354011247807e+00,9.807668859730485522e+00,9.801990860329015121e+00
