1.385622978770694758e+01,1.385608374793950048e+01,1.385581769368780236e+01,1.385533719857436985e+01,1.385449380873803094e+01,-1.695449092834577343e+01,-4.756133235672070914e-01,1.364730712323942718e+01,1.390931474905648457e+01,1.386716654903220558e+01,1.386061045235588907e+01
1.385612689694841926e+01,1.385589564522670969e+01,1.385547418577874623e+01,1.385471203913369287e+01,-6.381794541498967632e+00,-1.787855028218734788e+01,-4.357826832963453967e-01,1.364617729101477117e+01,1.390919051582917376e+01,1.386714296491648213e+01,1.386060139176336214e+01
1.385612738788539389e+01,1.385589654337204024e+01,1.385547582674431588e+01,1.385471502446257297e+01,-6.879681523239451479e+00,-1.768672887404839500e+01,-3.319733046194632831e-01,1.364823531642463017e+01,1.390896112643683580e+01,1.386709578923476194e+01,1.386058291608592086e+01
1.385612865122385173e+01,1.385589885260351650e+01,1.385548004231153563e+01,1.385472268824031516e+01,-6.663413273686966676e+00,-1.706117411382963667e+01,-6.052938603404323104e-02,1.365543073954015441e+01,1.390846003406553422e+01,1.386699021622753314e+01,1.386054135548171828e+01
1.385613165587635365e+01,1.385590434461551368e+01,1.385549006811319117e+01,1.385474091727452084e+01,1.385342025719604919e+01,-2.796182065198197453e+00,8.312253578541703991e-01,1.367995771196567922e+01,1.390766904183392683e+01,1.386703396956403367e+01,1.386055710604460245e+01
1.385613165181631601e+01,1.385590433907193564e+01,1.385549006471254074e+01,1.385474094823021574e+01,1.385342053020212560e+01,-5.602654289356805428e-01,1.696043932739017102e+00,1.371007728556450900e+01,1.390566488239208454e+01,1.386681778254482822e+01,1.386047083618133868e+01
1.385613879094837131e+01,1.385591739027494640e+01,1.385551389677944734e+01,1.385478431417084799e+01,1.385349856676376668e+01,2.382376465289541834e+00,4.621221881326354364e+00,1.376037930489740901e+01,1.390125700016185739e+01,1.386628286761896334e+01,1.386045537053355581e+01
1.385614210304562377e+01,1.385592344825442979e+01,1.385552497292417939e+01,1.385480454052419574e+01,1.385353535059617158e+01,6.671752583774338774e+00,8.341602088078015953e+00,1.380891279648925973e+01,1.389318363389155131e+01,1.386507338004161838e+01,1.386014491555314976e+01
1.385616427792580652e+01,1.385596398694310771e+01,1.385559899380637816e+01,1.385493917458032342e+01,1.385377717487200044e+01,1.055377088249974271e+01,1.149923089511217889e+01,1.384479546332100242e+01,1.388345218813716286e+01,1.386384262108233045e+01,1.385997801165625098e+01
1.385617881251580030e+01,1.385599056612006663e+01,1.385564755848538709e+01,1.385502765489695065e+01,1.385393681549692779e+01,1.258723823137914799e+01,1.299897710931383443e+01,1.385870044401444368e+01,1.387449570401424737e+01,1.386237735665771531e+01,1.385962320525385216e+01
1.385620684689470750e+01,1.385604183158341129e+01,1.385574122009809450e+01,1.385519823269148532e+01,1.385424416681410520e+01,1.341060576452195718e+01,1.356966240476241126e+01,1.386197677838549680e+01,1.386752862755940363e+01,1.386098311812139983e+01,1.385938283948858540e+01
