1.385623756386017824e+01,1.385609800401116765e+01,1.385584377863094474e+01,1.385538478229126547e+01,1.385457992110928060e+01,-2.841080970809677453e+01,-4.550676355421782837e+00,1.366030669340777592e+01,1.390946066170920048e+01,1.386718161073355127e+01,1.386061514879585843e+01
1.385612756621405239e+01,1.385589690585889500e+01,1.385547653060461570e+01,1.385471637331970740e+01,-7.236467774738008174e+00,-2.948972211369551033e+01,-4.483006942676127871e+00,1.365453691811766035e+01,1.390896559075483196e+01,1.386708754577806779e+01,1.386057896973062498e+01
1.385612953992872676e+01,1.385590051418124702e+01,1.385548311792091525e+01,1.385472834173212853e+01,1.385339783361875021e+01,-2.817737312749128620e+01,-4.301323956273622962e+00,1.365619586347207814e+01,1.390853793631785607e+01,1.386700166263451273e+01,1.386054552160321407e+01
1.385613169028300540e+01,1.385590444502894414e+01,1.385549029511722630e+01,1.385474139249924974e+01,1.385342124277402576e+01,-2.656840850826028699e+01,-3.823362926424841213e+00,1.366566616310629989e+01,1.390821179670948027e+01,1.386715392193748642e+01,1.386060462008030925e+01
1.385612804937904485e+01,1.385589778774138736e+01,1.385547814115220255e+01,1.385471930379014083e+01,-3.279107617979583011e+01,-2.547738884075402410e+01,-2.671831344321391910e+00,1.368474240365573458e+01,1.390776771645228393e+01,1.386704793463849050e+01,1.386056203778553808e+01
1.385613178185575833e+01,1.385590461204672508e+01,1.385549060143368649e+01,1.385474197231432036e+01,1.385342246815156741e+01,-7.804929944447780432e-01,-9.359571126071219993e-02,1.372415069678113220e+01,1.390532780849774852e+01,1.386673667946545407e+01,1.386043838184010468e+01
1.385614160411421913e+01,1.385592256914300791e+01,1.385552339243767506e+01,1.385480163620231586e+01,1.385352978753030406e+01,3.081811379493541558e+00,3.683801021468067205e+00,1.376687723617577319e+01,1.390118660483424229e+01,1.386626067974450649e+01,1.386044570817843535e+01
1.385614322898654294e+01,1.385592554286398581e+01,1.385552883635005017e+01,1.385481161468981171e+01,1.385354814713449656e+01,7.000726854296511092e+00,8.049090410605447943e+00,1.381415477096069822e+01,1.389319089063834411e+01,1.386506574330197950e+01,1.386014077390825960e+01
1.385616526091681067e+01,1.385596582055879367e+01,1.385560238207425243e+01,1.385494539256272262e+01,1.385378848139020747e+01,1.060737269562757490e+01,1.148553034127838757e+01,1.385022485639554546e+01,1.388330131894428021e+01,1.386378439569801557e+01,1.385994832492719553e+01
1.385618210751150059e+01,1.385599662758168016e+01,1.385565866936530810e+01,1.385504793434397186e+01,1.385397346850158407e+01,1.220974441353502016e+01,1.298503031464885993e+01,1.386112520030279072e+01,1.387470744735270500e+01,1.386243992594829777e+01,1.385965608364925572e+01
1.385620551022410751e+01,1.385603942844043956e+01,1.385573688153748151e+01,1.385519042935850820e+01,1.385423042478673494e+01,1.343031404425678765e+01,1.357260077652608743e+01,1.386399251480590777e+01,1.386740648921347585e+01,1.386089725369556547e+01,1.385932180100981270e+01
