5.542534227161310412e+01,5.542510753420171454e+01,5.542467940411644634e+01,5.542390337523443122e+01,6.061610791820449151e+00,1.093083881144568892e+01,2.656195802561835961e+01,5.154252114369437976e+01,5.550649608357109344e+01,5.544031396723139693e+01,5.543055993752543031e+01
5.542518226835852602e+01,5.542481500083182056e+01,5.542414505188307317e+01,5.542293008248111619e+01,2.059331498362464785e+01,1.129796214344295713e+01,2.667111677312124840e+01,5.155287323979287351e+01,5.550598868953063914e+01,5.544022124096975546e+01,5.543052876859721323e+01
5.542518509054423959e+01,5.542482016121050492e+01,5.542415447833102604e+01,5.542294724903767644e+01,2.020968377256374282e+01,1.160750035052472384e+01,2.688215805882258280e+01,5.158621960428355635e+01,5.550608634483964465e+01,5.544023451122629353e+01,5.543053294868120418e+01
5.542518492083306114e+01,5.542481985064788574e+01,5.542415391083408593e+01,5.542294621742355787e+01,2.079486161466709859e+01,1.239642048218504833e+01,2.736557021191241290e+01,5.167812548140695128e+01,5.550643802518203529e+01,5.544028314313918315e+01,5.543054835701333616e+01
5.542518422982581683e+01,5.542481858726862498e+01,5.542415160438474686e+01,5.542294202943491399e+01,2.302345129995828188e+01,1.415526787213675064e+01,2.849044760210593452e+01,5.188798775122663187e+01,5.550622729724781834e+01,5.544020524542806783e+01,5.543051980808670010e+01
5.542518858766295864e+01,5.542482655511442147e+01,5.542416616220124581e+01,5.542296857159379897e+01,2.744308815208204066e+01,1.860484377165011338e+01,3.149171145714272768e+01,5.230415263518738556e+01,5.550415604974527639e+01,5.543998820720682374e+01,5.543044272566029917e+01
5.542519866756305902e+01,5.542484498566412299e+01,5.542419983723892329e+01,5.542302996180971064e+01,3.390111480040756931e+01,2.850056067342475430e+01,3.787755332516823614e+01,5.309931806543772126e+01,5.549678391346537154e+01,5.543926968845408965e+01,5.543040080864393815e+01
5.542520367993647312e+01,5.542485415259510972e+01,5.542421659230084430e+01,5.542306052234222591e+01,4.375028832437651971e+01,4.385358904874289010e+01,4.578066578133823583e+01,5.414364064425490142e+01,5.548337343909012986e+01,5.543790120440041136e+01,5.543011502843302196e+01
5.542523078964305228e+01,5.542490372207325322e+01,5.542430715027897747e+01,5.542322549028583012e+01,5.066056749597042597e+01,5.053406565128640437e+01,5.147428344762803931e+01,5.490288994649847609e+01,5.546714936139062502e+01,5.543573465831744329e+01,5.542968383248874886e+01
5.542527132954842273e+01,5.542497785297320689e+01,5.542444259509780125e+01,5.542347227765549178e+01,5.371101979047540453e+01,5.366319533796510655e+01,5.403989499810025876e+01,5.525049875153735002e+01,5.545374510563421921e+01,5.543383993972150137e+01,5.542926830997362231e+01
5.542531215326192751e+01,5.542505252292757945e+01,5.542457909558115858e+01,5.542372124508345621e+01,5.484165270720852448e+01,5.473985537984438565e+01,5.497693667973905463e+01,5.537318009565473886e+01,5.544379606255282056e+01,5.543206555653723910e+01,5.542898977395113036e+01
