1.385622978770687652e+01,1.385608374793942943e+01,1.385581769368773664e+01,1.385533719857432544e+01,1.385449380873805225e+01,-1.695449092833723270e+01,-4.756133235665087611e-01,1.364730712324244521e+01,1.390931474906599519e+01,1.386716654906243562e+01,1.386061045245162937e+01
1.385612689694834643e+01,1.385589564522663863e+01,1.385547418577868406e+01,1.385471203913364846e+01,-6.381794541501069062e+00,-1.787855028218896081e+01,-4.357826832950877360e-01,1.364617729101778565e+01,1.390919051583867905e+01,1.386714296494669796e+01,1.386060139185905982e+01
1.385612738788531928e+01,1.385589654337196919e+01,1.385547582674425371e+01,1.385471502446252856e+01,-6.879681523240609664e+00,-1.768672887405159955e+01,-3.319733046178610092e-01,1.364823531642763399e+01,1.390896112644634108e+01,1.386709578926496178e+01,1.386058291618157057e+01
1.385612865122377890e+01,1.385589885260344545e+01,1.385548004231146990e+01,1.385472268824027253e+01,-6.663413273688121308e+00,-1.706117411383331373e+01,-6.052938603233926074e-02,1.365543073954314224e+01,1.390846003407503240e+01,1.386699021625772232e+01,1.386054135557732181e+01
1.385613165587627904e+01,1.385590434461544440e+01,1.385549006811312722e+01,1.385474091727447643e+01,1.385342025719607051e+01,-2.796182065198407507e+00,8.312253578562251999e-01,1.367995771196870258e+01,1.390766904184341968e+01,1.386703396959420864e+01,1.386055710614016157e+01
1.385613165181624495e+01,1.385590433907186281e+01,1.385549006471247679e+01,1.385474094823017310e+01,1.385342053020214692e+01,-5.602654289365522899e-01,1.696043932739846660e+00,1.371007728556743288e+01,1.390566488240157028e+01,1.386681778257498543e+01,1.386047083627685339e+01
1.385613879094830025e+01,1.385591739027487712e+01,1.385551389677938516e+01,1.385478431417080358e+01,1.385349856676378977e+01,2.382376465289583134e+00,4.621221881327391756e+00,1.376037930490037731e+01,1.390125700017134136e+01,1.386628286764910811e+01,1.386045537062902966e+01
1.385614210304555272e+01,1.385592344825435873e+01,1.385552497292411545e+01,1.385480454052415311e+01,1.385353535059619290e+01,6.671752583774080314e+00,8.341602088078916566e+00,1.380891279649221559e+01,1.389318363390103173e+01,1.386507338007175250e+01,1.386014491564858631e+01
1.385616427792573546e+01,1.385596398694303488e+01,1.385559899380631599e+01,1.385493917458027902e+01,1.385377717487201998e+01,1.055377088249978357e+01,1.149923089511300134e+01,1.384479546332396893e+01,1.388345218814663795e+01,1.386384262111245391e+01,1.385997801175165911e+01
1.385617881251572925e+01,1.385599056611999380e+01,1.385564755848532315e+01,1.385502765489690624e+01,1.385393681549694733e+01,1.258723823137924924e+01,1.299897710931465511e+01,1.385870044401741374e+01,1.387449570402372601e+01,1.386237735668783344e+01,1.385962320534923720e+01
1.385620684689463289e+01,1.385604183158334202e+01,1.385574122009802878e+01,1.385519823269144091e+01,1.385424416681412829e+01,1.341060576452209574e+01,1.356966240476330654e+01,1.386197677838847753e+01,1.386752862756888405e+01,1.386098311815151440e+01,1.385938283958395445e+01
