9.797491258477348808e+00,9.797104385192211495e+00,9.796398290529147346e+00,9.795115530745293952e+00,-5.768497339820363123e+01,-4.943925704023624235e+01,-2.626963851414542717e+01,2.558865647727036396e+00,9.875056980956257391e+00,9.814228991381046541e+00,9.803198514423979049e+00
9.797336271923551720e+00,9.796820981227913450e+00,9.795880456785692303e+00,-5.950764018349338613e+01,-5.858493530493325352e+01,-4.946188553180518710e+01,-2.651201019852909369e+01,2.571081496853365511e+00,9.875623941187578581e+00,9.814116425579216596e+00,9.803162293333109290e+00
9.797340524269865014e+00,9.796828731185733830e+00,9.795894590810359404e+00,-5.917014608882465865e+01,-5.823649251271421434e+01,-4.919521102644254285e+01,-2.637866276895021755e+01,2.606621154632375870e+00,9.877245202421542913e+00,9.814429104430407946e+00,9.803261883336368498e+00
9.797329473058212557e+00,9.796808533099689242e+00,9.795857692951589257e+00,-5.814912234345481323e+01,-5.730946835365574543e+01,-4.851996299275639046e+01,-2.603627732253546867e+01,2.688950718271860829e+00,9.877694292448527591e+00,9.814498022601711114e+00,9.803283019654934094e+00
9.797327730044090188e+00,9.796805353878058398e+00,9.795851890883435331e+00,-5.592247983075405671e+01,-5.486685545602710334e+01,-4.653071170437153370e+01,-2.514537493339908281e+01,2.890389558481970766e+00,9.878088230719740181e+00,9.814453790385277543e+00,9.803263394412264020e+00
9.797333973861320544e+00,9.796816775160396062e+00,9.795872769385892909e+00,-1.791406538701410867e+01,-4.889820141424199562e+01,-4.188725300431147502e+01,-2.255345125793909844e+01,3.308926338342305762e+00,9.877886091493342846e+00,9.814211622872303309e+00,9.803176908429056979e+00
9.797350437468683282e+00,9.796846884028076019e+00,9.795927801189638018e+00,-1.414413674627439477e+01,-3.838864186253597666e+01,-3.274091999273109366e+01,-1.757979281809159033e+01,4.111568989249471784e+00,9.875660982477068472e+00,9.813987810521121347e+00,9.803094921337898171e+00
9.797367392325352142e+00,9.796877888704401016e+00,9.795984472390101061e+00,-8.548555134626953489e+00,-2.242271876969989464e+01,-1.915848837266860016e+01,-9.597006691010935953e+00,5.486732125444799379e+00,9.869100287171944430e+00,9.813165697281103661e+00,9.803024008307614778e+00
9.797380123116711914e+00,9.796901164519722371e+00,9.796027016396017473e+00,-1.292521515543695543e+00,-7.158529267235229199e+00,-5.435890568633730879e+00,-6.898709072332893655e-01,7.277876454423562791e+00,9.856169201280046366e+00,9.811695560691811480e+00,9.802730821736693301e+00
9.797411506174531937e+00,9.796958560196220134e+00,9.796131909238392055e+00,4.922025789778613714e+00,2.866566234759483578e+00,3.541728127487508981e+00,5.417766108326596886e+00,8.702102419773915187e+00,9.840456986215849966e+00,9.809728647399023060e+00,9.802421475963386754e+00
9.797446868685824484e+00,9.797023258214528241e+00,9.796250223685987635e+00,8.007960159033633118e+00,7.368213575223273359e+00,7.601154097653973984e+00,8.251082178512609389e+00,9.407845387953047478e+00,9.826246252364427392e+00,9.807355548896675046e+00,9.802067145750218202e+00
