9.797505869827661584e+00,9.797131384448370284e+00,9.796447920831884204e+00,9.795206369391760148e+00,-5.585062743557953979e+01,-4.795394391749235297e+01,-2.610124793025315171e+01,2.557070097203851589e+00,9.875424962129807582e+00,9.814334477467392404e+00,9.803233695257334901e+00
9.797331476995058352e+00,9.796812463820284478e+00,9.795865154862990920e+00,-5.737167738133315709e+01,-5.586557000901471071e+01,-4.766168112068874052e+01,-2.600840927351900689e+01,2.570628053911640176e+00,9.875627502071667507e+00,9.814299332829484968e+00,9.803219080120326723e+00
9.797335602628820084e+00,9.796819997352196552e+00,9.795878918635178678e+00,-5.701833489460090476e+01,-5.556095210998013556e+01,-4.783449950180148136e+01,-2.591773017929243039e+01,2.607962514246607189e+00,9.877264805013325599e+00,9.814434954698860736e+00,9.803263908901953982e+00
9.797329416487482234e+00,9.796808688080579586e+00,9.795858248168523019e+00,-5.756876417900414822e+01,-5.568967915806852886e+01,-4.732440451052504216e+01,-2.571394271178091273e+01,2.689379631638119328e+00,9.877828401129626457e+00,9.814548084302492370e+00,9.803300141706658977e+00
9.797325254455696353e+00,9.796801087571642697e+00,9.795844366374593548e+00,-5.591713539847159353e+01,-5.402637109436685137e+01,-4.599869850886503997e+01,-2.515572510448365762e+01,2.880779730862920385e+00,9.878455075369064531e+00,9.814558111547526664e+00,9.803298231040701083e+00
9.797329220132651173e+00,9.796808349104754399e+00,9.795857648863282918e+00,-1.810752643171952769e+01,-4.953082852578020834e+01,-4.270248264695870688e+01,-2.365650055444665867e+01,3.252689508158213894e+00,9.878619239130689067e+00,9.814390095715696205e+00,9.803235536346395662e+00
9.797342917249197924e+00,9.796833397065970672e+00,9.795903429980700849e+00,-1.496993944369860330e+01,-4.159503480745900106e+01,-3.584348667460981375e+01,-1.967644143428280401e+01,3.974921143167594817e+00,9.876348680984964545e+00,9.814008299784170219e+00,9.803106469591927663e+00
9.797362711429185467e+00,9.796869591024034207e+00,9.795969573641302830e+00,-9.504891662401758978e+00,-2.788292338228053069e+01,-2.395098358276457873e+01,-1.250398579714227765e+01,5.266792583874108757e+00,9.870419986062897166e+00,9.813310103932202821e+00,9.803076510869177085e+00
9.797371198250933944e+00,9.796885114806816119e+00,9.795997960836043461e+00,-2.380047221470645624e+00,-1.145193826473218834e+01,-9.394794013392239407e+00,-3.133388061063229202e+00,7.023915242074974863e+00,9.858454531445385527e+00,9.812016259910725680e+00,9.802842887920299120e+00
9.797398458914475583e+00,9.796934973087340737e+00,9.796089086136680280e+00,4.108692346827835351e+00,5.711648528914547995e-01,1.514862512816170792e+00,4.155488990193225263e+00,8.535519103617062342e+00,9.843286007313775343e+00,9.809988702077056644e+00,9.802517113515223812e+00
9.797438372070551793e+00,9.797007997032748605e+00,9.796222610721686763e+00,6.428803057270082277e+00,6.484200800768986639e+00,6.816449129690361985e+00,7.749499250143623286e+00,9.337305408734890122e+00,9.828976354740881050e+00,9.807668862050775260e+00,9.801990867675611341e+00
