1.385623756386231697e+01,1.385609800401315184e+01,1.385584377863242977e+01,1.385538478229118553e+01,1.385457992110424641e+01,-2.841080970795310989e+01,-4.550676355470278267e+00,1.366030669317920321e+01,1.390946066098665668e+01,1.386718160844475989e+01,1.386061514155716878e+01
1.385612756621618402e+01,1.385589690586087208e+01,1.385547653060609896e+01,1.385471637331962214e+01,-7.236467774913556639e+00,-2.948972211368757712e+01,-4.483006942787260307e+00,1.365453691789338464e+01,1.390896559003366484e+01,1.386708754349331052e+01,1.386057896250464694e+01
1.385612953993085483e+01,1.385590051418321877e+01,1.385548311792239318e+01,1.385472834173204149e+01,1.385339783361371779e+01,-2.817737312742878331e+01,-4.301323956392143266e+00,1.365619586325037815e+01,1.390853793559799101e+01,1.386700166035374693e+01,1.386054551438982330e+01
1.385613169028513170e+01,1.385590444503091234e+01,1.385549029511870067e+01,1.385474139249916270e+01,1.385342124276900222e+01,-2.656840850784410435e+01,-3.823362926532485773e+00,1.366566616288581315e+01,1.390821179599087465e+01,1.386715391966065525e+01,1.386060461287936008e+01
1.385612804938116582e+01,1.385589778774335556e+01,1.385547814115367515e+01,1.385471930379005379e+01,-3.279107617924689322e+01,-2.547738884079759458e+01,-2.671831344374712813e+00,1.368474240343110715e+01,1.390776771573479387e+01,1.386704793236553712e+01,1.386056203059689551e+01
1.385613178185787575e+01,1.385590461204868618e+01,1.385549060143515554e+01,1.385474197231423510e+01,1.385342246814656519e+01,-7.804929945711174266e-01,-9.359571132084631984e-02,1.372415069655505704e+01,1.390532780778139710e+01,1.386673667719633229e+01,1.386043837466361595e+01
1.385614160411633478e+01,1.385592256914496900e+01,1.385552339243914588e+01,1.385480163620223237e+01,1.385352978752531605e+01,3.081811379507246151e+00,3.683801021393714237e+00,1.376687723595082780e+01,1.390118660411905793e+01,1.386626067747894275e+01,1.386044570101303286e+01
1.385614322898866035e+01,1.385592554286594513e+01,1.385552883635151744e+01,1.385481161468973355e+01,1.385354814712951566e+01,7.000726854314926584e+00,8.049090410535145068e+00,1.381415477073601394e+01,1.389319088992414741e+01,1.386506574103947642e+01,1.386014076675239082e+01
1.385616526091892453e+01,1.385596582056075299e+01,1.385560238207571970e+01,1.385494539256264446e+01,1.385378848138523367e+01,1.060737269561017371e+01,1.148553034120810956e+01,1.385022485617126975e+01,1.388330131823092017e+01,1.386378439343804203e+01,1.385994831777905389e+01
1.385618210751361090e+01,1.385599662758363593e+01,1.385565866936677715e+01,1.385504793434389370e+01,1.385397346849661737e+01,1.220974441350169748e+01,1.298503031457917523e+01,1.386112520007831961e+01,1.387470744663993116e+01,1.386243992369033151e+01,1.385965607650725495e+01
1.385620551022621783e+01,1.385603942844239533e+01,1.385573688153894878e+01,1.385519042935843004e+01,1.385423042478177535e+01,1.343031404423691555e+01,1.357260077645666385e+01,1.386399251458185233e+01,1.386740648850126156e+01,1.386089725143927254e+01,1.385932179387271290e+01
