1.385623756386192440e+01,1.385609800401278946e+01,1.385584377863215977e+01,1.385538478229120152e+01,1.385457992110516656e+01,-2.841080970797907668e+01,-4.550676355461337863e+00,1.366030669322103996e+01,1.390946066111895263e+01,1.386718160886388773e+01,1.386061514288302909e+01
1.385612756621579322e+01,1.385589690586051148e+01,1.385547653060582718e+01,1.385471637331963635e+01,-7.236467774881056414e+00,-2.948972211368877794e+01,-4.483006942766867731e+00,1.365453691793446289e+01,1.390896559016580269e+01,1.386708754391200493e+01,1.386057896382913768e+01
1.385612953993046581e+01,1.385590051418285640e+01,1.385548311792212317e+01,1.385472834173205747e+01,1.385339783361464150e+01,-2.817737312744031897e+01,-4.301323956370369572e+00,1.365619586329101409e+01,1.390853793572998853e+01,1.386700166077200791e+01,1.386054551571296045e+01
1.385613169028474090e+01,1.385590444503055352e+01,1.385549029511842889e+01,1.385474139249918046e+01,1.385342124276992415e+01,-2.656840850792072928e+01,-3.823362926512728244e+00,1.366566616292626080e+01,1.390821179612273539e+01,1.386715392007849701e+01,1.386060461420115431e+01
1.385612804938077680e+01,1.385589778774299496e+01,1.385547814115340515e+01,1.385471930379006977e+01,-3.279107617934798213e+01,-2.547738884078944821e+01,-2.671831344364953509e+00,1.368474240347234350e+01,1.390776771586654093e+01,1.386704793278295966e+01,1.386056203191736103e+01
1.385613178185748851e+01,1.385590461204832735e+01,1.385549060143488731e+01,1.385474197231425109e+01,1.385342246814748535e+01,-7.804929945478196185e-01,-9.359571130982669018e-02,1.372415069659658826e+01,1.390532780791302692e+01,1.386673667761334272e+01,1.386043837598276696e+01
1.385614160411594753e+01,1.385592256914461018e+01,1.385552339243887765e+01,1.385480163620225014e+01,1.385352978752623443e+01,3.081811379504755699e+00,3.683801021407341558e+00,1.376687723599217961e+01,1.390118660425055985e+01,1.386626067789556771e+01,1.386044570233098483e+01
1.385614322898827133e+01,1.385592554286558808e+01,1.385552883635125099e+01,1.385481161468974776e+01,1.385354814713043226e+01,7.000726854311566605e+00,8.049090410548075170e+00,1.381415477077734266e+01,1.389319089005554275e+01,1.386506574145576920e+01,1.386014076806930895e+01
1.385616526091853551e+01,1.385596582056039239e+01,1.385560238207544970e+01,1.385494539256266044e+01,1.385378848138615027e+01,1.060737269561339069e+01,1.148553034122104322e+01,1.385022485621254340e+01,1.388330131836222492e+01,1.386378439385406125e+01,1.385994831909513536e+01
1.385618210751322366e+01,1.385599662758327710e+01,1.385565866936650892e+01,1.385504793434390791e+01,1.385397346849753220e+01,1.220974441350780104e+01,1.298503031459200585e+01,1.386112520011964833e+01,1.387470744677117729e+01,1.386243992410613401e+01,1.385965607782266851e+01
1.385620551022582880e+01,1.385603942844203829e+01,1.385573688153867877e+01,1.385519042935844602e+01,1.385423042478268840e+01,1.343031404424058017e+01,1.357260077646945007e+01,1.386399251462312066e+01,1.386740648863244552e+01,1.386089725185489030e+01,1.385932179518759710e+01
