1.385623453272657102e+01,1.385609245535216516e+01,1.385583364932033490e+01,1.385536641415579240e+01,1.385454729047192046e+01,-2.913739929291254072e+01,-4.523442720226577229e+00,1.365783860560435947e+01,1.390928504009504252e+01,1.386714827363613267e+01,1.386060231752505700e+01
1.385612825364466971e+01,1.385589815228485122e+01,1.385547879569488217e+01,1.385472047766240600e+01,-3.937696931411369405e+01,-3.048506954484278708e+01,-4.453784437315714051e+00,1.365538637376915432e+01,1.390883762851474614e+01,1.386705999155462976e+01,1.386056808372172711e+01
1.385613034930654486e+01,1.385590198469819612e+01,1.385548579548053283e+01,1.385473321025577320e+01,1.385340659871036806e+01,-2.834960772835220055e+01,-4.181177861314381516e+00,1.365852586938773605e+01,1.390835561106688267e+01,1.386696241879162805e+01,1.386053000550258041e+01
1.385613285352011026e+01,1.385590656346247762e+01,1.385549415516997129e+01,1.385474840786985951e+01,1.385343385185310439e+01,-2.702316803293108904e+01,-3.692670463629140976e+00,1.366657337133787919e+01,1.390813237055375318e+01,1.386713672683035092e+01,1.386059783596511252e+01
1.385612853933938382e+01,1.385589867666184105e+01,1.385547975668789888e+01,1.385472223461569108e+01,-3.343513730071001078e+01,-2.571524271129584704e+01,-2.780974966240084001e+00,1.368378735122119139e+01,1.390784221709230195e+01,1.386706211832976088e+01,1.386056745895113451e+01
1.385613149550360745e+01,1.385590407883634967e+01,1.385548961837683457e+01,1.385474017705002225e+01,1.385341925144167163e+01,-1.136945142601937242e+00,-1.130866073431002761e-01,1.372377179337705755e+01,1.390543300674495875e+01,1.386675675776199412e+01,1.386044602770810741e+01
1.385614123167046685e+01,1.385592187888767235e+01,1.385552212337002231e+01,1.385479932388038193e+01,1.385352565867585284e+01,-7.760738587017954160e+00,3.525527448232362637e+00,1.375717687384723753e+01,1.390103391019900059e+01,1.386624246692138485e+01,1.386043959082985744e+01
1.385614255753831436e+01,1.385592430437390021e+01,1.385552655919787668e+01,1.385480742788898922e+01,1.385354040839843925e+01,7.117061010215188332e+00,8.302814984056585246e+00,1.381800735824906923e+01,1.389293151819676453e+01,1.386521666910258332e+01,1.386020541344245061e+01
1.385616141263692391e+01,1.385595877761297245e+01,1.385558952009005296e+01,1.385492202505850656e+01,1.385374668745317450e+01,1.082555487336029643e+01,1.159231570751678575e+01,1.385175384007458277e+01,1.388278948217417152e+01,1.386363834589687904e+01,1.385987762096179843e+01
1.385618703649503303e+01,1.385600562779301370e+01,1.385567509150545717e+01,1.385507778718809391e+01,1.385402704684581821e+01,1.227914803761903251e+01,1.302923936644460845e+01,1.386300299660288182e+01,1.387413501274745897e+01,1.386222962835749684e+01,1.385954024952570940e+01
1.385621467973772525e+01,1.385605618023379648e+01,1.385576745708771540e+01,1.385524603793476928e+01,1.385433039070307082e+01,1.344472375923754370e+01,1.358774259889795566e+01,1.386394920914251117e+01,1.386719403606149115e+01,1.386100313624049285e+01,1.385938937994518128e+01
