5.542534227161397098e+01,5.542510753420254588e+01,5.542467940411717819e+01,5.542390337523481492e+01,6.061610791783937024e+00,1.093083881144602287e+01,2.656195802561866159e+01,5.154252114364439308e+01,5.550649608341169028e+01,5.544031396672556866e+01,5.543055993592470543e+01
5.542518226835939288e+01,5.542481500083265189e+01,5.542414505188378371e+01,5.542293008248149278e+01,2.059331498367002311e+01,1.129796214335238247e+01,2.667111677308837159e+01,5.155287323974170732e+01,5.550598868937147756e+01,5.544022124046476563e+01,5.543052876699911735e+01
5.542518509054509934e+01,5.542482016121132915e+01,5.542415447833174369e+01,5.542294724903804592e+01,2.020968377264661697e+01,1.160750035045253981e+01,2.688215805878678566e+01,5.158621960423255359e+01,5.550608634468075309e+01,5.544023451072212794e+01,5.543053294708570888e+01
5.542518492083391379e+01,5.542481985064870997e+01,5.542415391083478937e+01,5.542294621742392735e+01,2.079486161472408057e+01,1.239642048211920766e+01,2.736557021187186223e+01,5.167812548135625406e+01,5.550643802502339952e+01,5.544028314263583468e+01,5.543054835542044145e+01
5.542518422982666948e+01,5.542481858726944211e+01,5.542415160438545740e+01,5.542294202943528347e+01,2.302345129998653306e+01,1.415526787208217385e+01,2.849044760207165083e+01,5.188798775117612649e+01,5.550622729708945258e+01,5.544020524492552937e+01,5.543051980649639887e+01
5.542518858766381840e+01,5.542482655511523859e+01,5.542416616220195635e+01,5.542296857159416135e+01,2.744308815209645047e+01,1.860484377162119785e+01,3.149171145712449515e+01,5.230415263513688728e+01,5.550415604958715221e+01,5.543998820670508110e+01,5.543044272407252038e+01
5.542519866756391878e+01,5.542484498566494722e+01,5.542419983723964094e+01,5.542302996181007302e+01,3.390111480041569081e+01,2.850056067339883015e+01,3.787755332515948936e+01,5.309931806538725141e+01,5.549678391330748184e+01,5.543926968795310728e+01,5.543040080705849704e+01
5.542520367993733998e+01,5.542485415259592685e+01,5.542421659230156195e+01,5.542306052234259539e+01,4.375028832438080428e+01,4.385358904874858865e+01,4.578066578130516007e+01,5.414364064420202283e+01,5.548337343893236095e+01,5.543790120390006138e+01,5.543011502684962721e+01
5.542523078964390493e+01,5.542490372207407745e+01,5.542430715027969512e+01,5.542322549028619960e+01,5.066056749597990461e+01,5.053406565130278238e+01,5.147428344757584995e+01,5.490288994644332377e+01,5.546714936123282769e+01,5.543573465781759069e+01,5.542968383090700968e+01
5.542527132954927538e+01,5.542497785297402402e+01,5.542444259509851179e+01,5.542347227765586126e+01,5.371101979048819430e+01,5.366319533798669994e+01,5.403989499807273944e+01,5.525049875148246770e+01,5.545374510547632951e+01,5.543383993922203956e+01,5.542926830839316210e+01
5.542531215326278016e+01,5.542505252292839657e+01,5.542457909558187623e+01,5.542372124508383280e+01,5.484165270722036212e+01,5.473985537983826077e+01,5.497693667972248477e+01,5.537318009560460297e+01,5.544379606239535718e+01,5.543206555603816810e+01,5.542898977237172176e+01
