9.797496385217842274e+00,9.797114252668446710e+00,9.796416863213675441e+00,9.795150176346863802e+00,-4.926534853393226854e+01,-4.369800870308915819e+01,-2.453918346029428221e+01,2.547045655164122291e+00,9.874650849992642421e+00,9.814254173218341037e+00,9.803211435589487266e+00
9.797331708294345631e+00,9.796813062904663028e+00,9.795866432883384434e+00,-4.740281418574951289e+01,-4.848200089244003408e+01,-4.390356383157647002e+01,-2.432192172394989527e+01,2.563782599771855963e+00,9.874721991699189516e+00,9.814259667749157146e+00,9.803212790663700105e+00
9.797331824510639109e+00,9.796813257654926943e+00,9.795866776069722448e+00,-5.252347629005154062e+01,-5.098725750949891733e+01,-4.382558489567739457e+01,-2.420081200614878369e+01,2.599115324311852770e+00,9.876438768319365735e+00,9.814375622029547941e+00,9.803249631727123159e+00
9.797327786259721449e+00,9.796805870982183251e+00,9.795853271129102424e+00,-5.050559716107707686e+01,-5.065615353664558285e+01,-4.359568659090954412e+01,-2.433212751739874946e+01,2.680572586083814546e+00,9.877231219150008457e+00,9.814534805782088256e+00,9.803300631735261561e+00
9.797321910006134615e+00,9.796795133073665340e+00,9.795833655202944357e+00,-5.174157502686095000e+01,-4.984214888760337914e+01,-4.296577921496429298e+01,-2.417621975614484242e+01,2.872601862524425620e+00,9.878092052900621312e+00,9.814346723522040961e+00,9.803234411632733014e+00
9.797333902497866731e+00,9.796817074529473146e+00,9.795873760519222984e+00,-1.734755754476397627e+01,-4.762421252445399489e+01,-4.117346205765276324e+01,-2.313560892624522580e+01,3.242126533131148847e+00,9.878166287943088264e+00,9.814369612898977024e+00,9.803232115452743756e+00
9.797341206014472448e+00,9.796830439316739358e+00,9.795898204095459860e+00,-1.453053747105612459e+01,-4.212167262168109261e+01,-3.654646815160901241e+01,-2.048609281391159342e+01,3.934585055785081664e+00,9.876872896411747149e+00,9.814035532953896634e+00,9.803111729067939706e+00
9.797364838525853159e+00,9.796873659480178631e+00,9.795977201788989674e+00,-1.027519243872632693e+01,-3.081528473471685814e+01,-2.655304444391272867e+01,-1.420863184262474377e+01,5.118130710552363460e+00,9.872187131234625213e+00,9.813464850750481361e+00,9.803117990715014329e+00
9.797374022737288968e+00,9.796890467903173416e+00,9.796007958407757954e+00,-3.894034170599699252e+00,-1.462127925265918904e+01,-1.220799913569766559e+01,-4.950767174705003271e+00,6.796037337682477641e+00,9.861664051859982294e+00,9.812167180747334072e+00,9.802878083083463423e+00
9.797407234507724993e+00,9.796951216474505841e+00,9.796118997512765603e+00,-1.477998467979032782e+00,-1.318469075822926939e+00,-1.713201719634103171e-01,3.068478384076402055e+00,8.364708384772841399e+00,9.846541989818321738e+00,9.810288034558706016e+00,9.802410318871835671e+00
9.797463104549946067e+00,9.797053409385153344e+00,9.796305782523036854e+00,9.794948007592058303e+00,5.768411916677768758e+00,6.132798692636288962e+00,7.309821642203354841e+00,9.260445747278218676e+00,9.831772092166399801e+00,9.808103990889037505e+00,9.802159012725494946e+00
