1.385623395241524136e+01,1.385609139745275620e+01,1.385583169062108055e+01,1.385536264933793760e+01,1.385453930513596710e+01,-2.779828416593138840e+01,-4.486410663941091670e+00,1.365629357466794680e+01,1.390929112795089750e+01,1.386715184753271046e+01,1.386060391971456340e+01
1.385612800609318285e+01,1.385589771170742956e+01,1.385547800273096897e+01,1.385471904622501427e+01,-7.598854904466893601e+00,-2.903161352323419564e+01,-4.400463064673226121e+00,1.365287827725402892e+01,1.390902113015466490e+01,1.386710035730281021e+01,1.386058410089672144e+01
1.385612909997563591e+01,1.385589971151203059e+01,1.385548165387642960e+01,1.385472568143522665e+01,-3.726077372006199795e+01,-2.907350854437542864e+01,-4.343439524546189645e+00,1.365719918774185082e+01,1.390868793540681736e+01,1.386702960422381636e+01,1.386055621108008395e+01
1.385613114794064771e+01,1.385590345449686112e+01,1.385548848767299113e+01,1.385473811131029187e+01,1.385341539201722938e+01,-2.624537575141119206e+01,-3.833672447174933495e+00,1.366686380196242112e+01,1.390834284286451172e+01,1.386695526591939043e+01,1.386052680681842908e+01
1.385613337525514055e+01,1.385590752442680795e+01,1.385549591603890995e+01,1.385475161656514587e+01,1.385343964286761853e+01,-2.305514050705226481e+01,-2.812926170534931103e+00,1.368298063911041496e+01,1.390779804178309220e+01,1.386705525206485667e+01,1.386056497398634413e+01
1.385613151979219637e+01,1.385590413231570750e+01,1.385548972465057993e+01,1.385474037645275303e+01,1.385341959930124389e+01,-9.822492744525312958e-01,-3.273289781916424168e-01,1.372432097635027937e+01,1.390548077636220725e+01,1.386676608545631240e+01,1.386044960784814251e+01
1.385614105237326932e+01,1.385592155740239306e+01,1.385552154318706997e+01,1.385479827896568139e+01,1.385352381170463332e+01,-7.998907625579454006e+00,3.126360927377393573e+00,1.375840278193149047e+01,1.390131450142574110e+01,1.386629669504888440e+01,1.386046115398919198e+01
1.385614168238873845e+01,1.385592271573786860e+01,1.385552367217955272e+01,1.385480220823165354e+01,1.385353117311068694e+01,6.570569521156507165e+00,7.797298124347724624e+00,1.381548913278895441e+01,1.389377438220561167e+01,1.386519433537484147e+01,1.386019539807610101e+01
1.385616237261556272e+01,1.385596054234823704e+01,1.385559275094732357e+01,1.385492791031686899e+01,1.385375728753736446e+01,1.036591092915535128e+01,1.123004909568093623e+01,1.384632136683755554e+01,1.388412361444563814e+01,1.386380212879068807e+01,1.385995759329696497e+01
1.385618092150508929e+01,1.385599445710830580e+01,1.385565469899396973e+01,1.385504068282930845e+01,1.385396030442210602e+01,1.246534354430250247e+01,1.290539230795936732e+01,1.386110977127497890e+01,1.387475751718923966e+01,1.386244052647029790e+01,1.385965446301300474e+01
1.385620712755527606e+01,1.385604238091645257e+01,1.385574226525096364e+01,1.385520022107576921e+01,1.385424813975748570e+01,1.335873851695343717e+01,1.353771487143460206e+01,1.386204040492511069e+01,1.386798979228137796e+01,1.386117517365163110e+01,1.385930958529077728e+01
