1.385623621437542319e+01,1.385609552081534979e+01,1.385583924168356518e+01,1.385537660489050538e+01,1.385456575735351947e+01,-2.909679836365943117e+01,-4.559744333750207268e+00,1.365702220366489072e+01,1.390949868489150987e+01,1.386719263376099320e+01,1.386061972871015513e+01
1.385612702791084239e+01,1.385589590327348297e+01,1.385547468109702152e+01,1.385471298818498553e+01,-3.922501029819417795e+01,-3.033239887676761271e+01,-4.496033249649133090e+00,1.365487130643639091e+01,1.390873665498034306e+01,1.386704019244256259e+01,1.386056041426101615e+01
1.385613080433745026e+01,1.385590280818641773e+01,1.385548728997926027e+01,1.385473591762979240e+01,1.385341144177214190e+01,-2.824709135092267331e+01,-4.237803774981183658e+00,1.365791866733286497e+01,1.390850455480955006e+01,1.386699343090379344e+01,1.386054218760783208e+01
1.385613198727864415e+01,1.385590497135935095e+01,1.385549123987239284e+01,1.385474309952742544e+01,1.385342432288041437e+01,-2.698106817018821246e+01,-3.732346193998517414e+00,1.366557871866030283e+01,1.390805114800076936e+01,1.386712112169640321e+01,1.386059184754576279e+01
1.385612884788037924e+01,1.385589923172211257e+01,1.385548076041451893e+01,1.385472404775998712e+01,-3.334916030735622883e+01,-2.554229094978977699e+01,-2.823534152364445937e+00,1.368342683279217198e+01,1.390771265269998835e+01,1.386703620575928042e+01,1.386055742139409119e+01
1.385613209143602909e+01,1.385590515972193160e+01,1.385549158243668799e+01,1.385474373682024307e+01,1.385342561768669611e+01,-1.074999895369975089e+00,-1.825380154020561640e-01,1.372095784124798890e+01,1.390540302417779017e+01,1.386675488240352294e+01,1.386044567249375703e+01
1.385614095557677317e+01,1.385592136496436311e+01,1.385552117443834419e+01,1.385479758044867182e+01,1.385352246885691230e+01,-7.493950899181655245e+00,3.456322096905405594e+00,1.375818924241492525e+01,1.390107073690963979e+01,1.386624820821985971e+01,1.386044173823310643e+01
1.385614257030958640e+01,1.385592431772036193e+01,1.385552657466560689e+01,1.385480745273139291e+01,1.385354048218496281e+01,7.033987022687325563e+00,8.331524874561401006e+00,1.381584849279713012e+01,1.389286405857345841e+01,1.386520441470648812e+01,1.386020050638967582e+01
1.385616142672315476e+01,1.385595879272957198e+01,1.385558953588170183e+01,1.385492203388029253e+01,1.385374663539574414e+01,1.081386642144190802e+01,1.160884829633192794e+01,1.384875352005121663e+01,1.388225723959687841e+01,1.386349930518952256e+01,1.385981160188864436e+01
1.385619064384965071e+01,1.385601220931631694e+01,1.385568708938547289e+01,1.385509955471043320e+01,1.385406589605421601e+01,1.228891417634333649e+01,1.303299676601374202e+01,1.386355392805403852e+01,1.387410180070407506e+01,1.386220801371222855e+01,1.385952733742832876e+01
1.385621646830730569e+01,1.385605944049375715e+01,1.385577340235231603e+01,1.385525686081750329e+01,1.385434995940993375e+01,1.344268687604313506e+01,1.358859660878100151e+01,1.386436883973831868e+01,1.386717847214282884e+01,1.386098766435315355e+01,1.385937802910830641e+01
