9.797496385219439219e+00,9.797114252670001022e+00,9.796416863215098303e+00,9.795150176347872772e+00,-4.926534853389370738e+01,-4.369800870310103136e+01,-2.453918346029884034e+01,2.547045655107536444e+00,9.874650849805092889e+00,9.814254172622025152e+00,9.803211433700925070e+00
9.797331708295955011e+00,9.796813062906229774e+00,9.795866432884823283e+00,-4.740281418357829324e+01,-4.848200089058437356e+01,-4.390356383149522657e+01,-2.432192172450829304e+01,2.563782599715322075e+00,9.874721991511297148e+00,9.814259667153450550e+00,9.803212788777353026e+00
9.797331824512250265e+00,9.796813257656500795e+00,9.795866776071171955e+00,-5.252347628979266858e+01,-5.098725750951074076e+01,-4.382558489566578430e+01,-2.420081200606059824e+01,2.599115324256588533e+00,9.876438768132588919e+00,9.814375621434718866e+00,9.803249629843092450e+00
9.797327786261325500e+00,9.796805870983744668e+00,9.795853271130534168e+00,-5.050559715975472841e+01,-5.065615353664743736e+01,-4.359568659090948728e+01,-2.433212751743292301e+01,2.680572586026047865e+00,9.877231218963176573e+00,9.814534805187923538e+00,9.803300629853481496e+00
9.797321910007740442e+00,9.796795133075228534e+00,9.795833655204379653e+00,-5.174157502675713260e+01,-4.984214888759958484e+01,-4.296577921494494490e+01,-2.417621975615632479e+01,2.872601862466709566e+00,9.878092052714015026e+00,9.814346722928588562e+00,9.803234409753214251e+00
9.797333902499467229e+00,9.796817074531034564e+00,9.795873760520654727e+00,-1.734755754495816760e+01,-4.762421252428323015e+01,-4.117346205760232181e+01,-2.313560892622825449e+01,3.242126533072956729e+00,9.878166287756748432e+00,9.814369612306236945e+00,9.803232113575459650e+00
9.797341206016069393e+00,9.796830439318297223e+00,9.795898204096888051e+00,-1.453053747122712380e+01,-4.212167262129544554e+01,-3.654646815156366557e+01,-2.048609281396522164e+01,3.934585055729965308e+00,9.876872896225616927e+00,9.814035532361844005e+00,9.803111727192836966e+00
9.797364838527451880e+00,9.796873659481736496e+00,9.795977201790416089e+00,-1.027519243883481437e+01,-3.081528473466561735e+01,-2.655304444391570584e+01,-1.420863184262307399e+01,5.118130710493788982e+00,9.872187131048665520e+00,9.813464850159077102e+00,9.803117988841957953e+00
9.797374022738885913e+00,9.796890467904729505e+00,9.796007958409186145e+00,-3.894034170672352246e+00,-1.462127925262131356e+01,-1.220799913576246709e+01,-4.950767174707484841e+00,6.796037337626110286e+00,9.861664051674233988e+00,9.812167180156510682e+00,9.802878081212226036e+00
9.797407234509320162e+00,9.796951216476058377e+00,9.796118997514188464e+00,-1.477998467831008966e+00,-1.318469075809979074e+00,-1.713201719644068532e-01,3.068478384053379582e+00,8.364708384715944689e+00,9.846541989632742187e+00,9.810288033968371124e+00,9.802410317002117068e+00
9.797463104551532354e+00,9.797053409386698775e+00,9.796305782524456163e+00,9.794948007593067274e+00,5.768411916687071539e+00,6.132798692631411086e+00,7.309821642186809854e+00,9.260445747220462209e+00,9.831772091980889527e+00,9.808103990299079200e+00,9.802159010856968280e+00
