9.797496385218607884e+00,9.797114252669191004e+00,9.796416863214359338e+00,9.795150176347346971e+00,-4.926534853391359547e+01,-4.369800870309457252e+01,-2.453918346029667319e+01,2.547045655136995546e+00,9.874650849902765870e+00,9.814254172932589171e+00,9.803211434684568459e+00
9.797331708295116570e+00,9.796813062905414426e+00,9.795866432884075437e+00,-4.740281418470855357e+01,-4.848200089155083248e+01,-4.390356383153764597e+01,-2.432192172421637011e+01,2.563782599744773627e+00,9.874721991609174410e+00,9.814259667463776537e+00,9.803212789760094026e+00
9.797331824511411824e+00,9.796813257655681895e+00,9.795866776070418780e+00,-5.252347628992671957e+01,-5.098725750950457325e+01,-4.382558489567187365e+01,-2.420081200610668404e+01,2.599115324285388162e+00,9.876438768229910181e+00,9.814375621744668265e+00,9.803249630824879546e+00
9.797327786260490612e+00,9.796805870982932873e+00,9.795853271129788098e+00,-5.050559716044545411e+01,-5.065615353664644260e+01,-4.359568659090950149e+01,-2.433212751741510260e+01,2.680572586056146012e+00,9.877231219060551126e+00,9.814534805497608261e+00,9.803300630834348439e+00
9.797321910006903778e+00,9.796795133074414963e+00,9.795833655203633583e+00,-5.174157502681079279e+01,-4.984214888760154594e+01,-4.296577921495498487e+01,-2.417621975615033136e+01,2.872601862496792613e+00,9.878092052811295432e+00,9.814346723237981962e+00,9.803234410733155713e+00
9.797333902498634117e+00,9.796817074530220992e+00,9.795873760519908657e+00,-1.734755754485632906e+01,-4.762421252437184904e+01,-4.117346205762853373e+01,-2.313560892623710075e+01,3.242126533103306230e+00,9.878166287853916927e+00,9.814369612615337246e+00,9.803232114554488064e+00
9.797341206015238058e+00,9.796830439317485428e+00,9.795898204096145534e+00,-1.453053747113747285e+01,-4.212167262149731073e+01,-3.654646815158735507e+01,-2.048609281393724757e+01,3.934585055758705874e+00,9.876872896322698381e+00,9.814035532670661865e+00,9.803111728170970096e+00
9.797364838526618769e+00,9.796873659480924701e+00,9.795977201789671795e+00,-1.027519243877788213e+01,-3.081528473469265350e+01,-2.655304444391420660e+01,-1.420863184262425349e+01,5.118130710524356530e+00,9.872187131145681249e+00,9.813464850467630285e+00,9.803117989819252642e+00
9.797374022738052801e+00,9.796890467903917710e+00,9.796007958408441851e+00,-3.894034170634249392e+00,-1.462127925264115724e+01,-1.220799913572880335e+01,-4.950767174706077967e+00,6.796037337655524979e+00,9.861664051771160899e+00,9.812167180464825833e+00,9.802878082188774655e+00
9.797407234508488827e+00,9.796951216475248359e+00,9.796118997513447724e+00,-1.477998467907925217e+00,-1.318469075816723901e+00,-1.713201719638952625e-01,3.068478384065374431e+00,8.364708384745632941e+00,9.846541989729598043e+00,9.810288034276483771e+00,9.802410317978040410e+00
9.797463104550706348e+00,9.797053409385894085e+00,9.796305782523717198e+00,9.794948007592543249e+00,5.768411916682264717e+00,6.132798692634008120e+00,7.309821642195455382e+00,9.260445747250610538e+00,9.831772092077722291e+00,9.808103990607039080e+00,9.802159011832404900e+00
