1.385623621437644459e+01,1.385609552081628593e+01,1.385583924168423664e+01,1.385537660489034195e+01,1.385456575735071993e+01,-2.909679836363720895e+01,-4.559744333787053350e+00,1.365702220354399543e+01,1.390949868450676519e+01,1.386719263254241241e+01,1.386061972485628857e+01
1.385612702791186379e+01,1.385589590327441911e+01,1.385547468109769298e+01,1.385471298818482566e+01,-3.922501029772668346e+01,-3.033239887688457515e+01,-4.496033249690047917e+00,1.365487130631621149e+01,1.390873665459622899e+01,1.386704019122598908e+01,1.386056041041350895e+01
1.385613080433846989e+01,1.385590280818735565e+01,1.385548728997993351e+01,1.385473591762963252e+01,1.385341144176935124e+01,-2.824709135062628462e+01,-4.237803775012954688e+00,1.365791866721422920e+01,1.390850455442608791e+01,1.386699342968921300e+01,1.386054218376661851e+01
1.385613198727966022e+01,1.385590497136028176e+01,1.385549123987306430e+01,1.385474309952726379e+01,1.385342432287762549e+01,-2.698106816977002254e+01,-3.732346194050673027e+00,1.366557871854305972e+01,1.390805114761792538e+01,1.386712112048378387e+01,1.386059184371075048e+01
1.385612884788139354e+01,1.385589923172304516e+01,1.385548076041518861e+01,1.385472404775982724e+01,-3.334916030685398880e+01,-2.554229094984759385e+01,-2.823534152387352059e+00,1.368342683267244198e+01,1.390771265231773413e+01,1.386703620454860797e+01,1.386055741756524462e+01
1.385613209143704694e+01,1.385590515972286596e+01,1.385549158243735945e+01,1.385474373682008675e+01,1.385342561768391967e+01,-1.074999895418389695e+00,-1.825380154136069244e-01,1.372095784113023242e+01,1.390540302379620918e+01,1.386675488119478139e+01,1.386044566867098027e+01
1.385614095557778924e+01,1.385592136496529392e+01,1.385552117443901565e+01,1.385479758044851550e+01,1.385352246885414118e+01,-7.493950899013935185e+00,3.456322096864906435e+00,1.375818924229539064e+01,1.390107073652857039e+01,1.386624820701285188e+01,1.386044173441575822e+01
1.385614257031059893e+01,1.385592431772129274e+01,1.385552657466627657e+01,1.385480745273123837e+01,1.385354048218219347e+01,7.033987022674018874e+00,8.331524874524259161e+00,1.381584849267820481e+01,1.389286405819290771e+01,1.386520441350101507e+01,1.386020050257709357e+01
1.385616142672416728e+01,1.385595879273050102e+01,1.385558953588237330e+01,1.385492203388013621e+01,1.385374663539298190e+01,1.081386642143071342e+01,1.160884829629443793e+01,1.384875351993185788e+01,1.388225723921671140e+01,1.386349930398529295e+01,1.385981159807987240e+01
1.385619064385066146e+01,1.385601220931724420e+01,1.385568708938614257e+01,1.385509955471027510e+01,1.385406589605145555e+01,1.228891417634188521e+01,1.303299676597648826e+01,1.386355392793495511e+01,1.387410180032425089e+01,1.386220801250900969e+01,1.385952733362261036e+01
1.385621646830831288e+01,1.385605944049468441e+01,1.385577340235298394e+01,1.385525686081734875e+01,1.385434995940717506e+01,1.344268687603114998e+01,1.358859660874401243e+01,1.386436883961913580e+01,1.386717847176327467e+01,1.386098766315075892e+01,1.385937802530500029e+01
