9.797500687359205429e+00,9.797121666925242778e+00,9.796429898435857098e+00,9.795173146904581074e+00,-3.844455830848676925e+01,-3.673035619562876519e+01,-2.205284549587780774e+01,2.546250675978124711e+00,9.876169937948743538e+00,9.814220596174681788e+00,9.803195401623586491e+00
9.797336939045308668e+00,9.796822228539681987e+00,9.795882758681509372e+00,-3.821988112088541811e+01,-4.397861376118822108e+01,-3.788206647187875120e+01,-2.120114418769443176e+01,2.558877827467963328e+00,9.875200449550511905e+00,9.814130540663571267e+00,9.803171173857700538e+00
9.797336351623096462e+00,9.796821150690732338e+00,9.795880780861862647e+00,-3.933038795124019771e+01,-4.382551694513112750e+01,-3.776644472600767699e+01,-2.118712248964988021e+01,2.593396762651879683e+00,9.876720092556903197e+00,9.814411137417916819e+00,9.803259968535178004e+00
9.797326904061627317e+00,9.796803867269513688e+00,9.795849192872003286e+00,-3.896465944157431949e+01,-4.342945866282482825e+01,-3.747011808431275171e+01,-2.115587910334135202e+01,2.674400299972808259e+00,9.877298860196448871e+00,9.814523595604988770e+00,9.803295823929490282e+00
9.797322912034175602e+00,9.796796586127202389e+00,9.795835903400140765e+00,-3.793295747659466599e+01,-4.237221599034933917e+01,-3.662174592140519280e+01,-2.086522648347825637e+01,2.884267952593217110e+00,9.877419131733104152e+00,9.814503315357093527e+00,9.803287359958467562e+00
9.797325323468200509e+00,9.796801000184222730e+00,9.795843973243378855e+00,-3.643569178338114511e+01,-3.961426103466997262e+01,-3.432525362618682152e+01,-1.952957786546999586e+01,3.329403904589788077e+00,9.877442459070657321e+00,9.814308173372863209e+00,9.803216028155757655e+00
9.797339979561787260e+00,9.796827805196430816e+00,9.795892967945421859e+00,-1.413472135645960392e+01,-3.178350378776353580e+01,-2.904471326030711253e+01,-1.661157685329368761e+01,4.150946651546016497e+00,9.875622317687302143e+00,9.814077459121115510e+00,9.803127955246644376e+00
9.797360467702171505e+00,9.796865272418322945e+00,9.795961455713177557e+00,-9.009751621902788443e+00,-2.197541152007356402e+01,-1.890181948278676316e+01,-9.752523927276495641e+00,5.494685000349710080e+00,9.868697959538703657e+00,9.813264218103093128e+00,9.803065378512821226e+00
9.797369176012924896e+00,9.796881205039341012e+00,9.795990586638305686e+00,-1.489545252388694507e+00,-7.956315318166014450e+00,-6.311712900038891405e+00,-1.364397270468048262e+00,7.220696318728376362e+00,9.856666460155851794e+00,9.811927365427903780e+00,9.802816849210170602e+00
9.797397646749212541e+00,9.796933276389040657e+00,9.796085758144226219e+00,4.594882495128553401e+00,2.184574552822671656e+00,2.912779888192855271e+00,4.972915298735264500e+00,8.640979579100838137e+00,9.841379917715547876e+00,9.809796225237644052e+00,9.802449211818757391e+00
9.797442180263256972e+00,9.797014737041591204e+00,9.796234691883178414e+00,7.136041538630587766e+00,7.089851840248902803e+00,7.333693946405511532e+00,8.062530190292960697e+00,9.376294139007280037e+00,9.827627185490262818e+00,9.807609966082948105e+00,9.801975417035027505e+00
