1.385623572412858096e+01,1.385609463072616343e+01,1.385583760481861937e+01,1.385537351370109604e+01,1.385455949642027740e+01,-2.395983147861888796e+01,-3.871730968508807713e+00,1.365080222015232891e+01,1.390939963347074126e+01,1.386717895519812771e+01,1.386061491738665197e+01
1.385612694020117175e+01,1.385589575354564928e+01,1.385547441585794815e+01,1.385471250278891731e+01,-7.201290757513687524e+00,-2.461540919920460979e+01,-3.743940506475185614e+00,1.364812799863235782e+01,1.390893049859764119e+01,1.386708617599887994e+01,1.386057890015269756e+01
1.385612916424274133e+01,1.385589981944914761e+01,1.385548183895793173e+01,1.385472599596262633e+01,-3.152178290583339759e+01,-2.473831671533240240e+01,-3.640914923183914631e+00,1.365311040010389476e+01,1.390886865884365875e+01,1.386707053860432737e+01,1.386057253993631377e+01
1.385612978497476533e+01,1.385590095484085893e+01,1.385548391359696119e+01,1.385472977618699986e+01,1.385340037916587974e+01,-2.222976401233897548e+01,-3.301590206173478315e+00,1.366014646802391752e+01,1.390834585011423030e+01,1.386696211138248813e+01,1.386052999279699804e+01
1.385613275305754577e+01,1.385590637926035207e+01,1.385549381483237141e+01,1.385474777424022363e+01,1.385343266502589188e+01,-2.022776312529532561e+01,-2.447757226707814482e+00,1.367711220491095503e+01,1.390767254333935909e+01,1.386703534844612307e+01,1.386055770546823318e+01
1.385613159850390375e+01,1.385590426926056296e+01,1.385548996491639784e+01,1.385474079211903486e+01,1.385342026156296313e+01,-1.059474230748317147e+00,-2.064615171842945074e-01,1.372074215268725261e+01,1.390542428767502159e+01,1.386675778659673597e+01,1.386044666736845876e+01
1.385614100569758378e+01,1.385592146782544987e+01,1.385552137351386293e+01,1.385479795776048562e+01,1.385352318923282944e+01,-7.995261833789820471e+00,2.756908095111116452e+00,1.375754624206460974e+01,1.390149408801075914e+01,1.386633418344419866e+01,1.386047633410720437e+01
1.385614082498921462e+01,1.385592113998075803e+01,1.385552078748250082e+01,1.385479696152243356e+01,1.385352179628131353e+01,1.834896355393368594e+00,7.425024463950144593e+00,1.380759727225070499e+01,1.389385623593627628e+01,1.386522760291254741e+01,1.386021104157120831e+01
1.385616033505398903e+01,1.385595680786726192e+01,1.385558591842339382e+01,1.385491544655400986e+01,1.385373473026138313e+01,1.030411623298495982e+01,1.113644290002020654e+01,1.385160406491403684e+01,1.388404941039053853e+01,1.386376255694114334e+01,1.385993651813357985e+01
1.385618387431714638e+01,1.385599984868855827e+01,1.385566454178073315e+01,1.385505862005420141e+01,1.385399278603126305e+01,1.201316288349547357e+01,1.284406442529386538e+01,1.386176761874725827e+01,1.387542618545494122e+01,1.386245335090185371e+01,1.385966219496502738e+01
1.385620599057788205e+01,1.385604029398780312e+01,1.385573844367839413e+01,1.385519324631971116e+01,1.385423551129725439e+01,1.335067384160332615e+01,1.352439528405988867e+01,1.386393417732389466e+01,1.386817055797555653e+01,1.386122028974030940e+01,1.385933301255873218e+01
