1.385623453272658878e+01,1.385609245535218292e+01,1.385583364932034733e+01,1.385536641415579595e+01,1.385454729047188493e+01,-2.913739929292024655e+01,-4.523442720226667824e+00,1.365783860560273766e+01,1.390928504008991773e+01,1.386714827361989322e+01,1.386060231747367055e+01
1.385612825364468748e+01,1.385589815228486898e+01,1.385547879569489638e+01,1.385472047766240777e+01,-3.937696931410927448e+01,-3.048506954484405185e+01,-4.453784437315945866e+00,1.365538637376755560e+01,1.390883762850962668e+01,1.386705999153840274e+01,1.386056808367038329e+01
1.385613034930656262e+01,1.385590198469821388e+01,1.385548579548054704e+01,1.385473321025577320e+01,1.385340659871033608e+01,-2.834960772834696030e+01,-4.181177861314496980e+00,1.365852586938616042e+01,1.390835561106176677e+01,1.386696241877541169e+01,1.386053000545127745e+01
1.385613285352012802e+01,1.385590656346249361e+01,1.385549415516998373e+01,1.385474840786986128e+01,1.385343385185306886e+01,-2.702316803291820690e+01,-3.692670463629505129e+00,1.366657337133633732e+01,1.390813237054864260e+01,1.386713672681414877e+01,1.386059783591384864e+01
1.385612853933940158e+01,1.385589867666185881e+01,1.385547975668791132e+01,1.385472223461569286e+01,-3.343513730069004453e+01,-2.571524271129891304e+01,-2.780974966240415291e+00,1.368378735121960688e+01,1.390784221708719315e+01,1.386706211831357294e+01,1.386056745889991326e+01
1.385613149550362522e+01,1.385590407883636743e+01,1.385548961837684701e+01,1.385474017705002581e+01,1.385341925144163966e+01,-1.136945142603278391e+00,-1.130866073429634966e-01,1.372377179337552633e+01,1.390543300673985883e+01,1.386675675774581862e+01,1.386044602765692346e+01
1.385614123167048461e+01,1.385592187888768834e+01,1.385552212337003297e+01,1.385479932388038371e+01,1.385352565867582086e+01,-7.760738587011076106e+00,3.525527448231613903e+00,1.375717687384570809e+01,1.390103391019390244e+01,1.386624246690522000e+01,1.386043959077871079e+01
1.385614255753833390e+01,1.385592430437391798e+01,1.385552655919789089e+01,1.385480742788899278e+01,1.385354040839840906e+01,7.117061010214245087e+00,8.302814984056229974e+00,1.381800735824754867e+01,1.389293151819166994e+01,1.386521666908642914e+01,1.386020541339133416e+01
1.385616141263694345e+01,1.385595877761299022e+01,1.385558952009006539e+01,1.385492202505850834e+01,1.385374668745314253e+01,1.082555487335998734e+01,1.159231570751602902e+01,1.385175384007304444e+01,1.388278948216908404e+01,1.386363834588073374e+01,1.385987762091070863e+01
1.385618703649505079e+01,1.385600562779302969e+01,1.385567509150547139e+01,1.385507778718809391e+01,1.385402704684578445e+01,1.227914803761987983e+01,1.302923936644408798e+01,1.386300299660130086e+01,1.387413501274237149e+01,1.386222962834135686e+01,1.385954024947463914e+01
1.385621467973774301e+01,1.385605618023381247e+01,1.385576745708772961e+01,1.385524603793477105e+01,1.385433039070304062e+01,1.344472375923737673e+01,1.358774259889747071e+01,1.386394920914093021e+01,1.386719403605640188e+01,1.386100313622435820e+01,1.385938937989412878e+01
