9.797510475007674913e+00,9.797139610529294274e+00,9.796462731623082121e+00,9.795233016522525205e+00,-5.744360012604698795e+01,-4.938753212892022049e+01,-2.620913536289694079e+01,2.559940176557435443e+00,9.875237213748452092e+00,9.814296134098395186e+00,9.803221377799786751e+00
9.797332749032374721e+00,9.796814634831225277e+00,9.795868956481465162e+00,-5.939231494120728172e+01,-5.874788889956549554e+01,-4.950102587527205600e+01,-2.648655194202570229e+01,2.570938206426869765e+00,9.875544224617680555e+00,9.814326209387381539e+00,9.803229569471218596e+00
9.797332808823066230e+00,9.796814703197814111e+00,9.795869049295410136e+00,-5.921438189411281883e+01,-5.841083282234360752e+01,-4.925613690194735739e+01,-2.635740048830785298e+01,2.606388288601289016e+00,9.877430763408627357e+00,9.814459143704763022e+00,9.803271209029121636e+00
9.797328702530762712e+00,9.796807206371834553e+00,9.795855358349461639e+00,-5.817011001091741917e+01,-5.753682637415394652e+01,-4.863470018059820177e+01,-2.573404879507984688e+01,2.691440299087179522e+00,9.877921543846987618e+00,9.814331994744765808e+00,9.803230462462954264e+00
9.797333430118738917e+00,9.796815876580707183e+00,9.795871215970651136e+00,-5.622033422446553885e+01,-5.524101210308239729e+01,-4.678744428806604816e+01,-2.505244564240268801e+01,2.873318763836026690e+00,9.878757637813174952e+00,9.814349785118412939e+00,9.803229631616289907e+00
9.797338288199609835e+00,9.796824759724634291e+00,9.795887455610916561e+00,-1.811106464161235152e+01,-4.958906813751082154e+01,-4.249226567081747419e+01,-2.282389064900266717e+01,3.248760623647084067e+00,9.878048195994567848e+00,9.814301878730857354e+00,9.803208382119951381e+00
9.797345040577964070e+00,9.796837108516664117e+00,9.795910032342639795e+00,-1.434033249580302893e+01,-4.006793476960991995e+01,-3.423493522365524200e+01,-1.875776484080118323e+01,4.021556391081341886e+00,9.876337720178110402e+00,9.814120032108929692e+00,9.803136968555868691e+00
9.797362872325960481e+00,9.796869709158633199e+00,9.795969615055518886e+00,-9.226900139514322419e+00,-2.497009132170771295e+01,-2.116720852762367144e+01,-1.071848542086627099e+01,5.383213998124267263e+00,9.869367496445853760e+00,9.813316568814350660e+00,9.803078610934008452e+00
9.797370800174551420e+00,9.796884216111022781e+00,9.795996144921263138e+00,-1.507265267017277921e+00,-8.647219587453783163e+00,-6.849569126844906819e+00,-1.546553045745296728e+00,7.202255136654595269e+00,9.856656839608461951e+00,9.811878595293245908e+00,9.802797680821345949e+00
9.797401531209207093e+00,9.796940409894695279e+00,9.796098833185579835e+00,4.728975086480796008e+00,2.140685745949268082e+00,2.902907730944248144e+00,5.042339523131061263e+00,8.665653577153181075e+00,9.840872424047249822e+00,9.809665422168311721e+00,9.802400049705957130e+00
9.797447577284817299e+00,9.797024644992621489e+00,9.796252841032126568e+00,7.058869284820186607e+00,7.104402858120550057e+00,7.369576703596591116e+00,8.112149481834986631e+00,9.393510815599812602e+00,9.826903936828585984e+00,9.807388900334414572e+00,9.801884359006921343e+00
