1.385623424602211173e+01,1.385609207143575716e+01,1.385583308918405798e+01,1.385536552843492863e+01,1.385454577837808898e+01,-2.912114357552394850e+01,-4.329705357922334130e+00,1.366043748193714080e+01,1.390927912703871883e+01,1.386714475575343819e+01,1.386060080406720019e+01
1.385612862554988212e+01,1.385589896227942042e+01,1.385548041134727271e+01,1.385472355614155759e+01,-3.962405241666878908e+01,-3.078224112587490424e+01,-4.210135894109046539e+00,1.365644989655416985e+01,1.390879044676690768e+01,1.386704940812713183e+01,1.386056391777047025e+01
1.385613081148579084e+01,1.385590295888905565e+01,1.385548770958851428e+01,1.385473682674108531e+01,1.385341319549874761e+01,-2.838051440671837256e+01,-4.084860309902511588e+00,1.366022453291851591e+01,1.390847610512680177e+01,1.386698505413358262e+01,1.386053874035350830e+01
1.385613251393013812e+01,1.385590607132474972e+01,1.385549339198222896e+01,1.385474715755262665e+01,1.385343172685749735e+01,-2.752895865650528151e+01,-3.599704410122196663e+00,1.366791444307083658e+01,1.390807899386366486e+01,1.386712452890579250e+01,1.386059301985393866e+01
1.385612904886706431e+01,1.385589973197252078e+01,1.385548181380162802e+01,1.385472610442699803e+01,-3.502260886639584214e+01,-2.717803011272289382e+01,-2.935853164596848863e+00,1.368689486728742821e+01,1.390781156018771370e+01,1.386705279397722457e+01,1.386056361220543565e+01
1.385613205945375626e+01,1.385590523275882902e+01,1.385549185512778614e+01,1.385474437675776471e+01,1.385342690549943789e+01,-1.079102612913642290e+00,-1.267408735290149746e+00,1.371952690750179471e+01,1.390586430599523204e+01,1.386684846452756581e+01,1.386048190861900942e+01
1.385613895190735789e+01,1.385591783574789204e+01,1.385551487168058138e+01,1.385478626579930506e+01,1.385350231423733547e+01,2.255422488035868867e+00,2.358252091167932107e+00,1.377380867107784113e+01,1.390168505174658975e+01,1.386635373159240103e+01,1.386048241042800200e+01
1.385614209161858312e+01,1.385592357974207722e+01,1.385552537951157959e+01,1.385480548867016282e+01,1.385353747741466179e+01,-1.407736977825891245e+00,6.845914672803441903e+00,1.381495456419665047e+01,1.389422114961216437e+01,1.386529574062903336e+01,1.386023881245238343e+01
1.385615996123308946e+01,1.385595625703449585e+01,1.385558505578711674e+01,1.385491405298858325e+01,1.385373257120122759e+01,7.366054360748830021e+00,1.072092164236267564e+01,1.385092555289324601e+01,1.388463086117363332e+01,1.386391810316158058e+01,1.386001128558859108e+01
1.385617922076090913e+01,1.385599147345815751e+01,1.385564938827834069e+01,1.385503120611893202e+01,1.385394372040479993e+01,1.157843489377919965e+01,1.271029148060737057e+01,1.386690470008492326e+01,1.387579001206478146e+01,1.386252475183685462e+01,1.385969539479379620e+01
1.385620823218309283e+01,1.385604453140457260e+01,1.385574633596432292e+01,1.385520784740935873e+01,1.385426255764757997e+01,1.310974789411616470e+01,1.347538928777340672e+01,1.386641311294594914e+01,1.386900882818846270e+01,1.386132778800866561e+01,1.385939581704197110e+01
