1.385622978770684810e+01,1.385608374793940101e+01,1.385581769368771177e+01,1.385533719857430768e+01,1.385449380873806291e+01,-1.695449092833398907e+01,-4.756133235662323155e-01,1.364730712324358564e+01,1.390931474906959409e+01,1.386716654907387003e+01,1.386061045248784573e+01
1.385612689694831978e+01,1.385589564522661021e+01,1.385547418577866097e+01,1.385471203913363425e+01,-6.381794541501820461e+00,-1.787855028218956477e+01,-4.357826832946096740e-01,1.364617729101892252e+01,1.390919051584227617e+01,1.386714296495812704e+01,1.386060139189525486e+01
1.385612738788529263e+01,1.385589654337194432e+01,1.385547582674422884e+01,1.385471502446251435e+01,-6.879681523241039542e+00,-1.768672887405281102e+01,-3.319733046172537172e-01,1.364823531642876731e+01,1.390896112644993465e+01,1.386709578927638731e+01,1.386058291621774963e+01
1.385612865122375226e+01,1.385589885260341880e+01,1.385548004231144503e+01,1.385472268824025477e+01,-6.663413273688560956e+00,-1.706117411383472060e+01,-6.052938603168156462e-02,1.365543073954427378e+01,1.390846003407862597e+01,1.386699021626913719e+01,1.386054135561348133e+01
1.385613165587625240e+01,1.385590434461541776e+01,1.385549006811310413e+01,1.385474091727446222e+01,1.385342025719607939e+01,-2.796182065198490996e+00,8.312253578570034662e-01,1.367995771196984478e+01,1.390766904184701147e+01,1.386703396960561818e+01,1.386055710617630155e+01
1.385613165181621653e+01,1.385590433907183794e+01,1.385549006471245193e+01,1.385474094823015534e+01,1.385342053020215403e+01,-5.602654289368838025e-01,1.696043932740165516e+00,1.371007728556853955e+01,1.390566488240515675e+01,1.386681778258639142e+01,1.386047083631297383e+01
1.385613879094827183e+01,1.385591739027484870e+01,1.385551389677936029e+01,1.385478431417078760e+01,1.385349856676379687e+01,2.382376465289597789e+00,4.621221881327779002e+00,1.376037930490149463e+01,1.390125700017492605e+01,1.386628286766050699e+01,1.386045537066513411e+01
1.385614210304552429e+01,1.385592344825433209e+01,1.385552497292409058e+01,1.385480454052413535e+01,1.385353535059620000e+01,6.671752583773979950e+00,8.341602088079259403e+00,1.380891279649333292e+01,1.389318363390461464e+01,1.386507338008314605e+01,1.386014491568467477e+01
1.385616427792570704e+01,1.385596398694301001e+01,1.385559899380629112e+01,1.385493917458026303e+01,1.385377717487202887e+01,1.055377088249979955e+01,1.149923089511331398e+01,1.384479546332508981e+01,1.388345218815022442e+01,1.386384262112384747e+01,1.385997801178773514e+01
1.385617881251570083e+01,1.385599056611996716e+01,1.385564755848529828e+01,1.385502765489689025e+01,1.385393681549695799e+01,1.258723823137928832e+01,1.299897710931496420e+01,1.385870044401853818e+01,1.387449570402730892e+01,1.386237735669922344e+01,1.385962320538530435e+01
1.385620684689460447e+01,1.385604183158331359e+01,1.385574122009800568e+01,1.385519823269142492e+01,1.385424416681413717e+01,1.341060576452214725e+01,1.356966240476364760e+01,1.386197677838960374e+01,1.386752862757246874e+01,1.386098311816290263e+01,1.385938283962001805e+01
