1.385623453272618022e+01,1.385609245535179923e+01,1.385583364932004535e+01,1.385536641415574977e+01,1.385454729047264877e+01,-2.913739929274373353e+01,-4.523442720224634783e+00,1.365783860563991681e+01,1.390928504020731360e+01,1.386714827399194760e+01,1.386060231865078052e+01
1.385612825364427891e+01,1.385589815228448529e+01,1.385547879569459084e+01,1.385472047766235981e+01,-3.937696931421001523e+01,-3.048506954481531039e+01,-4.453784437310515543e+00,1.365538637380415032e+01,1.390883762862689466e+01,1.386705999191009653e+01,1.386056808484635283e+01
1.385613034930615228e+01,1.385590198469783019e+01,1.385548579548024506e+01,1.385473321025572524e+01,1.385340659871109281e+01,-2.834960772846750388e+01,-4.181177861311382138e+00,1.365852586942226665e+01,1.390835561117891572e+01,1.386696241914674843e+01,1.386053000662611367e+01
1.385613285351971946e+01,1.385590656346211169e+01,1.385549415516968175e+01,1.385474840786981332e+01,1.385343385185382559e+01,-2.702316803321320648e+01,-3.692670463621150034e+00,1.366657337137157668e+01,1.390813237066566188e+01,1.386713672718512846e+01,1.386059783708756754e+01
1.385612853933899302e+01,1.385589867666147512e+01,1.385547975668760934e+01,1.385472223461564667e+01,-3.343513730114722193e+01,-2.571524271122868655e+01,-2.780974966233097589e+00,1.368378735125597245e+01,1.390784221720413072e+01,1.386706211868420269e+01,1.386056746007252372e+01
1.385613149550321843e+01,1.385590407883598374e+01,1.385548961837654502e+01,1.385474017704997607e+01,1.385341925144239283e+01,-1.136945142572769019e+00,-1.130866073464211752e-01,1.372377179341058095e+01,1.390543300685664363e+01,1.386675675811609842e+01,1.386044602882843435e+01
1.385614123167007605e+01,1.385592187888730820e+01,1.385552212336973099e+01,1.385479932388033575e+01,1.385352565867657404e+01,-7.760738587168457769e+00,3.525527448248763740e+00,1.375717687388077692e+01,1.390103391031057711e+01,1.386624246727518539e+01,1.386043959194924824e+01
1.385614255753792534e+01,1.385592430437353428e+01,1.385552655919758891e+01,1.385480742788894482e+01,1.385354040839916223e+01,7.117061010235881113e+00,8.302814984064522008e+00,1.381800735828235105e+01,1.389293151830822026e+01,1.386521666945611031e+01,1.386020541456100830e+01
1.385616141263653489e+01,1.385595877761260830e+01,1.385558952008976341e+01,1.385492202505846038e+01,1.385374668745389570e+01,1.082555487336695776e+01,1.159231570753328100e+01,1.385175384010816657e+01,1.388278948228550114e+01,1.386363834625016977e+01,1.385987762207967577e+01
1.385618703649464578e+01,1.385600562779264955e+01,1.385567509150516941e+01,1.385507778718804950e+01,1.385402704684654296e+01,1.227914803760057794e+01,1.302923936645601088e+01,1.386300299663743729e+01,1.387413501285879747e+01,1.386222962871062236e+01,1.385954025064305561e+01
1.385621467973733800e+01,1.385605618023343411e+01,1.385576745708743118e+01,1.385524603793472309e+01,1.385433039070379735e+01,1.344472375924116747e+01,1.358774259890858005e+01,1.386394920917713947e+01,1.386719403617278346e+01,1.386100313659347094e+01,1.385938938106210472e+01
