9.797483237163350012e+00,9.797089704394808862e+00,9.796371406469804199e+00,9.795066209732018692e+00,-1.153896382977040602e+01,-2.683474679371710181e+01,-1.520909083322310806e+01,3.864578033428796466e+00,9.869704711140306230e+00,9.814094131280404198e+00,9.803197491220203119e+00
9.797305494770675693e+00,9.796764658558153371e+00,9.795777422479210017e+00,-2.837666341892880695e+01,-3.332566872639110755e+01,-2.840447227378996331e+01,-1.490678721147276597e+01,3.877178097929691702e+00,9.869271937504318970e+00,9.814022654390766931e+00,9.803175342477523202e+00
9.797307508879642413e+00,9.796768350672943271e+00,9.795784180250640460e+00,-2.923777028441425685e+01,-3.322019938526491245e+01,-2.832553040214983753e+01,-1.489916144821757449e+01,3.900352479388387472e+00,9.869734754773570984e+00,9.814220088728518476e+00,9.803243141975652719e+00
9.797296360941095017e+00,9.796747961504555846e+00,9.795746911106030907e+00,-2.891055389914998841e+01,-3.294799863462606027e+01,-2.812067377534194179e+01,-1.485368669779470530e+01,3.959543981484110464e+00,9.869956134499462408e+00,9.814306366805702453e+00,9.803272590707814871e+00
9.797291652461163736e+00,9.796739361575955485e+00,9.795731198731278511e+00,-2.749504686277803600e+01,-3.223588077842040889e+01,-2.755112603434276863e+01,-1.462980253367613237e+01,4.088479144505299701e+00,9.870140804448578109e+00,9.814279448361238778e+00,9.803261088774938514e+00
9.797295075452103319e+00,9.796745625284108527e+00,9.795742647072222198e+00,-3.184631658557062650e+01,-3.038004967466553552e+01,-2.598166990631357365e+01,-1.390647049883441966e+01,4.380881817498655018e+00,9.869581523114518973e+00,9.813997926712795916e+00,9.803163478711111267e+00
9.797311736857910347e+00,9.796776093457063794e+00,9.795798327767540670e+00,-9.510620882444683843e+00,-2.580737408908261443e+01,-2.207971334516120976e+01,-1.157642715163916236e+01,4.944240004040695524e+00,9.867649236699968185e+00,9.813798454629953483e+00,9.803089588926630071e+00
9.797327543707737618e+00,9.796805004401614170e+00,9.795851176393544080e+00,-5.008507960664421610e+00,-1.696359858839755219e+01,-1.435865490879720952e+01,-6.612035478964600088e+00,5.946189553425595520e+00,9.862745648462608372e+00,9.813115212699141665e+00,9.803058087927659869e+00
9.797338976819156997e+00,9.796825924844915434e+00,9.795889444489445097e+00,2.299899671147969116e-01,-5.704921806116207250e+00,-4.276090191104261251e+00,3.219387596061640266e-02,7.375666854971258957e+00,9.853087972790920190e+00,9.811713746473834874e+00,9.802773180330925484e+00
9.797380274304513748e+00,9.796901453855314301e+00,9.796027504984014200e+00,5.241961394079287295e+00,3.008122132405499194e+00,3.622854976270595717e+00,5.464774034264729963e+00,8.676474955066634465e+00,9.839493234994639792e+00,9.809728094524718500e+00,9.802447005156652793e+00
9.797425097726506493e+00,9.796983451834774925e+00,9.796177452357341053e+00,8.085453503867693570e+00,7.338151350311957977e+00,7.558727039127287384e+00,8.217011623393471353e+00,9.384375082229508891e+00,9.826649740990873738e+00,9.807623395097625263e+00,9.802000781782705729e+00
