5.542535418828275340e+01,5.542512933302900535e+01,5.542471924605504796e+01,5.542397602901755960e+01,5.542265627721856447e+01,1.950999987575742267e+01,2.639380622946235277e+01,5.359787580318244693e+01,5.550782406647928724e+01,5.543967286526292071e+01,5.543045081401748320e+01
5.542526827763008868e+01,5.542497231526098744e+01,5.542443272344096528e+01,5.542345583555056976e+01,7.970126290958065240e+00,1.124180110212286188e+01,2.638321433695624307e+01,5.355779651456045798e+01,5.550808811567581103e+01,5.543973013685042872e+01,5.543026765131061495e+01
5.542528124520001143e+01,5.542499602396101466e+01,5.542447601095457088e+01,5.542353454852542427e+01,8.748062080494008796e+00,1.129287392171477400e+01,2.643393612444918617e+01,5.159855484040311069e+01,5.550680831027241879e+01,5.544035390351336900e+01,5.543057234201253891e+01
5.542518192994840831e+01,5.542481439401209542e+01,5.542414395780058101e+01,5.542292811723989132e+01,2.196483880532735000e+01,5.271984725348536571e+00,2.622871445676366875e+01,5.169708121638523579e+01,5.550669149723050566e+01,5.544031153557550340e+01,5.543055684417398510e+01
5.542518428476805070e+01,5.542481870701043078e+01,5.542415184453543020e+01,5.542294250212269446e+01,2.307078785920208830e+01,9.837525380879116099e+00,2.804021453515024831e+01,5.190013260716423815e+01,5.550676315596208354e+01,5.544027757906890486e+01,5.543054261995239074e+01
5.542518768393395590e+01,5.542482492225758506e+01,5.542416320282239184e+01,5.542296322797217556e+01,2.675626984322009960e+01,1.695877670457807795e+01,3.156341165975870666e+01,5.227462562641328248e+01,5.550512543676767052e+01,5.544012803586307570e+01,5.543048736716301761e+01
5.542519643695780474e+01,5.542484092695258369e+01,5.542419244925756061e+01,5.542301656979898894e+01,3.234063484046136239e+01,2.802634745084794687e+01,3.771504859109735719e+01,5.295226329820445699e+01,5.549904985288762305e+01,5.543942416432765441e+01,5.543045190643494635e+01
5.542520142724112020e+01,5.542485005258862429e+01,5.542420912893449980e+01,5.542304700085313129e+01,4.194520832001030186e+01,4.189012320245385723e+01,4.517016133609594419e+01,5.394458411149111043e+01,5.548688497293473887e+01,5.543814793146803055e+01,5.543020320469983631e+01
5.542522460348410362e+01,5.542489242722039933e+01,5.542428653852325482e+01,5.542318800194267681e+01,4.947444490841964182e+01,4.938989163075186184e+01,5.096760179641272259e+01,5.477625882983037542e+01,5.547078397329146071e+01,5.543638386053410727e+01,5.542974228145755689e+01
5.542526644055887175e+01,5.542496892388361829e+01,5.542442628687685158e+01,5.542344255470503356e+01,5.320333728698057030e+01,5.322647293194255980e+01,5.382014475928720287e+01,5.519688049417744935e+01,5.545645244492156678e+01,5.543421230094095620e+01,5.542943627321614031e+01
5.542529554242102563e+01,5.542502215656975295e+01,5.542452361432097518e+01,5.542362012223273382e+01,5.467768948935265172e+01,5.467977726244383518e+01,5.489352618137945683e+01,5.536210159707184175e+01,5.544351157713398948e+01,5.543190946239467110e+01,5.542890233804317290e+01
