1.385623424602185949e+01,1.385609207143551558e+01,1.385583308918385725e+01,1.385536552843485403e+01,1.385454577837841050e+01,-2.912114357550015953e+01,-4.329705357915239361e+00,1.366043748195528451e+01,1.390927912709646996e+01,1.386714475593661433e+01,1.386060080464691069e+01
1.385612862554962810e+01,1.385589896227917883e+01,1.385548041134707198e+01,1.385472355614148299e+01,-3.962405241719533677e+01,-3.078224112587052019e+01,-4.210135894086805664e+00,1.365644989657202579e+01,1.390879044682461085e+01,1.386704940831019428e+01,1.386056391834983259e+01
1.385613081148553860e+01,1.385590295888881585e+01,1.385548770958831355e+01,1.385473682674101070e+01,1.385341319549907091e+01,-2.838051440709012851e+01,-4.084860309874425610e+00,1.366022453293622263e+01,1.390847610518446231e+01,1.386698505431653672e+01,1.386053874093253313e+01
1.385613251392988587e+01,1.385590607132450813e+01,1.385549339198202823e+01,1.385474715755255204e+01,1.385343172685782065e+01,-2.752895865717098545e+01,-3.599704410087858797e+00,1.366791444308757697e+01,1.390807899392127212e+01,1.386712452908863824e+01,1.386059302043262065e+01
1.385612904886681207e+01,1.385589973197228097e+01,1.385548181380142907e+01,1.385472610442692520e+01,-3.502260886750052293e+01,-2.717803011268943791e+01,-2.935853164568686502e+00,1.368689486730578153e+01,1.390781156024533516e+01,1.386705279415997083e+01,1.386056361278378368e+01
1.385613205945350401e+01,1.385590523275858743e+01,1.385549185512758363e+01,1.385474437675769011e+01,1.385342690549975941e+01,-1.079102612883514389e+00,-1.267408735284734966e+00,1.371952690752065962e+01,1.390586430605283752e+01,1.386684846471021082e+01,1.386048190919703416e+01
1.385613895190710387e+01,1.385591783574765401e+01,1.385551487168038065e+01,1.385478626579922690e+01,1.385350231423765877e+01,2.255422488061655351e+00,2.358252091147216234e+00,1.377380867109496165e+01,1.390168505180410463e+01,1.386635373177493591e+01,1.386048241100571587e+01
1.385614209161833088e+01,1.385592357974183741e+01,1.385552537951137708e+01,1.385480548867008821e+01,1.385353747741498154e+01,-1.407736977807898526e+00,6.845914672813989910e+00,1.381495456421479595e+01,1.389422114966981070e+01,1.386529574081152205e+01,1.386023881302984684e+01
1.385615996123283722e+01,1.385595625703425426e+01,1.385558505578691424e+01,1.385491405298850509e+01,1.385373257120154022e+01,7.366054360747913421e+00,1.072092164236800826e+01,1.385092555291144478e+01,1.388463086123114110e+01,1.386391810334396979e+01,1.386001128616582179e+01
1.385617922076065867e+01,1.385599147345791771e+01,1.385564938827813819e+01,1.385503120611885564e+01,1.385394372040511968e+01,1.157843489378336166e+01,1.271029148061293945e+01,1.386690470010297815e+01,1.387579001212227681e+01,1.386252475201918699e+01,1.385969539537085460e+01
1.385620823218284059e+01,1.385604453140433279e+01,1.385574633596412042e+01,1.385520784740928235e+01,1.385426255764789971e+01,1.310974789411798547e+01,1.347538928777893119e+01,1.386641311296395784e+01,1.386900882824593495e+01,1.386132778819095179e+01,1.385939581761888917e+01
