1.385622978770676106e+01,1.385608374793931574e+01,1.385581769368763361e+01,1.385533719857425616e+01,1.385449380873808778e+01,-1.695449092832370042e+01,-4.756133235653929869e-01,1.364730712324722361e+01,1.390931474908106935e+01,1.386716654911034396e+01,1.386061045260335689e+01
1.385612689694823096e+01,1.385589564522652495e+01,1.385547418577858103e+01,1.385471203913358096e+01,-6.381794541504353546e+00,-1.787855028219150455e+01,-4.357826832931044336e-01,1.364617729102255694e+01,1.390919051585374433e+01,1.386714296499457966e+01,1.386060139201069674e+01
1.385612738788520382e+01,1.385589654337185905e+01,1.385547582674415068e+01,1.385471502446245928e+01,-6.879681523242453522e+00,-1.768672887405669059e+01,-3.319733046153423572e-01,1.364823531643238574e+01,1.390896112646139926e+01,1.386709578931281683e+01,1.386058291633312045e+01
1.385612865122366344e+01,1.385589885260333354e+01,1.385548004231136865e+01,1.385472268824020325e+01,-6.663413273689950955e+00,-1.706117411383918636e+01,-6.052938602962276704e-02,1.365543073954787801e+01,1.390846003409008169e+01,1.386699021630554540e+01,1.386054135572878288e+01
1.385613165587616535e+01,1.385590434461533249e+01,1.385549006811302419e+01,1.385474091727440893e+01,1.385342025719610604e+01,-2.796182065198749456e+00,8.312253578594885894e-01,1.367995771197348986e+01,1.390766904185846187e+01,1.386703396964200508e+01,1.386055710629153737e+01
1.385613165181612949e+01,1.385590433907175267e+01,1.385549006471237377e+01,1.385474094823010205e+01,1.385342053020218067e+01,-5.602654289379422892e-01,1.696043932741155169e+00,1.371007728557206562e+01,1.390566488241659471e+01,1.386681778262275344e+01,1.386047083642813860e+01
1.385613879094818479e+01,1.385591739027476343e+01,1.385551389677928213e+01,1.385478431417073608e+01,1.385349856676382174e+01,2.382376465289652856e+00,4.621221881329010017e+00,1.376037930490507399e+01,1.390125700018635868e+01,1.386628286769685303e+01,1.386045537078024026e+01
1.385614210304543548e+01,1.385592344825424682e+01,1.385552497292401597e+01,1.385480454052408206e+01,1.385353535059622843e+01,6.671752583773665535e+00,8.341602088080341204e+00,1.380891279649689452e+01,1.389318363391604372e+01,1.386507338011947610e+01,1.386014491579972763e+01
1.385616427792562000e+01,1.385596398694292475e+01,1.385559899380621296e+01,1.385493917458020974e+01,1.385377717487205551e+01,1.055377088249984929e+01,1.149923089511430874e+01,1.384479546332866562e+01,1.388345218816164817e+01,1.386384262116015975e+01,1.385997801190274714e+01
1.385617881251561556e+01,1.385599056611988189e+01,1.385564755848522012e+01,1.385502765489683696e+01,1.385393681549698286e+01,1.258723823137940911e+01,1.299897710931595363e+01,1.385870044402211931e+01,1.387449570403873267e+01,1.386237735673552507e+01,1.385962320550028082e+01
1.385620684689451743e+01,1.385604183158322833e+01,1.385574122009792930e+01,1.385519823269137163e+01,1.385424416681416204e+01,1.341060576452231246e+01,1.356966240476472407e+01,1.386197677839319731e+01,1.386752862758389249e+01,1.386098311819919715e+01,1.385938283973496432e+01
