1.385623424602191278e+01,1.385609207143556709e+01,1.385583308918389989e+01,1.385536552843487001e+01,1.385454577837834123e+01,-2.912114357550515464e+01,-4.329705357916725283e+00,1.366043748195147600e+01,1.390927912708435343e+01,1.386714475589818107e+01,1.386060080452527998e+01
1.385612862554968316e+01,1.385589896227923035e+01,1.385548041134711283e+01,1.385472355614149720e+01,-3.962405241708502501e+01,-3.078224112587142258e+01,-4.210135894091473929e+00,1.365644989656827590e+01,1.390879044681250498e+01,1.386704940827178945e+01,1.386056391822828715e+01
1.385613081148559189e+01,1.385590295888886558e+01,1.385548770958835618e+01,1.385473682674102669e+01,1.385341319549900163e+01,-2.838051440701227790e+01,-4.084860309880318674e+00,1.366022453293250649e+01,1.390847610517236888e+01,1.386698505427815675e+01,1.386053874081106940e+01
1.385613251392993917e+01,1.385590607132455787e+01,1.385549339198206908e+01,1.385474715755256625e+01,1.385343172685775315e+01,-2.752895865703147393e+01,-3.599704410095069917e+00,1.366791444308406511e+01,1.390807899390918756e+01,1.386712452905028670e+01,1.386059302031124219e+01
1.385612904886686536e+01,1.385589973197233249e+01,1.385548181380146993e+01,1.385472610442693941e+01,-3.502260886726901390e+01,-2.717803011269637281e+01,-2.935853164574607987e+00,1.368689486730193217e+01,1.390781156023324883e+01,1.386705279412164238e+01,1.386056361266248693e+01
1.385613205945355730e+01,1.385590523275863895e+01,1.385549185512762804e+01,1.385474437675770787e+01,1.385342690549969191e+01,-1.079102612889832891e+00,-1.267408735285880272e+00,1.371952690751670190e+01,1.390586430604075829e+01,1.386684846467190901e+01,1.386048190907581912e+01
1.385613895190715539e+01,1.385591783574770552e+01,1.385551487168042151e+01,1.385478626579924466e+01,1.385350231423759126e+01,2.255422488056247232e+00,2.358252091151563867e+00,1.377380867109136986e+01,1.390168505179204317e+01,1.386635373173665897e+01,1.386048241088457367e+01
1.385614209161838417e+01,1.385592357974188893e+01,1.385552537951141794e+01,1.385480548867010420e+01,1.385353747741491404e+01,-1.407736977811698154e+00,6.845914672811793444e+00,1.381495456421099099e+01,1.389422114965772437e+01,1.386529574077325577e+01,1.386023881290876858e+01
1.385615996123289051e+01,1.385595625703430400e+01,1.385558505578695687e+01,1.385491405298851930e+01,1.385373257120147628e+01,7.366054360748106156e+00,1.072092164236689271e+01,1.385092555290762739e+01,1.388463086121908319e+01,1.386391810330572660e+01,1.386001128604479860e+01
1.385617922076071196e+01,1.385599147345796922e+01,1.385564938827818082e+01,1.385503120611887340e+01,1.385394372040505218e+01,1.157843489378248769e+01,1.271029148061177239e+01,1.386690470009919096e+01,1.387579001211022245e+01,1.386252475198095979e+01,1.385969539524987226e+01
1.385620823218289388e+01,1.385604453140438252e+01,1.385574633596416483e+01,1.385520784740929834e+01,1.385426255764783221e+01,1.310974789411760177e+01,1.347538928777777301e+01,1.386641311296018486e+01,1.386900882823388415e+01,1.386132778815273880e+01,1.385939581749794058e+01
