9.797496385219153225e+00,9.797114252669722134e+00,9.796416863214846060e+00,9.795150176347691584e+00,-4.926534853390050017e+01,-4.369800870309872920e+01,-2.453918346029813691e+01,2.547045655117691876e+00,9.874650849838749522e+00,9.814254172729047099e+00,9.803211434039907246e+00
9.797331708295667241e+00,9.796813062905949110e+00,9.795866432884565711e+00,-4.740281418396761381e+01,-4.848200089091741916e+01,-4.390356383150985664e+01,-2.432192172440742439e+01,2.563782599725485500e+00,9.874721991545031941e+00,9.814259667260410325e+00,9.803212789116086512e+00
9.797331824511962495e+00,9.796813257656218354e+00,9.795866776070914383e+00,-5.252347628983867622e+01,-5.098725750950862334e+01,-4.382558489566789461e+01,-2.420081200607648597e+01,2.599115324266509930e+00,9.876438768166137194e+00,9.814375621541568506e+00,9.803249630181559482e+00
9.797327786261037730e+00,9.796805870983465780e+00,9.795853271130276596e+00,-5.050559715999323629e+01,-5.065615353664709630e+01,-4.359568659090948017e+01,-2.433212751742678392e+01,2.680572586036420013e+00,9.877231218996749718e+00,9.814534805294700348e+00,9.803300630191692733e+00
9.797321910007452672e+00,9.796795133074947870e+00,9.795833655204122081e+00,-5.174157502677549303e+01,-4.984214888760025275e+01,-4.296577921494836971e+01,-2.417621975615425356e+01,2.872601862477081713e+00,9.878092052747561524e+00,9.814346723035283659e+00,9.803234410091169693e+00
9.797333902499181235e+00,9.796817074530753899e+00,9.795873760520397155e+00,-1.734755754492288560e+01,-4.762421252431370533e+01,-4.117346205761134570e+01,-2.313560892623131338e+01,3.242126533083423912e+00,9.878166287790261180e+00,9.814369612412850330e+00,9.803232113913162848e+00
9.797341206015783399e+00,9.796830439318016559e+00,9.795898204096634032e+00,-1.453053747119608197e+01,-4.212167262136522083e+01,-3.654646815157184392e+01,-2.048609281395556181e+01,3.934585055739876935e+00,9.876872896259106582e+00,9.814035532468381007e+00,9.803111727530291475e+00
9.797364838527164110e+00,9.796873659481455832e+00,9.795977201790160294e+00,-1.027519243881506661e+01,-3.081528473467501072e+01,-2.655304444391520846e+01,-1.420863184262357493e+01,5.118130710504333436e+00,9.872187131082139189e+00,9.813464850265539496e+00,9.803117989179176206e+00
9.797374022738598143e+00,9.796890467904450617e+00,9.796007958408930349e+00,-3.894034170659171679e+00,-1.462127925262818451e+01,-1.220799913575091011e+01,-4.950767174706970586e+00,6.796037337636260389e+00,9.861664051707681011e+00,9.812167180262907351e+00,9.802878081549238232e+00
9.797407234509034168e+00,9.796951216475779489e+00,9.796118997513932669e+00,-1.477998467857469578e+00,-1.318469075812291891e+00,-1.713201719642380993e-01,3.068478384057517161e+00,8.364708384726190715e+00,9.846541989666169670e+00,9.810288034074710950e+00,9.802410317338955181e+00
9.797463104551248136e+00,9.797053409386421663e+00,9.796305782524200367e+00,9.794948007592886086e+00,5.768411916685423080e+00,6.132798692632317028e+00,7.309821642189795909e+00,9.260445747230866331e+00,9.831772092014311681e+00,9.808103990405378170e+00,9.802159011193671390e+00
