1.385623424602185594e+01,1.385609207143551380e+01,1.385583308918385370e+01,1.385536552843485225e+01,1.385454577837841583e+01,-2.912114357549969412e+01,-4.329705357915095476e+00,1.366043748195562912e+01,1.390927912709756953e+01,1.386714475594009599e+01,1.386060080465792055e+01
1.385612862554962277e+01,1.385589896227917706e+01,1.385548041134706665e+01,1.385472355614147943e+01,-3.962405241720531279e+01,-3.078224112587045269e+01,-4.210135894086383779e+00,1.365644989657236152e+01,1.390879044682570864e+01,1.386704940831367239e+01,1.386056391836083712e+01
1.385613081148553150e+01,1.385590295888881229e+01,1.385548770958831000e+01,1.385473682674100893e+01,1.385341319549907624e+01,-2.838051440709716644e+01,-4.084860309873894479e+00,1.366022453293656014e+01,1.390847610518555832e+01,1.386698505432001127e+01,1.386053874094352700e+01
1.385613251392988055e+01,1.385590607132450458e+01,1.385549339198202645e+01,1.385474715755255204e+01,1.385343172685782598e+01,-2.752895865718360824e+01,-3.599704410087202433e+00,1.366791444308789494e+01,1.390807899392236635e+01,1.386712452909210924e+01,1.386059302044361097e+01
1.385612904886680674e+01,1.385589973197227565e+01,1.385548181380142552e+01,1.385472610442692343e+01,-3.502260886752148394e+01,-2.717803011268880908e+01,-2.935853164568142937e+00,1.368689486730613325e+01,1.390781156024642584e+01,1.386705279416344005e+01,1.386056361279476334e+01
1.385613205945349868e+01,1.385590523275858388e+01,1.385549185512758186e+01,1.385474437675769011e+01,1.385342690549976652e+01,-1.079102612882943735e+00,-1.267408735284639931e+00,1.371952690752101667e+01,1.390586430605393176e+01,1.386684846471368004e+01,1.386048190920800849e+01
1.385613895190709854e+01,1.385591783574765046e+01,1.385551487168037710e+01,1.385478626579922690e+01,1.385350231423766232e+01,2.255422488062145625e+00,2.358252091146828988e+00,1.377380867109528495e+01,1.390168505180519709e+01,1.386635373177839980e+01,1.386048241101667955e+01
1.385614209161832733e+01,1.385592357974183386e+01,1.385552537951137353e+01,1.385480548867008466e+01,1.385353747741498864e+01,-1.407736977807558354e+00,6.845914672814190638e+00,1.381495456421514056e+01,1.389422114967090494e+01,1.386529574081498417e+01,1.386023881304080518e+01
1.385615996123283367e+01,1.385595625703424894e+01,1.385558505578690891e+01,1.385491405298850154e+01,1.385373257120154555e+01,7.366054360747895657e+00,1.072092164236810419e+01,1.385092555291178940e+01,1.388463086123223178e+01,1.386391810334743013e+01,1.386001128617677836e+01
1.385617922076065334e+01,1.385599147345791238e+01,1.385564938827813464e+01,1.385503120611885564e+01,1.385394372040512678e+01,1.157843489378343982e+01,1.271029148061304603e+01,1.386690470010332277e+01,1.387579001212336749e+01,1.386252475202264733e+01,1.385969539538180584e+01
1.385620823218283704e+01,1.385604453140432923e+01,1.385574633596411687e+01,1.385520784740928235e+01,1.385426255764790326e+01,1.310974789411801922e+01,1.347538928777903422e+01,1.386641311296430068e+01,1.386900882824702563e+01,1.386132778819441214e+01,1.385939581762983508e+01
