9.797496385219135462e+00,9.797114252669706147e+00,9.796416863214830073e+00,9.795150176347682702e+00,-4.926534853390089808e+01,-4.369800870309861551e+01,-2.453918346029810138e+01,2.547045655118269192e+00,9.874650849840666211e+00,9.814254172735138226e+00,9.803211434059198481e+00
9.797331708295651254e+00,9.796813062905933123e+00,9.795866432884551500e+00,-4.740281418398978985e+01,-4.848200089093635512e+01,-4.390356383151071640e+01,-2.432192172440170452e+01,2.563782599726056155e+00,9.874721991546952182e+00,9.814259667266496123e+00,9.803212789135361760e+00
9.797331824511944731e+00,9.796813257656204144e+00,9.795866776070898396e+00,-5.252347628984128391e+01,-5.098725750950849545e+01,-4.382558489566802251e+01,-2.420081200607740257e+01,2.599115324267076588e+00,9.876438768168046778e+00,9.814375621547645423e+00,9.803249630200818743e+00
9.797327786261021743e+00,9.796805870983448017e+00,9.795853271130262385e+00,-5.050559716000680055e+01,-5.065615353664706078e+01,-4.359568659090949438e+01,-2.433212751742645352e+01,2.680572586037012872e+00,9.877231218998659301e+00,9.814534805300775488e+00,9.803300630210936006e+00
9.797321910007434909e+00,9.796795133074931883e+00,9.795833655204107870e+00,-5.174157502677654463e+01,-4.984214888760030249e+01,-4.296577921494858998e+01,-2.417621975615413632e+01,2.872601862477675461e+00,9.878092052749471108e+00,9.814346723041355247e+00,9.803234410110393426e+00
9.797333902499163472e+00,9.796817074530737912e+00,9.795873760520382945e+00,-1.734755754492090318e+01,-4.762421252431543905e+01,-4.117346205761185018e+01,-2.313560892623146970e+01,3.242126533084030093e+00,9.878166287792168987e+00,9.814369612418916589e+00,9.803232113932372371e+00
9.797341206015767412e+00,9.796830439318000572e+00,9.795898204096619821e+00,-1.453053747119432160e+01,-4.212167262136920698e+01,-3.654646815157232709e+01,-2.048609281395501824e+01,3.934585055740436044e+00,9.876872896261012613e+00,9.814035532474438384e+00,9.803111727549483234e+00
9.797364838527148123e+00,9.796873659481439844e+00,9.795977201790146083e+00,-1.027519243881395283e+01,-3.081528473467551876e+01,-2.655304444391518359e+01,-1.420863184262358558e+01,5.118130710504932956e+00,9.872187131084043443e+00,9.813464850271593320e+00,9.803117989198355531e+00
9.797374022738583932e+00,9.796890467904432853e+00,9.796007958408914362e+00,-3.894034170658422056e+00,-1.462127925262855221e+01,-1.220799913575023155e+01,-4.950767174706939500e+00,6.796037337636835041e+00,9.861664051709583489e+00,9.812167180268957623e+00,9.802878081568403346e+00
9.797407234509018181e+00,9.796951216475763502e+00,9.796118997513918458e+00,-1.477998467858974152e+00,-1.318469075812430447e+00,-1.713201719642221121e-01,3.068478384057748087e+00,8.364708384726771584e+00,9.846541989668070372e+00,9.810288034080755892e+00,9.802410317358109637e+00
9.797463104551230373e+00,9.797053409386405676e+00,9.796305782524186156e+00,9.794948007592875427e+00,5.768411916685330709e+00,6.132798692632372095e+00,7.309821642189964663e+00,9.260445747231459634e+00,9.831772092016214160e+00,9.808103990411421336e+00,9.802159011212815187e+00
