1.385623453272620154e+01,1.385609245535182055e+01,1.385583364932006134e+01,1.385536641415575332e+01,1.385454729047260969e+01,-2.913739929275278584e+01,-4.523442720224729818e+00,1.365783860563801255e+01,1.390928504020129708e+01,1.386714827397287841e+01,1.386060231859044833e+01
1.385612825364430023e+01,1.385589815228450483e+01,1.385547879569460861e+01,1.385472047766236336e+01,-3.937696931420487090e+01,-3.048506954481675990e+01,-4.453784437310789990e+00,1.365538637380227271e+01,1.390883762862088346e+01,1.386705999189105043e+01,1.386056808478608993e+01
1.385613034930617360e+01,1.385590198469785150e+01,1.385548579548025927e+01,1.385473321025572702e+01,1.385340659871105373e+01,-2.834960772846131505e+01,-4.181177861311542898e+00,1.365852586942041569e+01,1.390835561117291164e+01,1.386696241912772187e+01,1.386053000656592005e+01
1.385613285351974078e+01,1.385590656346213123e+01,1.385549415516969773e+01,1.385474840786981510e+01,1.385343385185378651e+01,-2.702316803319812166e+01,-3.692670463621577248e+00,1.366657337136977191e+01,1.390813237065966845e+01,1.386713672716612322e+01,1.386059783702743786e+01
1.385612853933901434e+01,1.385589867666149644e+01,1.385547975668762355e+01,1.385472223461565022e+01,-3.343513730112382376e+01,-2.571524271123226768e+01,-2.780974966233483059e+00,1.368378735125410728e+01,1.390784221719814084e+01,1.386706211866521876e+01,1.386056746001246154e+01
1.385613149550323797e+01,1.385590407883600506e+01,1.385548961837655924e+01,1.385474017704997785e+01,1.385341925144235375e+01,-1.136945142574318446e+00,-1.130866073462497567e-01,1.372377179340878506e+01,1.390543300685066264e+01,1.386675675809713582e+01,1.386044602876843967e+01
1.385614123167009737e+01,1.385592187888732596e+01,1.385552212336974520e+01,1.385479932388033752e+01,1.385352565867653496e+01,-7.760738587160396662e+00,3.525527448247880891e+00,1.375717687387898280e+01,1.390103391030460145e+01,1.386624246725624232e+01,1.386043959188931396e+01
1.385614255753794666e+01,1.385592430437355205e+01,1.385552655919760490e+01,1.385480742788894659e+01,1.385354040839912315e+01,7.117061010234769114e+00,8.302814984064101012e+00,1.381800735828056759e+01,1.389293151830225348e+01,1.386521666943718323e+01,1.386020541450112020e+01
1.385616141263655621e+01,1.385595877761262784e+01,1.385558952008977940e+01,1.385492202505846393e+01,1.385374668745385662e+01,1.082555487336660072e+01,1.159231570753240348e+01,1.385175384010636890e+01,1.388278948227954146e+01,1.386363834623125690e+01,1.385987762201983031e+01
1.385618703649466354e+01,1.385600562779266909e+01,1.385567509150518539e+01,1.385507778718805127e+01,1.385402704684650388e+01,1.227914803760156914e+01,1.302923936645539982e+01,1.386300299663558633e+01,1.387413501285283601e+01,1.386222962869171837e+01,1.385954025058324390e+01
1.385621467973735932e+01,1.385605618023345187e+01,1.385576745708744539e+01,1.385524603793472664e+01,1.385433039070375827e+01,1.344472375924097207e+01,1.358774259890801162e+01,1.386394920917528850e+01,1.386719403616682911e+01,1.386100313657457761e+01,1.385938938100231965e+01
