9.797501880171591182e+00,9.797123847520042617e+00,9.796433913777798708e+00,9.795180655654682766e+00,-5.199094376709706466e+01,-4.947499392344505509e+01,-2.653602379777292342e+01,2.554730752279184891e+00,9.874894003318413382e+00,9.814220248210805408e+00,9.803196771680443788e+00
9.797335690532285923e+00,9.796819928368190489e+00,9.795878546963711742e+00,-5.946029243677910614e+01,-5.862626430079640016e+01,-4.948569176195363895e+01,-2.648673818269276126e+01,2.570858395520836392e+00,9.875527294217937069e+00,9.814317115006037540e+00,9.803226384385094860e+00
9.797333312244198567e+00,9.796815579639886806e+00,9.795870603533185061e+00,-5.919981234617643651e+01,-5.828975438501608153e+01,-4.923780082880805509e+01,-2.635793361652796563e+01,2.606770009085335182e+00,9.877460600525392209e+00,9.814467392643868138e+00,9.803273923774973753e+00
9.797328276143332459e+00,9.796806384510075461e+00,9.795853810128543060e+00,-5.822466797196801735e+01,-5.738665983714666652e+01,-4.855048544316682779e+01,-2.598517765438789340e+01,2.689931401093929697e+00,9.877896968054866278e+00,9.814530594911712313e+00,9.803293090331054671e+00
9.797326869750525802e+00,9.796803827206129966e+00,9.795849149763618868e+00,-5.624804943854423556e+01,-5.501009021271886468e+01,-4.664222329261068012e+01,-2.515226228536350916e+01,2.881772259996052910e+00,9.878526943723588971e+00,9.814517942317813493e+00,9.803282882954340138e+00
9.797332532689109641e+00,9.796814181874344385e+00,9.795868077610281333e+00,-1.809362095038524743e+01,-4.920864514532611622e+01,-4.216135231351472612e+01,-2.270491374000519613e+01,3.276533032356825803e+00,9.877963940549959077e+00,9.814221664241454590e+00,9.803179863027635221e+00
9.797350315588250425e+00,9.796846701612897945e+00,9.795927511181723446e+00,-1.435969996007574423e+01,-3.920939801278962022e+01,-3.349504906273903515e+01,-1.797934726765475943e+01,4.071284677766715987e+00,9.875947635228367716e+00,9.813993675015893814e+00,9.803094432994400975e+00
9.797369209261050926e+00,9.796881255843430836e+00,9.795990676142459108e+00,-8.918552118763873438e+00,-2.350908451318767334e+01,-2.009880423334640653e+01,-1.014625782964433043e+01,5.469583150334649702e+00,9.869441636113043259e+00,9.813143810895027741e+00,9.803012304046093917e+00
9.797384721821282838e+00,9.796909616446159319e+00,9.796042511989091039e+00,-1.419440537864529617e+00,-7.836097217154888384e+00,-6.042963357224525822e+00,-1.010146001216329914e+00,7.300543857557320493e+00,9.856537077841654337e+00,9.811619128593976669e+00,9.802696385700480519e+00
9.797421257048824828e+00,9.796976432578754057e+00,9.796164621633225877e+00,4.867574925206023195e+00,2.595884879162927650e+00,3.310844255898115485e+00,5.306127487653538033e+00,8.728623288471371922e+00,9.840598898009721651e+00,9.809579460430125408e+00,9.802354930977699610e+00
9.797461847491277354e+00,9.797050690831026643e+00,9.796300402231205240e+00,7.233007841312603325e+00,7.279709154612918454e+00,7.525717006034875922e+00,8.211570306939524500e+00,9.419903128361191591e+00,9.826716513509817119e+00,9.807332259081590564e+00,9.802045821232091782e+00
