9.797500687361665683e+00,9.797121666927669281e+00,9.796429898438177020e+00,9.795173146906565265e+00,-3.844455830796361084e+01,-3.673035619523202655e+01,-2.205284549591025112e+01,2.546250675930022300e+00,9.876169937795269860e+00,9.814220595684133741e+00,9.803195400067414411e+00
9.797336939047795568e+00,9.796822228542138689e+00,9.795882758683857716e+00,-3.821988112058313902e+01,-4.397861376119134036e+01,-3.788206647188447818e+01,-2.120114418770708653e+01,2.558877827420912521e+00,9.875200449397022240e+00,9.814130540173497508e+00,9.803171172303127179e+00
9.797336351625586914e+00,9.796821150693190816e+00,9.795880780864218096e+00,-3.933038795092379303e+01,-4.382551694513347940e+01,-3.776644472601255131e+01,-2.118712248966317446e+01,2.593396762604892825e+00,9.876720092403775908e+00,9.814411136928395507e+00,9.803259966982230011e+00
9.797326904064115993e+00,9.796803867271968613e+00,9.795849192874348077e+00,-3.896465944121464986e+01,-4.342945866282799017e+01,-3.747011808432282720e+01,-2.115587910336272515e+01,2.674400299925579372e+00,9.877298860043486783e+00,9.814523595115975496e+00,9.803295822378153446e+00
9.797322912036658948e+00,9.796796586129651985e+00,9.795835903402485556e+00,-3.793295747615059099e+01,-4.237221599034440089e+01,-3.662174592141182927e+01,-2.086522648348343978e+01,2.884267952546263558e+00,9.877419131580298384e+00,9.814503314868582962e+00,9.803287358408725893e+00
9.797325323470680303e+00,9.796801000186668773e+00,9.795843973245720093e+00,-3.643569178297034483e+01,-3.961426103457415593e+01,-3.432525362614739350e+01,-1.952957786549205110e+01,3.329403904543950965e+00,9.877442458918082480e+00,9.814308172884857129e+00,9.803216026607589839e+00
9.797339979564261725e+00,9.796827805198875083e+00,9.795892967947757768e+00,-1.413472135644396133e+01,-3.178350378742380400e+01,-2.904471326023265476e+01,-1.661157685331325595e+01,4.150946651498800932e+00,9.875622317534764605e+00,9.814077458633574835e+00,9.803127953699998898e+00
9.797360467704642417e+00,9.796865272420758330e+00,9.795961455715506361e+00,-9.009751621881774142e+00,-2.197541151998495934e+01,-1.890181948279100865e+01,-9.752523927308054397e+00,5.494685000302895084e+00,9.868697959386345531e+00,9.813264217615998319e+00,9.803065376967579070e+00
9.797369176015386927e+00,9.796881205041771068e+00,9.795990586640627384e+00,-1.489545252384983698e+00,-7.956315318138605264e+00,-6.311712900037166563e+00,-1.364397270476834123e+00,7.220696318681943282e+00,9.856666460003609131e+00,9.811927364941192664e+00,9.802816847666147027e+00
9.797397646751662137e+00,9.796933276391456502e+00,9.796085758146537259e+00,4.594882495118739030e+00,2.184574552828101979e+00,2.912779888190515365e+00,4.972915298721352073e+00,8.640979579053906789e+00,9.841379917563381596e+00,9.809796224751249127e+00,9.802449210275730351e+00
9.797442180265697687e+00,9.797014737043998167e+00,9.796234691885480572e+00,7.136041538658454364e+00,7.089851840244197234e+00,7.333693946400790864e+00,8.062530190280460474e+00,9.376294138960959756e+00,9.827627185338169369e+00,9.807609965596803647e+00,9.801975415492805155e+00
