5.542533819114778737e+01,5.542510017948531242e+01,5.542466609498495700e+01,5.542387936369637913e+01,1.972097568341756002e+01,6.908039728051356576e+00,2.884952115919122306e+01,5.156530268589489197e+01,5.550568716420293924e+01,5.544015325535249161e+01,5.543050518034031882e+01
5.542518788980150646e+01,5.542482537270178966e+01,5.542416409715508507e+01,5.542296487352941625e+01,2.055185588655614026e+01,7.119263293417983363e+00,2.884152566948623075e+01,5.157535800722852315e+01,5.550545794082341899e+01,5.544011318606762018e+01,5.543049182260416785e+01
5.542518901737444281e+01,5.542482743556264069e+01,5.542416786608525570e+01,5.542297173650936770e+01,2.050896383541214263e+01,7.311026398873293530e+00,2.895944160774647358e+01,5.161058447578861319e+01,5.550598461217144575e+01,5.544020425662142770e+01,5.543052212099385656e+01
5.542518650786308854e+01,5.542482284638719392e+01,5.542415948293403005e+01,5.542295647287271265e+01,2.105737773820226266e+01,8.276660520981451441e+00,2.943473990995958189e+01,5.170224553318693950e+01,5.550636448447950499e+01,5.544025739226464111e+01,5.543053900096789732e+01
5.542518571303997277e+01,5.542482139181517908e+01,5.542415682607196459e+01,5.542295164571814325e+01,2.325381057559413733e+01,1.055069825713572840e+01,3.036667677657371556e+01,5.191116361300137783e+01,5.550631729232432576e+01,5.544020128864431740e+01,5.543051729561143048e+01
5.542518981673904932e+01,5.542482889658782597e+01,5.542417054001022336e+01,5.542297665922457384e+01,2.691464482512379064e+01,1.577253816794728536e+01,3.273152004140268900e+01,5.229698155480465971e+01,5.550485472102675999e+01,5.544008287123627099e+01,5.543047250408876891e+01
5.542519762486372770e+01,5.542484317391114956e+01,5.542419663149685505e+01,5.542302425688771450e+01,3.293793161879247577e+01,2.576184892483810884e+01,3.766041964747904558e+01,5.302522733257819709e+01,5.549832548221208128e+01,5.543929191300478010e+01,5.543040592553887791e+01
5.542520535059018272e+01,5.542485730126303167e+01,5.542422244686810018e+01,5.542307132088389210e+01,4.278646506411203632e+01,3.807507859759566315e+01,4.458578543310088094e+01,5.403868200824918233e+01,5.548562704109630772e+01,5.543809022606959047e+01,5.543018046039684066e+01
5.542522793871382447e+01,5.542489860458577056e+01,5.542429790959702984e+01,5.542320882226479739e+01,4.984753240985764933e+01,4.769532344003754787e+01,5.052250801146007575e+01,5.483957622276870580e+01,5.547011744374006526e+01,5.543611765328753904e+01,5.542982952426670806e+01
5.542526482273494537e+01,5.542496605565729340e+01,5.542442116483599790e+01,5.542343348564382666e+01,5.322799570715334028e+01,5.260985166333081509e+01,5.362893019496097224e+01,5.522305834120176371e+01,5.545640848236249099e+01,5.543405364705130012e+01,5.542935399330711732e+01
5.542531179871122760e+01,5.542505196835691805e+01,5.542457817487297689e+01,5.542371971433274780e+01,5.463844511326784925e+01,5.449057328872770256e+01,5.482853550287894251e+01,5.536034654359767160e+01,5.544512222887913566e+01,5.543226363175491400e+01,5.542908795412605372e+01
