5.542534227161041827e+01,5.542510753419913527e+01,5.542467940411420102e+01,5.542390337523323041e+01,6.061610791935491349e+00,1.093083881144418079e+01,2.656195802561613917e+01,5.154252114384760830e+01,5.550649608405929314e+01,5.544031396877990403e+01,5.543055994242270401e+01
5.542518226835586859e+01,5.542481500082926260e+01,5.542414505188084206e+01,5.542293008247995800e+01,2.059331498348269207e+01,1.129796214372504437e+01,2.667111677322247232e+01,5.155287323994946291e+01,5.550598869001693458e+01,5.544022124251215189e+01,5.543052877347514595e+01
5.542518509054158926e+01,5.542482016120795407e+01,5.542415447832880204e+01,5.542294724903651115e+01,2.020968377230516211e+01,1.160750035074908482e+01,2.688215805893273824e+01,5.158621960443924337e+01,5.550608634532402874e+01,5.544023451276265746e+01,5.543053295354003751e+01
5.542518492083041792e+01,5.542481985064534911e+01,5.542415391083187615e+01,5.542294621742240679e+01,2.079486161448954817e+01,1.239642048238941996e+01,2.736557021203724815e+01,5.167812548156132380e+01,5.550643802566453644e+01,5.544028314466952878e+01,5.543054836185318379e+01
5.542518422982318782e+01,5.542481858726610255e+01,5.542415160438255128e+01,5.542294202943377002e+01,2.302345129987038064e+01,1.415526787230588468e+01,2.849044760221124761e+01,5.188798775138012331e+01,5.550622729772839392e+01,5.544020524695245911e+01,5.543051981290776098e+01
5.542518858766035095e+01,5.542482655511190615e+01,5.542416616219906444e+01,5.542296857159265500e+01,2.744308815203726226e+01,1.860484377173965598e+01,3.149171145719812870e+01,5.230415263534047909e+01,5.550415605022406851e+01,5.543998820872542410e+01,5.543044273046307069e+01
5.542519866756044422e+01,5.542484498566160767e+01,5.542419983723674193e+01,5.542302996180856667e+01,3.390111480038238057e+01,2.850056067350503142e+01,3.787755332519427753e+01,5.309931806559043821e+01,5.549678391394247257e+01,5.543926968996731830e+01,5.543040081342987691e+01
5.542520367993387254e+01,5.542485415259260151e+01,5.542421659229867004e+01,5.542306052234108193e+01,4.375028832436321125e+01,4.385358904872490626e+01,4.578066578143932475e+01,5.414364064441470958e+01,5.548337343956598744e+01,5.543790120590897175e+01,5.543011503320423117e+01
5.542523078964045169e+01,5.542490372207075922e+01,5.542430715027680321e+01,5.542322549028469325e+01,5.066056749594105213e+01,5.053406565123555083e+01,5.147428344778768405e+01,5.490288994666501310e+01,5.546714936186585732e+01,5.543573465982223070e+01,5.542968383724804937e+01
5.542527132954582214e+01,5.542497785297071289e+01,5.542444259509561988e+01,5.542347227765434781e+01,5.371101979043599783e+01,5.366319533789830132e+01,5.403989499818389675e+01,5.525049875170284963e+01,5.545374510610913177e+01,5.543383994122338265e+01,5.542926831472355076e+01
5.542531215325932692e+01,5.542505252292508544e+01,5.542457909557899143e+01,5.542372124508230513e+01,5.484165270717197416e+01,5.473985537986293792e+01,5.497693667978896315e+01,5.537318009580543787e+01,5.544379606302597097e+01,5.543206555803651270e+01,5.542898977869369759e+01
