9.797500687361250016e+00,9.797121666927262496e+00,9.796429898437786221e+00,9.795173146906231310e+00,-3.844455830805176788e+01,-3.673035619529882467e+01,-2.205284549590478704e+01,2.546250675938122487e+00,9.876169937821137168e+00,9.814220595766812494e+00,9.803195400329736131e+00
9.797336939047378124e+00,9.796822228541724797e+00,9.795882758683463365e+00,-3.821988112063423415e+01,-4.397861376119080035e+01,-3.788206647188351894e+01,-2.120114418770496201e+01,2.558877827428843066e+00,9.875200449422903759e+00,9.814130540256137181e+00,9.803171172565305014e+00
9.797336351625165918e+00,9.796821150692776925e+00,9.795880780863820192e+00,-3.933038795097738216e+01,-4.382551694513308149e+01,-3.776644472601173419e+01,-2.118712248966093625e+01,2.593396762612834028e+00,9.876720092429607689e+00,9.814411137010980113e+00,9.803259967244260409e+00
9.797326904063694997e+00,9.796803867271552946e+00,9.795849192873953726e+00,-3.896465944127549363e+01,-4.342945866282745015e+01,-3.747011808432110058e+01,-2.115587910335914046e+01,2.674400299933556990e+00,9.877298860069304354e+00,9.814523595198517469e+00,9.803295822640038182e+00
9.797322912036241505e+00,9.796796586129239870e+00,9.795835903402089428e+00,-3.793295747622548930e+01,-4.237221599034521802e+01,-3.662174592141072083e+01,-2.086522648348255871e+01,2.884267952554178116e+00,9.877419131606099967e+00,9.814503314951078750e+00,9.803287358670464968e+00
9.797325323470262859e+00,9.796801000186256658e+00,9.795843973245325742e+00,-3.643569178303967959e+01,-3.961426103459029946e+01,-3.432525362615400155e+01,-1.952957786548835273e+01,3.329403904551693216e+00,9.877442458943859194e+00,9.814308172967304955e+00,9.803216026869186805e+00
9.797339979563846057e+00,9.796827805198462968e+00,9.795892967947363417e+00,-1.413472135644656902e+01,-3.178350378748104177e+01,-2.904471326024518518e+01,-1.661157685330994838e+01,4.150946651506788321e+00,9.875622317560544872e+00,9.814077458715983582e+00,9.803127953961459085e+00
9.797360467704224973e+00,9.796865272420347992e+00,9.795961455715113786e+00,-9.009751621885241590e+00,-2.197541151999994469e+01,-1.890181948279026614e+01,-9.752523927302704010e+00,5.494685000310808753e+00,9.868697959412106258e+00,9.813264217698367986e+00,9.803065377228914912e+00
9.797369176014971259e+00,9.796881205041360730e+00,9.795990586640234810e+00,-1.489545252385573448e+00,-7.956315318143197146e+00,-6.311712900037459661e+00,-1.364397270475349977e+00,7.220696318689798332e+00,9.856666460029360977e+00,9.811927365023526804e+00,9.802816847927372734e+00
9.797397646751248246e+00,9.796933276391049716e+00,9.796085758146148237e+00,4.594882495120414134e+00,2.184574552827182714e+00,2.912779888190912381e+00,4.972915298723702193e+00,8.640979579061847105e+00,9.841379917589129889e+00,9.809796224833553069e+00,9.802449210536863689e+00
9.797442180265287348e+00,9.797014737043591381e+00,9.796234691885089774e+00,7.136041538653737248e+00,7.089851840244993042e+00,7.333693946401591113e+00,8.062530190282576115e+00,9.376294138968798819e+00,9.827627185363910556e+00,9.807609965679086272e+00,9.801975415753867438e+00
