9.797500687360489735e+00,9.797121666926511097e+00,9.796429898437068573e+00,9.795173146905616690e+00,-3.844455830821389242e+01,-3.673035619542174857e+01,-2.205284549589472576e+01,2.546250675953029230e+00,9.876169937868699122e+00,9.814220595918849099e+00,9.803195400812070304e+00
9.797336939046607185e+00,9.796822228540964517e+00,9.795882758682735059e+00,-3.821988112072797605e+01,-4.397861376118984822e+01,-3.788206647188171416e+01,-2.120114418770101494e+01,2.558877827443426511e+00,9.875200449470481701e+00,9.814130540408056547e+00,9.803171173047241282e+00
9.797336351624396755e+00,9.796821150692016644e+00,9.795880780863093662e+00,-3.933038795107561469e+01,-4.382551694513237095e+01,-3.776644472601022073e+01,-2.118712248965680089e+01,2.593396762627391272e+00,9.876720092477084378e+00,9.814411137162762699e+00,9.803259967725791668e+00
9.797326904062925834e+00,9.796803867270794441e+00,9.795849192873227196e+00,-3.896465944138714121e+01,-4.342945866282648382e+01,-3.747011808431798841e+01,-2.115587910335250044e+01,2.674400299948202608e+00,9.877298860116738410e+00,9.814523595350168605e+00,9.803295823121167984e+00
9.797322912035472342e+00,9.796796586128479589e+00,9.795835903401364675e+00,-3.793295747636318538e+01,-4.237221599034677411e+01,-3.662174592140866025e+01,-2.086522648348094933e+01,2.884267952568752680e+00,9.877419131653494944e+00,9.814503315102607317e+00,9.803287359151196867e+00
9.797325323469493696e+00,9.796801000185498154e+00,9.795843973244600988e+00,-3.643569178316708701e+01,-3.961426103461997172e+01,-3.432525362616620868e+01,-1.952957786548151375e+01,3.329403904565912953e+00,9.877442458991191998e+00,9.814308173118705625e+00,9.803216027349527906e+00
9.797339979563076895e+00,9.796827805197704464e+00,9.795892967946638663e+00,-1.413472135645134742e+01,-3.178350378758631223e+01,-2.904471326026822453e+01,-1.661157685330388389e+01,4.150946651521436159e+00,9.875622317607875900e+00,9.814077458867270565e+00,9.803127954441421821e+00
9.797360467703459364e+00,9.796865272419593040e+00,9.795961455714390809e+00,-9.009751621891712858e+00,-2.197541152002745690e+01,-1.890181948278895163e+01,-9.752523927292914507e+00,5.494685000325336688e+00,9.868697959459394653e+00,9.813264217849541282e+00,9.803065377708524153e+00
9.797369176014207426e+00,9.796881205040607554e+00,9.795990586639513609e+00,-1.489545252386681895e+00,-7.956315318151698790e+00,-6.311712900037969476e+00,-1.364397270472619716e+00,7.220696318704207251e+00,9.856666460076617398e+00,9.811927365174607729e+00,9.802816848406679995e+00
9.797397646750487965e+00,9.796933276390300094e+00,9.796085758145430589e+00,4.594882495123479238e+00,2.184574552825496063e+00,2.912779888191640687e+00,4.972915298728026734e+00,8.640979579076416783e+00,9.841379917636368546e+00,9.809796224984555835e+00,9.802449211015924035e+00
9.797442180264530620e+00,9.797014737042843535e+00,9.796234691884375678e+00,7.136041538645084614e+00,7.089851840246454984e+00,7.333693946403058384e+00,8.062530190286457454e+00,9.376294138983180204e+00,9.827627185411133226e+00,9.807609965830028642e+00,9.801975416232727056e+00
