9.797494704129878329e+00,9.797110709383352045e+00,9.796409865815393303e+00,9.795136618572204412e+00,-5.504250748136261251e+01,-4.789829019465814497e+01,-2.559838274860911511e+01,2.552276478892276046e+00,9.874554780859439163e+00,9.814297323348043278e+00,9.803227904027428607e+00
9.797327403349120445e+00,9.796804783116813908e+00,9.795850869885219581e+00,-5.238473558672175301e+01,-5.467744408651545740e+01,-4.816086485179052801e+01,-2.553067974152774511e+01,2.569142527089237404e+00,9.874903257934294132e+00,9.814117629351239103e+00,9.803169087611465216e+00
9.797335069339849767e+00,9.796818786124301681e+00,9.795876442211392643e+00,-5.417093051499728773e+01,-5.490637833751382146e+01,-4.798500745353928210e+01,-2.549358729088795172e+01,2.604449297405903252e+00,9.876164977267599454e+00,9.814376065694903062e+00,9.803252091387779643e+00
9.797325344826559146e+00,9.796801007539155393e+00,9.795843957515131706e+00,-1.955375136105261547e+01,-5.303044443019469867e+01,-4.684292398742185526e+01,-2.512250862433529264e+01,2.684649514762058597e+00,9.876759999737638296e+00,9.814477371641922687e+00,9.803283751666704404e+00
9.797322276167481192e+00,9.796795398135779820e+00,9.795833709925069854e+00,-1.898331845605640211e+01,-5.040356832616458149e+01,-4.496449680586966480e+01,-2.463542536242878356e+01,2.899918040426456844e+00,9.877592303195667611e+00,9.814471003690105277e+00,9.803274050947628382e+00
9.797328983567501481e+00,9.796807661975959647e+00,9.795856126760698501e+00,-1.750547140997489848e+01,-4.809436113141497771e+01,-4.159542778492416204e+01,-2.237406926758433556e+01,3.320931962700865547e+00,9.877309409820124841e+00,9.814229420189334974e+00,9.803188486772079102e+00
9.797344807959353474e+00,9.796836607078169834e+00,9.795909034291957695e+00,-1.353886558108382587e+01,-3.644629958749147391e+01,-3.261174074549904134e+01,-1.769683441210120733e+01,4.134685667393894981e+00,9.875329713411225896e+00,9.813982830015701708e+00,9.803096111563476711e+00
9.797365212296945458e+00,9.796873912470092094e+00,9.795977215591681997e+00,-8.684382135693709870e+00,-2.265120745466904850e+01,-1.929449784104596688e+01,-9.455163456050488691e+00,5.490351643503035284e+00,9.868852324177403545e+00,9.813208549617451482e+00,9.803042718475820649e+00
9.797374738408739958e+00,9.796891340088070166e+00,9.796009084678669154e+00,-1.303560739196244711e+00,-7.158670070778326178e+00,-5.487526095789727165e+00,-6.234158979014710056e-01,7.268472719212402566e+00,9.855985978569288264e+00,9.811722765785010125e+00,9.802743658129413618e+00
9.797407556323960875e+00,9.796951356763351271e+00,9.796118765452545674e+00,4.899992939007031367e+00,2.853844360656538459e+00,3.511599160504640160e+00,5.439144880386111325e+00,8.694822873129027130e+00,9.840450847647121080e+00,9.809777867027822396e+00,9.802442821046918553e+00
9.797442461924113388e+00,9.797015226814529854e+00,9.796235576106699483e+00,8.010322610715745029e+00,7.357349169764221486e+00,7.589333146288648635e+00,8.253665494995209073e+00,9.404405244185536361e+00,9.826502530046173689e+00,9.807251795595723465e+00,9.802023837265313233e+00
