9.797496385217749904e+00,9.797114252668354339e+00,9.796416863213593729e+00,9.795150176346803406e+00,-4.926534853393455649e+01,-4.369800870308851870e+01,-2.453918346029396602e+01,2.547045655167387235e+00,9.874650850003451552e+00,9.814254173252702884e+00,9.803211435698296228e+00
9.797331708294253261e+00,9.796813062904572433e+00,9.795866432883302721e+00,-4.740281418587471762e+01,-4.848200089254695655e+01,-4.390356383158113829e+01,-2.432192172391797413e+01,2.563782599775121795e+00,9.874721991710011082e+00,9.814259667783463925e+00,9.803212790772320773e+00
9.797331824510544962e+00,9.796813257654836349e+00,9.795866776069638959e+00,-5.252347629006663254e+01,-5.098725750949825652e+01,-4.382558489567806959e+01,-2.420081200615377526e+01,2.599115324315039111e+00,9.876438768330118023e+00,9.814375622063785443e+00,9.803249631835546651e+00
9.797327786259629079e+00,9.796805870982094433e+00,9.795853271129020712e+00,-5.050559716115279230e+01,-5.065615353664546205e+01,-4.359568659090954412e+01,-2.433212751739677415e+01,2.680572586087132336e+00,9.877231219160758968e+00,9.814534805816270691e+00,9.803300631843493207e+00
9.797321910006042245e+00,9.796795133073574746e+00,9.795833655202862644e+00,-5.174157502686701093e+01,-4.984214888760359230e+01,-4.296577921496543695e+01,-2.417621975614418872e+01,2.872601862527743855e+00,9.878092052911350507e+00,9.814346723556161223e+00,9.803234411740774590e+00
9.797333902497772584e+00,9.796817074529382552e+00,9.795873760519139495e+00,-1.734755754475299128e+01,-4.762421252446391406e+01,-4.117346205765569778e+01,-2.313560892624619569e+01,3.242126533134483957e+00,9.878166287953796143e+00,9.814369612933036890e+00,9.803232115560597038e+00
9.797341206014380077e+00,9.796830439316648764e+00,9.795898204095378148e+00,-1.453053747104643634e+01,-4.212167262170307680e+01,-3.654646815161161300e+01,-2.048609281390852033e+01,3.934585055788253793e+00,9.876872896422435488e+00,9.814035532987897881e+00,9.803111729175608247e+00
9.797364838525760788e+00,9.796873659480088037e+00,9.795977201788907962e+00,-1.027519243872015586e+01,-3.081528473471972518e+01,-2.655304444391250485e+01,-1.420863184262474377e+01,5.118130710555724328e+00,9.872187131245299341e+00,9.813464850784427540e+00,9.803117990822510563e+00
9.797374022737196597e+00,9.796890467903082822e+00,9.796007958407676242e+00,-3.894034170595574551e+00,-1.462127925266132777e+01,-1.220799913569391748e+01,-4.950767174704896689e+00,6.796037337685711499e+00,9.861664051870640435e+00,9.812167180781228737e+00,9.802878083190805114e+00
9.797407234507634399e+00,9.796951216474415247e+00,9.796118997512683890e+00,-1.477998467987605480e+00,-1.318469075823683667e+00,-1.713201719633410391e-01,3.068478384077725885e+00,8.364708384776106342e+00,9.846541989828965669e+00,9.810288034592561601e+00,9.802410318979047688e+00
9.797463104549855473e+00,9.797053409385064526e+00,9.796305782522956918e+00,9.794948007592001460e+00,5.768411916677226969e+00,6.132798692636558968e+00,7.309821642204303416e+00,9.260445747281531581e+00,9.831772092177036626e+00,9.808103990922859339e+00,9.802159012832607488e+00
