9.797500687360228611e+00,9.797121666926253525e+00,9.796429898436821659e+00,9.795173146905407080e+00,-3.844455830826925791e+01,-3.673035619546377006e+01,-2.205284549589130094e+01,2.546250675958115828e+00,9.876169937884958117e+00,9.814220595970818195e+00,9.803195400976926877e+00
9.797336939046342508e+00,9.796822228540705169e+00,9.795882758682486369e+00,-3.821988112076002153e+01,-4.397861376118950716e+01,-3.788206647188113152e+01,-2.120114418769970399e+01,2.558877827448408304e+00,9.875200449486744247e+00,9.814130540459972352e+00,9.803171173211923772e+00
9.797336351624132078e+00,9.796821150691755520e+00,9.795880780862843196e+00,-3.933038795110913810e+01,-4.382551694513210805e+01,-3.776644472600970914e+01,-2.118712248965540468e+01,2.593396762632371289e+00,9.876720092493306069e+00,9.814411137214616332e+00,9.803259967890296522e+00
9.797326904062662933e+00,9.796803867270535093e+00,9.795849192872976730e+00,-3.896465944142524762e+01,-4.342945866282612855e+01,-3.747011808431694391e+01,-2.115587910335025157e+01,2.674400299953202609e+00,9.877298860132942337e+00,9.814523595401968947e+00,9.803295823285495203e+00
9.797322912035209441e+00,9.796796586128218465e+00,9.795835903401115985e+00,-3.793295747641021620e+01,-4.237221599034730701e+01,-3.662174592140794971e+01,-2.086522648348040221e+01,2.884267952573724259e+00,9.877419131669682884e+00,9.814503315154352592e+00,9.803287359315350002e+00
9.797325323469230796e+00,9.796801000185238806e+00,9.795843973244352298e+00,-3.643569178321061486e+01,-3.961426103463013249e+01,-3.432525362617040088e+01,-1.952957786547917607e+01,3.329403904570763739e+00,9.877442459007351516e+00,9.814308173170394056e+00,9.803216027513508735e+00
9.797339979562813994e+00,9.796827805197445116e+00,9.795892967946389973e+00,-1.413472135645302430e+01,-3.178350378762230832e+01,-2.904471326027613642e+01,-1.661157685330180200e+01,4.150946651526435716e+00,9.875622317624033641e+00,9.814077458918907482e+00,9.803127954605232119e+00
9.797360467703198239e+00,9.796865272419333692e+00,9.795961455714143895e+00,-9.009751621893938633e+00,-2.197541152003682896e+01,-1.890181948278851820e+01,-9.752523927289582062e+00,5.494685000330297164e+00,9.868697959475529302e+00,9.813264217901130237e+00,9.803065377872181685e+00
9.797369176013948078e+00,9.796881205040349982e+00,9.795990586639268471e+00,-1.489545252387092233e+00,-7.956315318154610239e+00,-6.311712900038161322e+00,-1.364397270471695123e+00,7.220696318709128647e+00,9.856666460092741389e+00,9.811927365226154052e+00,9.802816848570204300e+00
9.797397646750228617e+00,9.796933276390042522e+00,9.796085758145185451e+00,4.594882495124514854e+00,2.184574552824928517e+00,2.912779888191891153e+00,4.972915298729495781e+00,8.640979579081388806e+00,9.841379917652483655e+00,9.809796225036070183e+00,9.802449211179339983e+00
9.797442180264271272e+00,9.797014737042589516e+00,9.796234691884132317e+00,7.136041538642130533e+00,7.089851840246954140e+00,7.333693946403560204e+00,8.062530190287784393e+00,9.376294138988086502e+00,9.827627185427239453e+00,9.807609965881512792e+00,9.801975416396052410e+00
