5.542535292168427219e+01,5.542512700339886322e+01,5.542471495847380680e+01,5.542396808598198277e+01,5.542264122260372972e+01,2.100673679701346686e+01,2.542885019493590093e+01,5.155638969726839349e+01,5.550626472095861175e+01,5.544026774073333286e+01,5.543054420039453589e+01
5.542518387543334768e+01,5.542481793973411186e+01,5.542415042094661715e+01,5.542293986342112078e+01,2.072526387615668497e+01,4.676561620573548517e+00,2.556926175962959746e+01,5.156554514590529692e+01,5.550608122020872059e+01,5.544023047849260877e+01,5.543053145055451125e+01
5.542518519769760132e+01,5.542482035723244138e+01,5.542415483713902802e+01,5.542294790860250941e+01,2.040307783743503478e+01,5.253922561880083997e+00,2.585236421296780662e+01,5.159969453670672834e+01,5.550650778183049283e+01,5.544030180548270437e+01,5.543055503424547226e+01
5.542518335661719675e+01,5.542481699048298083e+01,5.542414868792127436e+01,5.542293671705495228e+01,2.117216535072974537e+01,6.961414336200371977e+00,2.670273318110942284e+01,5.168965191523437142e+01,5.550664429719383008e+01,5.544031365627691343e+01,5.543055822503676211e+01
5.542518365979555028e+01,5.542481754439999264e+01,5.542414970010185016e+01,5.542293856866446333e+01,2.326633343677490018e+01,1.108439844057309465e+01,2.867627530915662959e+01,5.189961681436125218e+01,5.550613736187913361e+01,5.544018358113325462e+01,5.543051224754240991e+01
5.542518951228639423e+01,5.542482824582150158e+01,5.542416925101094449e+01,5.542297420047452761e+01,2.701476098310087792e+01,1.880302280434630191e+01,3.265239003327899070e+01,5.230203658270039568e+01,5.550453310708272880e+01,5.544004432364667423e+01,5.543046080373578377e+01
5.542519765480390248e+01,5.542484313432075993e+01,5.542419645780568516e+01,5.542302382221828339e+01,3.324633644471366267e+01,3.005368364516873214e+01,3.896683549690890658e+01,5.302761957432282003e+01,5.549772562052923774e+01,5.543943101045874755e+01,5.543025305556358262e+01
5.542521763500353416e+01,5.542487966449265002e+01,5.542426318610884550e+01,5.542314535621515859e+01,4.300605940444807374e+01,4.291618958671747208e+01,4.614114119355650701e+01,5.403660717303725392e+01,5.548491275544157730e+01,5.543799410278827366e+01,5.543014880285089419e+01
5.542522799366204822e+01,5.542489860806334434e+01,5.542429780610296319e+01,5.542320846952301849e+01,4.994940817408821943e+01,5.003175688978379299e+01,5.147440026547168657e+01,5.483256226139934597e+01,5.546876830459994778e+01,5.543592797881876777e+01,5.542976300717359806e+01
5.542526324558441786e+01,5.542496306911826309e+01,5.542441558151650582e+01,5.542342304664974506e+01,5.352487216036693951e+01,5.347337746657467505e+01,5.401917858250686777e+01,5.521754914687572580e+01,5.545486241255893844e+01,5.543401367584914397e+01,5.542935093630214283e+01
5.542530081763322869e+01,5.542503179099096400e+01,5.542454120310208765e+01,5.542365212390245688e+01,5.478747599576577443e+01,5.477387407421450405e+01,5.496171875156080944e+01,5.536579811265622908e+01,5.544253631846181918e+01,5.543182657715080097e+01,5.542886484717350015e+01
