9.797504710869553435e+00,9.797129265924255037e+00,9.796444066737750589e+00,9.795199475024986668e+00,-4.547963458520803925e+01,-4.260758420210930097e+01,-2.584737317316437455e+01,2.551591858474330010e+00,9.876185378522386316e+00,9.814167531236542175e+00,9.803175994557488337e+00
9.797341087397288817e+00,9.796829929240054469e+00,9.795896964266924911e+00,-5.695582346422658304e+01,-5.422191219915541893e+01,-4.611804888548337544e+01,-2.580038875690758715e+01,2.566412520686007337e+00,9.876166794479638966e+00,9.814147257847352535e+00,9.803168765710044141e+00
9.797342466262266569e+00,9.796832467917969467e+00,9.795901627479681295e+00,-5.661930107049286676e+01,-5.390848360828234576e+01,-4.589686836114614721e+01,-2.570397708896372535e+01,2.601902336940989713e+00,9.877475631608364282e+00,9.814443124521240236e+00,9.803265002914461235e+00
9.797330321956751575e+00,9.796810275131795365e+00,9.795861085403485546e+00,-5.576468101320346449e+01,-5.312916697847848013e+01,-4.533644921252690096e+01,-2.547166555962773415e+01,2.682932569253299704e+00,9.878198999977911399e+00,9.814346631269057042e+00,9.803233402455543199e+00
9.797334501773095283e+00,9.796817960335276965e+00,9.795875162366584732e+00,-5.384060640595869529e+01,-5.135945137125706594e+01,-4.396560010865140811e+01,-2.488709215881539549e+01,2.866410785462146116e+00,9.878799239242189500e+00,9.814330202264528680e+00,9.803222155595282317e+00
9.797340192719879326e+00,9.796828397390434873e+00,9.795894268024554208e+00,-1.832565808803094498e+01,-4.778079348619203870e+01,-4.115255180609116792e+01,-2.337671679192892782e+01,3.236612700361357398e+00,9.878870010084723319e+00,9.814374824741545211e+00,9.803227735614258975e+00
9.797345933164947951e+00,9.796838913123941950e+00,9.795913512612862917e+00,-1.507656009665947217e+01,-4.071468092511044290e+01,-3.527333866929953388e+01,-1.978571187167846546e+01,3.957041179450048407e+00,9.876784826441225462e+00,9.813991166910554398e+00,9.803096293238661829e+00
9.797367302602967953e+00,9.796877988096868606e+00,9.795984923236298769e+00,-9.962525806113520233e+00,-2.805570226628803709e+01,-2.422309534755324734e+01,-1.277560255475507311e+01,5.237542361696526427e+00,9.871076534650624623e+00,9.813309364932194967e+00,9.803069799358983261e+00
9.797376693787303026e+00,9.796895171151916770e+00,9.796016351333319605e+00,-2.939816964992218118e+00,-1.206766003835341650e+01,-9.796726531206491728e+00,-3.427381932152699484e+00,6.994563197366257867e+00,9.859667731684684355e+00,9.812037584594911266e+00,9.802837710851214581e+00
9.797408254261656069e+00,9.796952895088660185e+00,9.796121861475239001e+00,1.547889954174488381e-01,3.188746814433818244e-01,1.273136157879187103e+00,3.952271704065982938e+00,8.516102337807641476e+00,9.844335240182175539e+00,9.810022736572717506e+00,9.802516968023558874e+00
9.797447922591537406e+00,9.797025460932822227e+00,9.796254533394284536e+00,6.325414053361168243e+00,6.384258151218397792e+00,6.723289249669049283e+00,7.675207293105980710e+00,9.329875554074632760e+00,9.830022997049930211e+00,9.807851468592913236e+00,9.802057960772033951e+00
