1.385623621437335373e+01,1.385609552081345086e+01,1.385583924168219738e+01,1.385537660489082867e+01,1.385456575735918605e+01,-2.909679836369470962e+01,-4.559744333675165961e+00,1.365702220390951993e+01,1.390949868566961989e+01,1.386719263622489251e+01,1.386061973649949408e+01
1.385612702790877293e+01,1.385589590327158227e+01,1.385547468109565372e+01,1.385471298818530350e+01,-3.922501029912807979e+01,-3.033239887653890321e+01,-4.496033249565583034e+00,1.365487130667926507e+01,1.390873665575620066e+01,1.386704019489931028e+01,1.386056042202774741e+01
1.385613080433538435e+01,1.385590280818452413e+01,1.385548728997789425e+01,1.385473591763010859e+01,1.385341144177776940e+01,-2.824709135151320538e+01,-4.237803774916218735e+00,1.365791866757236406e+01,1.390850455558312859e+01,1.386699343335347479e+01,1.386054219535224341e+01
1.385613198727658890e+01,1.385590497135746268e+01,1.385549123987103570e+01,1.385474309952774519e+01,1.385342432288602943e+01,-2.698106817102463850e+01,-3.732346193892858821e+00,1.366557871889670039e+01,1.390805114877214876e+01,1.386712112413913545e+01,1.386059185526821125e+01
1.385612884787832755e+01,1.385589923172022964e+01,1.385548076041316179e+01,1.385472404776030331e+01,-3.334916030835866962e+01,-2.554229094967531566e+01,-2.823534152317494161e+00,1.368342683303322360e+01,1.390771265346924501e+01,1.386703620819512039e+01,1.386055742909476152e+01
1.385613209143397739e+01,1.385590515972004866e+01,1.385549158243532908e+01,1.385474373682055216e+01,1.385342561769227032e+01,-1.074999895274745931e+00,-1.825380153773892289e-01,1.372095784148489983e+01,1.390540302494477842e+01,1.386675488483256480e+01,1.386044568017300982e+01
1.385614095557472858e+01,1.385592136496248372e+01,1.385552117443699061e+01,1.385479758044897736e+01,1.385352246886247229e+01,-7.493950899508597274e+00,3.456322096986637504e+00,1.375818924265502119e+01,1.390107073767475576e+01,1.386624821064278912e+01,1.386044174589325095e+01
1.385614257030754537e+01,1.385592431771848787e+01,1.385552657466425508e+01,1.385480745273170022e+01,1.385354048219050682e+01,7.033987022713270143e+00,8.331524874635942268e+00,1.381584849303584051e+01,1.389286405933679802e+01,1.386520441712403340e+01,1.386020051403306752e+01
1.385616142672111906e+01,1.385595879272770148e+01,1.385558953588035536e+01,1.385492203388059806e+01,1.385374663540127926e+01,1.081386642146374122e+01,1.160884829640659355e+01,1.384875352029056117e+01,1.388225724035883424e+01,1.386349930760269267e+01,1.385981160951865832e+01
1.385619064384762211e+01,1.385601220931444999e+01,1.385568708938413174e+01,1.385509955471074051e+01,1.385406589605974226e+01,1.228891417634757133e+01,1.303299676608835611e+01,1.386355392829264055e+01,1.387410180146484784e+01,1.386220801612185838e+01,1.385952734504763839e+01
1.385621646830527887e+01,1.385605944049189553e+01,1.385577340235097665e+01,1.385525686081781416e+01,1.385434995941545289e+01,1.344268687606693291e+01,1.358859660885506315e+01,1.386436883997695446e+01,1.386717847290265127e+01,1.386098766675988792e+01,1.385937803671916058e+01
