1.385623621437708053e+01,1.385609552081687212e+01,1.385583924168465408e+01,1.385537660489024070e+01,1.385456575734896489e+01,-2.909679836362150240e+01,-4.559744333809944372e+00,1.365702220346842566e+01,1.390949868426620384e+01,1.386719263178039441e+01,1.386061972244586116e+01
1.385612702791250328e+01,1.385589590327500531e+01,1.385547468109811575e+01,1.385471298818472441e+01,-3.922501029743260403e+01,-3.033239887695925319e+01,-4.496033249715406299e+00,1.365487130624104140e+01,1.390873665435589857e+01,1.386704019046471714e+01,1.386056040800543343e+01
1.385613080433910760e+01,1.385590280818794184e+01,1.385548728998035273e+01,1.385473591762953305e+01,1.385341144176760331e+01,-2.824709135043962505e+01,-4.237803775032632281e+00,1.365791866713998282e+01,1.390850455418600617e+01,1.386699342892868003e+01,1.386054218136087357e+01
1.385613198728029438e+01,1.385590497136086441e+01,1.385549123987347997e+01,1.385474309952715899e+01,1.385342432287587755e+01,-2.698106816950714304e+01,-3.732346194083212332e+00,1.366557871846963401e+01,1.390805114737807280e+01,1.386712111972397565e+01,1.386059184130730237e+01
1.385612884788202948e+01,1.385589923172362781e+01,1.385548076041560961e+01,1.385472404775972777e+01,-3.334916030653792518e+01,-2.554229094988422943e+01,-2.823534152401495412e+00,1.368342683259740333e+01,1.390771265207808938e+01,1.386703620378952095e+01,1.386055741516408446e+01
1.385613209143768110e+01,1.385590515972345038e+01,1.385549158243777867e+01,1.385474373681998728e+01,1.385342561768217884e+01,-1.074999895449106013e+00,-1.825380154205640260e-01,1.372095784105640170e+01,1.390540302355683444e+01,1.386675488043641380e+01,1.386044566627207786e+01
1.385614095557842518e+01,1.385592136496588012e+01,1.385552117443943487e+01,1.385479758044841603e+01,1.385352246885240035e+01,-7.493950898906923896e+00,3.456322096839477886e+00,1.375818924222037865e+01,1.390107073628937329e+01,1.386624820625512555e+01,1.386044173201887197e+01
1.385614257031123486e+01,1.385592431772187538e+01,1.385552657466669579e+01,1.385480745273114067e+01,1.385354048218045619e+01,7.033987022665539435e+00,8.331524874500948030e+00,1.381584849260354453e+01,1.389286405795391133e+01,1.386520441274386251e+01,1.386020050018198013e+01
1.385616142672480322e+01,1.385595879273108366e+01,1.385558953588279252e+01,1.385492203388003674e+01,1.385374663539124285e+01,1.081386642142357601e+01,1.160884829627079817e+01,1.384875351985688674e+01,1.388225723897785358e+01,1.386349930322860224e+01,1.385981159568617649e+01
1.385619064385129562e+01,1.385601220931782507e+01,1.385568708938656002e+01,1.385509955471017562e+01,1.385406589604971828e+01,1.228891417634124039e+01,1.303299676595307233e+01,1.386355392786012786e+01,1.387410180008552629e+01,1.386220801175269557e+01,1.385952733123005132e+01
1.385621646830894704e+01,1.385605944049526528e+01,1.385577340235340316e+01,1.385525686081724928e+01,1.385434995940543956e+01,1.344268687602358092e+01,1.358859660872075992e+01,1.386436883954421262e+01,1.386717847152464600e+01,1.386098766239475211e+01,1.385937802291334009e+01
