1.385623453272679129e+01,1.385609245535237477e+01,1.385583364932049655e+01,1.385536641415581727e+01,1.385454729047150479e+01,-2.913739929300849951e+01,-4.523442720227684788e+00,1.365783860558413743e+01,1.390928504003119315e+01,1.386714827343377365e+01,1.386060231688479050e+01
1.385612825364489176e+01,1.385589815228505906e+01,1.385547879569504559e+01,1.385472047766243264e+01,-3.937696931405873357e+01,-3.048506954485846876e+01,-4.453784437318667244e+00,1.365538637374925202e+01,1.390883762845095362e+01,1.386705999135241996e+01,1.386056808308192601e+01
1.385613034930676690e+01,1.385590198469840573e+01,1.385548579548069981e+01,1.385473321025579807e+01,1.385340659870995950e+01,-2.834960772828646469e+01,-4.181177861316033528e+00,1.365852586936809487e+01,1.390835561100313811e+01,1.386696241858956213e+01,1.386053000486323938e+01
1.385613285352033053e+01,1.385590656346268368e+01,1.385549415517013472e+01,1.385474840786988437e+01,1.385343385185269227e+01,-2.702316803277035717e+01,-3.692670463633669797e+00,1.366657337131870165e+01,1.390813237049006190e+01,1.386713672662843067e+01,1.386059783532622447e+01
1.385612853933960764e+01,1.385589867666205066e+01,1.385547975668806231e+01,1.385472223461571772e+01,-3.343513730046087318e+01,-2.571524271133412043e+01,-2.780974966244044388e+00,1.368378735120139567e+01,1.390784221702864265e+01,1.386706211812798095e+01,1.386056745831269765e+01
1.385613149550383127e+01,1.385590407883655750e+01,1.385548961837699977e+01,1.385474017705004712e+01,1.385341925144126130e+01,-1.136945142618612348e+00,-1.130866073411898043e-01,1.372377179335797415e+01,1.390543300668136695e+01,1.386675675756035986e+01,1.386044602707011641e+01
1.385614123167068890e+01,1.385592187888788018e+01,1.385552212337018574e+01,1.385479932388041036e+01,1.385352565867544250e+01,-7.760738586932049543e+00,3.525527448223020777e+00,1.375717687382813992e+01,1.390103391013545675e+01,1.386624246671987848e+01,1.386043959019226079e+01
1.385614255753853641e+01,1.385592430437410627e+01,1.385552655919804010e+01,1.385480742788901587e+01,1.385354040839802892e+01,7.117061010203395988e+00,8.302814984052075076e+00,1.381800735823011550e+01,1.389293151813327398e+01,1.386521666890119420e+01,1.386020541280520746e+01
1.385616141263714596e+01,1.385595877761317851e+01,1.385558952009021638e+01,1.385492202505853321e+01,1.385374668745276239e+01,1.082555487335648792e+01,1.159231570750737994e+01,1.385175384005544785e+01,1.388278948211074493e+01,1.386363834569559117e+01,1.385987762032484483e+01
1.385618703649525507e+01,1.385600562779321976e+01,1.385567509150562060e+01,1.385507778718811878e+01,1.385402704684540609e+01,1.227914803762956097e+01,1.302923936643811231e+01,1.386300299658319091e+01,1.387413501268401994e+01,1.386222962815627646e+01,1.385954024888897784e+01
1.385621467973794729e+01,1.385605618023400254e+01,1.385576745708787882e+01,1.385524603793479415e+01,1.385433039070266048e+01,1.344472375923547602e+01,1.358774259889190361e+01,1.386394920912277939e+01,1.386719403599806455e+01,1.386100313603933643e+01,1.385938937930863091e+01
