9.797504710865986510e+00,9.797129265920766272e+00,9.796444066734514067e+00,9.795199475022547730e+00,-4.547963461632124904e+01,-4.260758425423549767e+01,-2.584737317323435235e+01,2.551591858509951738e+00,9.876185378883228339e+00,9.814167532401160798e+00,9.803175998248619294e+00
9.797341087393730774e+00,9.796829929236594126e+00,9.795896964263748785e+00,-5.695582350241414105e+01,-5.422191212347848221e+01,-4.611804893327288823e+01,-2.580038877541541709e+01,2.566412521045819517e+00,9.876166794978091801e+00,9.814147259031591020e+00,9.803168769401077398e+00
9.797342466258113447e+00,9.796832467913391795e+00,9.795901627474442819e+00,-5.661930109141117384e+01,-5.390848366263017510e+01,-4.589686836259272695e+01,-2.570397709207353643e+01,2.601902338149626015e+00,9.877475632099752545e+00,9.814443125701973969e+00,9.803265006598245179e+00
9.797330321952657073e+00,9.796810275127324275e+00,9.795861085398440693e+00,-5.576468101278349110e+01,-5.312916699087500660e+01,-4.533644921597024791e+01,-2.547166556097267431e+01,2.682932572771597357e+00,9.878199000590436540e+00,9.814346632465127840e+00,9.803233406137868755e+00
9.797334501768613535e+00,9.796817960330114872e+00,9.795875162360287547e+00,-5.384060640773805773e+01,-5.135945137298092789e+01,-4.396560011050420513e+01,-2.488709215880859560e+01,2.866410785608937140e+00,9.878799239608076377e+00,9.814330203421718579e+00,9.803222159259647128e+00
9.797340192716317731e+00,9.796828397386947884e+00,9.795894268021312357e+00,-1.832565808815576958e+01,-4.778079348620343580e+01,-4.115255180607639574e+01,-2.337671679189189788e+01,3.236612700474079229e+00,9.878870010447561967e+00,9.814374825896335253e+00,9.803227739271916263e+00
9.797345933161395237e+00,9.796838913120469172e+00,9.795913512609640605e+00,-1.507656009646986561e+01,-4.071468092550331619e+01,-3.527333866926331041e+01,-1.978571187166316392e+01,3.957041179560255806e+00,9.876784826803431727e+00,9.813991168063335380e+00,9.803096296889957983e+00
9.797367302599422345e+00,9.796877988093401157e+00,9.795984923233081787e+00,-9.962525806000618545e+00,-2.805570226655247978e+01,-2.422309534758741734e+01,-1.277560255464343442e+01,5.237542361808682045e+00,9.871076535012187847e+00,9.813309366083084129e+00,9.803069803004364147e+00
9.797376693783766299e+00,9.796895171148458203e+00,9.796016351330111505e+00,-2.939816964883290140e+00,-1.206766003831525325e+01,-9.796726530955970347e+00,-3.427381932269057074e+00,6.994563197464398030e+00,9.859667732045467758e+00,9.812037585744112889e+00,9.802837714491392518e+00
9.797408254258124671e+00,9.796952895085208723e+00,9.796121861472039782e+00,1.547889973463316693e-01,3.188746815407235147e-01,1.273136158163234555e+00,3.952271703620877652e+00,8.516102337813157064e+00,9.844335240539251686e+00,9.810022737720061059e+00,9.802516971659317235e+00
9.797447922588023772e+00,9.797025460929390306e+00,9.796254533391106634e+00,6.325414055427539317e+00,6.384258151953742022e+00,6.723289249560156833e+00,7.675207293251744112e+00,9.329875554246392255e+00,9.830022997413843555e+00,9.807851469740313632e+00,9.802057964404804480e+00
