9.797505869832592751e+00,9.797131384453166447e+00,9.796447920836262924e+00,9.795206369394817258e+00,-5.585062743501980975e+01,-4.795394391732171613e+01,-2.610124793019778977e+01,2.557070097011509446e+00,9.875424961532099033e+00,9.814334475564510996e+00,9.803233689233115555e+00
9.797331477000057021e+00,9.796812463825151696e+00,9.795865154867437141e+00,-5.737167737967491377e+01,-5.586557000812771889e+01,-4.766168112055814277e+01,-2.600840927386399670e+01,2.570628053721111250e+00,9.875627501475801040e+00,9.814299330931698151e+00,9.803219074112231368e+00
9.797335602633808094e+00,9.796819997357051335e+00,9.795878918639621347e+00,-5.701833489386965681e+01,-5.556095210934322637e+01,-4.783449950182122734e+01,-2.591773017940736068e+01,2.607962514062553083e+00,9.877264804417995592e+00,9.814434952806102785e+00,9.803263902910142491e+00
9.797329416492459586e+00,9.796808688085430816e+00,9.795858248172960359e+00,-5.756876417931576384e+01,-5.568967915808187286e+01,-4.732440451056487518e+01,-2.571394271184698610e+01,2.689379631457305297e+00,9.877828400536108333e+00,9.814548082414905394e+00,9.803300135731110032e+00
9.797325254460661270e+00,9.796801087576477940e+00,9.795844366379014900e+00,-5.591713539907640040e+01,-5.402637109438964558e+01,-4.599869850888246248e+01,-2.515572510450049393e+01,2.880779730678426631e+00,9.878455074776940847e+00,9.814558109665009411e+00,9.803298225081277906e+00
9.797329220137605432e+00,9.796808349109577208e+00,9.795857648867697165e+00,-1.810752643208979507e+01,-4.953082852912861966e+01,-4.270248264632891022e+01,-2.365650055426574738e+01,3.252689508001821217e+00,9.878619238540606418e+00,9.814390093838245122e+00,9.803235530402870879e+00
9.797342917254134420e+00,9.796833397070777494e+00,9.795903429985099109e+00,-1.496993944412000488e+01,-4.159503480991073587e+01,-3.584348667552493595e+01,-1.967644143439022031e+01,3.974921143003309787e+00,9.876348680396247914e+00,9.814008297911504641e+00,9.803106463663601389e+00
9.797362711434104199e+00,9.796869591028823265e+00,9.795969573645685102e+00,-9.504891662641586692e+00,-2.788292338112809432e+01,-2.395098358328064236e+01,-1.250398579690791401e+01,5.266792583722518906e+00,9.870419985475702873e+00,9.813310102064034979e+00,9.803076504954935544e+00
9.797371198255829583e+00,9.796885114811583861e+00,9.795997960840402641e+00,-2.380047221607389574e+00,-1.145193826611889953e+01,-9.394794013335699745e+00,-3.133388061204380293e+00,7.023915241881570459e+00,9.858454530858699272e+00,9.812016258046378780e+00,9.802842882018328652e+00
9.797398458919341024e+00,9.796934973092078280e+00,9.796089086141011038e+00,4.108692346751652735e+00,5.711648529086659209e-01,1.514862512808768713e+00,4.155488990142770511e+00,8.535519103437154698e+00,9.843286006728417803e+00,9.809988700215997781e+00,9.802517107623332393e+00
9.797438372075383484e+00,9.797007997037452398e+00,9.796222610725983770e+00,6.428803057251279540e+00,6.484200800766979356e+00,6.816449129679416075e+00,7.749499250085525759e+00,9.337305408554154695e+00,9.828976354156466755e+00,9.807668860192357840e+00,9.801990861791789911e+00
