9.797494704129736220e+00,9.797110709383215266e+00,9.796409865815267182e+00,9.795136618572119147e+00,-5.504250748136443150e+01,-4.789829019466773730e+01,-2.559838274861499485e+01,2.552276478897826273e+00,9.874554780877300431e+00,9.814297323404773010e+00,9.803227904207078680e+00
9.797327403348978336e+00,9.796804783116675353e+00,9.795850869885093459e+00,-5.238473558571480027e+01,-5.467744408641693354e+01,-4.816086485178663423e+01,-2.553067974154727082e+01,2.569142527094328887e+00,9.874903257952121649e+00,9.814117629407911991e+00,9.803169087790941205e+00
9.797335069339707658e+00,9.796818786124164902e+00,9.795876442211268298e+00,-5.417093051242321877e+01,-5.490637833872966667e+01,-4.798500745355477193e+01,-2.549358729103210308e+01,2.604449297439630495e+00,9.876164977286990165e+00,9.814376065751714506e+00,9.803252091567136617e+00
9.797325344826413485e+00,9.796801007539013284e+00,9.795843957514996703e+00,-1.955375136121486435e+01,-5.303044442609201781e+01,-4.684292398875548713e+01,-2.512250862409834440e+01,2.684649514772067480e+00,9.876759999755275743e+00,9.814477371698476560e+00,9.803283751845828675e+00
9.797322276167337307e+00,9.796795398135641264e+00,9.795833709924941957e+00,-1.898331845543184571e+01,-5.040356832919562891e+01,-4.496449680607501875e+01,-2.463542536268037608e+01,2.899918040425474075e+00,9.877592303213146963e+00,9.814471003746591649e+00,9.803274051126575017e+00
9.797328983567357596e+00,9.796807661975819315e+00,9.795856126760568827e+00,-1.750547140947501035e+01,-4.809436113033470406e+01,-4.159542778464369661e+01,-2.237406926759412684e+01,3.320931962702050377e+00,9.877309409837760512e+00,9.814229420245773383e+00,9.803188486950853431e+00
9.797344807959209589e+00,9.796836607078033055e+00,9.795909034291831574e+00,-1.353886558103455329e+01,-3.644629958705309747e+01,-3.261174074555622582e+01,-1.769683441214630193e+01,4.134685667399720543e+00,9.875329713429096046e+00,9.813982830072118801e+00,9.803096111742092944e+00
9.797365212296803350e+00,9.796873912469953538e+00,9.795977215591554099e+00,-8.684382135745474685e+00,-2.265120745409964087e+01,-1.929449784103144694e+01,-9.455163456061388416e+00,5.490351643508022406e+00,9.868852324195158232e+00,9.813208549673804626e+00,9.803042718654278787e+00
9.797374738408597850e+00,9.796891340087931610e+00,9.796009084678543033e+00,-1.303560739208974084e+00,-7.158670070767861660e+00,-5.487526095788357594e+00,-6.234158979042847548e-01,7.268472719218100231e+00,9.855985978587030516e+00,9.811722765841324190e+00,9.802743658307743857e+00
9.797407556323818767e+00,9.796951356763214491e+00,9.796118765452421329e+00,4.899992939002533632e+00,2.853844360709197225e+00,3.511599160500714412e+00,5.439144880387444481e+00,8.694822873134969043e+00,9.840450847664829581e+00,9.809777867084097380e+00,9.802442821225140435e+00
9.797442461923973056e+00,9.797015226814394850e+00,9.796235576106573362e+00,8.010322610715643776e+00,7.357349169766799868e+00,7.589333146289044763e+00,8.253665494996807794e+00,9.404405244191037738e+00,9.826502530063862650e+00,9.807251795651970028e+00,9.802023837443449850e+00
