5.542533915056903027e+01,5.542510180377495033e+01,5.542466888860971608e+01,5.542388403588724799e+01,1.718643882486253105e+01,1.121119584165782967e+01,2.653351098557217469e+01,5.347965968650910185e+01,5.550815326265585270e+01,5.543954846472789200e+01,5.543041148552647712e+01
5.542526854070314357e+01,5.542497276256185046e+01,5.542443349262654095e+01,5.542345711550040477e+01,7.329879604274898597e+00,1.141441709151202311e+01,2.642610160396769814e+01,5.342140663490160080e+01,5.550807299839495101e+01,5.543956562930561915e+01,5.543041949360402043e+01
5.542526631571080031e+01,5.542496869347905175e+01,5.542442605356916374e+01,5.542344353036132532e+01,8.099467168588457611e+00,1.159276849318598579e+01,2.658655187103310880e+01,5.343708846142311586e+01,5.550788472231329251e+01,5.543953072417906469e+01,5.543040728017308538e+01
5.542526739410068615e+01,5.542497066501871927e+01,5.542442965434798197e+01,5.542345008562493547e+01,8.989516869474833527e+00,1.241002062671118544e+01,2.706118427918516289e+01,5.344310771155591766e+01,5.550688348630507107e+01,5.543960853105766518e+01,5.543043536911918068e+01
5.542526425916000221e+01,5.542496493321094420e+01,5.542441918314715110e+01,5.542343100588821159e+01,1.197566114666064152e+01,1.470264920298161471e+01,2.846771997780806984e+01,5.188444828412059451e+01,5.550649327017173107e+01,5.544024226198975214e+01,5.543053157628241934e+01
5.542518802443679249e+01,5.542482550721962298e+01,5.542416423132142711e+01,5.542296504971454851e+01,2.679121267364289238e+01,2.004377893933365229e+01,3.222645532908433097e+01,5.230010671435351810e+01,5.550411121079569909e+01,5.543998284600122872e+01,5.543044110957631432e+01
5.542519866612848034e+01,5.542484496456005871e+01,5.542419977947518817e+01,5.542302983543966377e+01,3.389874776880672158e+01,3.041489019496484048e+01,3.878828481801157579e+01,5.309385777639899118e+01,5.549668716607302343e+01,5.543925669008682888e+01,5.543039661898949078e+01
5.542520377076508709e+01,5.542485429991825896e+01,5.542421684142641425e+01,5.542306095091414875e+01,4.375978795021237744e+01,4.387765678814179182e+01,4.649232999603360383e+01,5.413721814849052549e+01,5.548319927344920188e+01,5.543787509930604074e+01,5.543010621050127895e+01
5.542523100531651892e+01,5.542490409711395927e+01,5.542430781379648153e+01,5.542322666540683684e+01,5.067351686083169682e+01,5.056512923947092020e+01,5.176044399010973507e+01,5.489652196343493529e+01,5.546710776548839306e+01,5.543574660653638375e+01,5.542969024835728931e+01
5.542526953148164637e+01,5.542497454609687679e+01,5.542443653209991083e+01,5.542346119312693986e+01,5.372663395285292154e+01,5.369155030460544253e+01,5.414343029142628438e+01,5.524834138195046762e+01,5.545396872214899986e+01,5.543393173092830040e+01,5.542931120343160956e+01
5.542530678415329959e+01,5.542504268914467502e+01,5.542456111751074133e+01,5.542368848367188860e+01,5.485071558677012860e+01,5.481012900898525686e+01,5.501121850901967036e+01,5.536796197750740589e+01,5.544330317907735406e+01,5.543197555066436166e+01,5.542895111228180838e+01
