1.385623621437507325e+01,1.385609552081502827e+01,1.385583924168333070e+01,1.385537660489055867e+01,1.385456575735448403e+01,-2.909679836366627725e+01,-4.559744333737516087e+00,1.365702220370646813e+01,1.390949868502378806e+01,1.386719263417991144e+01,1.386061973003479508e+01
1.385612702791049244e+01,1.385589590327316145e+01,1.385547468109678704e+01,1.385471298818503882e+01,-3.922501029835407138e+01,-3.033239887672802126e+01,-4.496033249635016382e+00,1.365487130647769298e+01,1.390873665511233170e+01,1.386704019286055711e+01,1.386056041558273044e+01
1.385613080433709854e+01,1.385590280818609799e+01,1.385548728997902757e+01,1.385473591762984569e+01,1.385341144177310113e+01,-2.824709135102395408e+01,-4.237803774970191562e+00,1.365791866737361637e+01,1.390850455494124205e+01,1.386699343132087137e+01,1.386054218892665801e+01
1.385613198727829420e+01,1.385590497135902766e+01,1.385549123987216191e+01,1.385474309952748051e+01,1.385342432288137005e+01,-2.698106817033130156e+01,-3.732346193980579763e+00,1.366557871870055862e+01,1.390805114813217713e+01,1.386712112211258052e+01,1.386059184886173767e+01
1.385612884788002930e+01,1.385589923172179283e+01,1.385548076041428978e+01,1.385472404776004041e+01,-3.334916030752791016e+01,-2.554229094977008785e+01,-2.823534152356537597e+00,1.368342683283325201e+01,1.390771265283111902e+01,1.386703620617456423e+01,1.386055742270724167e+01
1.385613209143567914e+01,1.385590515972161185e+01,1.385549158243645707e+01,1.385474373682029636e+01,1.385342561768764469e+01,-1.074999895353518475e+00,-1.825380153979847542e-01,1.372095784128837792e+01,1.390540302430862241e+01,1.386675488281792212e+01,1.386044567380412396e+01
1.385614095557642500e+01,1.385592136496404336e+01,1.385552117443811504e+01,1.385479758044872511e+01,1.385352246885786087e+01,-7.493950899238361885e+00,3.456322096919294928e+00,1.375818924245589869e+01,1.390107073704023222e+01,1.386624820863346486e+01,1.386044173954098824e+01
1.385614257030923824e+01,1.385592431772004218e+01,1.385552657466537596e+01,1.385480745273144620e+01,1.385354048218590961e+01,7.033987022691817970e+00,8.331524874574119721e+00,1.381584849283788330e+01,1.389286405870381813e+01,1.386520441511939339e+01,1.386020050769537626e+01
1.385616142672280660e+01,1.385595879272925401e+01,1.385558953588147446e+01,1.385492203388034582e+01,1.385374663539669093e+01,1.081386642144569166e+01,1.160884829634472837e+01,1.384875352009209948e+01,1.388225723972705872e+01,1.386349930560185584e+01,1.385981160319260219e+01
1.385619064384930610e+01,1.385601220931599897e+01,1.385568708938524551e+01,1.385509955471048649e+01,1.385406589605516103e+01,1.228891417634393868e+01,1.303299676602649448e+01,1.386355392809480946e+01,1.387410180083410083e+01,1.386220801412409998e+01,1.385952733873088860e+01
1.385621646830695752e+01,1.385605944049343918e+01,1.385577340235208865e+01,1.385525686081755659e+01,1.385434995941087877e+01,1.344268687604721890e+01,1.358859660879366160e+01,1.386436883977911450e+01,1.386717847227273204e+01,1.386098766476464661e+01,1.385937803040976668e+01
