1.385623572412851523e+01,1.385609463072610303e+01,1.385583760481856608e+01,1.385537351370106585e+01,1.385455949642032181e+01,-2.395983147861447193e+01,-3.871730968507457682e+00,1.365080222015571465e+01,1.390939963348151487e+01,1.386717895523232968e+01,1.386061491749492447e+01
1.385612694020110958e+01,1.385589575354558889e+01,1.385547441585789485e+01,1.385471250278888533e+01,-7.201290757511646490e+00,-2.461540919921254655e+01,-3.743940506473552254e+00,1.364812799863572579e+01,1.390893049860840947e+01,1.386708617603305882e+01,1.386057890026089545e+01
1.385612916424267738e+01,1.385589981944908722e+01,1.385548183895788021e+01,1.385472599596259613e+01,-3.152178290585509757e+01,-2.473831671533565668e+01,-3.640914923182613450e+00,1.365311040010725741e+01,1.390886865885441992e+01,1.386707053863848138e+01,1.386057254004443351e+01
1.385612978497470138e+01,1.385590095484079853e+01,1.385548391359690790e+01,1.385472977618696966e+01,1.385340037916592593e+01,-2.222976401235588995e+01,-3.301590206171687747e+00,1.366014646802724464e+01,1.390834585012498081e+01,1.386696211141661905e+01,1.386052999290504673e+01
1.385613275305748004e+01,1.385590637926028990e+01,1.385549381483231812e+01,1.385474777424019344e+01,1.385343266502593629e+01,-2.022776312531106058e+01,-2.447757226705808975e+00,1.367711220491425905e+01,1.390767254335010250e+01,1.386703534848023267e+01,1.386055770557620903e+01
1.385613159850383980e+01,1.385590426926050256e+01,1.385548996491634455e+01,1.385474079211900467e+01,1.385342026156300577e+01,-1.059474230745025114e+00,-2.064615171837496099e-01,1.372074215269059749e+01,1.390542428768575434e+01,1.386675778663082070e+01,1.386044666747636178e+01
1.385614100569751983e+01,1.385592146782538947e+01,1.385552137351380964e+01,1.385479795776045719e+01,1.385352318923287385e+01,-7.995261833794764073e+00,2.756908095112432733e+00,1.375754624206796528e+01,1.390149408802148834e+01,1.386633418347826208e+01,1.386047633421504344e+01
1.385614082498915067e+01,1.385592113998069763e+01,1.385552078748244753e+01,1.385479696152240336e+01,1.385352179628135794e+01,1.834896355391746781e+00,7.425024463951259257e+00,1.380759727225405697e+01,1.389385623594699837e+01,1.386522760294659307e+01,1.386021104167898699e+01
1.385616033505392508e+01,1.385595680786720152e+01,1.385558591842334053e+01,1.385491544655398144e+01,1.385373473026142932e+01,1.030411623298535417e+01,1.113644290002121906e+01,1.385160406491738527e+01,1.388404941040125706e+01,1.386376255697517479e+01,1.385993651824131234e+01
1.385618387431708243e+01,1.385599984868849788e+01,1.385566454178067985e+01,1.385505862005417299e+01,1.385399278603130568e+01,1.201316288349615036e+01,1.284406442529486725e+01,1.386176761875061203e+01,1.387542618546565620e+01,1.386245335093587272e+01,1.385966219507272079e+01
1.385620599057781988e+01,1.385604029398774273e+01,1.385573844367834084e+01,1.385519324631968274e+01,1.385423551129729702e+01,1.335067384160357662e+01,1.352439528406090474e+01,1.386393417732724309e+01,1.386817055798627152e+01,1.386122028977431597e+01,1.385933301266639361e+01
