5.542534227161394256e+01,5.542510753420252456e+01,5.542467940411715688e+01,5.542390337523480781e+01,6.061610791784797669e+00,1.093083881144601754e+01,2.656195802561867225e+01,5.154252114364559390e+01,5.550649608341550589e+01,5.544031396673767631e+01,5.543055993596301079e+01
5.542518226835936446e+01,5.542481500083262347e+01,5.542414505188376950e+01,5.542293008248148567e+01,2.059331498366895019e+01,1.129796214335453364e+01,2.667111677308913897e+01,5.155287323974292946e+01,5.550598868937528607e+01,5.544022124047685196e+01,5.543052876703738008e+01
5.542518509054508513e+01,5.542482016121130783e+01,5.542415447833172237e+01,5.542294724903803171e+01,2.020968377264464877e+01,1.160750035045428241e+01,2.688215805878762765e+01,5.158621960423376152e+01,5.550608634468455449e+01,5.544023451073420716e+01,5.543053294712393608e+01
5.542518492083389958e+01,5.542481985064868866e+01,5.542415391083478227e+01,5.542294621742392735e+01,2.079486161472271988e+01,1.239642048212078151e+01,2.736557021187283212e+01,5.167812548135746908e+01,5.550643802502720803e+01,5.544028314264789969e+01,5.543054835545862602e+01
5.542518422982665527e+01,5.542481858726942789e+01,5.542415160438544319e+01,5.542294202943527637e+01,2.302345129998584383e+01,1.415526787208347059e+01,2.849044760207247151e+01,5.188798775117733442e+01,5.550622729709324688e+01,5.544020524493758728e+01,5.543051980653453370e+01
5.542518858766379708e+01,5.542482655511521727e+01,5.542416616220194214e+01,5.542296857159415424e+01,2.744308815209612362e+01,1.860484377162188707e+01,3.149171145712493569e+01,5.230415263513809521e+01,5.550415604959094651e+01,5.543998820671711769e+01,5.543044272411061968e+01
5.542519866756389746e+01,5.542484498566491880e+01,5.542419983723961252e+01,5.542302996181007302e+01,3.390111480041549896e+01,2.850056067339942700e+01,3.787755332515970963e+01,5.309931806538845933e+01,5.549678391331126903e+01,5.543926968796512966e+01,5.543040080709656081e+01
5.542520367993731156e+01,5.542485415259591264e+01,5.542421659230154063e+01,5.542306052234258118e+01,4.375028832438069060e+01,4.385358904874846075e+01,4.578066578130595587e+01,5.414364064420328759e+01,5.548337343893614104e+01,5.543790120391207665e+01,5.543011502688766257e+01
5.542523078964388361e+01,5.542490372207405613e+01,5.542430715027967381e+01,5.542322549028619960e+01,5.066056749597968434e+01,5.053406565130239159e+01,5.147428344757710761e+01,5.490288994644464537e+01,5.546714936123662198e+01,5.543573465782959886e+01,5.542968383094500950e+01
5.542527132954925406e+01,5.542497785297400981e+01,5.542444259509849758e+01,5.542347227765586126e+01,5.371101979048788166e+01,5.366319533798618124e+01,5.403989499807340025e+01,5.525049875148378931e+01,5.545374510548012381e+01,5.543383993923403352e+01,5.542926830843114772e+01
5.542531215326275174e+01,5.542505252292838236e+01,5.542457909558185492e+01,5.542372124508382569e+01,5.484165270722007790e+01,5.473985537983840288e+01,5.497693667972287557e+01,5.537318009560580379e+01,5.544379606239914438e+01,5.543206555605016206e+01,5.542898977240968605e+01
