9.797483237167259773e+00,9.797089704398674215e+00,9.796371406473534549e+00,9.795066209735338703e+00,-1.153896382958570932e+01,-2.683474679274106833e+01,-1.520909083327559586e+01,3.864578033362164877e+00,9.869704710958020044e+00,9.814094130695481866e+00,9.803197489363032702e+00
9.797305494774514401e+00,9.796764658561952999e+00,9.795777422482883523e+00,-2.837666341757896404e+01,-3.332566872640489208e+01,-2.840447227379784678e+01,-1.490678721142649721e+01,3.877178097874585117e+00,9.869271937321908439e+00,9.814022653806691920e+00,9.803175340623342393e+00
9.797307508883484672e+00,9.796768350676748227e+00,9.795784180254329954e+00,-2.923777028150880852e+01,-3.322019938526979388e+01,-2.832553040216002316e+01,-1.489916144823091848e+01,3.900352479333073052e+00,9.869734754591682702e+00,9.814220088145461318e+00,9.803243140124507704e+00
9.797296360944928395e+00,9.796747961508350144e+00,9.795746911109704413e+00,-2.891055389637460848e+01,-3.294799863462764478e+01,-2.812067377535279178e+01,-1.485368669779537143e+01,3.959543981429714865e+00,9.869956134317943608e+00,9.814306366223608080e+00,9.803272588859673675e+00
9.797291652464993561e+00,9.796739361579746230e+00,9.795731198734948464e+00,-2.749504685992287278e+01,-3.223588077842467925e+01,-2.755112603434906404e+01,-1.462980253369641481e+01,4.088479144449837399e+00,9.870140804267407475e+00,9.814279447780098309e+00,9.803261086929783374e+00
9.797295075455933144e+00,9.796745625287899273e+00,9.795742647075890375e+00,-3.184631658557245970e+01,-3.038004967466950035e+01,-2.598166990632098461e+01,-1.390647049885527586e+01,4.380881817443158077e+00,9.869581522933629003e+00,9.813997926132589811e+00,9.803163476868899551e+00
9.797311736861747278e+00,9.796776093460861645e+00,9.795798327771215952e+00,-9.510620882028117506e+00,-2.580737408996080617e+01,-2.207971334523271878e+01,-1.157642715146965173e+01,4.944240004038679359e+00,9.867649236520662726e+00,9.813798454050814968e+00,9.803089587087308487e+00
9.797327543711583431e+00,9.796805004405422679e+00,9.795851176397228244e+00,-5.008507960593247432e+00,-1.696359858868708415e+01,-1.435865490874314609e+01,-6.612035478791307597e+00,5.946189553371818093e+00,9.862745648282476907e+00,9.813115212120711917e+00,9.803058086090919332e+00
9.797338976823011691e+00,9.796825924848731049e+00,9.795889444493139919e+00,2.299899672383940441e-01,-5.704921807555255242e+00,-4.276090191173709698e+00,3.219387595648548483e-02,7.375666854917513504e+00,9.853087972610884648e+00,9.811713745896131655e+00,9.802773178496499540e+00
9.797380274308366666e+00,9.796901453859128139e+00,9.796027504987703693e+00,5.241961394147926612e+00,3.008122131885533346e+00,3.622854976265479809e+00,5.464774034275730941e+00,8.676474955011972412e+00,9.839493234814741029e+00,9.809728093947606808e+00,9.802447003324136432e+00
9.797425097730361188e+00,9.796983451838592316e+00,9.796177452361039428e+00,8.085453503887469751e+00,7.338151350279417784e+00,7.558727039128440239e+00,8.217011623387802999e+00,9.384375082175417049e+00,9.826649740811491895e+00,9.807623394521154836e+00,9.802000779951807630e+00
