9.797504710869754163e+00,9.797129265924452213e+00,9.796444066737931777e+00,9.795199475025123448e+00,-4.547963458348960586e+01,-4.260758419923219975e+01,-2.584737317316045946e+01,2.551591858472287200e+00,9.876185378502022161e+00,9.814167531170818748e+00,9.803175994349132338e+00
9.797341087397487769e+00,9.796829929240248092e+00,9.795896964267104323e+00,-5.695582346208198743e+01,-5.422191220340332052e+01,-4.611804888280080661e+01,-2.580038875586862090e+01,2.566412520665789287e+00,9.876166794451533448e+00,9.814147257780467370e+00,9.803168765501510507e+00
9.797342466262501048e+00,9.796832467918227039e+00,9.795901627479976170e+00,-5.661930106932403817e+01,-5.390848360524530136e+01,-4.589686836106496770e+01,-2.570397708878974896e+01,2.601902336871011912e+00,9.877475631580455939e+00,9.814443124454465206e+00,9.803265002706138986e+00
9.797330321956982502e+00,9.796810275132047607e+00,9.795861085403769764e+00,-5.576468101322577553e+01,-5.312916697778781838e+01,-4.533644921233339886e+01,-2.547166555955261558e+01,2.682932569056494465e+00,9.878198999943418102e+00,9.814346631201400939e+00,9.803233402247132133e+00
9.797334501773347526e+00,9.796817960335566511e+00,9.795875162366938227e+00,-5.384060640585921931e+01,-5.135945137116067372e+01,-4.396560010854785361e+01,-2.488709215881580405e+01,2.866410785453864296e+00,9.878799239221470074e+00,9.814330202198989994e+00,9.803222155387695480e+00
9.797340192720080054e+00,9.796828397390632048e+00,9.795894268024735396e+00,-1.832565808802424101e+01,-4.778079348619141342e+01,-4.115255180609201346e+01,-2.337671679193102037e+01,3.236612700354966066e+00,9.878870010064160212e+00,9.814374824676084685e+00,9.803227735406871091e+00
9.797345933165146903e+00,9.796838913124137349e+00,9.795913512613045881e+00,-1.507656009667027064e+01,-4.071468092508867187e+01,-3.527333866930152340e+01,-1.978571187167944245e+01,3.957041179443787637e+00,9.876784826420676566e+00,9.813991166845152492e+00,9.803096293031458686e+00
9.797367302603168682e+00,9.796877988097065781e+00,9.795984923236479958e+00,-9.962525806119961302e+00,-2.805570226627376940e+01,-2.422309534755148164e+01,-1.277560255476129925e+01,5.237542361690161741e+00,9.871076534630098820e+00,9.813309364866849904e+00,9.803069799151952424e+00
9.797376693787503754e+00,9.796895171152113946e+00,9.796016351333499017e+00,-2.939816964998410498e+00,-1.206766003835542200e+01,-9.796726531220659950e+00,-3.427381932145863175e+00,6.994563197360701423e+00,9.859667731664186974e+00,9.812037584529612388e+00,9.802837710644336511e+00
9.797408254261853244e+00,9.796952895088855584e+00,9.796121861475420189e+00,1.547889953075864966e-01,3.188746814377916294e-01,1.273136157862934326e+00,3.952271704091395943e+00,8.516102337807359035e+00,9.844335240161878886e+00,9.810022736507489682e+00,9.802516967816815807e+00
9.797447922591736358e+00,9.797025460933017627e+00,9.796254533394465724e+00,6.325414053243052948e+00,6.384258151176409157e+00,6.723289249675040047e+00,7.675207293097839667e+00,9.329875554064940957e+00,9.830022997029237430e+00,9.807851468527651662e+00,9.802057960565367267e+00
