9.797494704123920428e+00,9.797110709377559346e+00,9.796409865810117523e+00,9.795136618568566433e+00,-5.504250748139754990e+01,-4.789829019506863261e+01,-2.559838274884770826e+01,2.552276479125609843e+00,9.874554781608082976e+00,9.814297325725478416e+00,9.803227911554081686e+00
9.797327403343121688e+00,9.796804783110980352e+00,9.795850869879899392e+00,-5.238473554403939403e+01,-5.467744408240434950e+01,-4.816086485162759345e+01,-2.553067974236422444e+01,2.569142527302898493e+00,9.874903258680751250e+00,9.814117631723778601e+00,9.803169095123006826e+00
9.797335069333923840e+00,9.796818786118542732e+00,9.795876442206157719e+00,-5.417093040642533452e+01,-5.490637838861810849e+01,-4.798500745419166691e+01,-2.549358729695200054e+01,2.604449298823735770e+00,9.876164978079081891e+00,9.814376068070874481e+00,9.803252098886570565e+00
9.797325344820512427e+00,9.796801007533185057e+00,9.795843957509513089e+00,-1.955375136787618473e+01,-5.303044425767875225e+01,-4.684292404341725558e+01,-2.512250861438022298e+01,2.684649515182342405e+00,9.876760000474728685e+00,9.814477374004653143e+00,9.803283759148015974e+00
9.797322276161487764e+00,9.796795398129930277e+00,9.795833709919692822e+00,-1.898331842985040652e+01,-5.040356845326178359e+01,-4.496449681444147473e+01,-2.463542537299580459e+01,2.899918040384140916e+00,9.877592303925418094e+00,9.814471006047559953e+00,9.803274058413725456e+00
9.797328983561516935e+00,9.796807661970106551e+00,9.795856126755301929e+00,-1.750547138900385491e+01,-4.809436108622099937e+01,-4.159542777312960027e+01,-2.237406926799253171e+01,3.320931962749122057e+00,9.877309410555499269e+00,9.814229422542362968e+00,9.803188494223464389e+00
9.797344807953409784e+00,9.796836607072393122e+00,9.795909034286697903e+00,-1.353886557901673982e+01,-3.644629956874592835e+01,-3.261174074791425426e+01,-1.769683441399287460e+01,4.134685667638224871e+00,9.875329714155769878e+00,9.813982832365530484e+00,9.803096119000949571e+00
9.797365212291012426e+00,9.796873912464308276e+00,9.795977215586384901e+00,-8.684382137865590323e+00,-2.265120743103858914e+01,-1.929449784043541172e+01,-9.455163456503115071e+00,5.490351643710249085e+00,9.868852324916383978e+00,9.813208551962580017e+00,9.803042725900116494e+00
9.797374738402835348e+00,9.796891340082321875e+00,9.796009084673420020e+00,-1.303560739724874296e+00,-7.158670070365042548e+00,-5.487526095731492859e+00,-6.234158980170150244e-01,7.268472719449597719e+00,9.855985979307209988e+00,9.811722768126580618e+00,9.802743665542484663e+00
9.797407556318082911e+00,9.796951356757629625e+00,9.796118765447324961e+00,4.899992938821939426e+00,2.853844362836456483e+00,3.511599160342375736e+00,5.439144880441740604e+00,8.694822873375931849e+00,9.840450848383083482e+00,9.809777869366289593e+00,9.802442828450834256e+00
9.797442461918256740e+00,9.797015226808834854e+00,9.796235576101508968e+00,8.010322610711934743e+00,7.357349169871044481e+00,7.589333146305143885e+00,8.253665495061538238e+00,9.404405244414066445e+00,9.826502530780947708e+00,9.807251797931730408e+00,9.802023844661984953e+00
