5.542534227161364413e+01,5.542510753420223324e+01,5.542467940411690819e+01,5.542390337523467281e+01,6.061610791797400921e+00,1.093083881144591274e+01,2.656195802561857633e+01,5.154252114366290272e+01,5.550649608347075059e+01,5.544031396691299562e+01,5.543055993651787361e+01
5.542518226835906603e+01,5.542481500083233925e+01,5.542414505188352791e+01,5.542293008248135777e+01,2.059331498365327917e+01,1.129796214338584193e+01,2.667111677310053963e+01,5.155287323976065750e+01,5.550598868943046682e+01,5.544022124065194390e+01,5.543052876759151815e+01
5.542518509054478670e+01,5.542482016121103072e+01,5.542415447833147368e+01,5.542294724903790382e+01,2.020968377261599969e+01,1.160750035047922957e+01,2.688215805880003018e+01,5.158621960425145403e+01,5.550608634473965708e+01,5.544023451090906462e+01,5.543053294767736361e+01
5.542518492083360115e+01,5.542481985064840444e+01,5.542415391083453358e+01,5.542294621742379945e+01,2.079486161470300942e+01,1.239642048214354197e+01,2.736557021188687244e+01,5.167812548137504791e+01,5.550643802508223246e+01,5.544028314282253689e+01,5.543054835601133590e+01
5.542518422982635684e+01,5.542481858726913657e+01,5.542415160438519450e+01,5.542294202943514847e+01,2.302345129997608097e+01,1.415526787210234261e+01,2.849044760208434468e+01,5.188798775119485640e+01,5.550622729714820025e+01,5.544020524511199710e+01,5.543051980708654014e+01
5.542518858766349865e+01,5.542482655511493306e+01,5.542416616220168635e+01,5.542296857159402634e+01,2.744308815209113206e+01,1.860484377163189862e+01,3.149171145713125952e+01,5.230415263515561719e+01,5.550415604964583594e+01,5.543998820689131435e+01,5.543044272466192979e+01
5.542519866756359903e+01,5.542484498566463458e+01,5.542419983723937094e+01,5.542302996180993802e+01,3.390111480041268521e+01,2.850056067340840826e+01,3.787755332516274365e+01,5.309931806540598132e+01,5.549678391336610161e+01,5.543926968813912026e+01,5.543040080764723143e+01
5.542520367993701313e+01,5.542485415259562131e+01,5.542421659230129194e+01,5.542306052234245328e+01,4.375028832437921267e+01,4.385358904874648545e+01,4.578066578131741693e+01,5.414364064422165512e+01,5.548337343899095231e+01,5.543790120408590383e+01,5.543011502743777186e+01
5.542523078964359229e+01,5.542490372207377902e+01,5.542430715027943222e+01,5.542322549028607170e+01,5.066056749597640163e+01,5.053406565129672856e+01,5.147428344759519803e+01,5.490288994646380161e+01,5.546714936129144746e+01,5.543573465800328393e+01,5.542968383149467115e+01
5.542527132954896274e+01,5.542497785297372559e+01,5.542444259509824178e+01,5.542347227765571915e+01,5.371101979048346209e+01,5.366319533797870633e+01,5.403989499808294283e+01,5.525049875150286027e+01,5.545374510553499192e+01,5.543383993940761911e+01,5.542926830898044699e+01
5.542531215326246041e+01,5.542505252292809104e+01,5.542457909558160623e+01,5.542372124508369780e+01,5.484165270721598517e+01,5.473985537984052741e+01,5.497693667972863807e+01,5.537318009562322629e+01,5.544379606245387038e+01,5.543206555622362686e+01,5.542898977295870111e+01
