9.797483237166661141e+00,9.797089704398080912e+00,9.796371406472962562e+00,9.795066209734828888e+00,-1.153896382961386635e+01,-2.683474679289080811e+01,-1.520909083326749034e+01,3.864578033372402466e+00,9.869704710986033191e+00,9.814094130785390391e+00,9.803197489648567853e+00
9.797305494773924650e+00,9.796764658561368577e+00,9.795777422482318642e+00,-2.837666341778568224e+01,-3.332566872640279598e+01,-2.840447227379664596e+01,-1.490678721143357066e+01,3.877178097883058783e+00,9.869271937349965995e+00,9.814022653896545378e+00,9.803175340908662605e+00
9.797307508882893146e+00,9.796768350676163806e+00,9.795784180253763296e+00,-2.923777028195456040e+01,-3.322019938526904070e+01,-2.832553040215846352e+01,-1.489916144822885613e+01,3.900352479341583134e+00,9.869734754619685191e+00,9.814220088235234840e+00,9.803243140409596990e+00
9.797296360944340421e+00,9.796747961507769276e+00,9.795746911109137756e+00,-2.891055389680079202e+01,-3.294799863462739609e+01,-2.812067377535113977e+01,-1.485368669779525774e+01,3.959543981438097049e+00,9.869956134345908794e+00,9.814306366313306995e+00,9.803272589144539140e+00
9.797291652464403811e+00,9.796739361579161809e+00,9.795731198734383582e+00,-2.749504686036160805e+01,-3.223588077842400423e+01,-2.755112603434809415e+01,-1.462980253369329375e+01,4.088479144458386116e+00,9.870140804295344239e+00,9.814279447869726170e+00,9.803261087214426794e+00
9.797295075455345170e+00,9.796745625287314851e+00,9.795742647075325493e+00,-3.184631658557218969e+01,-3.038004967466887507e+01,-2.598166990631986195e+01,-1.390647049885205355e+01,4.380881817451729887e+00,9.869581522961546227e+00,9.813997926222146617e+00,9.803163477153322702e+00
9.797311736861155751e+00,9.796776093460277224e+00,9.795798327770649294e+00,-9.510620882092172934e+00,-2.580737408982561476e+01,-2.207971334522169116e+01,-1.157642715149573753e+01,4.944240004039013314e+00,9.867649236548357905e+00,9.813798454140279404e+00,9.803089587371511371e+00
9.797327543710991904e+00,9.796805004404834705e+00,9.795851176396659810e+00,-5.008507960604178244e+00,-1.696359858864214942e+01,-1.435865490875142569e+01,-6.612035478817992029e+00,5.946189553380130555e+00,9.862745648310323077e+00,9.813115212210131943e+00,9.803058086374933922e+00
9.797338976822418388e+00,9.796825924848141298e+00,9.795889444492569709e+00,2.299899672193586042e-01,-5.704921807333153794e+00,-4.276090191162994714e+00,3.219387595712230876e-02,7.375666854925825966e+00,9.853087972638732595e+00,9.811713745985498392e+00,9.802773178780340047e+00
9.797380274307773362e+00,9.796901453858538389e+00,9.796027504987133483e+00,5.241961394137351959e+00,3.008122131965850432e+00,3.622854976266281835e+00,5.464774034274039849e+00,8.676474955020434976e+00,9.839493234842583647e+00,9.809728094036932688e+00,9.802447003607834830e+00
9.797425097729764332e+00,9.796983451838002566e+00,9.796177452360467441e+00,8.085453503884421522e+00,7.338151350284451091e+00,7.558727039128264380e+00,8.217011623388684072e+00,9.384375082183790795e+00,9.826649740839267011e+00,9.807623394610420320e+00,9.802000780235381683e+00
