1.385623756386032568e+01,1.385609800401130443e+01,1.385584377863104777e+01,1.385538478229126191e+01,1.385457992110893777e+01,-2.841080970808678785e+01,-4.550676355425057551e+00,1.366030669339213155e+01,1.390946066165976092e+01,1.386718161057697607e+01,1.386061514830078778e+01
1.385612756621419805e+01,1.385589690585903178e+01,1.385547653060471873e+01,1.385471637331970385e+01,-7.236467774749886672e+00,-2.948972211369485663e+01,-4.483006942683704921e+00,1.365453691810232328e+01,1.390896559070552918e+01,1.386708754562189760e+01,1.386057896923683153e+01
1.385612953992887242e+01,1.385590051418138202e+01,1.385548311792101650e+01,1.385472834173212320e+01,1.385339783361840560e+01,-2.817737312748706557e+01,-4.301323956281700944e+00,1.365619586345692937e+01,1.390853793626868473e+01,1.386700166247874400e+01,1.386054552111068539e+01
1.385613169028314928e+01,1.385590444502907914e+01,1.385549029511732755e+01,1.385474139249924441e+01,1.385342124277368470e+01,-2.656840850823196831e+01,-3.823362926432181119e+00,1.366566616309124527e+01,1.390821179666043506e+01,1.386715392178211204e+01,1.386060461958902934e+01
1.385612804937919051e+01,1.385589778774152414e+01,1.385547814115230381e+01,1.385471930379013372e+01,-3.279107617975850530e+01,-2.547738884075690891e+01,-2.671831344325042323e+00,1.368474240364040817e+01,1.390776771640335596e+01,1.386704793448350514e+01,1.386056203729549097e+01
1.385613178185590222e+01,1.385590461204686008e+01,1.385549060143378597e+01,1.385474197231431503e+01,1.385342246815122635e+01,-7.804929944533465225e-01,-9.359571126484800274e-02,1.372415069676572230e+01,1.390532780844893246e+01,1.386673667931085241e+01,1.386043838135127615e+01
1.385614160411436302e+01,1.385592256914314291e+01,1.385552339243777453e+01,1.385480163620231053e+01,1.385352978752996478e+01,3.081811379494490577e+00,3.683801021462969061e+00,1.376687723616045034e+01,1.390118660478554347e+01,1.386626067959026187e+01,1.386044570769071527e+01
1.385614322898668860e+01,1.385592554286411904e+01,1.385552883635014965e+01,1.385481161468980815e+01,1.385354814713415905e+01,7.000726854297775859e+00,8.049090410600662437e+00,1.381415477094540556e+01,1.389319089058974477e+01,1.386506574314804219e+01,1.386014077342149164e+01
1.385616526091695633e+01,1.385596582055892689e+01,1.385560238207435191e+01,1.385494539256271906e+01,1.385378848138986996e+01,1.060737269562639717e+01,1.148553034127360384e+01,1.385022485638029011e+01,1.388330131889576435e+01,1.386378439554433228e+01,1.385994832444120206e+01
1.385618210751164270e+01,1.385599662758181516e+01,1.385565866936541113e+01,1.385504793434396476e+01,1.385397346850124656e+01,1.220974441353273932e+01,1.298503031464412061e+01,1.386112520028752826e+01,1.387470744730424954e+01,1.386243992579481343e+01,1.385965608316387510e+01
1.385620551022425317e+01,1.385603942844057457e+01,1.385573688153758098e+01,1.385519042935850464e+01,1.385423042478639921e+01,1.343031404425544117e+01,1.357260077652136943e+01,1.386399251479068084e+01,1.386740648916507546e+01,1.386089725354224811e+01,1.385932180052492058e+01
