1.385623424602201048e+01,1.385609207143566124e+01,1.385583308918397805e+01,1.385536552843489844e+01,1.385454577837821866e+01,-2.912114357551438104e+01,-4.329705357919475972e+00,1.366043748194445229e+01,1.390927912706198555e+01,1.386714475582723338e+01,1.386060080430074493e+01
1.385612862554977909e+01,1.385589896227932272e+01,1.385548041134719099e+01,1.385472355614152740e+01,-3.962405241688114188e+01,-3.078224112587308525e+01,-4.210135894100094589e+00,1.365644989656135699e+01,1.390879044679015664e+01,1.386704940820088439e+01,1.386056391800389065e+01
1.385613081148568781e+01,1.385590295888895795e+01,1.385548770958843434e+01,1.385473682674105689e+01,1.385341319549887729e+01,-2.838051440686835747e+01,-4.084860309891202412e+00,1.366022453292564620e+01,1.390847610515003296e+01,1.386698505420729610e+01,1.386053874058681146e+01
1.385613251393003509e+01,1.385590607132465024e+01,1.385549339198214902e+01,1.385474715755259467e+01,1.385343172685762703e+01,-2.752895865677374232e+01,-3.599704410108377495e+00,1.366791444307758141e+01,1.390807899388687474e+01,1.386712452897946868e+01,1.386059302008712280e+01
1.385612904886696128e+01,1.385589973197242486e+01,1.385548181380154809e+01,1.385472610442696961e+01,-3.502260886684126007e+01,-2.717803011270929758e+01,-2.935853164585520148e+00,1.368689486729482496e+01,1.390781156021093423e+01,1.386705279405086699e+01,1.386056361243850077e+01
1.385613205945365500e+01,1.385590523275873309e+01,1.385549185512770443e+01,1.385474437675773629e+01,1.385342690549956757e+01,-1.079102612901478686e+00,-1.267408735287979482e+00,1.371952690750939929e+01,1.390586430601844725e+01,1.386684846460117271e+01,1.386048190885196263e+01
1.385613895190725486e+01,1.385591783574779967e+01,1.385551487168050144e+01,1.385478626579927308e+01,1.385350231423746692e+01,2.255422488046264107e+00,2.358252091159585007e+00,1.377380867108474050e+01,1.390168505176977121e+01,1.386635373166596708e+01,1.386048241066084152e+01
1.385614209161848187e+01,1.385592357974198130e+01,1.385552537951149787e+01,1.385480548867013439e+01,1.385353747741478969e+01,-1.407736977818689006e+00,6.845914672807702495e+00,1.381495456420396550e+01,1.389422114963539912e+01,1.386529574070258697e+01,1.386023881268513769e+01
1.385615996123298999e+01,1.385595625703439993e+01,1.385558505578703503e+01,1.385491405298855128e+01,1.385373257120135371e+01,7.366054360748456986e+00,1.072092164236482681e+01,1.385092555290058058e+01,1.388463086119681122e+01,1.386391810323509510e+01,1.386001128582126363e+01
1.385617922076080966e+01,1.385599147345806159e+01,1.385564938827825898e+01,1.385503120611890182e+01,1.385394372040492783e+01,1.157843489378087298e+01,1.271029148060961766e+01,1.386690470009220100e+01,1.387579001208795759e+01,1.386252475191034961e+01,1.385969539502640657e+01
1.385620823218298980e+01,1.385604453140447490e+01,1.385574633596424121e+01,1.385520784740932676e+01,1.385426255764770787e+01,1.310974789411689656e+01,1.347538928777563427e+01,1.386641311295321088e+01,1.386900882821162995e+01,1.386132778808214638e+01,1.385939581727453174e+01
