5.542533915056620231e+01,5.542510180377246343e+01,5.542466888860831631e+01,5.542388403588927304e+01,1.718643882429375580e+01,1.121119584178151740e+01,2.653351098573017453e+01,5.347965968701802097e+01,5.550815326422599583e+01,5.543954846969002404e+01,5.543041150118924065e+01
5.542526854070040088e+01,5.542497276255944882e+01,5.542443349262519803e+01,5.542345711550245113e+01,7.329879604302103502e+00,1.141441709156392825e+01,2.642610160412147735e+01,5.342140663539588274e+01,5.550807299995290123e+01,5.543956563423087402e+01,5.543041950915083760e+01
5.542526631570804341e+01,5.542496869347663591e+01,5.542442605356779950e+01,5.542344353036332905e+01,8.099467168687077390e+00,1.159276849321001102e+01,2.658655187119506280e+01,5.343708846191802309e+01,5.550788472385965377e+01,5.543953072906800372e+01,5.543040729560544833e+01
5.542526739409795766e+01,5.542497066501631764e+01,5.542442965434663904e+01,5.542345008562692499e+01,8.989516869538485722e+00,1.241002062674115258e+01,2.706118427934448079e+01,5.344310771204524713e+01,5.550688348784010628e+01,5.543960853591100602e+01,5.543043538443932050e+01
5.542526425915727373e+01,5.542496493320855677e+01,5.542441918314580818e+01,5.542343100589017979e+01,1.197566114671004556e+01,1.470264920301590905e+01,2.846771997796553322e+01,5.188444828460224301e+01,5.550649327169473679e+01,5.544024226680447498e+01,5.543053159147964948e+01
5.542518802443410664e+01,5.542482550721726398e+01,5.542416423132010550e+01,5.542296504971652382e+01,2.679121267355911229e+01,2.004377893947726719e+01,3.222645532922803113e+01,5.230010671483395868e+01,5.550411121230683165e+01,5.543998285077839228e+01,5.543044112465513962e+01
5.542519866612580159e+01,5.542484496455772103e+01,5.542419977947386656e+01,5.542302983544161066e+01,3.389874776873961082e+01,3.041489019514928316e+01,3.878828481817066631e+01,5.309385777687265318e+01,5.549668716757308573e+01,5.543925669482952401e+01,5.543039663396072569e+01
5.542520377076242255e+01,5.542485429991592127e+01,5.542421684142510685e+01,5.542306095091607432e+01,4.375978795019815237e+01,4.387765678813845227e+01,4.649232999620599571e+01,5.413721814896378248e+01,5.548319927493970027e+01,5.543787510401887175e+01,5.543010622537936172e+01
5.542523100531387570e+01,5.542490409711162869e+01,5.542430781379516702e+01,5.542322666540874820e+01,5.067351686082250239e+01,5.056512923947665428e+01,5.176044399026794451e+01,5.489652196390542827e+01,5.546710776697102574e+01,5.543574661122489999e+01,5.542969026316072245e+01
5.542526953147900315e+01,5.542497454609456042e+01,5.542443653209860344e+01,5.542346119312883701e+01,5.372663395285296417e+01,5.369155030462934519e+01,5.414343029157600995e+01,5.524834138241854475e+01,5.545396872362531582e+01,5.543393173559750409e+01,5.542931121817618134e+01
5.542530678415065637e+01,5.542504268914235865e+01,5.542456111750942682e+01,5.542368848367376444e+01,5.485071558677413606e+01,5.481012900903162688e+01,5.501121850916382527e+01,5.536796197797123398e+01,5.544330318054815621e+01,5.543197555531787657e+01,5.542895112698022331e+01
