9.797510475017935150e+00,9.797139610539336019e+00,9.796462731632384902e+00,9.795233016529399706e+00,-5.744360019507956849e+01,-4.938753210127929094e+01,-2.620913536834050106e+01,2.559940176505596909e+00,9.875237212848544388e+00,9.814296130434597032e+00,9.803221366067923270e+00
9.797332749041064659e+00,9.796814634838369784e+00,9.795868956485453083e+00,-5.939231492812533020e+01,-5.874788890003251396e+01,-4.950102587541777410e+01,-2.648655194209269581e+01,2.570938206209913091e+00,9.875544223474673089e+00,9.814326205694632321e+00,9.803229557776173664e+00
9.797332808833173701e+00,9.796814703207592956e+00,9.795869049304245735e+00,-5.921438189544851127e+01,-5.841083282236551355e+01,-4.925613690191956096e+01,-2.635740048841287120e+01,2.606388288239782192e+00,9.877430762250915208e+00,9.814459140024814232e+00,9.803271197383894631e+00
9.797328702540928802e+00,9.796807206381748401e+00,9.795855358358579679e+00,-5.817011001439860962e+01,-5.753682637414078016e+01,-4.863470018063798506e+01,-2.573404879523280897e+01,2.691440298725413793e+00,9.877921542693885115e+00,9.814331991080653239e+00,9.803230450867928880e+00
9.797333430128871257e+00,9.796815876590590833e+00,9.795871215979744306e+00,-5.622033421626917260e+01,-5.524101210313606458e+01,-4.678744428840455072e+01,-2.505244564272601693e+01,2.873318763488628580e+00,9.878757636665934427e+00,9.814349781470118828e+00,9.803229620070908368e+00
9.797338288209695989e+00,9.796824759734471755e+00,9.795887455619959994e+00,-1.811106464193791155e+01,-4.958906813777552713e+01,-4.249226567071261940e+01,-2.282389064943739143e+01,3.248760623304738360e+00,9.878048194851846375e+00,9.814301875097729777e+00,9.803208370622639833e+00
9.797345040588005816e+00,9.796837108526458948e+00,9.795910032351645924e+00,-1.434033249601927373e+01,-4.006793476971028412e+01,-3.423493522367458297e+01,-1.875776484087189999e+01,4.021556390731003461e+00,9.876337719040014562e+00,9.814120028490513903e+00,9.803136957105085258e+00
9.797362872335963146e+00,9.796869709168385398e+00,9.795969615064489489e+00,-9.226900139491228003e+00,-2.497009132168523848e+01,-2.116720852770689731e+01,-1.071848542106084068e+01,5.383213997759385805e+00,9.869367495311685445e+00,9.813316565209388997e+00,9.803078599525504089e+00
9.797370800184506123e+00,9.796884216120732347e+00,9.795996144930192884e+00,-1.507265267020715171e+00,-8.647219586714019357e+00,-6.849569126402341723e+00,-1.546553046036553525e+00,7.202255136264009039e+00,9.856656838477267257e+00,9.811878591699818131e+00,9.802797669449262230e+00
9.797401531219104953e+00,9.796940409904346225e+00,9.796098833194452737e+00,4.728975086489889179e+00,2.140685745791683914e+00,2.902907730992137392e+00,5.042339522983031230e+00,8.665653576781807033e+00,9.840872422919199280e+00,9.809665418584465613e+00,9.802400038363483503e+00
9.797447577294661869e+00,9.797024645002219145e+00,9.796252841040946180e+00,7.058869285124058202e+00,7.104402858332292681e+00,7.369576703568665010e+00,8.112149481385847238e+00,9.393510814975694956e+00,9.826903935679784041e+00,9.807388896753877816e+00,9.801884347686460330e+00
