1.385623572412878701e+01,1.385609463072636416e+01,1.385583760481879345e+01,1.385537351370119552e+01,1.385455949642013174e+01,-2.395983147863342211e+01,-3.871730968513310778e+00,1.365080222014119293e+01,1.390939963343527097e+01,1.386717895508551379e+01,1.386061491703014426e+01
1.385612694020138136e+01,1.385589575354585001e+01,1.385547441585812223e+01,1.385471250278901678e+01,-7.201290757520483865e+00,-2.461540919917844050e+01,-3.743940506480545771e+00,1.364812799862126980e+01,1.390893049856219221e+01,1.386708617588632997e+01,1.386057889979638702e+01
1.385612916424295094e+01,1.385589981944934834e+01,1.385548183895810936e+01,1.385472599596272403e+01,-3.152178290576196318e+01,-2.473831671532167320e+01,-3.640914923188220520e+00,1.365311040009281740e+01,1.390886865880822754e+01,1.386707053849183779e+01,1.386057253958020041e+01
1.385612978497497139e+01,1.385590095484105966e+01,1.385548391359713705e+01,1.385472977618709933e+01,1.385340037916573586e+01,-2.222976401228320142e+01,-3.301590206179344733e+00,1.366014646801296806e+01,1.390834585007882040e+01,1.386696211127006251e+01,1.386052999244108364e+01
1.385613275305775360e+01,1.385590637926055280e+01,1.385549381483254905e+01,1.385474777424032311e+01,1.385343266502574799e+01,-2.022776312524351994e+01,-2.447757226714394108e+00,1.367711220490007307e+01,1.390767254330397407e+01,1.386703534833376139e+01,1.386055770511251239e+01
1.385613159850411336e+01,1.385590426926076546e+01,1.385548996491657192e+01,1.385474079211913434e+01,1.385342026156281747e+01,-1.059474230759123170e+00,-2.064615171861259313e-01,1.372074215267623742e+01,1.390542428763965077e+01,1.386675778648443469e+01,1.386044666701293337e+01
1.385614100569779161e+01,1.385592146782565059e+01,1.385552137351403701e+01,1.385479795776058509e+01,1.385352318923268555e+01,-7.995261833773440685e+00,2.756908095106775036e+00,1.375754624205356436e+01,1.390149408797540787e+01,1.386633418333195422e+01,1.386047633375185129e+01
1.385614082498942246e+01,1.385592113998095876e+01,1.385552078748267490e+01,1.385479696152253304e+01,1.385352179628116964e+01,1.834896355398702106e+00,7.425024463946459541e+00,1.380759727223967026e+01,1.389385623590093743e+01,1.386522760280035271e+01,1.386021104121600800e+01
1.385616033505419686e+01,1.385595680786746087e+01,1.385558591842357146e+01,1.385491544655410934e+01,1.385373473026124103e+01,1.030411623298367552e+01,1.113644290001688297e+01,1.385160406490299678e+01,1.388404941035521567e+01,1.386376255682899128e+01,1.385993651777850921e+01
1.385618387431735421e+01,1.385599984868875545e+01,1.385566454178091078e+01,1.385505862005429911e+01,1.385399278603111739e+01,1.201316288349324068e+01,1.284406442529056314e+01,1.386176761873620933e+01,1.387542618541962369e+01,1.386245335078973184e+01,1.385966219461005799e+01
1.385620599057808988e+01,1.385604029398800208e+01,1.385573844367856999e+01,1.385519324631981064e+01,1.385423551129710873e+01,1.335067384160249304e+01,1.352439528405653668e+01,1.386393417731285638e+01,1.386817055794024789e+01,1.386122028962821062e+01,1.385933301220384095e+01
