9.797494704130102150e+00,9.797110709383568761e+00,9.796409865815590479e+00,9.795136618572341192e+00,-5.504250748135961402e+01,-4.789829019464299620e+01,-2.559838274859981411e+01,2.552276478883492850e+00,9.874554780831209300e+00,9.814297323258385219e+00,9.803227903743499283e+00
9.797327403349346042e+00,9.796804783117034177e+00,9.795850869885420309e+00,-5.238473558831206134e+01,-5.467744408667116573e+01,-4.816086485179663867e+01,-2.553067974149687913e+01,2.569142527081178073e+00,9.874903257906121112e+00,9.814117629261669862e+00,9.803169087327795239e+00
9.797335069340073588e+00,9.796818786124518397e+00,9.795876442211591595e+00,-5.417093051906388723e+01,-5.490637833559264180e+01,-4.798500745351475416e+01,-2.549358729066018725e+01,2.604449297352591230e+00,9.876164977236950193e+00,9.814376065605108224e+00,9.803252091104280197e+00
9.797325344826786520e+00,9.796801007539380990e+00,9.795843957515343092e+00,-1.955375136079623744e+01,-5.303044443667727137e+01,-4.684292398531437840e+01,-2.512250862470966339e+01,2.684649514746217047e+00,9.876759999709756599e+00,9.814477371552525753e+00,9.803283751383554900e+00
9.797322276167706789e+00,9.796795398136001864e+00,9.795833709925274135e+00,-1.898331845704337439e+01,-5.040356832137449317e+01,-4.496449680554494677e+01,-2.463542536203123134e+01,2.899918040427961863e+00,9.877592303168032828e+00,9.814471003600809595e+00,9.803274050664743555e+00
9.797328983567728855e+00,9.796807661976181691e+00,9.795856126760902782e+00,-1.750547141076492963e+01,-4.809436113312241190e+01,-4.159542778536733465e+01,-2.237406926756883863e+01,3.320931962698969730e+00,9.877309409792246697e+00,9.814229420100112122e+00,9.803188486489444742e+00
9.797344807959579072e+00,9.796836607078388326e+00,9.795909034292156647e+00,-1.353886558116170669e+01,-3.644629958818337911e+01,-3.261174074540870294e+01,-1.769683441202990792e+01,4.134685667384668584e+00,9.875329713382972940e+00,9.813982829926505502e+00,9.803096111281075054e+00
9.797365212297171055e+00,9.796873912470310586e+00,9.795977215591882725e+00,-8.684382135611867781e+00,-2.265120745556956905e+01,-1.929449784106887833e+01,-9.455163456033218949e+00,5.490351643495156253e+00,9.868852324149331778e+00,9.813208549528347646e+00,9.803042718193649918e+00
9.797374738408965555e+00,9.796891340088286881e+00,9.796009084678868106e+00,-1.303560739176129246e+00,-7.158670070794915574e+00,-5.487526095791860570e+00,-6.234158978970310017e-01,7.268472719203376897e+00,9.855985978541232484e+00,9.811722765695966686e+00,9.802743657847436509e+00
9.797407556324184696e+00,9.796951356763567986e+00,9.796118765452744626e+00,4.899992939014129689e+00,2.853844360573236649e+00,3.511599160510859186e+00,5.439144880384005454e+00,8.694822873119628426e+00,9.840450847619120367e+00,9.809777866938835800e+00,9.802442820765101317e+00
9.797442461924337209e+00,9.797015226814746569e+00,9.796235576106894882e+00,8.010322610715910230e+00,7.357349169760144747e+00,7.589333146288021581e+00,8.253665494992684870e+00,9.404405244176835765e+00,9.826502530018201398e+00,9.807251795506781278e+00,9.802023836983622118e+00
