9.797496385218769532e+00,9.797114252669347323e+00,9.796416863214501447e+00,9.795150176347448223e+00,-4.926534853390973723e+01,-4.369800870309575913e+01,-2.453918346029711728e+01,2.547045655131323638e+00,9.874650849883956027e+00,9.814254172872784565e+00,9.803211434495162635e+00
9.797331708295278219e+00,9.796813062905572522e+00,9.795866432884219321e+00,-4.740281418449080064e+01,-4.848200089136472712e+01,-4.390356383152950315e+01,-2.432192172427238575e+01,2.563782599739091950e+00,9.874721991590330816e+00,9.814259667404032328e+00,9.803212789570904917e+00
9.797331824511571696e+00,9.796813257655839990e+00,9.795866776070564441e+00,-5.252347628990078476e+01,-5.098725750950575275e+01,-4.382558489567068705e+01,-2.420081200609782002e+01,2.599115324279825945e+00,9.876438768211176722e+00,9.814375621685009321e+00,9.803249630635917811e+00
9.797327786260652260e+00,9.796805870983089193e+00,9.795853271129933759e+00,-5.050559716031278157e+01,-5.065615353664665577e+01,-4.359568659090948728e+01,-2.433212751741853808e+01,2.680572586050358197e+00,9.877231219041812338e+00,9.814534805438013265e+00,9.803300630645606972e+00
9.797321910007065426e+00,9.796795133074573059e+00,9.795833655203777468e+00,-5.174157502680039045e+01,-4.984214888760117645e+01,-4.296577921495303798e+01,-2.417621975615147889e+01,2.872601862491011016e+00,9.878092052792577960e+00,9.814346723178456244e+00,9.803234410544634514e+00
9.797333902498795766e+00,9.796817074530379088e+00,9.795873760520050766e+00,-1.734755754487579793e+01,-4.762421252435472496e+01,-4.117346205762347466e+01,-2.313560892623541676e+01,3.242126533097454466e+00,9.878166287835224324e+00,9.814369612555882583e+00,9.803232114366183581e+00
9.797341206015397930e+00,9.796830439317641748e+00,9.795898204096289419e+00,-1.453053747115463779e+01,-4.212167262145862168e+01,-3.654646815158280049e+01,-2.048609281394263348e+01,3.934585055753173854e+00,9.876872896304027094e+00,9.814035532611274704e+00,9.803111727982878776e+00
9.797364838526778641e+00,9.796873659481081020e+00,9.795977201789817457e+00,-1.027519243878877830e+01,-3.081528473468747720e+01,-2.655304444391450147e+01,-1.420863184262407941e+01,5.118130710518475013e+00,9.872187131127027726e+00,9.813464850408305296e+00,9.803117989631362050e+00
9.797374022738212673e+00,9.796890467904074029e+00,9.796007958408585736e+00,-3.894034170641551995e+00,-1.462127925263735406e+01,-1.220799913573530837e+01,-4.950767174706336426e+00,6.796037337649877053e+00,9.861664051752526916e+00,9.812167180405557687e+00,9.802878082001059923e+00
9.797407234508648699e+00,9.796951216475404678e+00,9.796118997513591609e+00,-1.477998467893081980e+00,-1.318469075815420055e+00,-1.713201719639911857e-01,3.068478384063068276e+00,8.364708384739925506e+00,9.846541989710981824e+00,9.810288034217263586e+00,9.802410317790476668e+00
9.797463104550864443e+00,9.797053409386046852e+00,9.796305782523857530e+00,9.794948007592642725e+00,5.768411916683193752e+00,6.132798692633516069e+00,7.309821642193795377e+00,9.260445747244816062e+00,9.831772092059113177e+00,9.808103990547856199e+00,9.802159011644956621e+00
