5.542535292169715433e+01,5.542512700341102061e+01,5.542471495848357677e+01,5.542396808598395808e+01,5.542264122258061576e+01,2.100673687231077125e+01,2.542885019812528213e+01,5.155638969733555399e+01,5.550626471730708289e+01,5.544026772903094979e+01,5.543054416345778179e+01
5.542518387544586744e+01,5.542481793974565818e+01,5.542415042095534261e+01,5.542293986342132683e+01,2.072526387381886792e+01,4.676561620340812020e+00,2.556926175965757153e+01,5.156554514484593454e+01,5.550608121656006944e+01,5.544023046692345247e+01,5.543053141405546569e+01
5.542518519771013530e+01,5.542482035724415823e+01,5.542415483714817270e+01,5.542294790860361786e+01,2.040307784068129493e+01,5.253922561024818805e+00,2.585236421271068963e+01,5.159969453558200314e+01,5.550650777821675774e+01,5.544030179404855829e+01,5.543055499817543108e+01
5.542518335662965256e+01,5.542481699049464794e+01,5.542414868793046878e+01,5.542293671705633074e+01,2.117216535226804552e+01,6.961414335894495764e+00,2.670273318074399072e+01,5.168965191410569560e+01,5.550664429362137042e+01,5.544031364497577385e+01,5.543055818938582746e+01
5.542518365980787109e+01,5.542481754441153896e+01,5.542414970011095221e+01,5.542293856866585600e+01,2.326633343740658688e+01,1.108439844009876474e+01,2.867627530856238849e+01,5.189961681324142262e+01,5.550613735834772910e+01,5.544018356996163277e+01,5.543051221229914916e+01
5.542518951229860136e+01,5.542482824583292711e+01,5.542416925101996839e+01,5.542297420047592027e+01,2.701476098342796561e+01,1.880302280330656828e+01,3.265239003256837691e+01,5.230203658156757740e+01,5.550453310358934544e+01,5.544004431259784837e+01,5.543046076887948459e+01
5.542519765481598171e+01,5.542484313433208598e+01,5.542419645781463089e+01,5.542302382221970447e+01,3.324633644545700406e+01,3.005368364274973914e+01,3.896683549573651817e+01,5.302761957313887820e+01,5.549772561707064256e+01,5.543943099952164744e+01,5.543025302105942842e+01
5.542521763501549259e+01,5.542487966450386239e+01,5.542426318611770597e+01,5.542314535621656546e+01,4.300605940522589776e+01,4.291618958798827066e+01,4.614114119307937756e+01,5.403660717189094953e+01,5.548491275201498496e+01,5.543799409194843975e+01,5.543014876864604901e+01
5.542522799367386455e+01,5.542489860807442881e+01,5.542429780611171708e+01,5.542320846952438274e+01,4.994940817432363644e+01,5.003175689008240568e+01,5.147440026518947320e+01,5.483256226017032020e+01,5.546876830119450119e+01,5.543592796805630485e+01,5.542976297320794288e+01
5.542526324559614181e+01,5.542496306912924808e+01,5.542441558152518866e+01,5.542342304665109509e+01,5.352487216053494024e+01,5.347337746679085058e+01,5.401917858228485869e+01,5.521754914566565731e+01,5.545486240916966381e+01,5.543401366514765982e+01,5.542935090252488806e+01
5.542530081764486738e+01,5.542503179100188504e+01,5.542454120311073495e+01,5.542365212390384954e+01,5.478747599586480987e+01,5.477387407432566135e+01,5.496171875128162299e+01,5.536579811135301554e+01,5.544253631506303748e+01,5.543182656649000251e+01,5.542886481353404804e+01
