1.385623453272344285e+01,1.385609245534923417e+01,1.385583364931802386e+01,1.385536641415544068e+01,1.385454729047773981e+01,-2.913739929155976682e+01,-4.523442720210486989e+00,1.365783860588839360e+01,1.390928504099145968e+01,1.386714827647650594e+01,1.386060232650831736e+01
1.385612825364153977e+01,1.385589815228191668e+01,1.385547879569256224e+01,1.385472047766203119e+01,-3.937696931487037943e+01,-3.048506954462765606e+01,-4.453784437273275998e+00,1.365538637404838873e+01,1.390883762940916313e+01,1.386705999438900960e+01,1.386056809268609591e+01
1.385613034930341847e+01,1.385590198469526513e+01,1.385548579547821646e+01,1.385473321025539661e+01,1.385340659871613056e+01,-2.834960772925977679e+01,-4.181177861289585351e+00,1.365852586966297899e+01,1.390835561195936876e+01,1.386696242162007664e+01,1.386053001444821575e+01
1.385613285351699631e+01,1.385590656345955907e+01,1.385549415516766736e+01,1.385474840786949180e+01,1.385343385185885978e+01,-2.702316803516666965e+01,-3.692670463564661887e+00,1.366657337160621566e+01,1.390813237144428527e+01,1.386713672965295530e+01,1.386059784489230751e+01
1.385612853933627520e+01,1.385589867665892783e+01,1.385547975668559317e+01,1.385472223461532337e+01,-3.343513730417232210e+01,-2.571524271076326329e+01,-2.780974966183832997e+00,1.368378735149775238e+01,1.390784221798120868e+01,1.386706212114661874e+01,1.386056746786010407e+01
1.385613149550049883e+01,1.385590407883343111e+01,1.385548961837452708e+01,1.385474017704964211e+01,1.385341925144738795e+01,-1.136945142372744133e+00,-1.130866073674985373e-01,1.372377179364346489e+01,1.390543300763176227e+01,1.386675676057310902e+01,1.386044603659905938e+01
1.385614123166736178e+01,1.385592187888476090e+01,1.385552212336771660e+01,1.385479932388000535e+01,1.385352565868156205e+01,-7.760738588199238563e+00,3.525527448362201000e+00,1.375717687411347789e+01,1.390103391108407394e+01,1.386624246972738028e+01,1.386043959970488615e+01
1.385614255753521995e+01,1.385592430437099765e+01,1.385552655919558518e+01,1.385480742788861974e+01,1.385354040840415024e+01,7.117061010377955022e+00,8.302814984119667230e+00,1.381800735851295059e+01,1.389293151908012547e+01,1.386521667190398333e+01,1.386020542230331998e+01
1.385616141263383128e+01,1.385595877761007344e+01,1.385558952008776146e+01,1.385492202505813708e+01,1.385374668745887483e+01,1.082555487341277534e+01,1.159231570764732666e+01,1.385175384034069523e+01,1.388278948305588756e+01,1.386363834869442258e+01,1.385987762981121563e+01
1.385618703649194927e+01,1.385600562779012535e+01,1.385567509150317989e+01,1.385507778718774219e+01,1.385402704685154163e+01,1.227914803747383843e+01,1.302923936653484915e+01,1.386300299687643722e+01,1.387413501362869539e+01,1.386222963115214135e+01,1.385954025836611336e+01
1.385621467973464860e+01,1.385605618023091523e+01,1.385576745708544522e+01,1.385524603793441756e+01,1.385433039070879069e+01,1.344472375926612173e+01,1.358774259898199688e+01,1.386394920941649289e+01,1.386719403694198505e+01,1.386100313903268244e+01,1.385938938877843540e+01
