5.542534227161340965e+01,5.542510753420200587e+01,5.542467940411670924e+01,5.542390337523457333e+01,6.061610791807392928e+00,1.093083881144581504e+01,2.656195802561849462e+01,5.154252114367657356e+01,5.550649608351434239e+01,5.544031396705133119e+01,5.543055993695564609e+01
5.542518226835883866e+01,5.542481500083211188e+01,5.542414505188332896e+01,5.542293008248125830e+01,2.059331498364086954e+01,1.129796214341062210e+01,2.667111677310953155e+01,5.155287323977465519e+01,5.550598868947399467e+01,5.544022124079004499e+01,5.543052876802857298e+01
5.542518509054455222e+01,5.542482016121080335e+01,5.542415447833127473e+01,5.542294724903779723e+01,2.020968377259335114e+01,1.160750035049896844e+01,2.688215805880983567e+01,5.158621960426540198e+01,5.550608634478311387e+01,5.544023451104695255e+01,5.543053294811370080e+01
5.542518492083337378e+01,5.542481985064818417e+01,5.542415391083433462e+01,5.542294621742369998e+01,2.079486161468744498e+01,1.239642048216154002e+01,2.736557021189797823e+01,5.167812548138891771e+01,5.550643802512563241e+01,5.544028314296019744e+01,5.543054835644696254e+01
5.542518422982611526e+01,5.542481858726891630e+01,5.542415160438500266e+01,5.542294202943504899e+01,2.302345129996836093e+01,1.415526787211725690e+01,2.849044760209372384e+01,5.188798775120868356e+01,5.550622729719151494e+01,5.544020524524943028e+01,5.543051980752144914e+01
5.542518858766326417e+01,5.542482655511471279e+01,5.542416616220150161e+01,5.542296857159392687e+01,2.744308815208717789e+01,1.860484377163980696e+01,3.149171145713623332e+01,5.230415263516943014e+01,5.550415604968908667e+01,5.543998820702853436e+01,5.543044272509615666e+01
5.542519866756337166e+01,5.542484498566440720e+01,5.542419983723917198e+01,5.542302996180984564e+01,3.390111480041046832e+01,2.850056067341550303e+01,3.787755332516513818e+01,5.309931806541979427e+01,5.549678391340928130e+01,5.543926968827612711e+01,5.543040080808080461e+01
5.542520367993677866e+01,5.542485415259540105e+01,5.542421659230109299e+01,5.542306052234235381e+01,4.375028832437803317e+01,4.385358904874493646e+01,4.578066578132646924e+01,5.414364064423611467e+01,5.548337343903409646e+01,5.543790120422272594e+01,5.543011502787077660e+01
5.542523078964335070e+01,5.542490372207355165e+01,5.542430715027923327e+01,5.542322549028597223e+01,5.066056749597379394e+01,5.053406565129225214e+01,5.147428344760946572e+01,5.490288994647888643e+01,5.546714936133460583e+01,5.543573465813997103e+01,5.542968383192722115e+01
5.542527132954872116e+01,5.542497785297350532e+01,5.542444259509804994e+01,5.542347227765563389e+01,5.371101979047997332e+01,5.366319533797280172e+01,5.403989499809047459e+01,5.525049875151786694e+01,5.545374510557816450e+01,5.543383993954420674e+01,5.542926830941264882e+01
5.542531215326222593e+01,5.542505252292787077e+01,5.542457909558140727e+01,5.542372124508359121e+01,5.484165270721273799e+01,5.473985537984221139e+01,5.497693667973317844e+01,5.537318009563693977e+01,5.544379606249692927e+01,5.543206555636011501e+01,5.542898977339061162e+01
