1.385623572412764304e+01,1.385609463072526282e+01,1.385583760481782534e+01,1.385537351370065196e+01,1.385455949642093287e+01,-2.395983147855307038e+01,-3.871730968488646951e+00,1.365080222020247902e+01,1.390939963363040022e+01,1.386717895570495429e+01,1.386061491899089404e+01
1.385612694020023383e+01,1.385589575354474690e+01,1.385547441585715234e+01,1.385471250278847144e+01,-7.201290757483459259e+00,-2.461540919932244975e+01,-3.743940506451062689e+00,1.364812799868224147e+01,1.390893049875712073e+01,1.386708617650514341e+01,1.386057890175515617e+01
1.385612916424180341e+01,1.385589981944824522e+01,1.385548183895713947e+01,1.385472599596217691e+01,-3.152178290615493239e+01,-2.473831671538096089e+01,-3.640914923164591421e+00,1.365311040015369493e+01,1.390886865900296776e+01,1.386707053911003129e+01,1.386057254153699603e+01
1.385612978497382741e+01,1.385590095483995654e+01,1.385548391359616893e+01,1.385472977618655221e+01,1.385340037916652989e+01,-2.222976401258997114e+01,-3.301590206147050566e+00,1.366014646807313326e+01,1.390834585027334391e+01,1.386696211188763073e+01,1.386052999439591815e+01
1.385613275305660963e+01,1.385590637925945146e+01,1.385549381483157916e+01,1.385474777423977955e+01,1.385343266502654203e+01,-2.022776312552824507e+01,-2.447757226678198172e+00,1.367711220495984392e+01,1.390767254349827908e+01,1.386703534895071499e+01,1.386055770706541779e+01
1.385613159850296938e+01,1.385590426925966412e+01,1.385548996491560558e+01,1.385474079211858900e+01,1.385342026156360973e+01,-1.059474230699916752e+00,-2.064615171760357804e-01,1.372074215273672593e+01,1.390542428783378170e+01,1.386675778710078077e+01,1.386044666896390964e+01
1.385614100569664764e+01,1.385592146782455103e+01,1.385552137351307067e+01,1.385479795776004153e+01,1.385352318923347603e+01,-7.995261833862924661e+00,2.756908095130569336e+00,1.375754624211418253e+01,1.390149408816936827e+01,1.386633418394774964e+01,1.386047633570109916e+01
1.385614082498828026e+01,1.385592113997985919e+01,1.385552078748171212e+01,1.385479696152198770e+01,1.385352179628196012e+01,1.834896355369631582e+00,7.425024463966659383e+00,1.380759727230021383e+01,1.389385623609475218e+01,1.386522760341566141e+01,1.386021104316374242e+01
1.385616033505305467e+01,1.385595680786636308e+01,1.385558591842260512e+01,1.385491544655356577e+01,1.385373473026202973e+01,1.030411623299070811e+01,1.113644290003512971e+01,1.385160406496352792e+01,1.388404941054888830e+01,1.386376255744388608e+01,1.385993651972497176e+01
1.385618387431621201e+01,1.385599984868765944e+01,1.385566454177994622e+01,1.385505862005375732e+01,1.385399278603190965e+01,1.201316288350550998e+01,1.284406442530865888e+01,1.386176761879677777e+01,1.387542618561321994e+01,1.386245335140430512e+01,1.385966219655552223e+01
1.385620599057695301e+01,1.385604029398690606e+01,1.385573844367760721e+01,1.385519324631926708e+01,1.385423551129789743e+01,1.335067384160704762e+01,1.352439528407490954e+01,1.386393417737335199e+01,1.386817055813376243e+01,1.386122029024252100e+01,1.385933301414850050e+01
