9.797504710869819888e+00,9.797129265924514385e+00,9.796444066737990397e+00,9.795199475025166080e+00,-4.547963458294496064e+01,-4.260758419832036026e+01,-2.584737317315923377e+01,2.551591858471641938e+00,9.876185378495559775e+00,9.814167531149955437e+00,9.803175994282993244e+00
9.797341087397551718e+00,9.796829929240310264e+00,9.795896964267159390e+00,-5.695582346140097485e+01,-5.422191220475213669e+01,-4.611804888194901508e+01,-2.580038875553870170e+01,2.566412520659365093e+00,9.876166794442610808e+00,9.814147257759234577e+00,9.803168765435311016e+00
9.797342466262573879e+00,9.796832467918306975e+00,9.795901627480070317e+00,-5.661930106895551518e+01,-5.390848360428769581e+01,-4.589686836103922474e+01,-2.570397708873475295e+01,2.601902336847702113e+00,9.877475631571501324e+00,9.814443124433251953e+00,9.803265002639999892e+00
9.797330321957057109e+00,9.796810275132129320e+00,9.795861085403862134e+00,-5.576468101323219173e+01,-5.312916697757120232e+01,-4.533644921227183744e+01,-2.547166555952894385e+01,2.682932568994338851e+00,9.878198999932493507e+00,9.814346631179924785e+00,9.803233402180964617e+00
9.797334501773427462e+00,9.796817960335658881e+00,9.795875162367050137e+00,-5.384060640582780621e+01,-5.135945137113026249e+01,-4.396560010851515443e+01,-2.488709215881592129e+01,2.866410785451238397e+00,9.878799239214894001e+00,9.814330202178181750e+00,9.803222155321785536e+00
9.797340192720142227e+00,9.796828397390694221e+00,9.795894268024795792e+00,-1.832565808802212715e+01,-4.778079348619121447e+01,-4.115255180609226926e+01,-2.337671679193169538e+01,3.236612700352940131e+00,9.878870010057630324e+00,9.814374824655297758e+00,9.803227735341019766e+00
9.797345933165210852e+00,9.796838913124199522e+00,9.795913512613102725e+00,-1.507656009667369545e+01,-4.071468092508175829e+01,-3.527333866930216288e+01,-1.978571187167972312e+01,3.957041179441818102e+00,9.876784826414153784e+00,9.813991166824383328e+00,9.803096292965662428e+00
9.797367302603234407e+00,9.796877988097127954e+00,9.795984923236538577e+00,-9.962525806122007666e+00,-2.805570226626924324e+01,-2.422309534755093807e+01,-1.277560255476327455e+01,5.237542361688145576e+00,9.871076534623579590e+00,9.813309364846096727e+00,9.803069799086207681e+00
9.797376693787567703e+00,9.796895171152174342e+00,9.796016351333555860e+00,-2.939816965000371596e+00,-1.206766003835606327e+01,-9.796726531225154133e+00,-3.427381932143678256e+00,6.994563197358937501e+00,9.859667731657680179e+00,9.812037584508876975e+00,9.802837710578636177e+00
9.797408254261918970e+00,9.796952895088917757e+00,9.796121861475477033e+00,1.547889952726890783e-01,3.188746814360037263e-01,1.273136157857775785e+00,3.952271704099470373e+00,8.516102337807271994e+00,9.844335240155432487e+00,9.810022736486773809e+00,9.802516967751156329e+00
9.797447922591798530e+00,9.797025460933078023e+00,9.796254533394522568e+00,6.325414053205529186e+00,6.384258151163068717e+00,6.723289249676936308e+00,7.675207293095255068e+00,9.329875554061866083e+00,9.830022997022666686e+00,9.807851468506923354e+00,9.802057960499729106e+00
