1.385623756386193328e+01,1.385609800401279657e+01,1.385584377863216332e+01,1.385538478229119974e+01,1.385457992110514880e+01,-2.841080970797856153e+01,-4.550676355461519940e+00,1.366030669322021218e+01,1.390946066111633073e+01,1.386718160885558326e+01,1.386061514285675145e+01
1.385612756621580033e+01,1.385589690586051859e+01,1.385547653060583428e+01,1.385471637331963635e+01,-7.236467774881690573e+00,-2.948972211368875662e+01,-4.483006942767263858e+00,1.365453691793364754e+01,1.390896559016318612e+01,1.386708754390370757e+01,1.386057896380289378e+01
1.385612953993047292e+01,1.385590051418286706e+01,1.385548311792212672e+01,1.385472834173205925e+01,1.385339783361462196e+01,-2.817737312744008804e+01,-4.301323956370814550e+00,1.365619586329021118e+01,1.390853793572737374e+01,1.386700166076372298e+01,1.386054551568674675e+01
1.385613169028474800e+01,1.385590444503056062e+01,1.385549029511843599e+01,1.385474139249917869e+01,1.385342124276990461e+01,-2.656840850791921582e+01,-3.823362926513121707e+00,1.366566616292545788e+01,1.390821179612012237e+01,1.386715392007021741e+01,1.386060461417497081e+01
1.385612804938078568e+01,1.385589778774300029e+01,1.385547814115341225e+01,1.385471930379006977e+01,-3.279107617934596419e+01,-2.547738884078961519e+01,-2.671831344365152461e+00,1.368474240347152815e+01,1.390776771586393323e+01,1.386704793277469250e+01,1.386056203189120950e+01
1.385613178185749561e+01,1.385590461204833446e+01,1.385549060143489086e+01,1.385474197231425109e+01,1.385342246814746581e+01,-7.804929945482772524e-01,-9.359571131005184341e-02,1.372415069659576226e+01,1.390532780791042100e+01,1.386673667760508266e+01,1.386043837595664385e+01
1.385614160411595464e+01,1.385592256914461728e+01,1.385552339243888120e+01,1.385480163620224836e+01,1.385352978752621667e+01,3.081811379504808102e+00,3.683801021407062670e+00,1.376687723599136071e+01,1.390118660424795749e+01,1.386626067788731831e+01,1.386044570230488837e+01
1.385614322898827844e+01,1.385592554286559341e+01,1.385552883635125454e+01,1.385481161468974776e+01,1.385354814713041449e+01,7.000726854311633218e+00,8.049090410547817598e+00,1.381415477077652376e+01,1.389319089005294039e+01,1.386506574144752690e+01,1.386014076804323736e+01
1.385616526091854261e+01,1.385596582056039949e+01,1.385560238207545680e+01,1.385494539256265867e+01,1.385378848138613250e+01,1.060737269561332674e+01,1.148553034122078742e+01,1.385022485621172628e+01,1.388330131835962433e+01,1.386378439384582606e+01,1.385994831906908331e+01
1.385618210751323076e+01,1.385599662758328421e+01,1.385565866936651247e+01,1.385504793434390791e+01,1.385397346849751443e+01,1.220974441350768025e+01,1.298503031459175006e+01,1.386112520011883120e+01,1.387470744676857848e+01,1.386243992409790415e+01,1.385965607779663245e+01
1.385620551022583768e+01,1.385603942844204362e+01,1.385573688153868588e+01,1.385519042935844425e+01,1.385423042478267064e+01,1.343031404424050734e+01,1.357260077646919783e+01,1.386399251462230353e+01,1.386740648862985026e+01,1.386089725184666577e+01,1.385932179516156992e+01
