1.385623395241238853e+01,1.385609139745006146e+01,1.385583169061887432e+01,1.385536264933729278e+01,1.385453930514025878e+01,-2.779828416581024086e+01,-4.486410663914790931e+00,1.365629357489677531e+01,1.390929112867093664e+01,1.386715184981472504e+01,1.386060392693201138e+01
1.385612800609034245e+01,1.385589771170474549e+01,1.385547800272877872e+01,1.385471904622438544e+01,-7.598854904187769321e+00,-2.903161352320459798e+01,-4.400463064548940650e+00,1.365287827747594207e+01,1.390902113087285130e+01,1.386710035957945308e+01,1.386058410809727270e+01
1.385612909997280084e+01,1.385589971150935185e+01,1.385548165387424291e+01,1.385472568143459959e+01,-3.726077372121198295e+01,-2.907350854427759046e+01,-4.343439524479006053e+00,1.365719918796666832e+01,1.390868793612350096e+01,1.386702960649516214e+01,1.386055621826381135e+01
1.385613114793781797e+01,1.385590345449418592e+01,1.385548848767080621e+01,1.385473811130966126e+01,1.385341539202150862e+01,-2.624537575172129422e+01,-3.833672447124357063e+00,1.366686380218366459e+01,1.390834284357942607e+01,1.386695526818544444e+01,1.386052681398547648e+01
1.385613337525231792e+01,1.385590752442413987e+01,1.385549591603673392e+01,1.385475161656452059e+01,1.385343964287189600e+01,-2.305514050785815172e+01,-2.812926170468315945e+00,1.368298063932679653e+01,1.390779804249622487e+01,1.386705525432571307e+01,1.386056498113702418e+01
1.385613151978937552e+01,1.385590413231304474e+01,1.385548972464840745e+01,1.385474037645212597e+01,1.385341959930551070e+01,-9.822492742207464822e-01,-3.273289781436066193e-01,1.372432097657201844e+01,1.390548077707390107e+01,1.386676608771207064e+01,1.386044961498263106e+01
1.385614105237045379e+01,1.385592155739973030e+01,1.385552154318489571e+01,1.385479827896504901e+01,1.385352381170888236e+01,-7.998907626023505912e+00,3.126360927402597412e+00,1.375840278214907464e+01,1.390131450213578290e+01,1.386629669729998326e+01,1.386046116110922100e+01
1.385614168238592825e+01,1.385592271573521472e+01,1.385552367217738379e+01,1.385480220823102826e+01,1.385353117311493421e+01,6.570569521185487538e+00,7.797298124167770794e+00,1.381548913301073966e+01,1.389377438291504951e+01,1.386519433762196307e+01,1.386019540518330473e+01
1.385616237261275430e+01,1.385596054234558139e+01,1.385559275094514575e+01,1.385492791031622062e+01,1.385375728754156022e+01,1.036591092894725108e+01,1.123004909579626087e+01,1.384632136706025385e+01,1.388412361515385385e+01,1.386380213103441861e+01,1.385995760039385516e+01
1.385618092150228797e+01,1.385599445710565547e+01,1.385565469899179902e+01,1.385504068282866541e+01,1.385396030442630000e+01,1.246534354432231950e+01,1.290539230802322201e+01,1.386110977149728996e+01,1.387475751789630252e+01,1.386244052871128929e+01,1.385965447010174501e+01
1.385620712755249073e+01,1.385604238091381646e+01,1.385574226524881425e+01,1.385520022107514571e+01,1.385424813976170455e+01,1.335873851696812764e+01,1.353771487150183894e+01,1.386204040514813585e+01,1.386798979298792744e+01,1.386117517589047665e+01,1.385930959237288462e+01
