9.797483237166391135e+00,9.797089704397816234e+00,9.796371406472706767e+00,9.795066209734601514e+00,-1.153896382962645184e+01,-2.683474679295771637e+01,-1.520909083326387545e+01,3.864578033376968147e+00,9.869704710998545849e+00,9.814094130825543161e+00,9.803197489776083628e+00
9.797305494773659973e+00,9.796764658561107453e+00,9.795777422482066399e+00,-2.837666341787810964e+01,-3.332566872640185096e+01,-2.840447227379609529e+01,-1.490678721143673258e+01,3.877178097886841535e+00,9.869271937362494640e+00,9.814022653936666174e+00,9.803175341036050483e+00
9.797307508882630245e+00,9.796768350675902681e+00,9.795784180253509277e+00,-2.923777028215372908e+01,-3.322019938526874228e+01,-2.832553040215774942e+01,-1.489916144822793775e+01,3.900352479345387646e+00,9.869734754632185414e+00,9.814220088275311227e+00,9.803243140536856970e+00
9.797296360944075744e+00,9.796747961507508151e+00,9.795746911108887289e+00,-2.891055389699118194e+01,-3.294799863462728240e+01,-2.812067377535040436e+01,-1.485368669779520623e+01,3.959543981441834948e+00,9.869956134358391253e+00,9.814306366353342526e+00,9.803272589271671222e+00
9.797291652464142686e+00,9.796739361578904237e+00,9.795731198734131340e+00,-2.749504686055757929e+01,-3.223588077842372712e+01,-2.755112603434767493e+01,-1.462980253369190287e+01,4.088479144462207060e+00,9.870140804307810711e+00,9.814279447909719067e+00,9.803261087341430979e+00
9.797295075455080493e+00,9.796745625287053727e+00,9.795742647075073251e+00,-3.184631658557209022e+01,-3.038004967466860151e+01,-2.598166990631935747e+01,-1.390647049885062891e+01,4.380881817455547278e+00,9.869581522974000265e+00,9.813997926262100435e+00,9.803163477280202542e+00
9.797311736860891074e+00,9.796776093460014323e+00,9.795798327770397051e+00,-9.510620882120765174e+00,-2.580737408976523639e+01,-2.207971334521678131e+01,-1.157642715150740109e+01,4.944240004039157199e+00,9.867649236560708914e+00,9.813798454180181707e+00,9.803089587498265089e+00
9.797327543710727227e+00,9.796805004404571804e+00,9.795851176396405791e+00,-5.008507960609057896e+00,-1.696359858862212633e+01,-1.435865490875512229e+01,-6.612035478829914048e+00,5.946189553383832482e+00,9.862745648322738035e+00,9.813115212250007602e+00,9.803058086501577506e+00
9.797338976822150158e+00,9.796825924847878397e+00,9.795889444492315690e+00,2.299899672108622894e-01,-5.704921807234073938e+00,-4.276090191158219866e+00,3.219387595741274311e-02,7.375666854929529670e+00,9.853087972651147552e+00,9.811713746025343852e+00,9.802773178906885931e+00
9.797380274307506909e+00,9.796901453858275488e+00,9.796027504986881240e+00,5.241961394132630403e+00,3.008122132001682214e+00,3.622854976266630445e+00,5.464774034273278680e+00,8.676474955024204405e+00,9.839493234854995052e+00,9.809728094076751503e+00,9.802447003734299003e+00
9.797425097729499655e+00,9.796983451837737888e+00,9.796177452360213422e+00,8.085453503883062609e+00,7.338151350286695518e+00,7.558727039128187997e+00,8.217011623389076647e+00,9.384375082187528250e+00,9.826649740851648218e+00,9.807623394650210713e+00,9.802000780361773025e+00
