5.542534227161353044e+01,5.542510753420212666e+01,5.542467940411681582e+01,5.542390337523462307e+01,6.061610791802123366e+00,1.093083881144585767e+01,2.656195802561853014e+01,5.154252114366936866e+01,5.550649608349135633e+01,5.544031396697839398e+01,5.543055993672484050e+01
5.542518226835896655e+01,5.542481500083223267e+01,5.542414505188342844e+01,5.542293008248131514e+01,2.059331498364743496e+01,1.129796214339755167e+01,2.667111677310478512e+01,5.155287323976727976e+01,5.550598868945104414e+01,5.544022124071723567e+01,5.543052876779816529e+01
5.542518509054467302e+01,5.542482016121091704e+01,5.542415447833137421e+01,5.542294724903786118e+01,2.020968377260530957e+01,1.160750035048854834e+01,2.688215805880465936e+01,5.158621960425804787e+01,5.550608634476021308e+01,5.544023451097426403e+01,5.543053294788367680e+01
5.542518492083348747e+01,5.542481985064830496e+01,5.542415391083444121e+01,5.542294621742374972e+01,2.079486161469565886e+01,1.239642048215205961e+01,2.736557021189211270e+01,5.167812548138160622e+01,5.550643802510275293e+01,5.544028314288762971e+01,5.543054835621734355e+01
5.542518422982624315e+01,5.542481858726902999e+01,5.542415160438510213e+01,5.542294202943510584e+01,2.302345129997243234e+01,1.415526787210940540e+01,2.849044760208877847e+01,5.188798775120139339e+01,5.550622729716868520e+01,5.544020524517699045e+01,5.543051980729221384e+01
5.542518858766338496e+01,5.542482655511483358e+01,5.542416616220160108e+01,5.542296857159397661e+01,2.744308815208925978e+01,1.860484377163562897e+01,3.149171145713361497e+01,5.230415263516215418e+01,5.550415604966629246e+01,5.543998820695620822e+01,5.543044272486729795e+01
5.542519866756349245e+01,5.542484498566452800e+01,5.542419983723928567e+01,5.542302996180988828e+01,3.390111480041163361e+01,2.850056067341176202e+01,3.787755332516388052e+01,5.309931806541251120e+01,5.549678391338652261e+01,5.543926968820392176e+01,5.543040080785230828e+01
5.542520367993690655e+01,5.542485415259551473e+01,5.542421659230119957e+01,5.542306052234241065e+01,4.375028832437865134e+01,4.385358904874575359e+01,4.578066578132170150e+01,5.414364064422849765e+01,5.548337343901135910e+01,5.543790120415062006e+01,5.543011502764258580e+01
5.542523078964347860e+01,5.542490372207367244e+01,5.542430715027933275e+01,5.542322549028602197e+01,5.066056749597517239e+01,5.053406565129461114e+01,5.147428344760194108e+01,5.490288994647093546e+01,5.546714936131186136e+01,5.543573465806794331e+01,5.542968383169928615e+01
5.542527132954884905e+01,5.542497785297362611e+01,5.542444259509815652e+01,5.542347227765568363e+01,5.371101979048181363e+01,5.366319533797591390e+01,5.403989499808650976e+01,5.525049875150996570e+01,5.545374510555541292e+01,5.543383993947223587e+01,5.542926830918490566e+01
5.542531215326234673e+01,5.542505252292798446e+01,5.542457909558152096e+01,5.542372124508364095e+01,5.484165270721445040e+01,5.473985537984133032e+01,5.497693667973078391e+01,5.537318009562972065e+01,5.544379606247424164e+01,5.543206555628819387e+01,5.542898977316303188e+01
