1.385622978770685165e+01,1.385608374793940456e+01,1.385581769368771532e+01,1.385533719857431123e+01,1.385449380873805936e+01,-1.695449092833446869e+01,-4.756133235662698411e-01,1.364730712324342932e+01,1.390931474906910204e+01,1.386716654907230506e+01,1.386061045248288792e+01
1.385612689694832511e+01,1.385589564522661377e+01,1.385547418577866097e+01,1.385471203913363425e+01,-6.381794541501717433e+00,-1.787855028218949016e+01,-4.357826832946736229e-01,1.364617729101876620e+01,1.390919051584178234e+01,1.386714296495656207e+01,1.386060139189029883e+01
1.385612738788529619e+01,1.385589654337194787e+01,1.385547582674423062e+01,1.385471502446251435e+01,-6.879681523240982699e+00,-1.768672887405263694e+01,-3.319733046173418689e-01,1.364823531642861099e+01,1.390896112644944438e+01,1.386709578927482234e+01,1.386058291621279359e+01
1.385612865122375403e+01,1.385589885260342236e+01,1.385548004231144859e+01,1.385472268824025655e+01,-6.663413273688497895e+00,-1.706117411383452165e+01,-6.052938603177571153e-02,1.365543073954411568e+01,1.390846003407813214e+01,1.386699021626757400e+01,1.386054135560852707e+01
1.385613165587625417e+01,1.385590434461542131e+01,1.385549006811310591e+01,1.385474091727446400e+01,1.385342025719607761e+01,-2.796182065198479894e+00,8.312253578569013257e-01,1.367995771196968846e+01,1.390766904184651942e+01,1.386703396960405499e+01,1.386055710617135261e+01
1.385613165181622009e+01,1.385590433907184149e+01,1.385549006471245548e+01,1.385474094823015712e+01,1.385342053020215403e+01,-5.602654289368400597e-01,1.696043932740120219e+00,1.371007728556838678e+01,1.390566488240466470e+01,1.386681778258482822e+01,1.386047083630802490e+01
1.385613879094827539e+01,1.385591739027485225e+01,1.385551389677936385e+01,1.385478431417078937e+01,1.385349856676379687e+01,2.382376465289596013e+00,4.621221881327722159e+00,1.376037930490134187e+01,1.390125700017443577e+01,1.386628286765894558e+01,1.386045537066018873e+01
1.385614210304552785e+01,1.385592344825433564e+01,1.385552497292409591e+01,1.385480454052413890e+01,1.385353535059620000e+01,6.671752583773992384e+00,8.341602088079214994e+00,1.380891279649317838e+01,1.389318363390412436e+01,1.386507338008158641e+01,1.386014491567973295e+01
1.385616427792571059e+01,1.385596398694301357e+01,1.385559899380629467e+01,1.385493917458026303e+01,1.385377717487202887e+01,1.055377088249979600e+01,1.149923089511327134e+01,1.384479546332493705e+01,1.388345218814973236e+01,1.386384262112228605e+01,1.385997801178279332e+01
1.385617881251570438e+01,1.385599056611997071e+01,1.385564755848530183e+01,1.385502765489689025e+01,1.385393681549695621e+01,1.258723823137928299e+01,1.299897710931492156e+01,1.385870044401838541e+01,1.387449570402682042e+01,1.386237735669766025e+01,1.385962320538036607e+01
1.385620684689460802e+01,1.385604183158331892e+01,1.385574122009800746e+01,1.385519823269142492e+01,1.385424416681413362e+01,1.341060576452214192e+01,1.356966240476359786e+01,1.386197677838945097e+01,1.386752862757197491e+01,1.386098311816134121e+01,1.385938283961507622e+01
