1.385623395241453615e+01,1.385609139745209184e+01,1.385583169062053699e+01,1.385536264933778128e+01,1.385453930513703114e+01,-2.779828416590388684e+01,-4.486410663934274012e+00,1.365629357472446515e+01,1.390929112812893997e+01,1.386715184809708390e+01,1.386060392150003651e+01
1.385612800609248296e+01,1.385589771170676876e+01,1.385547800273042718e+01,1.385471904622485972e+01,-7.598854904395722087e+00,-2.903161352322690192e+01,-4.400463064642282873e+00,1.365287827730892189e+01,1.390902113033241605e+01,1.386710035786637718e+01,1.386058410267966678e+01
1.385612909997493603e+01,1.385589971151136979e+01,1.385548165387588959e+01,1.385472568143507388e+01,-3.726077372035052093e+01,-2.907350854435112808e+01,-4.343439524529564721e+00,1.365719918779753073e+01,1.390868793558436067e+01,1.386702960478659286e+01,1.386055621286051576e+01
1.385613114793994782e+01,1.385590345449620031e+01,1.385548848767244934e+01,1.385473811131013910e+01,1.385341539201829164e+01,-2.624537575149072310e+01,-3.833672447162374652e+00,1.366686380201725548e+01,1.390834284304177970e+01,1.386695526648137289e+01,1.386052680859635444e+01
1.385613337525444244e+01,1.385590752442614715e+01,1.385549591603837172e+01,1.385475161656499310e+01,1.385343964286868257e+01,-2.305514050725422237e+01,-2.812926170518379898e+00,1.368298063916409291e+01,1.390779804196007952e+01,1.386705525262605576e+01,1.386056497576181279e+01
1.385613151979149649e+01,1.385590413231505025e+01,1.385548972465004169e+01,1.385474037645259848e+01,1.385341959930230615e+01,-9.822492743945097082e-01,-3.273289781798012221e-01,1.372432097640534465e+01,1.390548077653899739e+01,1.386676608601674765e+01,1.386044960962117756e+01
1.385614105237256766e+01,1.385592155740173226e+01,1.385552154318652995e+01,1.385479827896552507e+01,1.385352381170569203e+01,-7.998907625691298762e+00,3.126360927383566413e+00,1.375840278198555566e+01,1.390131450160226478e+01,1.386629669560861444e+01,1.386046115576004567e+01
1.385614168238804211e+01,1.385592271573721135e+01,1.385552367217901448e+01,1.385480220823150077e+01,1.385353117311174387e+01,6.570569521163816873e+00,7.797298124302333377e+00,1.381548913284411917e+01,1.389377438238211582e+01,1.386519433593398887e+01,1.386019539984502735e+01
1.385616237261486461e+01,1.385596054234757801e+01,1.385559275094678178e+01,1.385492791031670912e+01,1.385375728753841074e+01,1.036591092910314771e+01,1.123004909570979137e+01,1.384632136689297965e+01,1.388412361462194511e+01,1.386380212934932032e+01,1.385995759506433522e+01
1.385618092150439296e+01,1.385599445710764854e+01,1.385565469899342972e+01,1.385504068282914858e+01,1.385396030442315407e+01,1.246534354430751179e+01,1.290539230797529768e+01,1.386110977133033373e+01,1.387475751736534235e+01,1.386244052702851270e+01,1.385965446477914043e+01
1.385620712755458328e+01,1.385604238091579532e+01,1.385574226525043073e+01,1.385520022107561644e+01,1.385424813975853731e+01,1.335873851695715153e+01,1.353771487145136376e+01,1.386204040498066448e+01,1.386798979245742558e+01,1.386117517420952616e+01,1.385930958705591109e+01
