1.385623395241433009e+01,1.385609139745189466e+01,1.385583169062037534e+01,1.385536264933773332e+01,1.385453930513734200e+01,-2.779828416589550244e+01,-4.486410663932304033e+00,1.365629357474106875e+01,1.390929112818121993e+01,1.386715184826279135e+01,1.386060392202422165e+01
1.385612800609227691e+01,1.385589771170657158e+01,1.385547800273026908e+01,1.385471904622481354e+01,-7.598854904375091479e+00,-2.903161352322476318e+01,-4.400463064633217236e+00,1.365287827732503700e+01,1.390902113038459120e+01,1.386710035803178620e+01,1.386058410320290335e+01
1.385612909997472997e+01,1.385589971151117439e+01,1.385548165387573150e+01,1.385472568143502947e+01,-3.726077372043475577e+01,-2.907350854434400844e+01,-4.343439524524677964e+00,1.365719918781386966e+01,1.390868793563645411e+01,1.386702960495170345e+01,1.386055621338280730e+01
1.385613114793974177e+01,1.385590345449600491e+01,1.385548848767229302e+01,1.385473811131009469e+01,1.385341539201860250e+01,-2.624537575151369495e+01,-3.833672447158718022e+00,1.366686380203334039e+01,1.390834284309377367e+01,1.386695526664618505e+01,1.386052680911770985e+01
1.385613337525423816e+01,1.385590752442595353e+01,1.385549591603821540e+01,1.385475161656494691e+01,1.385343964286899343e+01,-2.305514050731319387e+01,-2.812926170513533108e+00,1.368298063917983320e+01,1.390779804201196868e+01,1.386705525279057660e+01,1.386056497628224626e+01
1.385613151979129398e+01,1.385590413231485662e+01,1.385548972464988537e+01,1.385474037645255407e+01,1.385341959930261524e+01,-9.822492743775725899e-01,-3.273289781763333295e-01,1.372432097642148108e+01,1.390548077659080839e+01,1.386676608618098250e+01,1.386044961014069798e+01
1.385614105237236515e+01,1.385592155740154041e+01,1.385552154318637363e+01,1.385479827896547889e+01,1.385352381170600111e+01,-7.998907625723870041e+00,3.126360927385392507e+00,1.375840278200140077e+01,1.390131450165397808e+01,1.386629669577258817e+01,1.386046115627875075e+01
1.385614168238783606e+01,1.385592271573701950e+01,1.385552367217885816e+01,1.385480220823145459e+01,1.385353117311205295e+01,6.570569521165944060e+00,7.797298124289133270e+00,1.381548913286027691e+01,1.389377438243380780e+01,1.386519433609773877e+01,1.386019540036300945e+01
1.385616237261466210e+01,1.385596054234738617e+01,1.385559275094662368e+01,1.385492791031666293e+01,1.385375728753871627e+01,1.036591092908791722e+01,1.123004909571822374e+01,1.384632136690920845e+01,1.388412361467356604e+01,1.386380212951287660e+01,1.385995759558173290e+01
1.385618092150419045e+01,1.385599445710745492e+01,1.385565469899327340e+01,1.385504068282910239e+01,1.385396030442345960e+01,1.246534354430896840e+01,1.290539230797995884e+01,1.386110977134653766e+01,1.387475751741689578e+01,1.386244052719191444e+01,1.385965446529607803e+01
1.385620712755438078e+01,1.385604238091560703e+01,1.385574226525027441e+01,1.385520022107557025e+01,1.385424813975884639e+01,1.335873851695822978e+01,1.353771487145626651e+01,1.386204040499692880e+01,1.386798979250895059e+01,1.386117517437280711e+01,1.385930958757247566e+01
