9.797496385217623782e+00,9.797114252668233547e+00,9.796416863213481818e+00,9.795150176346723470e+00,-4.926534853393763314e+01,-4.369800870308770158e+01,-2.453918346029355746e+01,2.547045655171815692e+00,9.874650850018097614e+00,9.814254173299266526e+00,9.803211435845739175e+00
9.797331708294127139e+00,9.796813062904449865e+00,9.795866432883190811e+00,-4.740281418604448049e+01,-4.848200089269185753e+01,-4.390356383158743370e+01,-2.432192172387476248e+01,2.563782599779536042e+00,9.874721991724674908e+00,9.814259667829952960e+00,9.803212790919497266e+00
9.797331824510418841e+00,9.796813257654712004e+00,9.795866776069525272e+00,-5.252347629008715302e+01,-5.098725750949733282e+01,-4.382558489567896487e+01,-2.420081200616060357e+01,2.599115324319351661e+00,9.876438768344684149e+00,9.814375622110175001e+00,9.803249631982447809e+00
9.797327786259501181e+00,9.796805870981970088e+00,9.795853271128908801e+00,-5.050559716125528809e+01,-5.065615353664532705e+01,-4.359568659090954412e+01,-2.433212751739411672e+01,2.680572586091648724e+00,9.877231219175319765e+00,9.814534805862576761e+00,9.803300631990127911e+00
9.797321910005917900e+00,9.796795133073453954e+00,9.795833655202750734e+00,-5.174157502687528165e+01,-4.984214888760389073e+01,-4.296577921496697172e+01,-2.417621975614330410e+01,2.872601862532255801e+00,9.878092052925886435e+00,9.814346723602380251e+00,9.803234411887137512e+00
9.797333902497648239e+00,9.796817074529261760e+00,9.795873760519027584e+00,-1.734755754473806633e+01,-4.762421252447735043e+01,-4.117346205765963418e+01,-2.313560892624752796e+01,3.242126533139014555e+00,9.878166287968303649e+00,9.814369612979174207e+00,9.803232115706693506e+00
9.797341206014253956e+00,9.796830439316527972e+00,9.795898204095268014e+00,-1.453053747103330906e+01,-4.212167262173279880e+01,-3.654646815161513729e+01,-2.048609281390435655e+01,3.934585055792541031e+00,9.876872896436914573e+00,9.814035533033953485e+00,9.803111729321443590e+00
9.797364838525636443e+00,9.796873659479967245e+00,9.795977201788796052e+00,-1.027519243871184962e+01,-3.081528473472362606e+01,-2.655304444391225616e+01,-1.420863184262476508e+01,5.118130710560292229e+00,9.872187131259757109e+00,9.813464850830404984e+00,9.803117990968102546e+00
9.797374022737072252e+00,9.796890467902963806e+00,9.796007958407564331e+00,-3.894034170590011001e+00,-1.462127925266424100e+01,-1.220799913568883355e+01,-4.950767174704754581e+00,6.796037337690090219e+00,9.861664051885073334e+00,9.812167180827136903e+00,9.802878083336180381e+00
9.797407234507510054e+00,9.796951216474296231e+00,9.796118997512573756e+00,-1.477998467999212195e+00,-1.318469075824696191e+00,-1.713201719632664322e-01,3.068478384079523558e+00,8.364708384780525918e+00,9.846541989843380804e+00,9.810288034638411148e+00,9.802410319124241767e+00
9.797463104549729351e+00,9.797053409384941958e+00,9.796305782522846783e+00,9.794948007591921524e+00,5.768411916676483564e+00,6.132798692636922233e+00,7.309821642205583281e+00,9.260445747286015106e+00,9.831772092191439327e+00,9.808103990968664476e+00,9.802159012977657682e+00
