1.385623756386229921e+01,1.385609800401313585e+01,1.385584377863241912e+01,1.385538478229118731e+01,1.385457992110428549e+01,-2.841080970795423255e+01,-4.550676355469885692e+00,1.366030669318099555e+01,1.390946066099232326e+01,1.386718160846271530e+01,1.386061514161397312e+01
1.385612756621616626e+01,1.385589690586085609e+01,1.385547653060608653e+01,1.385471637331962214e+01,-7.236467774912149764e+00,-2.948972211368764107e+01,-4.483006942786382787e+00,1.365453691789514323e+01,1.390896559003932609e+01,1.386708754351124995e+01,1.386057896256139799e+01
1.385612953993083707e+01,1.385590051418320456e+01,1.385548311792238074e+01,1.385472834173204326e+01,1.385339783361375687e+01,-2.817737312742927713e+01,-4.301323956391197356e+00,1.365619586325212076e+01,1.390853793560364693e+01,1.386700166037167037e+01,1.386054551444652638e+01
1.385613169028511393e+01,1.385590444503089813e+01,1.385549029511868824e+01,1.385474139249916270e+01,1.385342124276904130e+01,-2.656840850784739771e+01,-3.823362926531625128e+00,1.366566616288755043e+01,1.390821179599652524e+01,1.386715391967856270e+01,1.386060461293601165e+01
1.385612804938114806e+01,1.385589778774333780e+01,1.385547814115366450e+01,1.385471930379005556e+01,-3.279107617925123463e+01,-2.547738884079725352e+01,-2.671831344374292705e+00,1.368474240343287640e+01,1.390776771574044091e+01,1.386704793238342859e+01,1.386056203065350090e+01
1.385613178185785976e+01,1.385590461204867196e+01,1.385549060143514311e+01,1.385474197231423510e+01,1.385342246814660427e+01,-7.804929945701124527e-01,-9.359571132036892394e-02,1.372415069655683340e+01,1.390532780778703881e+01,1.386673667721420955e+01,1.386043837472017337e+01
1.385614160411631879e+01,1.385592256914495479e+01,1.385552339243913522e+01,1.385480163620223415e+01,1.385352978752535513e+01,3.081811379507127135e+00,3.683801021394314645e+00,1.376687723595260060e+01,1.390118660412469787e+01,1.386626067749680757e+01,1.386044570106954765e+01
1.385614322898864259e+01,1.385592554286592915e+01,1.385552883635150678e+01,1.385481161468973355e+01,1.385354814712955474e+01,7.000726854314777370e+00,8.049090410535701068e+00,1.381415477073778675e+01,1.389319088992978202e+01,1.386506574105732703e+01,1.386014076680886831e+01
1.385616526091890677e+01,1.385596582056073700e+01,1.385560238207570904e+01,1.385494539256264623e+01,1.385378848138527275e+01,1.060737269561031226e+01,1.148553034120866556e+01,1.385022485617304078e+01,1.388330131823655300e+01,1.386378439345588376e+01,1.385994831783549941e+01
1.385618210751359314e+01,1.385599662758362172e+01,1.385565866936676471e+01,1.385504793434389370e+01,1.385397346849665468e+01,1.220974441350195860e+01,1.298503031457972412e+01,1.386112520008009241e+01,1.387470744664556221e+01,1.386243992370816791e+01,1.385965607656367737e+01
1.385620551022620006e+01,1.385603942844237935e+01,1.385573688153893634e+01,1.385519042935843004e+01,1.385423042478181443e+01,1.343031404423707009e+01,1.357260077645721097e+01,1.386399251458362336e+01,1.386740648850689084e+01,1.386089725145710005e+01,1.385932179392911223e+01
