1.385623572412867333e+01,1.385609463072625402e+01,1.385583760481869753e+01,1.385537351370114223e+01,1.385455949642021523e+01,-2.395983147862537876e+01,-3.871730968510820325e+00,1.365080222014736044e+01,1.390939963345492458e+01,1.386717895514791010e+01,1.386061491722767869e+01
1.385612694020126412e+01,1.385589575354573988e+01,1.385547441585802630e+01,1.385471250278896349e+01,-7.201290757516725094e+00,-2.461540919919294623e+01,-3.743940506477576591e+00,1.364812799862741599e+01,1.390893049858183517e+01,1.386708617594869430e+01,1.386057889999382198e+01
1.385612916424283370e+01,1.385589981944923643e+01,1.385548183895801344e+01,1.385472599596267074e+01,-3.152178290580152265e+01,-2.473831671532760623e+01,-3.640914923185850860e+00,1.365311040009895649e+01,1.390886865882785983e+01,1.386707053855417193e+01,1.386057253977753589e+01
1.385612978497485770e+01,1.385590095484094952e+01,1.385548391359704112e+01,1.385472977618704249e+01,1.385340037916581579e+01,-2.222976401231408872e+01,-3.301590206176097553e+00,1.366014646801903609e+01,1.390834585009844204e+01,1.386696211133236289e+01,1.386052999263831786e+01
1.385613275305763814e+01,1.385590637926044089e+01,1.385549381483244957e+01,1.385474777424026627e+01,1.385343266502582793e+01,-2.022776312527221521e+01,-2.447757226710750800e+00,1.367711220490610557e+01,1.390767254332358505e+01,1.386703534839602980e+01,1.386055770530964715e+01
1.385613159850399612e+01,1.385590426926065355e+01,1.385548996491647600e+01,1.385474079211907750e+01,1.385342026156289919e+01,-1.059474230753120416e+00,-2.064615171851142961e-01,1.372074215268234099e+01,1.390542428765925465e+01,1.386675778654667113e+01,1.386044666720996865e+01
1.385614100569767615e+01,1.385592146782553868e+01,1.385552137351394109e+01,1.385479795776053180e+01,1.385352318923276549e+01,-7.995261833782519645e+00,2.756908095109189105e+00,1.375754624205968746e+01,1.390149408799500108e+01,1.386633418339416224e+01,1.386047633394879952e+01
1.385614082498930699e+01,1.385592113998084685e+01,1.385552078748257898e+01,1.385479696152247797e+01,1.385352179628124958e+01,1.834896355395737366e+00,7.425024463948501463e+00,1.380759727224578626e+01,1.389385623592052355e+01,1.386522760286253408e+01,1.386021104141287630e+01
1.385616033505408140e+01,1.385595680786735251e+01,1.385558591842347198e+01,1.385491544655405427e+01,1.385373473026131919e+01,1.030411623298438606e+01,1.113644290001872683e+01,1.385160406490911811e+01,1.388404941037479290e+01,1.386376255689115311e+01,1.385993651797531179e+01
1.385618387431723875e+01,1.385599984868864709e+01,1.385566454178081131e+01,1.385505862005424405e+01,1.385399278603119910e+01,1.201316288349448058e+01,1.284406442529239456e+01,1.386176761874233421e+01,1.387542618543919914e+01,1.386245335085187769e+01,1.385966219480680905e+01
1.385620599057797442e+01,1.385604029398789194e+01,1.385573844367847229e+01,1.385519324631975735e+01,1.385423551129718867e+01,1.335067384160295489e+01,1.352439528405839653e+01,1.386393417731897415e+01,1.386817055795981979e+01,1.386122028969034403e+01,1.385933301240055293e+01
