5.542533915057249061e+01,5.542510180377799145e+01,5.542466888861140717e+01,5.542388403588469714e+01,1.718643882557006108e+01,1.121119584150419612e+01,2.653351098537630648e+01,5.347965968587807595e+01,5.550815326070517841e+01,5.543954845855773073e+01,5.543041146602601543e+01
5.542526854070652576e+01,5.542497276256480632e+01,5.542443349262816810e+01,5.542345711549782550e+01,7.329879604243467739e+00,1.141441709144688588e+01,2.642610160377652306e+01,5.342140663428623526e+01,5.550807299645123294e+01,5.543956562315538861e+01,5.543041947416614335e+01
5.542526631571421802e+01,5.542496869348205735e+01,5.542442605357082641e+01,5.542344353035879578e+01,8.099467168466308209e+00,1.159276849315557101e+01,2.658655187083077465e+01,5.343708846080436103e+01,5.550788472037588406e+01,5.543953071804850907e+01,5.543040726079729552e+01
5.542526739410408965e+01,5.542497066502169645e+01,5.542442965434963753e+01,5.542345008562239173e+01,8.989516869395318466e+00,1.241002062667337746e+01,2.706118427898518419e+01,5.344310771094156109e+01,5.550688348437385145e+01,5.543960852494651448e+01,5.543043534980463249e+01
5.542526425916340571e+01,5.542496493321393558e+01,5.542441918314881377e+01,5.542343100588569627e+01,1.197566114659852587e+01,1.470264920293830535e+01,2.846771997760957618e+01,5.188444828351307336e+01,5.550649326824702001e+01,5.544024225589973298e+01,5.543053155703529455e+01
5.542518802444016046e+01,5.542482550722257173e+01,5.542416423132306136e+01,5.542296504971201898e+01,2.679121267374786797e+01,2.004377893915300035e+01,3.222645532890219044e+01,5.230010671374483877e+01,5.550411120887748950e+01,5.543998283993191478e+01,5.543044109039456657e+01
5.542519866613184121e+01,5.542484496456301457e+01,5.542419977947682952e+01,5.542302983543716266e+01,3.389874776889126196e+01,3.041489019473165101e+01,3.878828481780933402e+01,5.309385777579620935e+01,5.549668716416100267e+01,5.543925668403662854e+01,5.543039659986747836e+01
5.542520377076844795e+01,5.542485429992120771e+01,5.542421684142806271e+01,5.542306095091165474e+01,4.375978795023046786e+01,4.387765678814592718e+01,4.649232999581343506e+01,5.413721814788586073e+01,5.548319927154241782e+01,5.543787509327246710e+01,5.543010619143127826e+01
5.542523100531987978e+01,5.542490409711690802e+01,5.542430781379812998e+01,5.542322666540435705e+01,5.067351686084339235e+01,5.056512923946342397e+01,5.176044398990694617e+01,5.489652196283175556e+01,5.546710776358596462e+01,5.543574660051640990e+01,5.542969022932911827e+01
5.542526953148500013e+01,5.542497454609981844e+01,5.542443653210155219e+01,5.542346119312448138e+01,5.372663395285284338e+01,5.369155030457464051e+01,5.414343029123379125e+01,5.524834138134872319e+01,5.545396872025008150e+01,5.543393172491916943e+01,5.542931118443654270e+01
5.542530678415666046e+01,5.542504268914763088e+01,5.542456111751239689e+01,5.542368848366943723e+01,5.485071558676493453e+01,5.481012900892546469e+01,5.501121850883393449e+01,5.536796197690978261e+01,5.544330317718178947e+01,5.543197554466414090e+01,5.542895109331281844e+01
