9.797500687361610616e+00,9.797121666927615991e+00,9.796429898438125505e+00,9.795173146906520856e+00,-3.844455830797520690e+01,-3.673035619524079465e+01,-2.205284549590953347e+01,2.546250675931089891e+00,9.876169937798669807e+00,9.814220595695001492e+00,9.803195400101900603e+00
9.797336939047740501e+00,9.796822228542083622e+00,9.795882758683806202e+00,-3.821988112058986786e+01,-4.397861376119126220e+01,-3.788206647188435028e+01,-2.120114418770679166e+01,2.558877827421957019e+00,9.875200449400425740e+00,9.814130540184361706e+00,9.803171172337597383e+00
9.797336351625531847e+00,9.796821150693137525e+00,9.795880780864164805e+00,-3.933038795093081319e+01,-4.382551694513342966e+01,-3.776644472601243052e+01,-2.118712248966287248e+01,2.593396762605939987e+00,9.876720092407172302e+00,9.814411136939254376e+00,9.803259967016682452e+00
9.797326904064059150e+00,9.796803867271911770e+00,9.795849192874296563e+00,-3.896465944122264347e+01,-4.342945866282791201e+01,-3.747011808432258562e+01,-2.115587910336225264e+01,2.674400299926635860e+00,9.877298860046879625e+00,9.814523595126829036e+00,9.803295822412589899e+00
9.797322912036605658e+00,9.796796586129596918e+00,9.795835903402434042e+00,-3.793295747616041780e+01,-4.237221599034450747e+01,-3.662174592141170137e+01,-2.086522648348331543e+01,2.884267952547301839e+00,9.877419131583691225e+00,9.814503314879431173e+00,9.803287358443146360e+00
9.797325323470627012e+00,9.796801000186615482e+00,9.795843973245668579e+00,-3.643569178297945399e+01,-3.961426103457629466e+01,-3.432525362614827458e+01,-1.952957786549154306e+01,3.329403904544969262e+00,9.877442458921473545e+00,9.814308172895698235e+00,9.803216026641996095e+00
9.797339979564206658e+00,9.796827805198818240e+00,9.795892967947704477e+00,-1.413472135644429883e+01,-3.178350378743132865e+01,-2.904471326023429967e+01,-1.661157685331284029e+01,4.150946651499855200e+00,9.875622317538155670e+00,9.814077458644414165e+00,9.803127953734389166e+00
9.797360467704587350e+00,9.796865272420703263e+00,9.795961455715454846e+00,-9.009751621882228889e+00,-2.197541151998694886e+01,-1.890181948279091628e+01,-9.752523927307334972e+00,5.494685000303930700e+00,9.868697959389733043e+00,9.813264217626834096e+00,9.803065377001955127e+00
9.797369176015331860e+00,9.796881205041716001e+00,9.795990586640575870e+00,-1.489545252385061858e+00,-7.956315318139198567e+00,-6.311712900037205642e+00,-1.364397270476641388e+00,7.220696318682978010e+00,9.856666460006998420e+00,9.811927364952023112e+00,9.802816847700510650e+00
9.797397646751608846e+00,9.796933276391404988e+00,9.796085758146487521e+00,4.594882495118958410e+00,2.184574552827976746e+00,2.912779888190565547e+00,4.972915298721655830e+00,8.640979579054953064e+00,9.841379917566769109e+00,9.809796224762076022e+00,9.802449210310083316e+00
9.797442180265646172e+00,9.797014737043944876e+00,9.796234691885427281e+00,7.136041538657835304e+00,7.089851840244302927e+00,7.333693946400897445e+00,8.062530190280737585e+00,9.376294138961991820e+00,9.827627185341553329e+00,9.807609965607628766e+00,9.801975415527151014e+00
