9.797494704125231380e+00,9.797110709378834770e+00,9.796409865811279261e+00,9.795136618569367570e+00,-5.504250748139727278e+01,-4.789829019497685181e+01,-2.559838274879670195e+01,2.552276479074283344e+00,9.874554781443611873e+00,9.814297325203233058e+00,9.803227909901101711e+00
9.797327403344441521e+00,9.796804783112262882e+00,9.795850869881070011e+00,-5.238473555349997213e+01,-5.467744408330430872e+01,-4.816086485166346876e+01,-2.553067974217745473e+01,2.569142527256011999e+00,9.874903258516887661e+00,9.814117631203039593e+00,9.803169093474709328e+00
9.797335069335224134e+00,9.796818786119807498e+00,9.795876442207307022e+00,-5.417093043039717770e+01,-5.490637837736566240e+01,-4.798500745404790280e+01,-2.549358729561591375e+01,2.604449298511579247e+00,9.876164977901028763e+00,9.814376067549806848e+00,9.803252097242436847e+00
9.797325344821841142e+00,9.796801007534496009e+00,9.795843957510745881e+00,-1.955375136637314171e+01,-5.303044429567681561e+01,-4.684292403109846248e+01,-2.512250861657158296e+01,2.684649515090012262e+00,9.876760000313179688e+00,9.814477373486923284e+00,9.803283757509067442e+00
9.797322276162804044e+00,9.796795398131212806e+00,9.795833709920874099e+00,-1.898331843561274468e+01,-5.040356842532978732e+01,-4.496449681256466135e+01,-2.463542537067036875e+01,2.899918040393765217e+00,9.877592303765615256e+00,9.814471005531414605e+00,9.803274056779466505e+00
9.797328983562829663e+00,9.796807661971390857e+00,9.795856126756486759e+00,-1.750547139361429316e+01,-4.809436109613505295e+01,-4.159542777572768557e+01,-2.237406926790340833e+01,3.320931962738854271e+00,9.877309410394603972e+00,9.814229422027608507e+00,9.803188492593749359e+00
9.797344807954711854e+00,9.796836607073659664e+00,9.795909034287850758e+00,-1.353886557947114611e+01,-3.644629957292926292e+01,-3.261174074738029560e+01,-1.769683441357708986e+01,4.134685667584523827e+00,9.875329713992984537e+00,9.813982831851879141e+00,9.803096117375561747e+00
9.797365212292310943e+00,9.796873912465574818e+00,9.795977215587546638e+00,-8.684382137388137579e+00,-2.265120743618891197e+01,-1.929449784057003114e+01,-9.455163456404456213e+00,5.490351643665023040e+00,9.868852324754943339e+00,9.813208551450330219e+00,9.803042724278775211e+00
9.797374738404126759e+00,9.796891340083579536e+00,9.796009084674569323e+00,-1.303560739609475050e+00,-7.158670070451561784e+00,-5.487526095744513555e+00,-6.234158979920669807e-01,7.268472719397821358e+00,9.855985979146106857e+00,9.811722767615430385e+00,9.802743663924603723e+00
9.797407556319367217e+00,9.796951356758881957e+00,9.796118765448465382e+00,4.899992938862065550e+00,2.853844362362239817e+00,3.511599160377601780e+00,5.439144880429544138e+00,8.694822873322063828e+00,9.840450848222491942e+00,9.809777868856079053e+00,9.802442826835765288e+00
9.797442461919537493e+00,9.797015226810080080e+00,9.796235576102644060e+00,8.010322610712687919e+00,7.357349169847774206e+00,7.589333146301541433e+00,8.253665495047069811e+00,9.404405244364218319e+00,9.826502530620684794e+00,9.807251797422273043e+00,9.802023843049141760e+00
