1.385622978770619795e+01,1.385608374793876862e+01,1.385581769368713623e+01,1.385533719857391688e+01,1.385449380873825120e+01,-1.695449092825779402e+01,-4.756133235600288334e-01,1.364730712327038553e+01,1.390931474915409183e+01,1.386716654934241433e+01,1.386061045333822506e+01
1.385612689694767141e+01,1.385589564522598138e+01,1.385547418577808898e+01,1.385471203913324345e+01,-6.381794541520495301e+00,-1.787855028220380404e+01,-4.357826832834683639e-01,1.364617729104566024e+01,1.390919051592669931e+01,1.386714296522642798e+01,1.386060139274486147e+01
1.385612738788464426e+01,1.385589654337131549e+01,1.385547582674365685e+01,1.385471502446212533e+01,-6.879681523251433006e+00,-1.768672887408134642e+01,-3.319733046030988177e-01,1.364823531645540555e+01,1.390896112653428673e+01,1.386709578954444311e+01,1.386058291706658707e+01
1.385612865122310566e+01,1.385589885260278997e+01,1.385548004231087660e+01,1.385472268823986752e+01,-6.663413273698878925e+00,-1.706117411386752281e+01,-6.052938601650570405e-02,1.365543073957079834e+01,1.390846003416289811e+01,1.386699021653695496e+01,1.386054135646155494e+01
1.385613165587560403e+01,1.385590434461478893e+01,1.385549006811253037e+01,1.385474091727407497e+01,1.385342025719627301e+01,-2.796182065200416123e+00,8.312253578752937244e-01,1.367995771199665711e+01,1.390766904193121434e+01,1.386703396987319437e+01,1.386055710702361310e+01
1.385613165181556994e+01,1.385590433907120911e+01,1.385549006471188171e+01,1.385474094822976809e+01,1.385342053020234587e+01,-5.602654289446689084e-01,1.696043932747523408e+00,1.371007728559446193e+01,1.390566488248925481e+01,1.386681778285372957e+01,1.386047083715954642e+01
1.385613879094762524e+01,1.385591739027422165e+01,1.385551389677879186e+01,1.385478431417040213e+01,1.385349856676398872e+01,2.382376465289953948e+00,4.621221881336905035e+00,1.376037930492779182e+01,1.390125700025896549e+01,1.386628286792762665e+01,1.386045537151102458e+01
1.385614210304487770e+01,1.385592344825370503e+01,1.385552497292352214e+01,1.385480454052374810e+01,1.385353535059639185e+01,6.671752583771695555e+00,8.341602088087249456e+00,1.380891279651951464e+01,1.389318363398859191e+01,1.386507338035007919e+01,1.386014491652997549e+01
1.385616427792506222e+01,1.385596398694238118e+01,1.385559899380572091e+01,1.385493917457987578e+01,1.385377717487222071e+01,1.055377088250018680e+01,1.149923089512061125e+01,1.384479546335136213e+01,1.388345218823416261e+01,1.386384262139062251e+01,1.385997801263255980e+01
1.385617881251505779e+01,1.385599056611933833e+01,1.385564755848472984e+01,1.385502765489650301e+01,1.385393681549714806e+01,1.258723823138017650e+01,1.299897710932222239e+01,1.385870044404484958e+01,1.387449570411122757e+01,1.386237735696587947e+01,1.385962320622975064e+01
1.385620684689395965e+01,1.385604183158268654e+01,1.385574122009743547e+01,1.385519823269103767e+01,1.385424416681432547e+01,1.341060576452336228e+01,1.356966240477157015e+01,1.386197677841599685e+01,1.386752862765638739e+01,1.386098311842946984e+01,1.385938284046416413e+01
