1.385622978770603808e+01,1.385608374793861231e+01,1.385581769368699412e+01,1.385533719857382096e+01,1.385449380873829384e+01,-1.695449092823898951e+01,-4.756133235585151553e-01,1.364730712327696516e+01,1.390931474917482547e+01,1.386716654940829585e+01,1.386061045354682619e+01
1.385612689694751154e+01,1.385589564522582684e+01,1.385547418577794687e+01,1.385471203913314930e+01,-6.381794541525076525e+00,-1.787855028220729992e+01,-4.357826832807374373e-01,1.364617729105221855e+01,1.390919051594740452e+01,1.386714296529222246e+01,1.386060139295318017e+01
1.385612738788448617e+01,1.385589654337116094e+01,1.385547582674351652e+01,1.385471502446202940e+01,-6.879681523254047804e+00,-1.768672887408833816e+01,-3.319733045996260401e-01,1.364823531646193366e+01,1.390896112655496175e+01,1.386709578961015055e+01,1.386058291727462688e+01
1.385612865122294579e+01,1.385589885260263543e+01,1.385548004231073627e+01,1.385472268823977338e+01,-6.663413273701454642e+00,-1.706117411387558036e+01,-6.052938601279622688e-02,1.365543073957729447e+01,1.390846003418354826e+01,1.386699021660257181e+01,1.386054135666931586e+01
1.385613165587544593e+01,1.385590434461463616e+01,1.385549006811239181e+01,1.385474091727397905e+01,1.385342025719631920e+01,-2.796182065200917055e+00,8.312253578797816900e-01,1.367995771200322430e+01,1.390766904195183784e+01,1.386703396993872595e+01,1.386055710723109868e+01
1.385613165181541184e+01,1.385590433907105634e+01,1.385549006471174138e+01,1.385474094822967217e+01,1.385342053020239383e+01,-5.602654289466018067e-01,1.696043932749321748e+00,1.371007728560081063e+01,1.390566488250984278e+01,1.386681778291917233e+01,1.386047083736676022e+01
1.385613879094746892e+01,1.385591739027406888e+01,1.385551389677864975e+01,1.385478431417030620e+01,1.385349856676403668e+01,2.382376465290040102e+00,4.621221881339134363e+00,1.376037930493422756e+01,1.390125700027952860e+01,1.386628286799299303e+01,1.386045537171798969e+01
1.385614210304471783e+01,1.385592344825355227e+01,1.385552497292338359e+01,1.385480454052365396e+01,1.385353535059643981e+01,6.671752583771124456e+00,8.341602088089203448e+00,1.380891279652592019e+01,1.389318363400913370e+01,1.386507338041537452e+01,1.386014491673672566e+01
1.385616427792490413e+01,1.385596398694222842e+01,1.385559899380558235e+01,1.385493917457978341e+01,1.385377717487226690e+01,1.055377088250027739e+01,1.149923089512239649e+01,1.384479546335779077e+01,1.388345218825469018e+01,1.386384262145586455e+01,1.385997801283913944e+01
1.385617881251489791e+01,1.385599056611918556e+01,1.385564755848458951e+01,1.385502765489640886e+01,1.385393681549719247e+01,1.258723823138038789e+01,1.299897710932399697e+01,1.385870044405128354e+01,1.387449570413174627e+01,1.386237735703107532e+01,1.385962320643619172e+01
1.385620684689380155e+01,1.385604183158253377e+01,1.385574122009729336e+01,1.385519823269094175e+01,1.385424416681437165e+01,1.341060576452365893e+01,1.356966240477350638e+01,1.386197677842244858e+01,1.386752862767690075e+01,1.386098311849463016e+01,1.385938284067049509e+01
