5.542535418827709748e+01,5.542512933302366207e+01,5.542471924605075628e+01,5.542397602901658615e+01,5.542265627722807864e+01,1.950999986001579245e+01,2.639380622462512349e+01,5.359787581161220515e+01,5.550782406811055125e+01,5.543967287010700318e+01,5.543045082927166334e+01
5.542526827762486619e+01,5.542497231525602785e+01,5.542443272343692939e+01,5.542345583554961763e+01,7.970126251807071682e+00,1.124180103518350293e+01,2.638321431689626451e+01,5.355779654687589186e+01,5.550808811758324168e+01,5.543973014169367275e+01,5.543026766645584757e+01
5.542528124519448340e+01,5.542499602395561453e+01,5.542447601094982446e+01,5.542353454852328554e+01,8.748061852539235517e+00,1.129287339602765883e+01,2.643393579365284651e+01,5.159855485624545679e+01,5.550680831192381248e+01,5.544035390827925625e+01,5.543057235701321872e+01
5.542518192994309345e+01,5.542481439400728505e+01,5.542414395779715619e+01,5.542292811724040291e+01,2.196483880870441752e+01,5.271984650580945342e+00,2.622871280844676534e+01,5.169708134111554898e+01,5.550669149997922602e+01,5.544031154042264120e+01,5.543055685907879138e+01
5.542518428476273584e+01,5.542481870700568436e+01,5.542415184453215460e+01,5.542294250212356133e+01,2.307078702715674723e+01,9.837521198697562141e+00,2.804021448900139291e+01,5.190013265992716640e+01,5.550676315816382811e+01,5.544027758382814852e+01,5.543054263471604770e+01
5.542518768392761785e+01,5.542482492225091306e+01,5.542416320281553510e+01,5.542296322796637753e+01,2.675626961304984519e+01,1.695877660058964409e+01,3.156341182591101813e+01,5.227462564959142810e+01,5.550512543853253078e+01,5.544012804052908905e+01,5.543048738178698187e+01
5.542519643695209908e+01,5.542484092694697040e+01,5.542419244925255839e+01,5.542301656979644520e+01,3.234063478019059801e+01,2.802634766019728829e+01,3.771504867167990938e+01,5.295226330797853365e+01,5.549904985447511763e+01,5.543942416893735725e+01,5.543045192094068341e+01
5.542520142723562060e+01,5.542485005258333786e+01,5.542420912893002338e+01,5.542304700085146862e+01,4.194520830436474057e+01,4.189012317603985025e+01,4.517016133124827348e+01,5.394458411164401923e+01,5.548688497435755806e+01,5.543814793602604141e+01,5.543020321910151438e+01
5.542522460347885271e+01,5.542489242721549658e+01,5.542428653851939657e+01,5.542318800194203732e+01,4.947444491065721195e+01,4.938989163454613163e+01,5.096760179471122854e+01,5.477625883054890465e+01,5.547078397472671440e+01,5.543638386506981419e+01,5.542974229578105394e+01
5.542526644055364216e+01,5.542496892387870844e+01,5.542442628687294359e+01,5.542344255470425196e+01,5.320333728727379707e+01,5.322647293240100907e+01,5.382014475879066140e+01,5.519688049480695469e+01,5.545645244635380067e+01,5.543421230545688161e+01,5.542943628747806883e+01
5.542529554241582446e+01,5.542502215656487863e+01,5.542452361431708852e+01,5.542362012223196643e+01,5.467768948948573637e+01,5.467977726258663296e+01,5.489352618141909090e+01,5.536210159767308880e+01,5.544351157857603596e+01,5.543190946689951204e+01,5.542890235226131779e+01
