5.542533915057224192e+01,5.542510180377777118e+01,5.542466888861128638e+01,5.542388403588488899e+01,1.718643882551938873e+01,1.121119584151519888e+01,2.653351098539029351e+01,5.347965968592318120e+01,5.550815326084472190e+01,5.543954845899934014e+01,5.543041146742261560e+01
5.542526854070628417e+01,5.542497276256460736e+01,5.542443349262805441e+01,5.542345711549801024e+01,7.329879604245626901e+00,1.141441709145157013e+01,2.642610160379021522e+01,5.342140663433028891e+01,5.550807299659058458e+01,5.543956562359653617e+01,5.543041947556127980e+01
5.542526631571397644e+01,5.542496869348183708e+01,5.542442605357071272e+01,5.542344353035897342e+01,8.099467168475058543e+00,1.159276849315775948e+01,2.658655187084529814e+01,5.343708846084876996e+01,5.550788472051509359e+01,5.543953071848919478e+01,5.543040726219099668e+01
5.542526739410384096e+01,5.542497066502148328e+01,5.542442965434950963e+01,5.542345008562257647e+01,8.989516869401036558e+00,1.241002062667611305e+01,2.706118427899955847e+01,5.344310771098574264e+01,5.550688348451291176e+01,5.543960852538674544e+01,5.543043535119689125e+01
5.542526425916315702e+01,5.542496493321371531e+01,5.542441918314870009e+01,5.542343100588588101e+01,1.197566114660301295e+01,1.470264920294142108e+01,2.846771997762389361e+01,5.188444828355686411e+01,5.550649326838593112e+01,5.544024225633946656e+01,5.543053155842597590e+01
5.542518802443991888e+01,5.542482550722235857e+01,5.542416423132294767e+01,5.542296504971220372e+01,2.679121267374033621e+01,2.004377893916599973e+01,3.222645532891533549e+01,5.230010671378882137e+01,5.550411120901625139e+01,5.543998284037115809e+01,5.543044109178370604e+01
5.542519866613159962e+01,5.542484496456280141e+01,5.542419977947671583e+01,5.542302983543734740e+01,3.389874776888515129e+01,3.041489019474848732e+01,3.878828481782396409e+01,5.309385777583986510e+01,5.549668716429961535e+01,5.543925668447542421e+01,5.543039660125521095e+01
5.542520377076820637e+01,5.542485429992099455e+01,5.542421684142794192e+01,5.542306095091183238e+01,4.375978795022915335e+01,4.387765678814562875e+01,4.649232999582940806e+01,5.413721814792975096e+01,5.548319927168091681e+01,5.543787509371087197e+01,5.543010619281776030e+01
5.542523100531963820e+01,5.542490409711669486e+01,5.542430781379800919e+01,5.542322666540454179e+01,5.067351686084254681e+01,5.056512923946397109e+01,5.176044398992169704e+01,5.489652196287561736e+01,5.546710776372435703e+01,5.543574660095448792e+01,5.542969023071461265e+01
5.542526953148475855e+01,5.542497454609960528e+01,5.542443653210143850e+01,5.542346119312465191e+01,5.372663395285284338e+01,5.369155030457689293e+01,5.414343029124781026e+01,5.524834138139253525e+01,5.545396872038840286e+01,5.543393172535698454e+01,5.542931118582124839e+01
5.542530678415641887e+01,5.542504268914741772e+01,5.542456111751228320e+01,5.542368848366962197e+01,5.485071558676531822e+01,5.481012900892982032e+01,5.501121850884747033e+01,5.536796197695335309e+01,5.544330317732000424e+01,5.543197554510174285e+01,5.542895109469689885e+01
