1.385623453272674155e+01,1.385609245535232503e+01,1.385583364932045924e+01,1.385536641415581194e+01,1.385454729047159894e+01,-2.913739929298640874e+01,-4.523442720227433433e+00,1.365783860558878615e+01,1.390928504004588540e+01,1.386714827348033374e+01,1.386060231703211088e+01
1.385612825364484024e+01,1.385589815228501109e+01,1.385547879569500829e+01,1.385472047766242554e+01,-3.937696931407139544e+01,-3.048506954485487341e+01,-4.453784437317993117e+00,1.365538637375383146e+01,1.390883762846563165e+01,1.386705999139894985e+01,1.386056808322915046e+01
1.385613034930671716e+01,1.385590198469835777e+01,1.385548579548066073e+01,1.385473321025579096e+01,1.385340659871005364e+01,-2.834960772830159925e+01,-4.181177861315665822e+00,1.365852586937261570e+01,1.390835561101780726e+01,1.386696241863606360e+01,1.386053000501036792e+01
1.385613285352027901e+01,1.385590656346263572e+01,1.385549415517009564e+01,1.385474840786987727e+01,1.385343385185278464e+01,-2.702316803280736934e+01,-3.692670463632630629e+00,1.366657337132311056e+01,1.390813237050472040e+01,1.386713672667490016e+01,1.386059783547326063e+01
1.385612853933955435e+01,1.385589867666200092e+01,1.385547975668802323e+01,1.385472223461571240e+01,-3.343513730051823529e+01,-2.571524271132530970e+01,-2.780974966243139335e+00,1.368378735120595202e+01,1.390784221704329582e+01,1.386706211817442203e+01,1.386056745845964144e+01
1.385613149550377798e+01,1.385590407883650954e+01,1.385548961837696069e+01,1.385474017705004179e+01,1.385341925144135544e+01,-1.136945142614761206e+00,-1.130866073416210149e-01,1.372377179336236708e+01,1.390543300669600413e+01,1.386675675760677073e+01,1.386044602721696428e+01
1.385614123167063738e+01,1.385592187888783222e+01,1.385552212337014666e+01,1.385479932388040325e+01,1.385352565867553665e+01,-7.760738586951827500e+00,3.525527448225169280e+00,1.375717687383253462e+01,1.390103391015008327e+01,1.386624246676626093e+01,1.386043959033902873e+01
1.385614255753848667e+01,1.385592430437406009e+01,1.385552655919800458e+01,1.385480742788901054e+01,1.385354040839812484e+01,7.117061010206112925e+00,8.302814984053114244e+00,1.381800735823448001e+01,1.389293151814788985e+01,1.386521666894755356e+01,1.386020541295190256e+01
1.385616141263709444e+01,1.385595877761313233e+01,1.385558952009017730e+01,1.385492202505852788e+01,1.385374668745285831e+01,1.082555487335736721e+01,1.159231570750954532e+01,1.385175384005985322e+01,1.388278948212534658e+01,1.386363834574192921e+01,1.385987762047147953e+01
1.385618703649520356e+01,1.385600562779317357e+01,1.385567509150558330e+01,1.385507778718811167e+01,1.385402704684550024e+01,1.227914803762713625e+01,1.302923936643960801e+01,1.386300299658772417e+01,1.387413501269862337e+01,1.386222962820260030e+01,1.385954024903556459e+01
1.385621467973789578e+01,1.385605618023395458e+01,1.385576745708783974e+01,1.385524603793478704e+01,1.385433039070275640e+01,1.344472375923595386e+01,1.358774259889329628e+01,1.386394920912732331e+01,1.386719403601266620e+01,1.386100313608564605e+01,1.385938937945518035e+01
