1.385623053088977130e+01,1.385608514355629417e+01,1.385582027770785452e+01,1.385534192412730903e+01,1.385450226192773115e+01,-2.846878890897458447e+01,-4.529121686599562047e+00,1.365633965459288746e+01,1.390935673332327127e+01,1.386716439116132804e+01,1.386060875450140095e+01
1.385612773308960755e+01,1.385589721030762078e+01,1.385547708603601080e+01,1.385471737942496873e+01,-3.899067475855062526e+01,-3.026104448220110044e+01,-4.473147959433646292e+00,1.365475502620760828e+01,1.390869725219191366e+01,1.386703208889153771e+01,1.386055724413541412e+01
1.385613103810269386e+01,1.385590325369255105e+01,1.385548812206825531e+01,1.385473744948732744e+01,1.385341420729193374e+01,-2.802374694839158664e+01,-4.211107530881023742e+00,1.365816752212157326e+01,1.390849889927411631e+01,1.386699196554858915e+01,1.386054159127850127e+01
1.385613206466312519e+01,1.385590513111469235e+01,1.385549155036925661e+01,1.385474368339664331e+01,1.385342539035710807e+01,-2.673712873398764245e+01,-3.702857057196876411e+00,1.366595000766563572e+01,1.390803230058508255e+01,1.386711685259526838e+01,1.386059015272701167e+01
1.385612900038429451e+01,1.385589952844261852e+01,1.385548132077349237e+01,1.385472508591682583e+01,-3.326921052821030855e+01,-2.569476413933010406e+01,-2.832847174599255169e+00,1.368401971800197536e+01,1.390781653253977623e+01,1.386705650348483765e+01,1.386056524654652122e+01
1.385613167087963404e+01,1.385590440918906552e+01,1.385549023133580349e+01,1.385474130184780961e+01,1.385342128283186369e+01,-1.180477423586395069e+00,-2.112334061930982720e-01,1.372391800059212841e+01,1.390549953173852060e+01,1.386677021864799642e+01,1.386045123650245614e+01
1.385614093764138843e+01,1.385592135126484870e+01,1.385552117018721674e+01,1.385479760239427804e+01,1.385352259048993773e+01,-8.305066117519533719e+00,3.209874611725828331e+00,1.376004349032019469e+01,1.390128441619096122e+01,1.386628829153611342e+01,1.386045755390348866e+01
1.385614203913986486e+01,1.385592336747689046e+01,1.385552486223219404e+01,1.385480437449162139e+01,1.385353507499284831e+01,6.599601833949524377e+00,7.985969116723692807e+00,1.381531700323045087e+01,1.389372354094293271e+01,1.386518499005624605e+01,1.386019161595809379e+01
1.385616242353313687e+01,1.385596063450370252e+01,1.385559291771693680e+01,1.385492820618002341e+01,1.385375777267024233e+01,1.050562482267157982e+01,1.139639650830145534e+01,1.384724531020369298e+01,1.388351351997908978e+01,1.386385094865120848e+01,1.385998113541057108e+01
1.385617934651949135e+01,1.385599157886241706e+01,1.385564944806894161e+01,1.385503114875817232e+01,1.385394324122147580e+01,1.257878177050845991e+01,1.297555890585713811e+01,1.386155591994927150e+01,1.387443280871005769e+01,1.386232860803633038e+01,1.385959362277032270e+01
1.385621133549254580e+01,1.385605007269282041e+01,1.385575630906861022e+01,1.385522576097664782e+01,1.385429398582728311e+01,1.339637133528155566e+01,1.356241512915093139e+01,1.386186542815479328e+01,1.386747853478171777e+01,1.386096309996612419e+01,1.385936991911118454e+01
