9.797505869832937364e+00,9.797131384453502179e+00,9.796447920836566681e+00,9.795206369395030421e+00,-5.585062743498041726e+01,-4.795394391730994954e+01,-2.610124793019370060e+01,2.557070096998074415e+00,9.875424961490359976e+00,9.814334475431591542e+00,9.803233688812170499e+00
9.797331477000406963e+00,9.796812463825490980e+00,9.795865154867746227e+00,-5.737167737955262226e+01,-5.586557000806932649e+01,-4.766168112055031258e+01,-2.600840927388733093e+01,2.570628053707788574e+00,9.875627501434141919e+00,9.814299330798974097e+00,9.803219073691902707e+00
9.797335602634156260e+00,9.796819997357388843e+00,9.795878918639930433e+00,-5.701833489381182574e+01,-5.556095210930003958e+01,-4.783449950182260579e+01,-2.591773017941544310e+01,2.607962514049673164e+00,9.877264804376320484e+00,9.814434952673565249e+00,9.803263902490439108e+00
9.797329416492807752e+00,9.796808688085768324e+00,9.795858248173269445e+00,-5.756876417933541745e+01,-5.568967915808281788e+01,-4.732440451056731234e+01,-2.571394271185159042e+01,2.689379631444652752e+00,9.877828400494509609e+00,9.814548082282570363e+00,9.803300135312028374e+00
9.797325254461007660e+00,9.796801087576815448e+00,9.795844366379322210e+00,-5.591713539911619080e+01,-5.402637109439122298e+01,-4.599869850888329381e+01,-2.515572510450188659e+01,2.880779730665476102e+00,9.878455074735386532e+00,9.814558109532866226e+00,9.803298224662817972e+00
9.797329220137951822e+00,9.796808349109912939e+00,9.795857648868004475e+00,-1.810752643211577251e+01,-4.953082852935143165e+01,-4.270248264628649792e+01,-2.365650055425282972e+01,3.252689507990886408e+00,9.878619238499146249e+00,9.814390093706299112e+00,9.803235529985023788e+00
9.797342917254480810e+00,9.796833397071113225e+00,9.795903429985408195e+00,-1.496993944415034505e+01,-4.159503481006679237e+01,-3.584348667559149249e+01,-1.967644143439723692e+01,3.974921142991827416e+00,9.876348680354833931e+00,9.814008297779743373e+00,9.803106463246344049e+00
9.797362711434448812e+00,9.796869591029158997e+00,9.795969573645992412e+00,-9.504891662658861762e+00,-2.788292338103980583e+01,-2.395098358331509658e+01,-1.250398579689257161e+01,5.266792583711735531e+00,9.870419985434351062e+00,9.813310101932447793e+00,9.803076504538219993e+00
9.797371198256174196e+00,9.796885114811917816e+00,9.795997960840708174e+00,-2.380047221617017428e+00,-1.145193826621447286e+01,-9.394794013331326354e+00,-3.133388061214802178e+00,7.023915241867877413e+00,9.858454530817342132e+00,9.812016257914935480e+00,9.802842881602089165e+00
9.797398458919683861e+00,9.796934973092412235e+00,9.796089086141314795e+00,4.108692346746279256e+00,5.711648529099511151e-01,1.514862512808258899e+00,4.155488990139220462e+00,8.535519103424462628e+00,9.843286006687121059e+00,9.809988700084682378e+00,9.802517107207483704e+00
9.797438372075724544e+00,9.797007997037782800e+00,9.796222610726285751e+00,6.428803057249524500e+00,6.484200800766846129e+00,6.816449129678641583e+00,7.749499250081424151e+00,9.337305408541396901e+00,9.828976354115210867e+00,9.807668860061147242e+00,9.801990861376252084e+00
