5.542534425865270009e+01,5.542511115569044478e+01,5.542468598323105766e+01,5.542391516890150172e+01,1.740188092615758819e+01,1.100356407970171624e+01,2.649706088824705574e+01,5.358288018910415929e+01,5.550690070178691826e+01,5.543951896821783265e+01,5.543039824093180812e+01
5.542527196927544964e+01,5.542497905956150817e+01,5.542444503092828256e+01,5.542347820558529747e+01,7.627990416960706455e+00,2.828887819156000738e+00,2.546020675477825179e+01,5.157536084705068191e+01,5.550648808368971743e+01,5.544029741379631560e+01,5.543055350563747652e+01
5.542518354034645256e+01,5.542481733534204125e+01,5.542414932682349615e+01,5.542293788851380043e+01,2.092202914669775993e+01,3.938207710514790350e+00,2.569796906610394416e+01,5.160518758105705928e+01,5.550640109879822148e+01,5.544028015115672758e+01,5.543054762268464231e+01
5.542518413347598027e+01,5.542481842011621040e+01,5.542415130875546936e+01,5.542294149942203774e+01,2.133265445534274463e+01,5.449938550889484645e+00,2.643828398838409299e+01,5.169476130781040268e+01,5.550662499216888079e+01,5.544030669263501920e+01,5.543055567822931806e+01
5.542518405261605352e+01,5.542481827216245449e+01,5.542415103938219545e+01,5.542294101920775518e+01,2.327463633226259532e+01,9.141611501421390784e+00,2.810708751895035817e+01,5.190300197444602759e+01,5.550620590057810233e+01,5.544019321487205332e+01,5.543051531370022644e+01
5.542518936982536104e+01,5.542482799362092294e+01,5.542416879951535691e+01,5.542297338926540107e+01,2.703073390750459382e+01,1.706718490140483269e+01,3.204139435363604349e+01,5.231896888721315975e+01,5.550403008881693268e+01,5.543996968514467483e+01,5.543043681863045435e+01
5.542519899617268919e+01,5.542484559418736012e+01,5.542420095608399322e+01,5.542303200041946809e+01,3.406777550396296306e+01,2.919212459973220675e+01,3.885979419919858913e+01,5.310398408978163332e+01,5.549649437576452726e+01,5.543922149607293903e+01,5.543038443423496631e+01
5.542520478957325736e+01,5.542485618787365809e+01,5.542422031542926675e+01,5.542306729706933055e+01,4.380453241152706312e+01,4.394230179542316250e+01,4.649957699050089843e+01,5.413788573599147469e+01,5.548310364516193260e+01,5.543785994583697629e+01,5.543010103028626645e+01
5.542523122732022500e+01,5.542490452704466009e+01,5.542430862332369657e+01,5.542322815574782169e+01,5.068710368456763149e+01,5.059073601140363508e+01,5.177070588890714475e+01,5.489632762165721402e+01,5.546705545090870970e+01,5.543573604655378517e+01,5.542968618787817547e+01
5.542526978985890196e+01,5.542497504156518318e+01,5.542443746105623603e+01,5.542346290366188555e+01,5.372804568285398119e+01,5.369561306457029559e+01,5.414720437447939361e+01,5.524472015996202856e+01,5.545376036574585044e+01,5.543389219759680486e+01,5.542929542975041102e+01
5.542530684455034873e+01,5.542504281917361908e+01,5.542456137175943809e+01,5.542368893325753731e+01,5.485801437697760718e+01,5.484131415507334850e+01,5.500688409083439012e+01,5.536801326977810334e+01,5.544299139872165227e+01,5.543186347507084832e+01,5.542889240370463710e+01
