5.542535292169608141e+01,5.542512700341009690e+01,5.542471495848312202e+01,5.542396808598505231e+01,5.542264122258660564e+01,2.100673686601228951e+01,2.542885019789832768e+01,5.155638969745930922e+01,5.550626471802308970e+01,5.544026773130933350e+01,5.543054417066190354e+01
5.542518387544481584e+01,5.542481793974477711e+01,5.542415042095498734e+01,5.542293986342257028e+01,2.072526387401910242e+01,4.676561620368728356e+00,2.556926175969597637e+01,5.156554514506473197e+01,5.550608121727763233e+01,5.544023046919634368e+01,5.543053142124067278e+01
5.542518519770906948e+01,5.542482035724324874e+01,5.542415483714776769e+01,5.542294790860478315e+01,2.040307784041277372e+01,5.253922561106589839e+00,2.585236421277330265e+01,5.159969453580682597e+01,5.550650777893311272e+01,5.544030179631556621e+01,5.543055500534171642e+01
5.542518335662859386e+01,5.542481699049373844e+01,5.542414868793004246e+01,5.542293671705746050e+01,2.117216535214260986e+01,6.961414335931127795e+00,2.670273318081597225e+01,5.168965191433137818e+01,5.550664429433592773e+01,5.544031364723686295e+01,5.543055819653333316e+01
5.542518365980681949e+01,5.542481754441062947e+01,5.542414970011054010e+01,5.542293856866698576e+01,2.326633343735681336e+01,1.108439844015132003e+01,2.867627530865413732e+01,5.189961681346687783e+01,5.550613735906041768e+01,5.544018357221683857e+01,5.543051221942810258e+01
5.542518951229754265e+01,5.542482824583203183e+01,5.542416925101954916e+01,5.542297420047705003e+01,2.701476098340300780e+01,1.880302280341065213e+01,3.265239003267149087e+01,5.230203658179470239e+01,5.550453310430033582e+01,5.544004431484741247e+01,5.543046077599056787e+01
5.542519765481492300e+01,5.542484313433119070e+01,5.542419645781421877e+01,5.542302382222082713e+01,3.324633644539559185e+01,3.005368364297629569e+01,3.896683549588092887e+01,5.302761957337102672e+01,5.549772561778005553e+01,5.543943100176601035e+01,5.543025302815401290e+01
5.542521763501444809e+01,5.542487966450296710e+01,5.542426318611728675e+01,5.542314535621768812e+01,4.300605940516086889e+01,4.291618958788824045e+01,4.614114119316186446e+01,5.403660717212019904e+01,5.548491275272286316e+01,5.543799409418819835e+01,5.543014877572644394e+01
5.542522799367282005e+01,5.542489860807353352e+01,5.542429780611131207e+01,5.542320846952550539e+01,4.994940817430671132e+01,5.003175689006859272e+01,5.147440026525479340e+01,5.483256226040741410e+01,5.546876830190154095e+01,5.543592797029241126e+01,5.542976298027689097e+01
5.542526324559509021e+01,5.542496306912835990e+01,5.542441558152478365e+01,5.542342304665221775e+01,5.352487216052389840e+01,5.347337746678417147e+01,5.401917858234490666e+01,5.521754914590140828e+01,5.545486240987611382e+01,5.543401366738086722e+01,5.542935090958476962e+01
5.542530081764382999e+01,5.542503179100098976e+01,5.542454120311032284e+01,5.542365212390495799e+01,5.478747599585989292e+01,5.477387407432833299e+01,5.496171875134692186e+01,5.536579811159747777e+01,5.544253631577102226e+01,5.543182656872154723e+01,5.542886482058737840e+01
