1.385622978770062730e+01,1.385608374793335251e+01,1.385581769368220861e+01,1.385533719857054180e+01,1.385449380873980019e+01,-1.695449092758593679e+01,-4.756133235084500921e-01,1.364730712349773967e+01,1.390931474986970962e+01,1.386716655161526646e+01,1.386061046052799739e+01
1.385612689694214872e+01,1.385589564522061323e+01,1.385547418577321110e+01,1.385471203912992522e+01,-6.381794541686378608e+00,-1.787855028232305088e+01,-4.357826831897133602e-01,1.364617729127169810e+01,1.390919051663927952e+01,1.386714296748958475e+01,1.386060139990398810e+01
1.385612738787914466e+01,1.385589654336596865e+01,1.385547582673880029e+01,1.385471502445881598e+01,-6.879681523346668826e+00,-1.768672887432394703e+01,-3.319733044837585023e-01,1.364823531667981271e+01,1.390896112724385247e+01,1.386709579179802532e+01,1.386058292419544813e+01
1.385612865121762383e+01,1.385589885259746268e+01,1.385548004230603603e+01,1.385472268823657060e+01,-6.663413273793265645e+00,-1.706117411414682650e+01,-6.052938588863865377e-02,1.365543073979346822e+01,1.390846003486947779e+01,1.386699021878108695e+01,1.386054136356056787e+01
1.385613165587014350e+01,1.385590434460948117e+01,1.385549006810770933e+01,1.385474091727078516e+01,1.385342025719783976e+01,-2.796182065220329527e+00,8.312253580311228518e-01,1.367995771222106960e+01,1.390766904263487191e+01,1.386703397210793298e+01,1.386055711409292002e+01
1.385613165181013073e+01,1.385590433906592267e+01,1.385549006470707667e+01,1.385474094822649249e+01,1.385342053020390551e+01,-5.602654290137063509e-01,1.696043932808817267e+00,1.371007728581053620e+01,1.390566488318978067e+01,1.386681778507937324e+01,1.386047084420024511e+01
1.385613879094220735e+01,1.385591739026895297e+01,1.385551389677400280e+01,1.385478431416713718e+01,1.385349856676554481e+01,2.382376465291784484e+00,4.621221881413446475e+00,1.376037930514639562e+01,1.390125700095691386e+01,1.386628287014486460e+01,1.386045537852544740e+01
1.385614210303947402e+01,1.385592344824845235e+01,1.385552497291875085e+01,1.385480454052049382e+01,1.385353535059793728e+01,6.671752583751290544e+00,8.341602088153507566e+00,1.380891279673655347e+01,1.389318363468420969e+01,1.386507338256004296e+01,1.386014492352175154e+01
1.385616427791967453e+01,1.385596398693714804e+01,1.385559899380096383e+01,1.385493917457663215e+01,1.385377717487375904e+01,1.055377088250277851e+01,1.149923089518065389e+01,1.384479546356865853e+01,1.388345218892795074e+01,1.386384262359465325e+01,1.385997801960616016e+01
1.385617881250968253e+01,1.385599056611411584e+01,1.385564755847997986e+01,1.385502765489326293e+01,1.385393681549867928e+01,1.258723823138700837e+01,1.299897710938187601e+01,1.385870044426205538e+01,1.387449570480362127e+01,1.386237735916516378e+01,1.385962321318886126e+01
1.385620684688859683e+01,1.385604183157747116e+01,1.385574122009269615e+01,1.385519823268779938e+01,1.385424416681584603e+01,1.341060576453298481e+01,1.356966240483683528e+01,1.386197677863354016e+01,1.386752862834777744e+01,1.386098312062486571e+01,1.385938284741162363e+01
