9.797500687361655025e+00,9.797121666927660399e+00,9.796429898438166362e+00,9.795173146906554607e+00,-3.844455830796594853e+01,-3.673035619523374606e+01,-2.205284549591009835e+01,2.546250675930237239e+00,9.876169937795950204e+00,9.814220595686299120e+00,9.803195400074292465e+00
9.797336939047784909e+00,9.796822228542128030e+00,9.795882758683848834e+00,-3.821988112058449616e+01,-4.397861376119131904e+01,-3.788206647188444265e+01,-2.120114418770702613e+01,2.558877827421120799e+00,9.875200449397700808e+00,9.814130540175662887e+00,9.803171172310001680e+00
9.797336351625576256e+00,9.796821150693180158e+00,9.795880780864207438e+00,-3.933038795092522832e+01,-4.382551694513347229e+01,-3.776644472601253710e+01,-2.118712248966313183e+01,2.593396762605105543e+00,9.876720092404452700e+00,9.814411136930559110e+00,9.803259966989100960e+00
9.797326904064103559e+00,9.796803867271956179e+00,9.795849192874337419e+00,-3.896465944121622726e+01,-4.342945866282795464e+01,-3.747011808432275615e+01,-2.115587910336263988e+01,2.674400299925792979e+00,9.877298860044161799e+00,9.814523595118140875e+00,9.803295822385020841e+00
9.797322912036648290e+00,9.796796586129639550e+00,9.795835903402474898e+00,-3.793295747615256630e+01,-4.237221599034440800e+01,-3.662174592141182217e+01,-2.086522648348338649e+01,2.884267952546470504e+00,9.877419131580975176e+00,9.814503314870746564e+00,9.803287358415591513e+00
9.797325323470669645e+00,9.796801000186658115e+00,9.795843973245709435e+00,-3.643569178297217803e+01,-3.961426103457458225e+01,-3.432525362614755693e+01,-1.952957786549192676e+01,3.329403904544153470e+00,9.877442458918757495e+00,9.814308172887017179e+00,9.803216026614453682e+00
9.797339979564251067e+00,9.796827805198862649e+00,9.795892967947747110e+00,-1.413472135644402705e+01,-3.178350378742528548e+01,-2.904471326023298161e+01,-1.661157685331319556e+01,4.150946651499016760e+00,9.875622317535441397e+00,9.814077458635736662e+00,9.803127953706857411e+00
9.797360467704631759e+00,9.796865272420747672e+00,9.795961455715497479e+00,-9.009751621881873618e+00,-2.197541151998537146e+01,-1.890181948279098023e+01,-9.752523927307906959e+00,5.494685000303102029e+00,9.868697959387022323e+00,9.813264217618160146e+00,9.803065376974435807e+00
9.797369176015376269e+00,9.796881205041760410e+00,9.795990586640616726e+00,-1.489545252385003238e+00,-7.956315318138715398e+00,-6.311712900037164786e+00,-1.364397270476803925e+00,7.220696318682150228e+00,9.856666460004284147e+00,9.811927364943354490e+00,9.802816847673001988e+00
9.797397646751651479e+00,9.796933276391445844e+00,9.796085758146528377e+00,4.594882495118783439e+00,2.184574552828076222e+00,2.912779888190519806e+00,4.972915298721412469e+00,8.640979579054116400e+00,9.841379917564056612e+00,9.809796224753409177e+00,9.802449210282583536e+00
9.797442180265687028e+00,9.797014737043987509e+00,9.796234691885469914e+00,7.136041538658334460e+00,7.089851840244217662e+00,7.333693946400810404e+00,8.062530190280515541e+00,9.376294138961165814e+00,9.827627185338842608e+00,9.807609965598961921e+00,9.801975415499656563e+00
