5.542533817683493425e+01,5.542510015334806894e+01,5.542466604728531365e+01,5.542387927697969019e+01,1.972039589951570804e+01,6.907653676749118787e+00,2.885149359768280419e+01,5.156534134405121961e+01,5.550568807944343064e+01,5.544015339266448450e+01,5.543050522474996455e+01
5.542518788715480582e+01,5.542482536790964787e+01,5.542416408844603382e+01,5.542296485772955350e+01,2.055198391691453352e+01,7.119059020190359632e+00,2.884351490302612930e+01,5.157539791943204222e+01,5.550545936514683376e+01,5.544011341286494599e+01,5.543049189689143930e+01
5.542518901218200256e+01,5.542482742612001800e+01,5.542416784888498427e+01,5.542297170525304750e+01,2.050926451652973270e+01,7.310279269466901653e+00,2.896137755371930567e+01,5.161062781878577255e+01,5.550598597053861738e+01,5.544020446869237162e+01,5.543052219017370419e+01
5.542518650325800422e+01,5.542482283802448251e+01,5.542415946771188828e+01,5.542295644522479847e+01,2.105755730994599162e+01,8.275596875156224996e+00,2.943641956177859953e+01,5.170228777718109825e+01,5.550636535328555965e+01,5.544025751901585863e+01,5.543053904170514556e+01
5.542518571083685686e+01,5.542482138785295831e+01,5.542415681889536216e+01,5.542295163272129344e+01,2.325388943883107373e+01,1.054824213064968319e+01,3.036780860470140198e+01,5.191121522269891386e+01,5.550631776396381412e+01,5.544020134045568682e+01,5.543051731101412827e+01
5.542518981695123870e+01,5.542482889705634364e+01,5.542417054094039486e+01,5.542297666100119358e+01,2.691460373351375424e+01,1.576628926569880562e+01,3.273156195785475120e+01,5.229704742627154701e+01,5.550485552972793357e+01,5.544008297103161453e+01,5.543047253468430569e+01
5.542519762443440356e+01,5.542484317323440024e+01,5.542419663036432098e+01,5.542302425494673201e+01,3.293786364738502925e+01,2.575064948029024947e+01,3.765973900240686589e+01,5.302529121284835867e+01,5.549832643083309591e+01,5.543929203507349257e+01,5.543040596470774517e+01
5.542520534994687864e+01,5.542485730022087864e+01,5.542422244509717189e+01,5.542307131781682017e+01,4.278640097219717120e+01,3.806679629486653482e+01,4.458586900537984121e+01,5.403867398521282439e+01,5.548563366464249924e+01,5.543809137295755818e+01,5.543018086433868774e+01
5.542522791470541677e+01,5.542489856053096275e+01,5.542429782905651336e+01,5.542320867588641420e+01,4.984582883793624575e+01,4.769657300020385549e+01,5.052256574992038907e+01,5.483969932666906288e+01,5.547013101891816689e+01,5.543611996045966350e+01,5.542983038287455599e+01
5.542526479886694801e+01,5.542496601197998984e+01,5.542442108522563160e+01,5.542343334202317351e+01,5.322643056023957797e+01,5.261112207980952604e+01,5.362899718735446442e+01,5.522303433187785515e+01,5.545640956118646869e+01,5.543405402459375608e+01,5.542935416711276275e+01
5.542531177878247206e+01,5.542505193184431533e+01,5.542457810812975083e+01,5.542371959273466331e+01,5.463842475050788750e+01,5.449090984125879800e+01,5.482854600739830175e+01,5.536034176910402493e+01,5.544512091831128942e+01,5.543226322579305787e+01,5.542908774625032464e+01
