1.385623453272563665e+01,1.385609245535129119e+01,1.385583364931964212e+01,1.385536641415568937e+01,1.385454729047366484e+01,-2.913739929250832361e+01,-4.523442720221875213e+00,1.365783860568944341e+01,1.390928504036365965e+01,1.386714827448741261e+01,1.386060232021814542e+01
1.385612825364373180e+01,1.385589815228397370e+01,1.385547879569418939e+01,1.385472047766229409e+01,-3.937696931434337699e+01,-3.048506954477728215e+01,-4.453784437303206722e+00,1.365538637385287402e+01,1.390883762878300800e+01,1.386705999240488474e+01,1.386056808641157900e+01
1.385613034930560872e+01,1.385590198469732037e+01,1.385548579547984005e+01,1.385473321025565951e+01,1.385340659871210001e+01,-2.834960772862729073e+01,-4.181177861307155297e+00,1.365852586947032421e+01,1.390835561133480525e+01,1.386696241964086340e+01,1.386053000818921888e+01
1.385613285351917767e+01,1.385590656346160365e+01,1.385549415516928029e+01,1.385474840786974937e+01,1.385343385185483278e+01,-2.702316803360512409e+01,-3.692670463609971421e+00,1.366657337141846540e+01,1.390813237082132758e+01,1.386713672767858085e+01,1.386059783864858019e+01
1.385612853933845123e+01,1.385589867666096708e+01,1.385547975668720611e+01,1.385472223461558272e+01,-3.343513730175439491e+01,-2.571524271113533189e+01,-2.780974966223343614e+00,1.368378735130433554e+01,1.390784221735962234e+01,1.386706211917700671e+01,1.386056746163146514e+01
1.385613149550267487e+01,1.385590407883547215e+01,1.385548961837614179e+01,1.385474017704990857e+01,1.385341925144339292e+01,-1.136945142532348019e+00,-1.130866073509078085e-01,1.372377179345718723e+01,1.390543300701187590e+01,1.386675675860824342e+01,1.386044603038532941e+01
1.385614123166953249e+01,1.385592187888679661e+01,1.385552212336932953e+01,1.385479932388027002e+01,1.385352565867757235e+01,-7.760738587376826203e+00,3.525527448271542852e+00,1.375717687392739208e+01,1.390103391046560688e+01,1.386624246776674596e+01,1.386043959350432964e+01
1.385614255753738355e+01,1.385592430437302625e+01,1.385552655919718923e+01,1.385480742788888087e+01,1.385354040840016232e+01,7.117061010264540855e+00,8.302814984075551408e+00,1.381800735832858251e+01,1.389293151846304042e+01,1.386521666994714330e+01,1.386020541611446966e+01
1.385616141263599310e+01,1.385595877761209849e+01,1.385558952008936195e+01,1.385492202505839643e+01,1.385374668745489402e+01,1.082555487337619482e+01,1.159231570755619067e+01,1.385175384015481548e+01,1.388278948244010458e+01,1.386363834674075513e+01,1.385987762363182796e+01
1.385618703649410399e+01,1.385600562779214329e+01,1.385567509150477150e+01,1.385507778718798910e+01,1.385402704684754482e+01,1.227914803757501083e+01,1.302923936647184178e+01,1.386300299668541669e+01,1.387413501301337426e+01,1.386222962920088086e+01,1.385954025219417929e+01
1.385621467973679799e+01,1.385605618023292962e+01,1.385576745708703328e+01,1.385524603793466270e+01,1.385433039070479921e+01,1.344472375924619278e+01,1.358774259892332381e+01,1.386394920922521123e+01,1.386719403632728387e+01,1.386100313708345055e+01,1.385938938261240949e+01
