1.385623424602185416e+01,1.385609207143551203e+01,1.385583308918385015e+01,1.385536552843485225e+01,1.385454577837841939e+01,-2.912114357549944543e+01,-4.329705357915038633e+00,1.366043748195580321e+01,1.390927912709812198e+01,1.386714475594185103e+01,1.386060080466348232e+01
1.385612862554962099e+01,1.385589896227917350e+01,1.385548041134706665e+01,1.385472355614147943e+01,-3.962405241721034344e+01,-3.078224112587042072e+01,-4.210135894086183050e+00,1.365644989657253383e+01,1.390879044682626109e+01,1.386704940831542743e+01,1.386056391836639534e+01
1.385613081148553150e+01,1.385590295888880874e+01,1.385548770958831000e+01,1.385473682674100715e+01,1.385341319549907979e+01,-2.838051440710071205e+01,-4.084860309873615591e+00,1.366022453293672889e+01,1.390847610518611077e+01,1.386698505432176631e+01,1.386053874094907989e+01
1.385613251392987877e+01,1.385590607132450103e+01,1.385549339198202290e+01,1.385474715755255026e+01,1.385343172685782953e+01,-2.752895865718995339e+01,-3.599704410086879136e+00,1.366791444308805659e+01,1.390807899392291880e+01,1.386712452909386251e+01,1.386059302044915853e+01
1.385612904886680319e+01,1.385589973197227387e+01,1.385548181380142196e+01,1.385472610442692343e+01,-3.502260886753206393e+01,-2.717803011268849644e+01,-2.935853164567871154e+00,1.368689486730630733e+01,1.390781156024698006e+01,1.386705279416519154e+01,1.386056361280030913e+01
1.385613205945349691e+01,1.385590523275858210e+01,1.385549185512757830e+01,1.385474437675768833e+01,1.385342690549976830e+01,-1.079102612882647971e+00,-1.267408735284600407e+00,1.371952690752119608e+01,1.390586430605448420e+01,1.386684846471542976e+01,1.386048190921354717e+01
1.385613895190709677e+01,1.385591783574764690e+01,1.385551487168037355e+01,1.385478626579922690e+01,1.385350231423766587e+01,2.255422488062385433e+00,2.358252091146639806e+00,1.377380867109545015e+01,1.390168505180574776e+01,1.386635373178015129e+01,1.386048241102221645e+01
1.385614209161832378e+01,1.385592357974183031e+01,1.385552537951136998e+01,1.385480548867008466e+01,1.385353747741499042e+01,-1.407736977807386047e+00,6.845914672814290114e+00,1.381495456421531287e+01,1.389422114967145738e+01,1.386529574081673211e+01,1.386023881304634031e+01
1.385615996123283011e+01,1.385595625703424894e+01,1.385558505578690713e+01,1.385491405298850154e+01,1.385373257120155088e+01,7.366054360747884111e+00,1.072092164236815570e+01,1.385092555291196348e+01,1.388463086123278423e+01,1.386391810334917629e+01,1.386001128618230993e+01
1.385617922076065156e+01,1.385599147345791060e+01,1.385564938827813108e+01,1.385503120611885564e+01,1.385394372040512856e+01,1.157843489378347890e+01,1.271029148061309755e+01,1.386690470010349330e+01,1.387579001212392171e+01,1.386252475202439527e+01,1.385969539538733386e+01
1.385620823218283348e+01,1.385604453140432746e+01,1.385574633596411687e+01,1.385520784740928235e+01,1.385426255764790682e+01,1.310974789411803698e+01,1.347538928777908929e+01,1.386641311296447299e+01,1.386900882824757630e+01,1.386132778819615829e+01,1.385939581763536310e+01
