1.385623756385638217e+01,1.385609800400764868e+01,1.385584377862829797e+01,1.385538478229138271e+01,1.385457992111814463e+01,-2.841080970836068431e+01,-4.550676355338109325e+00,1.366030669381098051e+01,1.390946066298232786e+01,1.386718161476456856e+01,1.386061516153519335e+01
1.385612756621027764e+01,1.385589690585539735e+01,1.385547653060199025e+01,1.385471637331983707e+01,-7.236467774440480838e+00,-2.948972211371696517e+01,-4.483006942481948087e+00,1.365453691851230644e+01,1.390896559202241889e+01,1.386708754979212443e+01,1.386057898241648623e+01
1.385612953992496799e+01,1.385590051417776181e+01,1.385548311791829867e+01,1.385472834173225820e+01,1.385339783362755739e+01,-2.817737312759878066e+01,-4.301323956066847032e+00,1.365619586386128148e+01,1.390853793758008194e+01,1.386700166663184852e+01,1.386054553423629443e+01
1.385613169027926261e+01,1.385590444502547669e+01,1.385549029511462216e+01,1.385474139249937942e+01,1.385342124278280096e+01,-2.656840850898019113e+01,-3.823362926236838710e+00,1.366566616349242125e+01,1.390821179796647122e+01,1.386715392591836249e+01,1.386060463266142584e+01
1.385612804937531450e+01,1.385589778773793235e+01,1.385547814114960730e+01,1.385471930379026517e+01,-3.279107618074452546e+01,-2.547738884068275311e+01,-2.671831344227012295e+00,1.368474240404805009e+01,1.390776771770434195e+01,1.386704793860316975e+01,1.386056205031540145e+01
1.385613178185204220e+01,1.385590461204328072e+01,1.385549060143110012e+01,1.385474197231444649e+01,1.385342246816026446e+01,-7.804929942272689214e-01,-9.359571115428888533e-02,1.372415069717503044e+01,1.390532780974487537e+01,1.386673668341418519e+01,1.386043839431956393e+01
1.385614160411051188e+01,1.385592256913957243e+01,1.385552339243508868e+01,1.385480163620243133e+01,1.385352978753895492e+01,3.081811379468877732e+00,3.683801021599187209e+00,1.376687723656686124e+01,1.390118660607663159e+01,1.386626068367854359e+01,1.386044572061207525e+01
1.385614322898284811e+01,1.385592554286055744e+01,1.385552883634747090e+01,1.385481161468992539e+01,1.385354814714311189e+01,7.000726854263849219e+00,8.049090410727504974e+00,1.381415477135046288e+01,1.389319089187668155e+01,1.386506574722339735e+01,1.386014078630261182e+01
1.385616526091312650e+01,1.385596582055537773e+01,1.385560238207168382e+01,1.385494539256283630e+01,1.385378848139879793e+01,1.060737269565722052e+01,1.148553034140008755e+01,1.385022485678401338e+01,1.388330132017921414e+01,1.386378439960903108e+01,1.385994833728980069e+01
1.385618210750782886e+01,1.385599662757827666e+01,1.385565866936274837e+01,1.385504793434408377e+01,1.385397346851015143e+01,1.220974441359362928e+01,1.298503031476936442e+01,1.386112520069099574e+01,1.387470744858503657e+01,1.386243992985101592e+01,1.385965609598665260e+01
1.385620551022044467e+01,1.385603942843704317e+01,1.385573688153492533e+01,1.385519042935861833e+01,1.385423042479528277e+01,1.343031404429097364e+01,1.357260077664600395e+01,1.386399251519294396e+01,1.386740649044352836e+01,1.386089725759141089e+01,1.385932181332711721e+01
