5.542535787595214458e+01,5.542513607785858198e+01,5.542473157969827469e+01,5.542399857588466716e+01,5.542269746228816985e+01,2.051718043196385821e+01,2.658331440317266825e+01,5.368456289472906207e+01,5.550722007040921824e+01,5.543953960636676470e+01,5.543040300657922614e+01
5.542527342369737653e+01,5.542498172215984908e+01,5.542444990477758182e+01,5.542348713563458773e+01,7.572820310201905158e+00,1.120041739759728827e+01,2.641949883946049127e+01,5.364544166476655107e+01,5.550764921858763046e+01,5.543961184159724098e+01,5.543042772663898177e+01
5.542527165836135339e+01,5.542497849475825689e+01,5.542444401124652131e+01,5.542347641446571771e+01,8.862638079528082358e+00,1.131294440329874362e+01,2.658329427840878623e+01,5.364128834132874601e+01,5.550727831926019462e+01,5.543955584469420472e+01,5.543040900303333274e+01
5.542527265230833677e+01,5.542498031137962045e+01,5.542444732597776635e+01,5.542348243093491789e+01,9.598284398619878033e+00,1.208422581138276186e+01,2.700631170843171347e+01,5.363833745426439492e+01,5.550662724489918531e+01,5.543946340073612333e+01,5.543037854785364971e+01
5.542527390748877281e+01,5.542498260491385054e+01,5.542445150790182140e+01,5.542349000436323792e+01,1.133286832881059425e+01,1.413673034697076503e+01,2.830202754479672222e+01,5.189008307284383648e+01,5.550641380993327800e+01,5.544022693942922331e+01,5.543052640933024122e+01
5.542518856041047570e+01,5.542482651584504083e+01,5.542416610249360076e+01,5.542296848623631433e+01,2.679564030365413529e+01,1.903925414214760892e+01,3.181482425624082566e+01,5.230725795622042540e+01,5.550419121608913997e+01,5.543997974814574548e+01,5.543043903604636569e+01
5.542519968878981018e+01,5.542484686353042633e+01,5.542420327983213468e+01,5.542303625683186397e+01,3.390626788330143171e+01,2.833806509907806515e+01,3.754103915685143988e+01,5.306267317026836849e+01,5.549840581987066912e+01,5.543947800267129367e+01,5.543026380310543288e+01
5.542522049542715479e+01,5.542488490763501829e+01,5.542427278937290680e+01,5.542316295052577857e+01,4.171289485597258562e+01,4.124744045256515790e+01,4.494266321042749723e+01,5.401961921863437510e+01,5.548676876541996705e+01,5.543823339487482826e+01,5.543022655720147895e+01
5.542522856093093253e+01,5.542489966119193667e+01,5.542429977082389314e+01,5.542321224592160434e+01,4.904693918684901632e+01,4.903815116133336716e+01,5.079798819985781222e+01,5.480456076632439988e+01,5.547126581068252449e+01,5.543637867677148989e+01,5.542973199850133881e+01
5.542527366040989989e+01,5.542498212287661374e+01,5.542445041209305856e+01,5.542348662413728988e+01,5.309643534317030600e+01,5.307325301373784754e+01,5.374853822598643660e+01,5.520548946606456298e+01,5.545676011853325349e+01,5.543421551886680732e+01,5.542943101865519395e+01
5.542530110000210897e+01,5.542503231698371735e+01,5.542454218190418658e+01,5.542365402546009534e+01,5.463351933109380099e+01,5.462682442120114956e+01,5.486943961653946644e+01,5.536343785902690939e+01,5.544365708161816997e+01,5.543191452328034075e+01,5.542890039917931233e+01
