9.797510475018150089e+00,9.797139610539547405e+00,9.796462731632578524e+00,9.795233016529543590e+00,-5.744360019653758087e+01,-4.938753210070885302e+01,-2.620913536845498726e+01,2.559940176504423626e+00,9.875237212829567568e+00,9.814296130357632819e+00,9.803221365821386257e+00
9.797332749041247624e+00,9.796814634838520774e+00,9.795868956485536572e+00,-5.939231492783542876e+01,-5.874788890004210629e+01,-4.950102587542087917e+01,-2.648655194209420927e+01,2.570938206205304777e+00,9.875544223450624770e+00,9.814326205616920262e+00,9.803229557529929750e+00
9.797332808833385087e+00,9.796814703207797237e+00,9.795869049304430476e+00,-5.921438189547173181e+01,-5.841083282236594698e+01,-4.925613690191902094e+01,-2.635740048841507743e+01,2.606388288232162509e+00,9.877430762226511618e+00,9.814459139947221189e+00,9.803271197138213822e+00
9.797328702541141965e+00,9.796807206381954458e+00,9.795855358358769749e+00,-5.817011001446225293e+01,-5.753682637414054568e+01,-4.863470018063880929e+01,-2.573404879523600997e+01,2.691440298717778123e+00,9.877921542669531263e+00,9.814331991003243161e+00,9.803230450622828940e+00
9.797333430129086196e+00,9.796815876590798666e+00,9.795871215979934377e+00,-5.622033421609106085e+01,-5.524101210313723698e+01,-4.678744428841192615e+01,-2.505244564273302288e+01,2.873318763481286453e+00,9.878757636641658735e+00,9.814349781392891714e+00,9.803229619826385743e+00
9.797338288209910928e+00,9.796824759734677812e+00,9.795887455620150064e+00,-1.811106464194520527e+01,-4.958906813776881961e+01,-4.249226567071127647e+01,-2.282389064944569412e+01,3.248760623297547223e+00,9.878048194827622197e+00,9.814301875020678523e+00,9.803208370378674985e+00
9.797345040588218978e+00,9.796837108526665006e+00,9.795910032351837771e+00,-1.434033249602448734e+01,-4.006793476971250811e+01,-3.423493522367493824e+01,-1.875776484087336371e+01,4.021556390723561414e+00,9.876337719015843675e+00,9.814120028413634955e+00,9.803136956861663975e+00
9.797362872336174533e+00,9.796869709168591456e+00,9.795969615064679559e+00,-9.226900139490883390e+00,-2.497009132168474110e+01,-2.116720852770870209e+01,-1.071848542106498314e+01,5.383213997751610691e+00,9.869367495287557190e+00,9.813316565132664593e+00,9.803078599282578409e+00
9.797370800184719286e+00,9.796884216120938405e+00,9.795996144930382954e+00,-1.507265267020878596e+00,-8.647219586698042804e+00,-6.849569126392680118e+00,-1.546553046042960844e+00,7.202255136255663714e+00,9.856656838453163871e+00,9.811878591623230506e+00,9.802797669206764652e+00
9.797401531219316340e+00,9.796940409904552283e+00,9.796098833194639255e+00,4.728975086490065038e+00,2.140685745788272420e+00,2.902907730993153468e+00,5.042339522979848887e+00,8.665653576773879152e+00,9.840872422895134974e+00,9.809665418507989898e+00,9.802400038121335868e+00
9.797447577294869703e+00,9.797024645002423426e+00,9.796252841041134474e+00,7.058869285129954818e+00,7.104402858336812621e+00,7.369576703568140097e+00,8.112149481376285109e+00,9.393510814962402478e+00,9.826903935655254330e+00,9.807388896677398549e+00,9.801884347444557832e+00
