9.797500687358743576e+00,9.797121666924788030e+00,9.796429898435421890e+00,9.795173146904209815e+00,-3.844455830858436940e+01,-3.673035619570288901e+01,-2.205284549587175391e+01,2.546250675987094869e+00,9.876169937977374857e+00,9.814220596266185481e+00,9.803195401913802343e+00
9.797336939044843263e+00,9.796822228539225463e+00,9.795882758681070612e+00,-3.821988112094165757e+01,-4.397861376118763133e+01,-3.788206647187767828e+01,-2.120114418769207276e+01,2.558877827476740752e+00,9.875200449579127238e+00,9.814130540754922194e+00,9.803171174147420786e+00
9.797336351622631057e+00,9.796821150690274038e+00,9.795880780861423887e+00,-3.933038795129886722e+01,-4.382551694513068696e+01,-3.776644472600675329e+01,-2.118712248964741107e+01,2.593396762660645560e+00,9.876720092585431487e+00,9.814411137509102545e+00,9.803259968824395543e+00
9.797326904061163688e+00,9.796803867269055388e+00,9.795849192871564526e+00,-3.896465944164111761e+01,-4.342945866282423140e+01,-3.747011808431090429e+01,-2.115587910333737298e+01,2.674400299981601670e+00,9.877298860224925647e+00,9.814523595696016400e+00,9.803295824218210441e+00
9.797322912033713749e+00,9.796796586126744089e+00,9.795835903399703781e+00,-3.793295747667733764e+01,-4.237221599035027708e+01,-3.662174592140396356e+01,-2.086522648347729714e+01,2.884267952601962115e+00,9.877419131761529414e+00,9.814503315447966614e+00,9.803287360246692117e+00
9.797325323467738656e+00,9.796801000183766206e+00,9.795843973242943648e+00,-3.643569178345763504e+01,-3.961426103468786408e+01,-3.432525362619420406e+01,-1.952957786546585339e+01,3.329403904598309705e+00,9.877442459099022187e+00,9.814308173463578200e+00,9.803216028443497265e+00
9.797339979561325407e+00,9.796827805195976069e+00,9.795892967944986651e+00,-1.413472135646262728e+01,-3.178350378782697661e+01,-2.904471326032101430e+01,-1.661157685329003186e+01,4.150946651554809463e+00,9.875622317715640364e+00,9.814077459211686616e+00,9.803127955533911475e+00
9.797360467701713205e+00,9.796865272417869974e+00,9.795961455712742350e+00,-9.009751621906817221e+00,-2.197541152009004151e+01,-1.890181948278598156e+01,-9.752523927270626558e+00,5.494685000358399130e+00,9.868697959566993916e+00,9.813264218193525679e+00,9.803065378799656671e+00
9.797369176012466596e+00,9.796881205038889817e+00,9.795990586637872255e+00,-1.489545252389456564e+00,-7.956315318171128581e+00,-6.311712900039225360e+00,-1.364397270466416678e+00,7.220696318736989916e+00,9.856666460184102974e+00,9.811927365518217314e+00,9.802816849496629459e+00
9.797397646748754241e+00,9.796933276388589462e+00,9.796085758143798117e+00,4.594882495130343969e+00,2.184574552821664462e+00,2.912779888193286482e+00,4.972915298737849987e+00,8.640979579109545838e+00,9.841379917743774186e+00,9.809796225327858110e+00,9.802449212104907161e+00
9.797442180262804001e+00,9.797014737041143562e+00,9.796234691882750312e+00,7.136041538625420344e+00,7.089851840249774995e+00,7.333693946406388164e+00,8.062530190295278842e+00,9.376294139015870499e+00,9.827627185518464259e+00,9.807609966173084004e+00,9.801975417320928585e+00
