1.385623395241509570e+01,1.385609139745262119e+01,1.385583169062096864e+01,1.385536264933790562e+01,1.385453930513618559e+01,-2.779828416592586748e+01,-4.486410663939667032e+00,1.365629357467953042e+01,1.390929112798739986e+01,1.386715184764842235e+01,1.386060392008065278e+01
1.385612800609304074e+01,1.385589771170729279e+01,1.385547800273085706e+01,1.385471904622498229e+01,-7.598854904452181813e+00,-2.903161352323270705e+01,-4.400463064666876534e+00,1.365287827726528391e+01,1.390902113019111397e+01,1.386710035741838354e+01,1.386058410126238272e+01
1.385612909997549203e+01,1.385589971151189559e+01,1.385548165387631769e+01,1.385472568143519467e+01,-3.726077372012138511e+01,-2.907350854437044418e+01,-4.343439524542792363e+00,1.365719918775327280e+01,1.390868793544323267e+01,1.386702960433925469e+01,1.386055621144531713e+01
1.385613114794050560e+01,1.385590345449672611e+01,1.385548848767288099e+01,1.385473811131026167e+01,1.385341539201744609e+01,-2.624537575142766954e+01,-3.833672447172357778e+00,1.366686380197367257e+01,1.390834284290088263e+01,1.386695526603469375e+01,1.386052680718323593e+01
1.385613337525499844e+01,1.385590752442667117e+01,1.385549591603879982e+01,1.385475161656511389e+01,1.385343964286783702e+01,-2.305514050709383156e+01,-2.812926170531528491e+00,1.368298063912142837e+01,1.390779804181941159e+01,1.386705525218002677e+01,1.386056497435073354e+01
1.385613151979205249e+01,1.385590413231557605e+01,1.385548972465047157e+01,1.385474037645272105e+01,1.385341959930146238e+01,-9.822492744406066123e-01,-3.273289781892230188e-01,1.372432097636157877e+01,1.390548077639849645e+01,1.386676608557135282e+01,1.386044960821211802e+01
1.385614105237312543e+01,1.385592155740225806e+01,1.385552154318695983e+01,1.385479827896564942e+01,1.385352381170485003e+01,-7.998907625602507565e+00,3.126360927378653010e+00,1.375840278194258737e+01,1.390131450146198233e+01,1.386629669516380403e+01,1.386046115435279624e+01
1.385614168238859634e+01,1.385592271573773537e+01,1.385552367217944081e+01,1.385480220823162334e+01,1.385353117311090543e+01,6.570569521158007298e+00,7.797298124338340131e+00,1.381548913280028046e+01,1.389377438224185468e+01,1.386519433548966518e+01,1.386019539843937665e+01
1.385616237261541883e+01,1.385596054234810381e+01,1.385559275094720988e+01,1.385492791031683701e+01,1.385375728753757940e+01,1.036591092914458656e+01,1.123004909568687815e+01,1.384632136684893666e+01,1.388412361448184740e+01,1.386380212890542296e+01,1.385995759365997770e+01
1.385618092150494718e+01,1.385599445710817079e+01,1.385565469899385782e+01,1.385504068282927470e+01,1.385396030442232274e+01,1.246534354430353275e+01,1.290539230796263936e+01,1.386110977128634758e+01,1.387475751722541339e+01,1.386244052658496173e+01,1.385965446337580786e+01
1.385620712755513395e+01,1.385604238091631757e+01,1.385574226525085706e+01,1.385520022107573723e+01,1.385424813975770064e+01,1.335873851695420100e+01,1.353771487143804464e+01,1.386204040493652201e+01,1.386798979231754281e+01,1.386117517376623809e+01,1.385930958565340987e+01
