9.797500687241292638e+00,9.797121666808743967e+00,9.796429898323911090e+00,9.795173146807126585e+00,-3.844455833081254781e+01,-3.673035621324272171e+01,-2.205284549446461284e+01,2.546250678038416204e+00,9.876169944474929352e+00,9.814220616950890985e+00,9.803195467075553893e+00
9.797336938929518624e+00,9.796822228425252632e+00,9.795882758571472948e+00,-3.821988113199928705e+01,-4.397861376105365849e+01,-3.788206647163568874e+01,-2.120114418715940019e+01,2.558877829433037654e+00,9.875200455917024556e+00,9.814130560911630496e+00,9.803171237653526049e+00
9.797336351510288921e+00,9.796821150579210880e+00,9.795880780754552930e+00,-3.933038796108925794e+01,-4.382551694502911488e+01,-3.776644472581917000e+01,-2.118712248912786933e+01,2.593396764566173296e+00,9.876720098755239263e+00,9.814411157157692855e+00,9.803260030744961995e+00
9.797326903951859123e+00,9.796803867161056445e+00,9.795849192767752456e+00,-3.896465945362935202e+01,-4.342945866269477051e+01,-3.747011808392322507e+01,-2.115587910247052861e+01,2.674400301851152850e+00,9.877298866242322006e+00,9.814523614862023848e+00,9.803295884627939216e+00
9.797322911927251354e+00,9.796796586021557118e+00,9.795835903298613090e+00,-3.793295749429365316e+01,-4.237221599059871124e+01,-3.662174592118615379e+01,-2.086522648329951934e+01,2.884267954418255009e+00,9.877419137634813495e+00,9.814503334156730929e+00,9.803287419224139043e+00
9.797325323364038496e+00,9.796801000081314825e+00,9.795843973144492622e+00,-3.643569179937110647e+01,-3.961426103886575589e+01,-3.432525362815211167e+01,-1.952957786439405297e+01,3.329403906326453555e+00,9.877442464833073643e+00,9.814308191741151433e+00,9.803216086070875690e+00
9.797339979460350179e+00,9.796827805096228303e+00,9.795892967849166411e+00,-1.413472135778114236e+01,-3.178350380223116645e+01,-2.904471326367885808e+01,-1.661157685251482974e+01,4.150946653307946654e+00,9.875622323327556629e+00,9.814077477087490564e+00,9.803128011899701733e+00
9.797360467603345668e+00,9.796865272320701479e+00,9.795961455619410785e+00,-9.009751623477178839e+00,-2.197541152328010838e+01,-1.890181948270368650e+01,-9.752523926168869650e+00,5.494685002053135925e+00,9.868697965063459421e+00,9.813264235710862593e+00,9.803065434052335547e+00
9.797369175916500694e+00,9.796881204944105193e+00,9.795990586546858836e+00,-1.489545252946079756e+00,-7.956315319373937101e+00,-6.311712900185337816e+00,-1.364397270148153041e+00,7.220696320386347011e+00,9.856666465583796111e+00,9.811927382733625080e+00,9.802816903811564231e+00
9.797397646655017667e+00,9.796933276296021731e+00,9.796085758054946524e+00,4.594882495283542312e+00,2.184574552609155340e+00,2.912779888268850925e+00,4.972915299221418728e+00,8.640979580752002676e+00,9.841379923065279201e+00,9.809796242298727265e+00,9.802449265671144829e+00
9.797442180170911286e+00,9.797014736950405478e+00,9.796234691795691063e+00,7.136041537683723845e+00,7.089851840408225137e+00,7.333693946558012655e+00,8.062530190721579615e+00,9.376294140617339679e+00,9.827627190777235455e+00,9.807609982950365790e+00,9.801975470296616422e+00
