9.797504710858518706e+00,9.797129265913461893e+00,9.796444066727728384e+00,9.795199475017410506e+00,-4.547963468451477098e+01,-4.260758436869306820e+01,-2.584737317338330698e+01,2.551591858580089411e+00,9.876185379627525407e+00,9.814167534802884063e+00,9.803176005855357644e+00
9.797341087386302050e+00,9.796829929229364353e+00,9.795896964257110540e+00,-5.695582358220315200e+01,-5.422191196512015665e+01,-4.611804903326750349e+01,-2.580038881413166152e+01,2.566412521795486956e+00,9.876166796008362780e+00,9.814147261468182393e+00,9.803168776988085753e+00
9.797342466249451931e+00,9.796832467903847430e+00,9.795901627463500461e+00,-5.661930113610510062e+01,-5.390848377870634067e+01,-4.589686836562484018e+01,-2.570397709867512503e+01,2.601902340314623974e+00,9.877475633082097417e+00,9.814443128120291959e+00,9.803265014149246781e+00
9.797330321944263787e+00,9.796810275118247091e+00,9.795861085388331446e+00,-5.576468101168244118e+01,-5.312916701772805084e+01,-4.533644922313966674e+01,-2.547166556384970093e+01,2.682932580250623200e+00,9.878199001864622630e+00,9.814346634915640522e+00,9.803233413668539953e+00
9.797334501759269898e+00,9.796817960319314622e+00,9.795875162347051912e+00,-5.384060641152829874e+01,-5.135945137665354565e+01,-4.396560011445232874e+01,-2.488709215879710612e+01,2.866410785911883252e+00,9.878799240355391476e+00,9.814330205783587502e+00,9.803222166733521092e+00
9.797340192708951179e+00,9.796828397379734099e+00,9.795894268014594175e+00,-1.832565808845244959e+01,-4.778079348622888745e+01,-4.115255180604621188e+01,-2.337671679181696760e+01,3.236612700703733747e+00,9.878870011186560163e+00,9.814374828247341753e+00,9.803227746713321977e+00
9.797345933154067765e+00,9.796838913113301572e+00,9.795913512602988149e+00,-1.507656009608900760e+01,-4.071468092635276292e+01,-3.527333866918380778e+01,-1.978571187164132184e+01,3.957041179784074991e+00,9.876784827539360379e+00,9.813991170404575470e+00,9.803096304300471076e+00
9.797367302592123295e+00,9.796877988086263755e+00,9.795984923226452423e+00,-9.962525805774662402e+00,-2.805570226716534421e+01,-2.422309534767740757e+01,-1.277560255440531023e+01,5.237542362037121535e+00,9.871076535745135772e+00,9.813309368415177758e+00,9.803069810386235261e+00
9.797376693776502776e+00,9.796895171141358105e+00,9.796016351323519444e+00,-2.939816964663300780e+00,-1.206766003822157529e+01,-9.796726530442699143e+00,-3.427381932481075921e+00,6.994563197664969145e+00,9.859667732775378113e+00,9.812037588068140082e+00,9.802837721848172592e+00
9.797408254250898452e+00,9.796952895078144152e+00,9.796121861465479697e+00,1.547890012188473108e-01,3.188746817307208659e-01,1.273136158725839628e+00,3.952271702733632708e+00,8.516102337827685886e+00,9.844335241260496971e+00,9.810022740036481892e+00,9.802516978995276631e+00
9.797447922580841961e+00,9.797025460922373696e+00,9.796254533384601615e+00,6.325414059533642330e+00,6.384258153419374082e+00,6.723289249319533312e+00,7.675207293560721844e+00,9.329875554600508991e+00,9.830022998148226776e+00,9.807851472053821240e+00,9.802057971725263386e+00
