1.385623572412860227e+01,1.385609463072618652e+01,1.385583760481863536e+01,1.385537351370110670e+01,1.385455949642026141e+01,-2.395983147862040852e+01,-3.871730968509296211e+00,1.365080222015115297e+01,1.390939963346699315e+01,1.386717895518622612e+01,1.386061491734897899e+01
1.385612694020119484e+01,1.385589575354567060e+01,1.385547441585796591e+01,1.385471250278892796e+01,-7.201290757514405172e+00,-2.461540919920183512e+01,-3.743940506475738061e+00,1.364812799863118897e+01,1.390893049859389663e+01,1.386708617598698723e+01,1.386057890011505123e+01
1.385612916424276442e+01,1.385589981944917071e+01,1.385548183895795127e+01,1.385472599596263521e+01,-3.152178290582585873e+01,-2.473831671533126197e+01,-3.640914923184370267e+00,1.365311040010272592e+01,1.390886865883991419e+01,1.386707053859244354e+01,1.386057253989868876e+01
1.385612978497478487e+01,1.385590095484088025e+01,1.385548391359698073e+01,1.385472977618701051e+01,1.385340037916586553e+01,-2.222976401233306376e+01,-3.301590206174093822e+00,1.366014646802276289e+01,1.390834585011048929e+01,1.386696211137061141e+01,1.386052999275940145e+01
1.385613275305756709e+01,1.385590637926037516e+01,1.385549381483239095e+01,1.385474777424023429e+01,1.385343266502587767e+01,-2.022776312528984732e+01,-2.447757226708495715e+00,1.367711220490980573e+01,1.390767254333562164e+01,1.386703534843425523e+01,1.386055770543065790e+01
1.385613159850392684e+01,1.385590426926058605e+01,1.385548996491641560e+01,1.385474079211904552e+01,1.385342026156294715e+01,-1.059474230749439805e+00,-2.064615171844890185e-01,1.372074215268609088e+01,1.390542428767128413e+01,1.386675778658487346e+01,1.386044666733090835e+01
1.385614100569760510e+01,1.385592146782547118e+01,1.385552137351388069e+01,1.385479795776049805e+01,1.385352318923281345e+01,-7.995261833788060102e+00,2.756908095110661705e+00,1.375754624206344445e+01,1.390149408800702702e+01,1.386633418343234325e+01,1.386047633406967527e+01
1.385614082498923594e+01,1.385592113998077934e+01,1.385552078748251859e+01,1.385479696152244600e+01,1.385352179628129932e+01,1.834896355393923706e+00,7.425024463949758236e+00,1.380759727224954148e+01,1.389385623593254238e+01,1.386522760290069911e+01,1.386021104153369699e+01
1.385616033505401035e+01,1.385595680786728323e+01,1.385558591842341158e+01,1.385491544655402052e+01,1.385373473026136892e+01,1.030411623298482482e+01,1.113644290001985659e+01,1.385160406491286977e+01,1.388404941038680818e+01,1.386376255692930215e+01,1.385993651809608451e+01
1.385618387431716769e+01,1.385599984868857781e+01,1.385566454178075269e+01,1.385505862005421207e+01,1.385399278603124529e+01,1.201316288349523731e+01,1.284406442529351544e+01,1.386176761874608943e+01,1.387542618545121087e+01,1.386245335089001429e+01,1.385966219492754448e+01
1.385620599057790514e+01,1.385604029398782266e+01,1.385573844367841190e+01,1.385519324631972182e+01,1.385423551129723840e+01,1.335067384160323734e+01,1.352439528405953695e+01,1.386393417732272937e+01,1.386817055797182974e+01,1.386122028972847176e+01,1.385933301252125815e+01
