1.385623453272445005e+01,1.385609245535017919e+01,1.385583364931876815e+01,1.385536641415555614e+01,1.385454729047586930e+01,-2.913739929199548939e+01,-4.523442720215776092e+00,1.365783860579712972e+01,1.390928504070351224e+01,1.386714827556427032e+01,1.386060232362394729e+01
1.385612825364254519e+01,1.385589815228285815e+01,1.385547879569330831e+01,1.385472047766215375e+01,-3.937696931463036520e+01,-3.048506954469566566e+01,-4.453784437287126252e+00,1.365538637395874133e+01,1.390883762912211097e+01,1.386705999347949714e+01,1.386056808981031452e+01
1.385613034930442389e+01,1.385590198469620660e+01,1.385548579547896253e+01,1.385473321025551741e+01,1.385340659871428315e+01,-2.834960772897144921e+01,-4.181177861297786791e+00,1.365852586957467807e+01,1.390835561167318701e+01,1.386696242071325713e+01,1.386053001158093778e+01
1.385613285351799639e+01,1.385590656346049698e+01,1.385549415516840810e+01,1.385474840786961082e+01,1.385343385185701592e+01,-2.702316803445278737e+01,-3.692670463585524310e+00,1.366657337152020091e+01,1.390813237115897572e+01,1.386713672874878611e+01,1.386059784203339262e+01
1.385612853933727351e+01,1.385589867665986219e+01,1.385547975668633391e+01,1.385472223461544417e+01,-3.343513730306725051e+01,-2.571524271093338498e+01,-2.780974966202029108e+00,1.368378735140919567e+01,1.390784221769666118e+01,1.386706212024505547e+01,1.386056746500945280e+01
1.385613149550149537e+01,1.385590407883436725e+01,1.385548961837526605e+01,1.385474017704976646e+01,1.385341925144556008e+01,-1.136945142445400236e+00,-1.130866073601684008e-01,1.372377179355819976e+01,1.390543300734812604e+01,1.386675675967414278e+01,1.386044603375656159e+01
1.385614123166835654e+01,1.385592187888569349e+01,1.385552212336845557e+01,1.385479932388012791e+01,1.385352565867973773e+01,-7.760738587824835832e+00,3.525527448320773694e+00,1.375717687402834244e+01,1.390103391080120687e+01,1.386624246883072686e+01,1.386043959686959148e+01
1.385614255753620938e+01,1.385592430437192668e+01,1.385552655919631881e+01,1.385480742788874053e+01,1.385354040840232770e+01,7.117061010326259485e+00,8.302814984099477158e+00,1.381800735842864114e+01,1.389293151879799915e+01,1.386521667100939936e+01,1.386020541947442197e+01
1.385616141263482071e+01,1.385595877761100070e+01,1.385558952008849509e+01,1.385492202505825610e+01,1.385374668745705584e+01,1.082555487339609890e+01,1.159231570760569241e+01,1.385175384025572320e+01,1.388278948277444158e+01,1.386363834780156346e+01,1.385987762698748327e+01
1.385618703649293337e+01,1.385600562779104905e+01,1.385567509150390819e+01,1.385507778718785588e+01,1.385402704684971731e+01,1.227914803751994910e+01,1.302923936650605974e+01,1.386300299678914882e+01,1.387413501334753541e+01,1.386222963026060206e+01,1.385954025554645241e+01
1.385621467973563270e+01,1.385605618023183538e+01,1.385576745708617175e+01,1.385524603793453124e+01,1.385433039070696815e+01,1.344472375925703034e+01,1.358774259895519165e+01,1.386394920932910324e+01,1.386719403666116790e+01,1.386100313814225160e+01,1.385938938596199854e+01
