9.797504710869022304e+00,9.797129265923734565e+00,9.796444066737267420e+00,9.795199475024624292e+00,-4.547963458978782114e+01,-4.260758420977801819e+01,-2.584737317317476268e+01,2.551591858479727026e+00,9.876185378576424867e+00,9.814167531410966205e+00,9.803175995110413155e+00
9.797341087396757686e+00,9.796829929239537549e+00,9.795896964266450624e+00,-5.695582346992623712e+01,-5.422191218786504407e+01,-4.611804889261333074e+01,-2.580038875966906531e+01,2.566412520739752789e+00,9.876166794554247730e+00,9.814147258024828346e+00,9.803168766263350875e+00
9.797342466261646621e+00,9.796832467917285570e+00,9.795901627478901474e+00,-5.661930107359457764e+01,-5.390848361634179753e+01,-4.589686836136183956e+01,-2.570397708942576287e+01,2.601902337128845666e+00,9.877475631682607116e+00,9.814443124698417620e+00,9.803265003467110716e+00
9.797330321956136956e+00,9.796810275131122125e+00,9.795861085402721713e+00,-5.576468101314541315e+01,-5.312916698030909401e+01,-4.533644921304137654e+01,-2.547166555982710889e+01,2.682932569775789755e+00,9.878199000069429303e+00,9.814346631448518821e+00,9.803233403008329461e+00
9.797334501772425597e+00,9.796817960334507802e+00,9.795875162365646815e+00,-5.384060640622278981e+01,-5.135945137151291107e+01,-4.396560010892638104e+01,-2.488709215881431902e+01,2.866410785484139190e+00,9.878799239297133994e+00,9.814330202438339867e+00,9.803222156145784183e+00
9.797340192719346419e+00,9.796828397389914400e+00,9.795894268024069262e+00,-1.832565808804884711e+01,-4.778079348619370847e+01,-4.115255180608894392e+01,-2.337671679192335716e+01,3.236612700378292740e+00,9.878870010139253921e+00,9.814374824915118367e+00,9.803227736164139117e+00
9.797345933164415044e+00,9.796838913123419701e+00,9.795913512612379748e+00,-1.507656009663087815e+01,-4.071468092516848714e+01,-3.527333866929420481e+01,-1.978571187167596790e+01,3.957041179466622705e+00,9.876784826495695668e+00,9.813991167083944589e+00,9.803096293787959326e+00
9.797367302602436823e+00,9.796877988096349910e+00,9.795984923235817377e+00,-9.962525806096461878e+00,-2.805570226632626785e+01,-2.422309534755795113e+01,-1.277560255473849438e+01,5.237542361713376060e+00,9.871076534705036210e+00,9.813309365105411075e+00,9.803069799907735415e+00
9.797376693786773671e+00,9.796895171151398074e+00,9.796016351332836436e+00,-2.939816964975806357e+00,-1.206766003834801104e+01,-9.796726531168907570e+00,-3.427381932170701972e+00,6.994563197380990083e+00,9.859667731739010677e+00,9.812037584767967502e+00,9.802837711399487119e+00
9.797408254261126714e+00,9.796952895088141489e+00,9.796121861474757608e+00,1.547889957084995771e-01,3.188746814581833178e-01,1.273136157922211353e+00,3.952271703998688768e+00,8.516102337808399980e+00,9.844335240235965401e+00,9.810022736745578342e+00,9.802516968571417522e+00
9.797447922591009828e+00,9.797025460932307084e+00,9.796254533393806696e+00,6.325414053673843462e+00,6.384258151329575526e+00,6.723289249653077171e+00,7.675207293127634500e+00,9.329875554100357959e+00,9.830022997104764571e+00,9.807851468765845127e+00,9.802057961319640356e+00
