1.385623053088971091e+01,1.385608514355623910e+01,1.385582027770781899e+01,1.385534192412733034e+01,1.385450226192793366e+01,-2.846878890900947212e+01,-4.529121686596978336e+00,1.365633965460109422e+01,1.390935673334954359e+01,1.386716439124452904e+01,1.386060875476456822e+01
1.385612773308955070e+01,1.385589721030756927e+01,1.385547708603597528e+01,1.385471737942499004e+01,-3.899067475857653164e+01,-3.026104448219066256e+01,-4.473147959431398313e+00,1.365475502621581150e+01,1.390869725221816111e+01,1.386703208897466055e+01,1.386055724439833625e+01
1.385613103810263524e+01,1.385590325369249776e+01,1.385548812206821978e+01,1.385473744948734875e+01,1.385341420729213624e+01,-2.802374694840487734e+01,-4.211107530879277583e+00,1.365816752212970719e+01,1.390849889930034067e+01,1.386699196563163561e+01,1.386054159154118182e+01
1.385613206466306835e+01,1.385590513111463729e+01,1.385549155036922286e+01,1.385474368339666640e+01,1.385342539035730880e+01,-2.673712873401812118e+01,-3.702857057194244739e+00,1.366595000767367374e+01,1.390803230061128026e+01,1.386711685267824024e+01,1.386059015298945418e+01
1.385612900038423412e+01,1.385589952844256523e+01,1.385548132077345684e+01,1.385472508591684715e+01,-3.326921052825416325e+01,-2.569476413931963776e+01,-2.832847174597578288e+00,1.368401971801016259e+01,1.390781653256595263e+01,1.386705650356773489e+01,1.386056524680872570e+01
1.385613167087957365e+01,1.385590440918900867e+01,1.385549023133576796e+01,1.385474130184783093e+01,1.385342128283206442e+01,-1.180477423583199403e+00,-2.112334061925862372e-01,1.372391800060019662e+01,1.390549953176467213e+01,1.386677021873082083e+01,1.386045123676442969e+01
1.385614093764133159e+01,1.385592135126479363e+01,1.385552117018718121e+01,1.385479760239429936e+01,1.385352259049013668e+01,-8.305066117533687731e+00,3.209874611728030125e+00,1.376004349032819185e+01,1.390128441621708433e+01,1.386628829161886856e+01,1.386045755416525083e+01
1.385614203913980447e+01,1.385592336747683717e+01,1.385552486223215851e+01,1.385480437449163915e+01,1.385353507499304726e+01,6.599601833952677410e+00,7.985969116725764039e+00,1.381531700323854039e+01,1.389372354096904161e+01,1.386518499013893901e+01,1.386019161621966944e+01
1.385616242353307825e+01,1.385596063450364923e+01,1.385559291771690127e+01,1.385492820618004295e+01,1.385375777267044306e+01,1.050562482267239162e+01,1.139639650830469364e+01,1.384724531021184468e+01,1.388351352000517736e+01,1.386385094873385349e+01,1.385998113567199752e+01
1.385617934651943095e+01,1.385599157886236554e+01,1.385564944806890608e+01,1.385503114875819364e+01,1.385394324122167475e+01,1.257878177050896262e+01,1.297555890585987548e+01,1.386155591995740899e+01,1.387443280873613105e+01,1.386232860811893985e+01,1.385959362303163367e+01
1.385621133549248718e+01,1.385605007269276712e+01,1.385575630906857469e+01,1.385522576097666914e+01,1.385429398582748384e+01,1.339637133528247581e+01,1.356241512915358882e+01,1.386186542816293965e+01,1.386747853480778048e+01,1.386096310004869636e+01,1.385936991937239782e+01
