5.542535292169633721e+01,5.542512700341032428e+01,5.542471495848323570e+01,5.542396808598478231e+01,5.542264122258514192e+01,2.100673686754503677e+01,2.542885019795357238e+01,5.155638969742931721e+01,5.550626471784926252e+01,5.544026773075627545e+01,5.543054416891345682e+01
5.542518387544507164e+01,5.542481793974499737e+01,5.542415042095507260e+01,5.542293986342227186e+01,2.072526387397036274e+01,4.676561620361905369e+00,2.556926175968666115e+01,5.156554514501164022e+01,5.550608121710353515e+01,5.544023046864494830e+01,5.543053141949785356e+01
5.542518519770933239e+01,5.542482035724347611e+01,5.542415483714786717e+01,5.542294790860449893e+01,2.040307784047812589e+01,5.253922561086675991e+00,2.585236421275810414e+01,5.159969453575230602e+01,5.550650777875941344e+01,5.544030179576593298e+01,5.543055500360452470e+01
5.542518335662884965e+01,5.542481699049395871e+01,5.542414868793014904e+01,5.542293671705719049e+01,2.117216535217312412e+01,6.961414335922233576e+00,2.670273318079852487e+01,5.168965191427666639e+01,5.550664429416276846e+01,5.544031364668897766e+01,5.543055819480169788e+01
5.542518365980706818e+01,5.542481754441085684e+01,5.542414970011063957e+01,5.542293856866670865e+01,2.326633343736891746e+01,1.108439844013856046e+01,2.867627530863188667e+01,5.189961681341225130e+01,5.550613735888781264e+01,5.544018357167070121e+01,5.543051221770197401e+01
5.542518951229779134e+01,5.542482824583224499e+01,5.542416925101964864e+01,5.542297420047677292e+01,2.701476098340907228e+01,1.880302280338538523e+01,3.265239003264649398e+01,5.230203658173971348e+01,5.550453310412824237e+01,5.544004431430293778e+01,5.543046077426971863e+01
5.542519765481517879e+01,5.542484313433140386e+01,5.542419645781431825e+01,5.542302382222055712e+01,3.324633644541047772e+01,3.005368364292135652e+01,3.896683549584594886e+01,5.302761957331485121e+01,5.549772561760843104e+01,5.543943100122307044e+01,5.543025302643806640e+01
5.542521763501468968e+01,5.542487966450318027e+01,5.542426318611738623e+01,5.542314535621741101e+01,4.300605940517662873e+01,4.291618958791249128e+01,4.614114119314190532e+01,5.403660717206474828e+01,5.548491275255167920e+01,5.543799409364663688e+01,5.543014877401468965e+01
5.542522799367306874e+01,5.542489860807374669e+01,5.542429780611139734e+01,5.542320846952523539e+01,4.994940817431080404e+01,5.003175689007194649e+01,5.147440026523901224e+01,5.483256226035008751e+01,5.546876830173063411e+01,5.543592796975192982e+01,5.542976297856853307e+01
5.542526324559534601e+01,5.542496306912858017e+01,5.542441558152488312e+01,5.542342304665194774e+01,5.352487216052657004e+01,5.347337746678580572e+01,5.401917858233039738e+01,5.521754914584442986e+01,5.545486240970539882e+01,5.543401366684125264e+01,5.542935090787908337e+01
5.542530081764408578e+01,5.542503179100120292e+01,5.542454120311042232e+01,5.542365212390468798e+01,5.478747599586108663e+01,5.477387407432769351e+01,5.496171875133114781e+01,5.536579811153841035e+01,5.544253631559998041e+01,5.543182656818244425e+01,5.542886481888363903e+01
