1.385623424602212594e+01,1.385609207143577137e+01,1.385583308918406864e+01,1.385536552843493219e+01,1.385454577837806944e+01,-2.912114357552525945e+01,-4.329705357922700948e+00,1.366043748193615492e+01,1.390927912703558711e+01,1.386714475574350658e+01,1.386060080403576755e+01
1.385612862554989633e+01,1.385589896227943285e+01,1.385548041134728336e+01,1.385472355614156115e+01,-3.962405241664021105e+01,-3.078224112587516004e+01,-4.210135894110251797e+00,1.365644989655319996e+01,1.390879044676378129e+01,1.386704940811720377e+01,1.386056391773905005e+01
1.385613081148580505e+01,1.385590295888906986e+01,1.385548770958852671e+01,1.385473682674108886e+01,1.385341319549873162e+01,-2.838051440669816472e+01,-4.084860309904025044e+00,1.366022453291755134e+01,1.390847610512367538e+01,1.386698505412365812e+01,1.386053874032210587e+01
1.385613251393015233e+01,1.385590607132476215e+01,1.385549339198223961e+01,1.385474715755263020e+01,1.385343172685747959e+01,-2.752895865646912199e+01,-3.599704410124057397e+00,1.366791444306992886e+01,1.390807899386053847e+01,1.386712452889587510e+01,1.386059301982254865e+01
1.385612904886707852e+01,1.385589973197253322e+01,1.385548181380163868e+01,1.385472610442700159e+01,-3.502260886633585812e+01,-2.717803011272473057e+01,-2.935853164598358767e+00,1.368689486728643168e+01,1.390781156018458908e+01,1.386705279396731072e+01,1.386056361217405986e+01
1.385613205945377047e+01,1.385590523275884145e+01,1.385549185512779680e+01,1.385474437675777182e+01,1.385342690549942191e+01,-1.079102612915289416e+00,-1.267408735290433075e+00,1.371952690750077331e+01,1.390586430599210743e+01,1.386684846451765551e+01,1.386048190858764784e+01
1.385613895190736855e+01,1.385591783574790803e+01,1.385551487168059204e+01,1.385478626579930861e+01,1.385350231423732126e+01,2.255422488034472650e+00,2.358252091169056541e+00,1.377380867107691387e+01,1.390168505174347047e+01,1.386635373158249429e+01,1.386048241039665285e+01
1.385614209161859733e+01,1.385592357974208966e+01,1.385552537951158847e+01,1.385480548867016637e+01,1.385353747741464403e+01,-1.407736977826857583e+00,6.845914672802868139e+00,1.381495456419566636e+01,1.389422114960903443e+01,1.386529574061913017e+01,1.386023881242104672e+01
1.385615996123310367e+01,1.385595625703450828e+01,1.385558505578712740e+01,1.385491405298858680e+01,1.385373257120120982e+01,7.366054360748885088e+00,1.072092164236239142e+01,1.385092555289225658e+01,1.388463086117051404e+01,1.386391810315167916e+01,1.386001128555726325e+01
1.385617922076092512e+01,1.385599147345817173e+01,1.385564938827834958e+01,1.385503120611893735e+01,1.385394372040478217e+01,1.157843489377897228e+01,1.271029148060706859e+01,1.386690470008394271e+01,1.387579001206166041e+01,1.386252475182695676e+01,1.385969539476247370e+01
1.385620823218310527e+01,1.385604453140458681e+01,1.385574633596433358e+01,1.385520784740936229e+01,1.385426255764756220e+01,1.310974789411606523e+01,1.347538928777310474e+01,1.386641311294497214e+01,1.386900882818534164e+01,1.386132778799877130e+01,1.385939581701065570e+01
