1.385623424602177423e+01,1.385609207143543387e+01,1.385583308918378798e+01,1.385536552843482738e+01,1.385454577837852241e+01,-2.912114357549176091e+01,-4.329705357912760455e+00,1.366043748196162255e+01,1.390927912711665115e+01,1.386714475600061647e+01,1.386060080484945090e+01
1.385612862554953928e+01,1.385589896227909534e+01,1.385548041134700092e+01,1.385472355614145457e+01,-3.962405241737887707e+01,-3.078224112586909200e+01,-4.210135894079018115e+00,1.365644989657826081e+01,1.390879044684476895e+01,1.386704940837414668e+01,1.386056391855221825e+01
1.385613081148544978e+01,1.385590295888873058e+01,1.385548770958824250e+01,1.385473682674098406e+01,1.385341319549918282e+01,-2.838051440721963559e+01,-4.084860309864572159e+00,1.366022453294241323e+01,1.390847610520460265e+01,1.386698505438043938e+01,1.386053874113476070e+01
1.385613251392979706e+01,1.385590607132442464e+01,1.385549339198195895e+01,1.385474715755252717e+01,1.385343172685793434e+01,-2.752895865740299541e+01,-3.599704410075824867e+00,1.366791444309342829e+01,1.390807899394139113e+01,1.386712452915249116e+01,1.386059302063470078e+01
1.385612904886672325e+01,1.385589973197219571e+01,1.385548181380135979e+01,1.385472610442689856e+01,-3.502260886788576499e+01,-2.717803011267798752e+01,-2.935853164558813511e+00,1.368689486731219240e+01,1.390781156026545240e+01,1.386705279422377757e+01,1.386056361298571105e+01
1.385613205945341520e+01,1.385590523275850572e+01,1.385549185512751436e+01,1.385474437675766346e+01,1.385342690549987132e+01,-1.079102612873028555e+00,-1.267408735282853360e+00,1.371952690752724280e+01,1.390586430607294943e+01,1.386684846477397670e+01,1.386048190939881763e+01
1.385613895190701683e+01,1.385591783574756874e+01,1.385551487168031137e+01,1.385478626579920203e+01,1.385350231423776890e+01,2.255422488070644604e+00,2.358252091140007778e+00,1.377380867110094087e+01,1.390168505182418102e+01,1.386635373183865028e+01,1.386048241120735547e+01
1.385614209161824206e+01,1.385592357974175215e+01,1.385552537951130603e+01,1.385480548867006156e+01,1.385353747741509522e+01,-1.407736977801530287e+00,6.845914672817659863e+00,1.381495456422112689e+01,1.389422114968992972e+01,1.386529574087520977e+01,1.386023881323137452e+01
1.385615996123274840e+01,1.385595625703417078e+01,1.385558505578684318e+01,1.385491405298847667e+01,1.385373257120165036e+01,7.366054360747599006e+00,1.072092164236986278e+01,1.385092555291779348e+01,1.388463086125120682e+01,1.386391810340761666e+01,1.386001128636724999e+01
1.385617922076056985e+01,1.385599147345783422e+01,1.385564938827806714e+01,1.385503120611883077e+01,1.385394372040522981e+01,1.157843489378482182e+01,1.271029148061488456e+01,1.386690470010928067e+01,1.387579001214234253e+01,1.386252475208280899e+01,1.385969539557220287e+01
1.385620823218275177e+01,1.385604453140424930e+01,1.385574633596405292e+01,1.385520784740925571e+01,1.385426255764800985e+01,1.310974789411862318e+01,1.347538928778085854e+01,1.386641311297024259e+01,1.386900882826598824e+01,1.386132778825455425e+01,1.385939581782017171e+01
