9.797496385219396586e+00,9.797114252669958390e+00,9.796416863215059223e+00,9.795150176347844351e+00,-4.926534853389472346e+01,-4.369800870310069030e+01,-2.453918346029874442e+01,2.547045655109081874e+00,9.874650849810219455e+00,9.814254172638321450e+00,9.803211433752546000e+00
9.797331708295910602e+00,9.796813062906187142e+00,9.795866432884784203e+00,-4.740281418363754540e+01,-4.848200089063508500e+01,-4.390356383149745056e+01,-2.432192172449293111e+01,2.563782599716870614e+00,9.874721991516434372e+00,9.814259667169739743e+00,9.803212788828940205e+00
9.797331824512205856e+00,9.796813257656458163e+00,9.795866776071132875e+00,-5.252347628979963901e+01,-5.098725750951043523e+01,-4.382558489566609694e+01,-2.420081200606301408e+01,2.599115324258091775e+00,9.876438768137697721e+00,9.814375621450992071e+00,9.803249629894642325e+00
9.797327786261282867e+00,9.796805870983703812e+00,9.795853271130495088e+00,-5.050559715979106556e+01,-5.065615353664738763e+01,-4.359568659090948017e+01,-2.433212751743199576e+01,2.680572586027636817e+00,9.877231218968288928e+00,9.814534805204187862e+00,9.803300629904995844e+00
9.797321910007696033e+00,9.796795133075185902e+00,9.795833655204340573e+00,-5.174157502675991083e+01,-4.984214888759969853e+01,-4.296577921494544228e+01,-2.417621975615600860e+01,2.872601862468284306e+00,9.878092052719123828e+00,9.814346722944842227e+00,9.803234409804696625e+00
9.797333902499422820e+00,9.796817074530991931e+00,9.795873760520615647e+00,-1.734755754495277458e+01,-4.762421252428785579e+01,-4.117346205760370026e+01,-2.313560892622870213e+01,3.242126533074550565e+00,9.878166287761853681e+00,9.814369612322478176e+00,9.803232113626906497e+00
9.797341206016028536e+00,9.796830439318254591e+00,9.795898204096850748e+00,-1.453053747122239869e+01,-4.212167262130606815e+01,-3.654646815156495165e+01,-2.048609281396375792e+01,3.934585055731477432e+00,9.876872896230718624e+00,9.814035532378074578e+00,9.803111727244250062e+00
9.797364838527407471e+00,9.796873659481693863e+00,9.795977201790377009e+00,-1.027519243883179989e+01,-3.081528473466705975e+01,-2.655304444391563834e+01,-1.420863184262315215e+01,5.118130710495391256e+00,9.872187131053765441e+00,9.813464850175297016e+00,9.803117988893339074e+00
9.797374022738841504e+00,9.796890467904686872e+00,9.796007958409147065e+00,-3.894034170670341410e+00,-1.462127925262236161e+01,-1.220799913576071205e+01,-4.950767174707414675e+00,6.796037337627661046e+00,9.861664051679330356e+00,9.812167180172721714e+00,9.802878081263576959e+00
9.797407234509275753e+00,9.796951216476015745e+00,9.796118997514149385e+00,-1.477998467835028862e+00,-1.318469075810327240e+00,-1.713201719643802079e-01,3.068478384054013741e+00,8.364708384717506107e+00,9.846541989637836778e+00,9.810288033984575051e+00,9.802410317053444899e+00
9.797463104551491497e+00,9.797053409386656142e+00,9.796305782524417083e+00,9.794948007593040629e+00,5.768411916686826402e+00,6.132798692631547866e+00,7.309821642187263713e+00,9.260445747222048496e+00,9.831772091985982343e+00,9.808103990315277798e+00,9.802159010908278347e+00
