9.797496385218741111e+00,9.797114252669320678e+00,9.796416863214476578e+00,9.795150176347430460e+00,-4.926534853391039093e+01,-4.369800870309555307e+01,-2.453918346029704622e+01,2.547045655132304187e+00,9.874650849887226300e+00,9.814254172883179805e+00,9.803211434528083856e+00
9.797331708295249797e+00,9.796813062905544101e+00,9.795866432884194452e+00,-4.740281418452865836e+01,-4.848200089139707103e+01,-4.390356383153091002e+01,-2.432192172426266197e+01,2.563782599740078716e+00,9.874721991593604642e+00,9.814259667414416910e+00,9.803212789603790611e+00
9.797331824511545051e+00,9.796813257655813345e+00,9.795866776070537796e+00,-5.252347628990526118e+01,-5.098725750950555380e+01,-4.382558489567090731e+01,-2.420081200609935479e+01,2.599115324280798056e+00,9.876438768214432784e+00,9.814375621695377916e+00,9.803249630668764425e+00
9.797327786260623839e+00,9.796805870983062547e+00,9.795853271129908890e+00,-5.050559716033583868e+01,-5.065615353664662024e+01,-4.359568659090950149e+01,-2.433212751741794122e+01,2.680572586051349404e+00,9.877231219045068400e+00,9.814534805448372978e+00,9.803300630678416283e+00
9.797321910007037005e+00,9.796795133074544637e+00,9.795833655203752599e+00,-5.174157502680216680e+01,-4.984214888760122619e+01,-4.296577921495335772e+01,-2.417621975615129770e+01,2.872601862492012881e+00,9.878092052795832245e+00,9.814346723188803523e+00,9.803234410577408298e+00
9.797333902498767344e+00,9.796817074530352443e+00,9.795873760520025897e+00,-1.734755754487245483e+01,-4.762421252435771635e+01,-4.117346205762434863e+01,-2.313560892623569387e+01,3.242126533098480312e+00,9.878166287838475057e+00,9.814369612566217427e+00,9.803232114398920061e+00
9.797341206015369508e+00,9.796830439317615102e+00,9.795898204096264550e+00,-1.453053747115166061e+01,-4.212167262146534341e+01,-3.654646815158361051e+01,-2.048609281394169912e+01,3.934585055754133531e+00,9.876872896307272498e+00,9.814035532621598890e+00,9.803111728015579729e+00
9.797364838526750219e+00,9.796873659481052599e+00,9.795977201789792588e+00,-1.027519243878689714e+01,-3.081528473468836893e+01,-2.655304444391444818e+01,-1.420863184262411494e+01,5.118130710519495530e+00,9.872187131130271354e+00,9.813464850418618823e+00,9.803117989664029253e+00
9.797374022738186028e+00,9.796890467904045607e+00,9.796007958408560867e+00,-3.894034170640280124e+00,-1.462127925263801842e+01,-1.220799913573417506e+01,-4.950767174706287577e+00,6.796037337650849608e+00,9.861664051755766991e+00,9.812167180415862333e+00,9.802878082033698703e+00
9.797407234508622054e+00,9.796951216475378033e+00,9.796118997513564963e+00,-1.477998467895661250e+00,-1.318469075815645652e+00,-1.713201719639787513e-01,3.068478384063470621e+00,8.364708384740920266e+00,9.846541989714218346e+00,9.810288034227561127e+00,9.802410317823088803e+00
9.797463104550837798e+00,9.797053409386021983e+00,9.796305782523834438e+00,9.794948007592624961e+00,5.768411916683037433e+00,6.132798692633603110e+00,7.309821642194086699e+00,9.260445747245825032e+00,9.831772092062347923e+00,9.808103990558146634e+00,9.802159011677549216e+00
