9.797491258493275623e+00,9.797104385207610733e+00,9.796398290542883913e+00,9.795115530753783162e+00,-5.768497339674031821e+01,-4.943925704086615980e+01,-2.626963851439120035e+01,2.558865646976295594e+00,9.875056978559051402e+00,9.814228983769615056e+00,9.803198490348584926e+00
9.797336271939508734e+00,9.796820981243346438e+00,9.795880456799476832e+00,-5.950764017829796870e+01,-5.858493530498792978e+01,-4.946188553190268777e+01,-2.651201019880094023e+01,2.571081496105695141e+00,9.875623938799849455e+00,9.814116418001333386e+00,9.803162269364346315e+00
9.797340524285770513e+00,9.796828731201124185e+00,9.795894590824115511e+00,-5.917014609774725642e+01,-5.823649251273852911e+01,-4.919521102632361931e+01,-2.637866276913238295e+01,2.606621153890138487e+00,9.877245200045065232e+00,9.814429096886199133e+00,9.803261859473559880e+00
9.797329473074054107e+00,9.796808533115010320e+00,9.795857692965272534e+00,-5.814912234990080009e+01,-5.730946835372123616e+01,-4.851996299293019632e+01,-2.603627732277069740e+01,2.688950717530886436e+00,9.877694290081965534e+00,9.814498015090434180e+00,9.803282995896482888e+00
9.797327730059871342e+00,9.796805353893326185e+00,9.795851890897077752e+00,-5.592247983744603346e+01,-5.486685545598618319e+01,-4.653071170382403210e+01,-2.514537493366985643e+01,2.890389557697579992e+00,9.878088228361857404e+00,9.814453782906307211e+00,9.803263370756436501e+00
9.797333973877028868e+00,9.796816775175594572e+00,9.795872769399476709e+00,-1.791406538707538587e+01,-4.889820143228439520e+01,-4.188725300529370799e+01,-2.255345125918518079e+01,3.308926337593333322e+00,9.877886089145874848e+00,9.814211615424996538e+00,9.803176884873154862e+00
9.797350437484320551e+00,9.796846884043203474e+00,9.795927801203156093e+00,-1.414413674603252069e+01,-3.838864186222964747e+01,-3.274091999247517748e+01,-1.757979281838457197e+01,4.111568988514743062e+00,9.875660980140446910e+00,9.813987803104181395e+00,9.803094897877519642e+00
9.797367392340914805e+00,9.796877888719455640e+00,9.795984472403548082e+00,-8.548555134912680487e+00,-2.242271877039240735e+01,-1.915848837359534684e+01,-9.597006691388529021e+00,5.486732124743932459e+00,9.869100284844538606e+00,9.813165689892016985e+00,9.803023984934352342e+00
9.797380123132199969e+00,9.796901164534705941e+00,9.796027016409398769e+00,-1.292521515666534171e+00,-7.158529267317682354e+00,-5.435890568757423935e+00,-6.898709073687898652e-01,7.277876453716595861e+00,9.856169198960348155e+00,9.811695553326716279e+00,9.802730798438480164e+00
9.797411506189938279e+00,9.796958560211120215e+00,9.796131909251693415e+00,4.922025789687300090e+00,2.866566234838647809e+00,3.541728127465717968e+00,5.417766108059492325e+00,8.702102419029069225e+00,9.840456983901169963e+00,9.809728640053410942e+00,9.802421452725813111e+00
9.797446868701161549e+00,9.797023258229362597e+00,9.796250223699228599e+00,8.007960159008042922e+00,7.368213575186253195e+00,7.601154097604594817e+00,8.251082178311088811e+00,9.407845387242815605e+00,9.826246250056586362e+00,9.807355541567108759e+00,9.802067122560190526e+00
