9.797491258495115929e+00,9.797104385209390642e+00,9.796398290544470200e+00,9.795115530754763711e+00,-5.768497339656552469e+01,-4.943925704093985729e+01,-2.626963851441870190e+01,2.558865646889219025e+00,9.875056978280555953e+00,9.814228982884827701e+00,9.803198487547570394e+00
9.797336271941357921e+00,9.796820981245135229e+00,9.795880456801073777e+00,-5.950764017764516467e+01,-5.858493530499411861e+01,-4.946188553191394277e+01,-2.651201019883261978e+01,2.571081496018656321e+00,9.875623938521590262e+00,9.814116417117705993e+00,9.803162266567081673e+00
9.797340524287619701e+00,9.796828731202912977e+00,9.795894590825712456e+00,-5.917014609871307584e+01,-5.823649251274120786e+01,-4.919521102631034637e+01,-2.637866276915395858e+01,2.606621153803471813e+00,9.877245199767260786e+00,9.814429096003777886e+00,9.803261856680052233e+00
9.797329473075901518e+00,9.796808533116797335e+00,9.795857692966867702e+00,-5.814912235060910461e+01,-5.730946835372910186e+01,-4.851996299295040416e+01,-2.603627732279823448e+01,2.688950717444107852e+00,9.877694289804475503e+00,9.814498014209176446e+00,9.803282993106689602e+00
9.797327730061716977e+00,9.796805353895111423e+00,9.795851890898672920e+00,-5.592247983816240264e+01,-5.486685545598393077e+01,-4.653071170376188803e+01,-2.514537493370158572e+01,2.890389557605626880e+00,9.878088228084555666e+00,9.814453782026191675e+00,9.803263367970314945e+00
9.797333973878872726e+00,9.796816775177378034e+00,9.795872769401070101e+00,-1.791406538708565321e+01,-4.889820143429901123e+01,-4.188725300541572949e+01,-2.255345125932345240e+01,3.308926337505394777e+00,9.877886088868985226e+00,9.814211614546021423e+00,9.803176882090632205e+00
9.797350437486157304e+00,9.796846884044981607e+00,9.795927801204744156e+00,-1.414413674600970872e+01,-3.838864186219355901e+01,-3.274091999244556916e+01,-1.757979281841853592e+01,4.111568988427957372e+00,9.875660979864045785e+00,9.813987802226314727e+00,9.803094895098457329e+00
9.797367392342749781e+00,9.796877888721230221e+00,9.795984472405132593e+00,-8.548555134947703138e+00,-2.242271877046219686e+01,-1.915848837370683455e+01,-9.597006691433012548e+00,5.486732124660951726e+00,9.869100284568499859e+00,9.813165689015164617e+00,9.803023982158455496e+00
9.797380123134031393e+00,9.796901164536476969e+00,9.796027016410979726e+00,-1.292521515681647415e+00,-7.158529267327406131e+00,-5.435890568772208553e+00,-6.898709073851074791e-01,7.277876453632582177e+00,9.856169198684590071e+00,9.811695552450739655e+00,9.802730795665322461e+00
9.797411506191766151e+00,9.796958560212889466e+00,9.796131909253269043e+00,4.922025789676259144e+00,2.866566234847591321e+00,3.541728127463111164e+00,5.417766108027741723e+00,8.702102418940430795e+00,9.840456983625479381e+00,9.809728639178125320e+00,9.802421449954870525e+00
9.797446868702982314e+00,9.797023258231122966e+00,9.796250223700802451e+00,8.007960159004873901e+00,7.368213575181975727e+00,7.601154097598693760e+00,8.251082178286994306e+00,9.407845387158086936e+00,9.826246249781279474e+00,9.807355540692434204e+00,9.802067119790999428e+00
