9.797494703926327375e+00,9.797110709185050226e+00,9.796409865633737724e+00,9.795136618443162746e+00,-5.504250743938916912e+01,-4.789829021834809453e+01,-2.559838274649927214e+01,2.552276486656807286e+00,9.874554804453868684e+00,9.814297397978521076e+00,9.803228138207904507e+00
9.797327403151319558e+00,9.796804782924169785e+00,9.795850869708871755e+00,-5.238473372443450415e+01,-5.467744398982998177e+01,-4.816086484632682385e+01,-2.553067978683269601e+01,2.569142533534835682e+00,9.874903280783438930e+00,9.814117701511097636e+00,9.803169314097219811e+00
9.797335069150728160e+00,9.796818785940207164e+00,9.795876442043079280e+00,-5.417092636460211708e+01,-5.490638010519439405e+01,-4.798500747675037559e+01,-2.549358750589918188e+01,2.604449346252104558e+00,9.876165001718433700e+00,9.814376135812347357e+00,9.803252310701902061e+00
9.797325344638895928e+00,9.796801007353035828e+00,9.795843957338268737e+00,-1.955375159993739942e+01,-5.303043839081876598e+01,-4.684292586390216684e+01,-2.512250828140449244e+01,2.684649528139412045e+00,9.876760020998762712e+00,9.814477439295103522e+00,9.803283964127579964e+00
9.797322275986942941e+00,9.796795397958893759e+00,9.795833709761065933e+00,-1.898331759037291633e+01,-5.040357242941215077e+01,-4.496449704989227314e+01,-2.463542571952944016e+01,2.899918037297318563e+00,9.877592323629324156e+00,9.814471069267552750e+00,9.803274256982518864e+00
9.797328983392018742e+00,9.796807661803654810e+00,9.795856126600140712e+00,-1.750547072341795385e+01,-4.809435977300866938e+01,-4.159542737026279724e+01,-2.237406927764399001e+01,3.320931962448261388e+00,9.877309429804002505e+00,9.814229483858929015e+00,9.803188686872015722e+00
9.797344807790496546e+00,9.796836606913704060e+00,9.795909034141352834e+00,-1.353886551479523170e+01,-3.644629865828566295e+01,-3.261174083625813580e+01,-1.769683447447971503e+01,4.134685675216215550e+00,9.875329733200484128e+00,9.813982891976998246e+00,9.803096306210127509e+00
9.797365212132676859e+00,9.796873912309624899e+00,9.795977215443762987e+00,-8.684382206959440964e+00,-2.265120689975315216e+01,-1.929449782008678227e+01,-9.455163466463895716e+00,5.490351648684394625e+00,9.868852343303849750e+00,9.813208610023192335e+00,9.803042908375800835e+00
9.797374738249406079e+00,9.796891339932713549e+00,9.796009084536059675e+00,-1.303560752640015252e+00,-7.158670074355679702e+00,-5.487526093101770641e+00,-6.234158996174503642e-01,7.268472725165931791e+00,9.855985997275309884e+00,9.811722824918913233e+00,9.802743844103549264e+00
9.797407556168851173e+00,9.796951356612179751e+00,9.796118765313940102e+00,4.899992935411507489e+00,2.853844409833584450e+00,3.511599157120038672e+00,5.439144881992094227e+00,8.694822879254639147e+00,9.840450866001207331e+00,9.809777925149276712e+00,9.802443003947729494e+00
9.797442461772469358e+00,9.797015226666841770e+00,9.796235575971534715e+00,8.010322610919928366e+00,7.357349172304413543e+00,7.589333146721438439e+00,8.253665496636573451e+00,9.404405249821742530e+00,9.826502548132118875e+00,9.807251852920840562e+00,9.802024017796291844e+00
