1.385623572409533821e+01,1.385609463069408775e+01,1.385583760479023496e+01,1.385537351368442138e+01,1.385455949644066642e+01,-2.395983147601871366e+01,-3.871730967855748773e+00,1.365080222184176861e+01,1.390939963881874064e+01,1.386717897213024742e+01,1.386061497074189575e+01
1.385612694016833046e+01,1.385589575351395908e+01,1.385547441582990302e+01,1.385471250277241850e+01,-7.201290756770003298e+00,-2.461540920322407899e+01,-3.743940505689948850e+00,1.364812800028735751e+01,1.390893050386213403e+01,1.386708619266795850e+01,1.386057895268298878e+01
1.385612916421038499e+01,1.385589981941792459e+01,1.385548183893030227e+01,1.385472599594635668e+01,-3.152178291650311692e+01,-2.473831671723101167e+01,-3.640914922558664557e+00,1.365311040173325452e+01,1.390886866402761868e+01,1.386707055501820562e+01,1.386057259166586064e+01
1.385612978494289393e+01,1.385590095481010664e+01,1.385548391356974207e+01,1.385472977617096646e+01,1.385340037918523848e+01,-2.222976402060133694e+01,-3.301590205331939032e+00,1.366014646961202672e+01,1.390834585521973210e+01,1.386696212755058966e+01,1.386053004375574815e+01
1.385613275302614333e+01,1.385590637923004920e+01,1.385549381480555375e+01,1.385474777422443182e+01,1.385343266504496818e+01,-2.022776313280721183e+01,-2.447757225767063893e+00,1.367711220646749481e+01,1.390767254836935507e+01,1.386703536437865658e+01,1.386055775568815918e+01
1.385613159847294895e+01,1.385590426923069529e+01,1.385548996488996565e+01,1.385474079210347753e+01,1.385342026158177831e+01,-1.059474229329771866e+00,-2.064615168463181938e-01,1.372074215424109589e+01,1.390542429263268254e+01,1.386675780230013899e+01,1.386044671686915208e+01
1.385614100566703755e+01,1.385592146779597300e+01,1.385552137348777180e+01,1.385479795774510947e+01,1.385352318925133019e+01,-7.995261835808596729e+00,2.756908095735216335e+00,1.375754624360227751e+01,1.390149409290405202e+01,1.386633419894470975e+01,1.386047638297865703e+01
1.385614082495908228e+01,1.385592113995168084e+01,1.385552078745676496e+01,1.385479696150727591e+01,1.385352179629959934e+01,1.834896354827982634e+00,7.425024464455424855e+00,1.380759727376904955e+01,1.389385624077394965e+01,1.386522761823916028e+01,1.386021108990412287e+01
1.385616033502422972e+01,1.385595680783854533e+01,1.385558591839798304e+01,1.385491544653905649e+01,1.385373473027950197e+01,1.030411623312607006e+01,1.113644290048221563e+01,1.385160406641550424e+01,1.388404941518077962e+01,1.386376257212174679e+01,1.385993656602283508e+01
1.385618387428772991e+01,1.385599984866017564e+01,1.385566454175562789e+01,1.385505862003945765e+01,1.385399278604928952e+01,1.201316288381871189e+01,1.284406442573678930e+01,1.386176762023592701e+01,1.387542619020834422e+01,1.386245336596822675e+01,1.385966224250931944e+01
1.385620599054876578e+01,1.385604029395970826e+01,1.385573844365354290e+01,1.385519324630513438e+01,1.385423551131518494e+01,1.335067384170835325e+01,1.352439528450767980e+01,1.386393417880143275e+01,1.386817056269845239e+01,1.386122030471454636e+01,1.385933305982727148e+01
