5.542535787595605257e+01,5.542513607786203522e+01,5.542473157970032105e+01,5.542399857588221579e+01,5.542269746227155025e+01,2.051718043130888347e+01,2.658331440305950011e+01,5.368456289407772886e+01,5.550722006835297861e+01,5.543953959986864533e+01,5.543040298609304273e+01
5.542527342370104293e+01,5.542498172216306784e+01,5.542444990477939371e+01,5.542348713563195162e+01,7.572820309689017648e+00,1.120041739761464328e+01,2.641949883921982689e+01,5.364544166412068193e+01,5.550764921655495243e+01,5.543961183517404123e+01,5.543042770638848538e+01
5.542527165836509084e+01,5.542497849476154670e+01,5.542444401124842557e+01,5.542347641446323792e+01,8.862638079464884910e+00,1.131294440326305306e+01,2.658329427820318358e+01,5.364128834069141760e+01,5.550727831725012607e+01,5.543955583834430456e+01,5.543040898301381958e+01
5.542527265231202449e+01,5.542498031138288184e+01,5.542444732597964929e+01,5.542348243093248072e+01,9.598284398508273085e+00,1.208422581134838047e+01,2.700631170822365235e+01,5.363833745363236005e+01,5.550662724291196071e+01,5.543946339445798799e+01,5.543037852805993282e+01
5.542527390749243921e+01,5.542498260491709061e+01,5.542445150790370434e+01,5.542349000436084339e+01,1.133286832869186966e+01,1.413673034693763242e+01,2.830202754459229553e+01,5.189008307222194816e+01,5.550641380797043212e+01,5.544022693322924056e+01,5.543052638978478797e+01
5.542518856041404973e+01,5.542482651584819564e+01,5.542416610249540554e+01,5.542296848623389849e+01,2.679564030378413264e+01,1.903925414192141119e+01,3.181482425605996411e+01,5.230725795560315561e+01,5.550419121415032464e+01,5.543997974202150658e+01,5.543043901673923557e+01
5.542519968879335579e+01,5.542484686353355983e+01,5.542420327983393946e+01,5.542303625682950496e+01,3.390626788341904074e+01,2.833806509881268454e+01,3.754103915666422608e+01,5.306267316966186343e+01,5.549840581795399430e+01,5.543947799661602716e+01,5.543026378401532384e+01
5.542522049543067197e+01,5.542488490763812337e+01,5.542427278937471158e+01,5.542316295052346220e+01,4.171289485600604507e+01,4.124744045261003578e+01,4.494266321020403865e+01,5.401961921802963928e+01,5.548676876352277532e+01,5.543823338888047658e+01,5.543022653829898161e+01
5.542522856093442840e+01,5.542489966119502753e+01,5.542429977082569081e+01,5.542321224591931639e+01,4.904693918687129894e+01,4.903815116134200025e+01,5.079798819966062950e+01,5.480456076572765767e+01,5.547126580880139102e+01,5.543637867082635751e+01,5.542973197975176447e+01
5.542527366041338155e+01,5.542498212287969039e+01,5.542445041209484913e+01,5.542348662413502325e+01,5.309643534317119418e+01,5.307325301370795501e+01,5.374853822579989071e+01,5.520548946547381064e+01,5.545676011666514427e+01,5.543421551296135874e+01,5.542943100002460710e+01
5.542530110000556931e+01,5.542503231698677268e+01,5.542454218190596293e+01,5.542365402545784292e+01,5.463351933108526737e+01,5.462682442115348636e+01,5.486943961635697065e+01,5.536343785844350407e+01,5.544365707976059099e+01,5.543191451740499787e+01,5.542890038063725910e+01
