9.797505869822609625e+00,9.797131384443453328e+00,9.796447920827393574e+00,9.795206369388615997e+00,-5.585062743614120251e+01,-4.795394391767007392e+01,-2.610124793030409407e+01,2.557070097399541275e+00,9.875424962737799461e+00,9.814334479402095468e+00,9.803233701378346154e+00
9.797331476989949550e+00,9.796812463815310679e+00,9.795865154858441670e+00,-5.737167738284146168e+01,-5.586557001001424538e+01,-4.766168112085646413e+01,-2.600840927314750672e+01,2.570628054105358995e+00,9.875627502676438851e+00,9.814299334754602810e+00,9.803219086211019118e+00
9.797335602623730821e+00,9.796819997347238740e+00,9.795878918630643639e+00,-5.701833489515991005e+01,-5.556095211066293871e+01,-4.783449950178142984e+01,-2.591773017917632416e+01,2.607962514433062928e+00,9.877264805616079002e+00,9.814434956614416450e+00,9.803263914962084158e+00
9.797329416482414288e+00,9.796808688075643090e+00,9.795858248164002191e+00,-5.756876417862883244e+01,-5.568967915805476565e+01,-4.732440451047552443e+01,-2.571394271171260826e+01,2.689379631821412708e+00,9.877828401729207286e+00,9.814548086208414901e+00,9.803300147736429437e+00
9.797325254450653276e+00,9.796801087566732846e+00,9.795844366370097589e+00,-5.591713539779043174e+01,-5.402637109434304818e+01,-4.599869850883744959e+01,-2.515572510447231380e+01,2.880779731048961345e+00,9.878455075965803189e+00,9.814558113443970555e+00,9.803298237040431573e+00
9.797329220127632965e+00,9.796808349099865865e+00,9.795857648858806499e+00,-1.810752643134547668e+01,-4.953082852207661091e+01,-4.270248264764175872e+01,-2.365650055462336709e+01,3.252689508316997546e+00,9.878619239724091727e+00,9.814390097602776919e+00,9.803235542316638629e+00
9.797342917244204585e+00,9.796833397061108784e+00,9.795903429976252852e+00,-1.496993944329367032e+01,-4.159503480455807534e+01,-3.584348667375085284e+01,-1.967644143416006131e+01,3.974921143334366747e+00,9.876348681575709776e+00,9.814008301662369149e+00,9.803106475534049125e+00
9.797362711424220549e+00,9.796869591019198964e+00,9.795969573636877925e+00,-9.504891662171635502e+00,-2.788292338324371755e+01,-2.395098358219679824e+01,-1.250398579740817695e+01,5.266792584023323620e+00,9.870419986650819766e+00,9.813310105802097283e+00,9.803076516785315775e+00
9.797371198246004553e+00,9.796885114802016403e+00,9.795997960831648754e+00,-2.380047221333784435e+00,-1.145193826328739206e+01,-9.394794013439021541e+00,-3.133388060934946928e+00,7.023915242266610903e+00,9.858454532031743156e+00,9.812016261773488068e+00,9.802842893813837222e+00
9.797398458909585273e+00,9.796934973082580100e+00,9.796089086132324653e+00,4.108692346903970893e+00,5.711648528764232680e-01,1.514862512823984098e+00,4.155488990243929592e+00,8.535519103796664453e+00,9.843286007897964041e+00,9.809988703933806065e+00,9.802517119390257605e+00
9.797438372065702339e+00,9.797007997028027049e+00,9.796222610717371992e+00,6.428803057277511002e+00,6.484200800771265705e+00,6.816449129701259046e+00,7.749499250201498768e+00,9.337305408915051785e+00,9.828976355323403524e+00,9.807668863902687661e+00,9.801990873535862292e+00
