5.542533915057165927e+01,5.542510180377725959e+01,5.542466888861100216e+01,5.542388403588532242e+01,1.718643882539939582e+01,1.121119584154123849e+01,2.653351098542348296e+01,5.347965968603006104e+01,5.550815326117540138e+01,5.543954846004562853e+01,5.543041147073095942e+01
5.542526854070570863e+01,5.542497276256409577e+01,5.542443349262778440e+01,5.542345711549845078e+01,7.329879604250807645e+00,1.141441709146264927e+01,2.642610160382262308e+01,5.342140663443469606e+01,5.550807299692060326e+01,5.543956562464113347e+01,5.543041947886430876e+01
5.542526631571339379e+01,5.542496869348133259e+01,5.542442605357042140e+01,5.542344353035940685e+01,8.099467168495730007e+00,1.159276849316296065e+01,2.658655187087967064e+01,5.343708846095390896e+01,5.550788472084457226e+01,5.543953071953211520e+01,5.543040726548874630e+01
5.542526739410325831e+01,5.542497066502097880e+01,5.542442965434923963e+01,5.542345008562300990e+01,8.989516869414499567e+00,1.241002062668254879e+01,2.706118427903358992e+01,5.344310771109030611e+01,5.550688348484185042e+01,5.543960852642801029e+01,5.543043535448940418e+01
5.542526425916258859e+01,5.542496493321321793e+01,5.542441918314841587e+01,5.542343100588631444e+01,1.197566114661360004e+01,1.470264920294881783e+01,2.846771997765772966e+01,5.188444828366046124e+01,5.550649326871433686e+01,5.544024225737892664e+01,5.543053156171272633e+01
5.542518802443934334e+01,5.542482550722185408e+01,5.542416423132266345e+01,5.542296504971264426e+01,2.679121267372248738e+01,2.004377893919676978e+01,3.222645532894645726e+01,5.230010671389277377e+01,5.550411120934410292e+01,5.543998284140883470e+01,5.543044109506483608e+01
5.542519866613103119e+01,5.542484496456229692e+01,5.542419977947643872e+01,5.542302983543777373e+01,3.389874776887074859e+01,3.041489019478827771e+01,3.878828481785853910e+01,5.309385777594299327e+01,5.549668716462691975e+01,5.543925668551145236e+01,5.543039660453118955e+01
5.542520377076762372e+01,5.542485429992048296e+01,5.542421684142766480e+01,5.542306095091225870e+01,4.375978795022605539e+01,4.387765678814492532e+01,4.649232999586712367e+01,5.413721814803335519e+01,5.548319927200778778e+01,5.543787509474547193e+01,5.543010619608924827e+01
5.542523100531906977e+01,5.542490409711618327e+01,5.542430781379772498e+01,5.542322666540496812e+01,5.067351686084055018e+01,5.056512923946527849e+01,5.176044398995648521e+01,5.489652196297910791e+01,5.546710776405085852e+01,5.543574660198790838e+01,5.542969023398246975e+01
5.542526953148419011e+01,5.542497454609910790e+01,5.542443653210115428e+01,5.542346119312507824e+01,5.372663395285287180e+01,5.369155030458218647e+01,5.414343029128087181e+01,5.524834138149589080e+01,5.545396872071459882e+01,5.543393172638947419e+01,5.542931118908623489e+01
5.542530678415583623e+01,5.542504268914690613e+01,5.542456111751199899e+01,5.542368848367003409e+01,5.485071558676620640e+01,5.481012900894010897e+01,5.501121850887940923e+01,5.536796197705608336e+01,5.544330317764588045e+01,5.543197554613344380e+01,5.542895109795961162e+01
