1.385623053088839818e+01,1.385608514355505250e+01,1.385582027770702851e+01,1.385534192412779930e+01,1.385450226193237633e+01,-2.846878890977053445e+01,-4.529121686539094860e+00,1.365633965478183498e+01,1.390935673392783301e+01,1.386716439307583570e+01,1.386060876055601909e+01
1.385612773308823442e+01,1.385589721030638088e+01,1.385547708603518480e+01,1.385471737942545190e+01,-3.899067475914444003e+01,-3.026104448196620922e+01,-4.473147959381226890e+00,1.365475502639642613e+01,1.390869725279560676e+01,1.386703209080321741e+01,1.386055725018108475e+01
1.385613103810132429e+01,1.385590325369131115e+01,1.385548812206743108e+01,1.385473744948780883e+01,1.385341420729655226e+01,-2.802374694869603644e+01,-4.211107530840092927e+00,1.365816752230864850e+01,1.390849889987689991e+01,1.386699196745746221e+01,1.386054159731529722e+01
1.385613206466176095e+01,1.385590513111345601e+01,1.385549155036843416e+01,1.385474368339712825e+01,1.385342539036172127e+01,-2.673712873468675610e+01,-3.702857057135842567e+00,1.366595000785035907e+01,1.390803230118697620e+01,1.386711685450137210e+01,1.386059015875505906e+01
1.385612900038292850e+01,1.385589952844138395e+01,1.385548132077267169e+01,1.385472508591730723e+01,-3.326921052921557020e+01,-2.569476413909106682e+01,-2.832847174560489734e+00,1.368401971819005780e+01,1.390781653314086164e+01,1.386705650538820578e+01,1.386056525256589467e+01
1.385613167087826625e+01,1.385590440918782562e+01,1.385549023133497926e+01,1.385474130184828923e+01,1.385342128283645735e+01,-1.180477423513544011e+00,-2.112334061806153684e-01,1.372391800077741308e+01,1.390549953233867342e+01,1.386677022054863784e+01,1.386045124251325333e+01
1.385614093764002419e+01,1.385592135126361413e+01,1.385552117018639251e+01,1.385479760239475411e+01,1.385352259049452428e+01,-8.305066117840588902e+00,3.209874611776545095e+00,1.376004349050370479e+01,1.390128441679022231e+01,1.386628829343427682e+01,1.386045755990659600e+01
1.385614203913850417e+01,1.385592336747565945e+01,1.385552486223137514e+01,1.385480437449209923e+01,1.385353507499743841e+01,6.599601834021414426e+00,7.985969116771348908e+00,1.381531700341606061e+01,1.389372354154154721e+01,1.386518499195222631e+01,1.386019162195438348e+01
1.385616242353177441e+01,1.385596063450247328e+01,1.385559291771611790e+01,1.385492820618049947e+01,1.385375777267482178e+01,1.050562482269001663e+01,1.139639650837562002e+01,1.384724531039051598e+01,1.388351352057702925e+01,1.386385095054538041e+01,1.385998114140140913e+01
1.385617934651813243e+01,1.385599157886118959e+01,1.385564944806812449e+01,1.385503114875865549e+01,1.385394324122606413e+01,1.257878177051996715e+01,1.297555890591979377e+01,1.386155592013576765e+01,1.387443280930753531e+01,1.386232860992908655e+01,1.385959362875687795e+01
1.385621133549119222e+01,1.385605007269159827e+01,1.385575630906779665e+01,1.385522576097713454e+01,1.385429398583186433e+01,1.339637133530255575e+01,1.356241512921176806e+01,1.386186542834144220e+01,1.386747853537875841e+01,1.386096310185766711e+01,1.385936992509426702e+01
