5.542533817683263919e+01,5.542510015334588047e+01,5.542466604728338098e+01,5.542387927697851069e+01,1.972039591827895677e+01,6.907653670042963157e+00,2.885149358767889893e+01,5.156534134382570755e+01,5.550568807972496899e+01,5.544015339357801508e+01,5.543050522764420407e+01
5.542518788715251077e+01,5.542482536790743097e+01,5.542416408844403009e+01,5.542296485772822479e+01,2.055198391719298812e+01,7.119059014202358426e+00,2.884351489380845024e+01,5.157539791935028006e+01,5.550545936542754077e+01,5.544011341377584756e+01,5.543049189977770652e+01
5.542518901217972882e+01,5.542482742611782243e+01,5.542416784888301606e+01,5.542297170525176853e+01,2.050926451408311024e+01,7.310279265119159930e+00,2.896137754577048895e+01,5.161062781875767769e+01,5.550598597081985019e+01,5.544020446960099235e+01,5.543052219305214123e+01
5.542518650325573049e+01,5.542482283802229404e+01,5.542415946770991297e+01,5.542295644522350528e+01,2.105755730775460677e+01,8.275596871174919045e+00,2.943641955611341388e+01,5.170228777719224666e+01,5.550636535356870382e+01,5.544025751992245432e+01,5.543053904457588743e+01
5.542518571083458312e+01,5.542482138785074142e+01,5.542415681889336554e+01,5.542295163271992919e+01,2.325388943757440074e+01,1.054824213205690597e+01,3.036780860231350943e+01,5.191121522271562583e+01,5.550631776424749120e+01,5.544020134136005140e+01,5.543051731387716785e+01
5.542518981694895785e+01,5.542482889705414095e+01,5.542417054093837692e+01,5.542297666099979381e+01,2.691460373312191479e+01,1.576628927809604264e+01,3.273156195896930853e+01,5.229704742628686631e+01,5.550485553001084327e+01,5.544008297193359169e+01,5.543047253753977088e+01
5.542519762443212983e+01,5.542484317323219045e+01,5.542419663036230304e+01,5.542302425494533225e+01,3.293786364721989202e+01,2.575064949856079721e+01,3.765973900443796651e+01,5.302529121289146019e+01,5.549832643111550112e+01,5.543929203597324573e+01,5.543040596755623994e+01
5.542520534994461201e+01,5.542485730021866885e+01,5.542422244509516105e+01,5.542307131781542751e+01,4.278640097211442850e+01,3.806679630462581798e+01,4.458586900503232897e+01,5.403867398559754776e+01,5.548563366493159776e+01,5.543809137385645869e+01,5.543018086718154791e+01
5.542522791470314303e+01,5.542489856052873876e+01,5.542429782905446700e+01,5.542320867588496469e+01,4.984582883748142024e+01,4.769657299916126192e+01,5.052256574966297364e+01,5.483969932697454652e+01,5.547013101920779832e+01,5.543611996135727793e+01,5.542983038571268395e+01
5.542526479886466007e+01,5.542496601197775163e+01,5.542442108522357813e+01,5.542343334202170269e+01,5.322643056000726602e+01,5.261112207893260972e+01,5.362899718736767340e+01,5.522303433212196921e+01,5.545640956148132972e+01,5.543405402549164762e+01,5.542935416994770037e+01
5.542531177878014859e+01,5.542505193184202028e+01,5.542457810812756236e+01,5.542371959273296511e+01,5.463842475028557999e+01,5.449090984091962753e+01,5.482854600740693485e+01,5.536034176921887706e+01,5.544512091859692759e+01,5.543226322668826356e+01,5.542908774908161718e+01
