1.385623756386182492e+01,1.385609800401269709e+01,1.385584377863208871e+01,1.385538478229120685e+01,1.385457992110540282e+01,-2.841080970798576288e+01,-4.550676355459062350e+00,1.366030669323174607e+01,1.390946066115279578e+01,1.386718160897110153e+01,1.386061514322216404e+01
1.385612756621569375e+01,1.385589690586041911e+01,1.385547653060575968e+01,1.385471637331964168e+01,-7.236467774872753722e+00,-2.948972211368912966e+01,-4.483006942761651459e+00,1.365453691794497360e+01,1.390896559019959966e+01,1.386708754401908550e+01,1.386057896416785340e+01
1.385612953993036456e+01,1.385590051418276580e+01,1.385548311792205389e+01,1.385472834173206280e+01,1.385339783361487775e+01,-2.817737312744327483e+01,-4.301323956364817569e+00,1.365619586330140578e+01,1.390853793576373931e+01,1.386700166087895880e+01,1.386054551605126051e+01
1.385613169028464142e+01,1.385590444503046115e+01,1.385549029511836139e+01,1.385474139249918224e+01,1.385342124277016040e+01,-2.656840850794032605e+01,-3.823362926507689608e+00,1.366566616293660097e+01,1.390821179615644709e+01,1.386715392018531290e+01,1.386060461453904225e+01
1.385612804938067733e+01,1.385589778774290437e+01,1.385547814115333765e+01,1.385471930379007333e+01,-3.279107617937381036e+01,-2.547738884078737343e+01,-2.671831344362464833e+00,1.368474240348288617e+01,1.390776771590021710e+01,1.386704793288965121e+01,1.386056203225484396e+01
1.385613178185738903e+01,1.385590461204823498e+01,1.385549060143481803e+01,1.385474197231425464e+01,1.385342246814771983e+01,-7.804929945418717097e-01,-9.359571130702803998e-02,1.372415069660720199e+01,1.390532780794666934e+01,1.386673667771990637e+01,1.386043837631984843e+01
1.385614160411584805e+01,1.385592256914451781e+01,1.385552339243880837e+01,1.385480163620225369e+01,1.385352978752646891e+01,3.081811379504134862e+00,3.683801021410816112e+00,1.376687723600274538e+01,1.390118660428415964e+01,1.386626067800201412e+01,1.386044570266769682e+01
1.385614322898817008e+01,1.385592554286549571e+01,1.385552883635118171e+01,1.385481161468975309e+01,1.385354814713066673e+01,7.000726854310705960e+00,8.049090410551373864e+00,1.381415477078790310e+01,1.389319089008910701e+01,1.386506574156211258e+01,1.386014076840570652e+01
1.385616526091843603e+01,1.385596582056030002e+01,1.385560238207538220e+01,1.385494539256266400e+01,1.385378848138638475e+01,1.060737269561421137e+01,1.148553034122434546e+01,1.385022485622308785e+01,1.388330131839576254e+01,1.386378439396032292e+01,1.385994831943127714e+01
1.385618210751312418e+01,1.385599662758318651e+01,1.385565866936643786e+01,1.385504793434391146e+01,1.385397346849776667e+01,1.220974441350936246e+01,1.298503031459528145e+01,1.386112520013020344e+01,1.387470744680469537e+01,1.386243992421232996e+01,1.385965607815860778e+01
1.385620551022573110e+01,1.385603942844194592e+01,1.385573688153861127e+01,1.385519042935845135e+01,1.385423042478292288e+01,1.343031404424151631e+01,1.357260077647271679e+01,1.386399251463365978e+01,1.386740648866594761e+01,1.386089725196103117e+01,1.385932179552336940e+01
