1.385622978770481595e+01,1.385608374793742570e+01,1.385581769368591587e+01,1.385533719857308199e+01,1.385449380873864378e+01,-1.695449092809454683e+01,-4.756133235469857112e-01,1.364730712332706020e+01,1.390931474933266898e+01,1.386716654990982178e+01,1.386061045513438117e+01
1.385612689694630006e+01,1.385589564522464556e+01,1.385547418577687750e+01,1.385471203913242277e+01,-6.381794541560516620e+00,-1.787855028223381737e+01,-4.357826832599605016e-01,1.364617729110213773e+01,1.390919051610492119e+01,1.386714296579269323e+01,1.386060139453740092e+01
1.385612738788327647e+01,1.385589654336998322e+01,1.385547582674244715e+01,1.385471502446130287e+01,-6.879681523274047805e+00,-1.768672887414168571e+01,-3.319733045732240484e-01,1.364823531651160415e+01,1.390896112671215157e+01,1.386709579010957682e+01,1.386058291885553473e+01
1.385612865122173787e+01,1.385589885260146126e+01,1.385548004230966868e+01,1.385472268823904685e+01,-6.663413273721277008e+00,-1.706117411393699257e+01,-6.052938598449264518e-02,1.365543073962668785e+01,1.390846003434040412e+01,1.386699021710096247e+01,1.386054135824694811e+01
1.385613165587423978e+01,1.385590434461346376e+01,1.385549006811132600e+01,1.385474091727325430e+01,1.385342025719667447e+01,-2.796182065204773970e+00,8.312253579140334026e-01,1.367995771205309552e+01,1.390766904210838106e+01,1.386703397043607922e+01,1.386055710880545533e+01
1.385613165181420747e+01,1.385590433906988572e+01,1.385549006471067912e+01,1.385474094822895097e+01,1.385342053020274733e+01,-5.602654289613764327e-01,1.696043932763004358e+00,1.371007728564896055e+01,1.390566488266600942e+01,1.386681778341551663e+01,1.386047083893794962e+01
1.385613879094626633e+01,1.385591739027290004e+01,1.385551389677758927e+01,1.385478431416958500e+01,1.385349856676439018e+01,2.382376465290605871e+00,4.621221881356147421e+00,1.376037930498302231e+01,1.390125700043542167e+01,1.386628286848840474e+01,1.386045537328625699e+01
1.385614210304351879e+01,1.385592344825238342e+01,1.385552497292232310e+01,1.385480454052293453e+01,1.385353535059679331e+01,6.671752583766770606e+00,8.341602088104016488e+00,1.380891279657446091e+01,1.389318363416476743e+01,1.386507338090997621e+01,1.386014491830246698e+01
1.385616427792370509e+01,1.385596398694106313e+01,1.385559899380452364e+01,1.385493917457906221e+01,1.385377717487262039e+01,1.055377088250094531e+01,1.149923089513588970e+01,1.384479546340645228e+01,1.388345218841012851e+01,1.386384262194980366e+01,1.385997801440284860e+01
1.385617881251370065e+01,1.385599056611802204e+01,1.385564755848353258e+01,1.385502765489568588e+01,1.385393681549754419e+01,1.258723823138199194e+01,1.299897710933741024e+01,1.385870044409998592e+01,1.387449570428704604e+01,1.386237735752449041e+01,1.385962320799828085e+01
1.385620684689260429e+01,1.385604183158136848e+01,1.385574122009623821e+01,1.385519823269022055e+01,1.385424416681471804e+01,1.341060576452587405e+01,1.356966240478815777e+01,1.386197677847127530e+01,1.386752862783212592e+01,1.386098311898762248e+01,1.385938284223128392e+01
