1.385623621437696329e+01,1.385609552081676199e+01,1.385583924168457770e+01,1.385537660489026024e+01,1.385456575734929530e+01,-2.909679836362455063e+01,-4.559744333805658911e+00,1.365702220348258145e+01,1.390949868431126113e+01,1.386719263192312823e+01,1.386061972289739153e+01
1.385612702791238249e+01,1.385589590327489518e+01,1.385547468109803582e+01,1.385471298818474395e+01,-3.922501029748779189e+01,-3.033239887694515602e+01,-4.496033249710671420e+00,1.365487130625512613e+01,1.390873665440092211e+01,1.386704019060734439e+01,1.386056040845661741e+01
1.385613080433898681e+01,1.385590280818783171e+01,1.385548728998027457e+01,1.385473591762955081e+01,1.385341144176793016e+01,-2.824709135047468678e+01,-4.237803775028954334e+00,1.365791866715389702e+01,1.390850455423099419e+01,1.386699342907119537e+01,1.386054218181171471e+01
1.385613198728017537e+01,1.385590497136075605e+01,1.385549123987340359e+01,1.385474309952718031e+01,1.385342432287620440e+01,-2.698106816955644049e+01,-3.732346194077119428e+00,1.366557871848339545e+01,1.390805114742302706e+01,1.386712111986638618e+01,1.386059184175780601e+01
1.385612884788190868e+01,1.385589923172351945e+01,1.385548076041552967e+01,1.385472404775974553e+01,-3.334916030659726260e+01,-2.554229094987733717e+01,-2.823534152398874397e+00,1.368342683261146853e+01,1.390771265212301344e+01,1.386703620393182490e+01,1.386055741561425236e+01
1.385613209143756208e+01,1.385590515972334202e+01,1.385549158243770052e+01,1.385474373682000504e+01,1.385342561768250391e+01,-1.074999895443331077e+00,-1.825380154192939308e-01,1.372095784107024130e+01,1.390540302360171587e+01,1.386675488057861472e+01,1.386044566672191358e+01
1.385614095557830439e+01,1.385592136496576998e+01,1.385552117443935671e+01,1.385479758044843379e+01,1.385352246885272720e+01,-7.493950898927112192e+00,3.456322096844237635e+00,1.375818924223444739e+01,1.390107073633423340e+01,1.386624820639723055e+01,1.386044173246841105e+01
1.385614257031111407e+01,1.385592431772176880e+01,1.385552657466661586e+01,1.385480745273115843e+01,1.385354048218078304e+01,7.033987022667139044e+00,8.331524874505310763e+00,1.381584849261754755e+01,1.389286405799873947e+01,1.386520441288588046e+01,1.386020050063125986e+01
1.385616142672468243e+01,1.385595879273097530e+01,1.385558953588271436e+01,1.385492203388005628e+01,1.385374663539156970e+01,1.081386642142492427e+01,1.160884829627523551e+01,1.384875351987094838e+01,1.388225723902266040e+01,1.386349930337055270e+01,1.385981159613524838e+01
1.385619064385117660e+01,1.385601220931771671e+01,1.385568708938648186e+01,1.385509955471019516e+01,1.385406589605004513e+01,1.228891417634134342e+01,1.303299676595746526e+01,1.386355392787416285e+01,1.387410180013031535e+01,1.386220801189459273e+01,1.385952733167895445e+01
1.385621646830882625e+01,1.385605944049515514e+01,1.385577340235332322e+01,1.385525686081726704e+01,1.385434995940576641e+01,1.344268687602500378e+01,1.358859660872512265e+01,1.386436883955827071e+01,1.386717847156942085e+01,1.386098766253660486e+01,1.385937802336211178e+01
