5.542533817681917441e+01,5.542510015332480577e+01,5.542466604724862123e+01,5.542387927691976302e+01,1.972039173517418575e+01,6.907654770227221519e+00,2.885149536516233582e+01,5.156534141004506466e+01,5.550568808147352229e+01,5.544015339533358144e+01,5.543050523268716034e+01
5.542518788714559719e+01,5.542482536789827918e+01,5.542416408843094189e+01,5.542296485770848591e+01,2.055198358991014018e+01,7.119058887911071665e+00,2.884351675360787581e+01,5.157539796922479525e+01,5.550545936735265684e+01,5.544011341556365124e+01,5.543049190480061839e+01
5.542518901217099625e+01,5.542482742610531687e+01,5.542416784886377457e+01,5.542297170522078886e+01,2.050926454119622733e+01,7.310278180753753574e+00,2.896137939235746472e+01,5.161062786560769666e+01,5.550598597260170664e+01,5.544020447135405050e+01,5.543052219803238501e+01
5.542518650324765872e+01,5.542482283801098220e+01,5.542415946769282442e+01,5.542295644519641939e+01,2.105755739517811520e+01,8.275595601868145579e+00,2.943642117364555588e+01,5.170228781961166220e+01,5.550636535490478707e+01,5.544025752158981390e+01,5.543053904949692878e+01
5.542518571082852930e+01,5.542482138784310308e+01,5.542415681888294898e+01,5.542295163270497227e+01,2.325388949377712322e+01,1.054823982579756603e+01,3.036780972152180880e+01,5.191121527226196264e+01,5.550631776516772931e+01,5.544020134294051871e+01,5.543051731873866572e+01
5.542518981694530567e+01,5.542482889705087246e+01,5.542417054093594686e+01,5.542297666099933906e+01,2.691460368973531203e+01,1.576628386305173279e+01,3.273156207984089860e+01,5.229704748761945154e+01,5.550485553123910165e+01,5.544008297354868375e+01,5.543047254238285859e+01
5.542519762442785236e+01,5.542484317322778509e+01,5.542419663035779820e+01,5.542302425494109741e+01,3.293786358295923833e+01,2.575063984217935342e+01,3.765973843379872221e+01,5.302529127387977326e+01,5.549832643249576591e+01,5.543929203760274049e+01,5.543040597237832401e+01
5.542520534994012138e+01,5.542485730021390111e+01,5.542422244508999540e+01,5.542307131781000606e+01,4.278640090878479896e+01,3.806678885855886563e+01,4.458586934361946419e+01,5.403867375773621973e+01,5.548563366022668220e+01,5.543809137460473835e+01,5.543018087168519514e+01
5.542522791470537413e+01,5.542489856053585129e+01,5.542429782907061053e+01,5.542320867591763545e+01,4.984582916552992060e+01,4.769657444833508464e+01,5.052256593344229429e+01,5.483969919846566654e+01,5.547013101514647815e+01,5.543611996210310622e+01,5.542983039017278912e+01
5.542526479886687696e+01,5.542496601198489259e+01,5.542442108523982114e+01,5.542343334205452976e+01,5.322643068478495820e+01,5.261112291285905229e+01,5.362899720843104490e+01,5.522303425272146882e+01,5.545640955513886183e+01,5.543405402553639760e+01,5.542935417406324916e+01
5.542531177880115223e+01,5.542505193188354440e+01,5.542457810820662445e+01,5.542371959287985561e+01,5.463842485935987270e+01,5.449091011253065631e+01,5.482854601460635990e+01,5.536034175933563972e+01,5.544512091729019687e+01,5.543226322769850611e+01,5.542908775355353157e+01
