1.385623621437546937e+01,1.385609552081539420e+01,1.385583924168359360e+01,1.385537660489049827e+01,1.385456575735339335e+01,-2.909679836365849326e+01,-4.559744333751893031e+00,1.365702220365937336e+01,1.390949868487395769e+01,1.386719263370541100e+01,1.386061972853439528e+01
1.385612702791089035e+01,1.385589590327352560e+01,1.385547468109705171e+01,1.385471298818497843e+01,-3.922501029817293983e+01,-3.033239887677289914e+01,-4.496033249651008035e+00,1.365487130643090552e+01,1.390873665496282641e+01,1.386704019238709407e+01,1.386056041408561335e+01
1.385613080433749644e+01,1.385590280818646036e+01,1.385548728997929047e+01,1.385473591762978529e+01,1.385341144177201400e+01,-2.824709135090923695e+01,-4.237803774982630500e+00,1.365791866732745241e+01,1.390850455479207426e+01,1.386699343084843861e+01,1.386054218743278632e+01
1.385613198727869033e+01,1.385590497135939181e+01,1.385549123987242304e+01,1.385474309952741834e+01,1.385342432288028647e+01,-2.698106817016920544e+01,-3.732346194000912831e+00,1.366557871865496132e+01,1.390805114798332554e+01,1.386712112164115851e+01,1.386059184737106520e+01
1.385612884788042543e+01,1.385589923172215521e+01,1.385548076041455090e+01,1.385472404775998001e+01,-3.334916030733340619e+01,-2.554229094979239179e+01,-2.823534152365498429e+00,1.368342683278671856e+01,1.390771265268257650e+01,1.386703620570414230e+01,1.386055742121974532e+01
1.385613209143607527e+01,1.385590515972197423e+01,1.385549158243671819e+01,1.385474373682023597e+01,1.385342561768656822e+01,-1.074999895372161340e+00,-1.825380154026046142e-01,1.372095784124262607e+01,1.390540302416041740e+01,1.386675488234849496e+01,1.386044567231975222e+01
1.385614095557681935e+01,1.385592136496440574e+01,1.385552117443837439e+01,1.385479758044866472e+01,1.385352246885678440e+01,-7.493950899174095071e+00,3.456322096903570618e+00,1.375818924240948604e+01,1.390107073689229544e+01,1.386624820816493120e+01,1.386044173805940716e+01
1.385614257030963259e+01,1.385592431772040456e+01,1.385552657466563709e+01,1.385480745273138581e+01,1.385354048218483669e+01,7.033987022686716273e+00,8.331524874559711691e+00,1.381584849279171934e+01,1.389286405855614248e+01,1.386520441465164666e+01,1.386020050621624478e+01
1.385616142672320095e+01,1.385595879272961461e+01,1.385558953588173381e+01,1.385492203388028543e+01,1.385374663539561979e+01,1.081386642144139820e+01,1.160884829633022619e+01,1.384875352004578630e+01,1.388225723957958380e+01,1.386349930513475037e+01,1.385981160171542825e+01
1.385619064384969690e+01,1.385601220931635780e+01,1.385568708938550486e+01,1.385509955471042609e+01,1.385406589605409167e+01,1.228891417634326189e+01,1.303299676601204560e+01,1.386355392804862063e+01,1.387410180068680177e+01,1.386220801365751498e+01,1.385952733725528319e+01
1.385621646830735187e+01,1.385605944049379978e+01,1.385577340235234800e+01,1.385525686081749619e+01,1.385434995940980940e+01,1.344268687604258972e+01,1.358859660877931752e+01,1.386436883973289724e+01,1.386717847212557153e+01,1.386098766429848439e+01,1.385937802893539939e+01
