1.385623453271472627e+01,1.385609245534106293e+01,1.385583364931156680e+01,1.385536641415438375e+01,1.385454729049373057e+01,-2.913739928777946275e+01,-4.523442720160238295e+00,1.365783860667241356e+01,1.390928504346145189e+01,1.386714828429588309e+01,1.386060235120265105e+01
1.385612825363284983e+01,1.385589815227376143e+01,1.385547879568609986e+01,1.385472047766091563e+01,-3.937696931681372803e+01,-3.048506954408752989e+01,-4.453784437145788644e+00,1.365538637481555284e+01,1.390883763186174349e+01,1.386706000215426116e+01,1.386056811720986737e+01
1.385613034929478715e+01,1.385590198468716316e+01,1.385548579547179493e+01,1.385473321025428461e+01,1.385340659873179980e+01,-2.834960773161274972e+01,-4.181177861210588098e+00,1.365852587041610633e+01,1.390835561439496715e+01,1.386696242933208367e+01,1.386053003880410550e+01
1.385613285350843782e+01,1.385590656345152638e+01,1.385549415516130267e+01,1.385474840786840645e+01,1.385343385187444554e+01,-2.702316804113007720e+01,-3.692670463379865708e+00,1.366657337233705150e+01,1.390813237386308998e+01,1.386713673731295238e+01,1.386059786908430524e+01
1.385612853932776289e+01,1.385589867665093777e+01,1.385547975667926579e+01,1.385472223461423269e+01,-3.343513731338198625e+01,-2.571524270934139977e+01,-2.780974966022973227e+00,1.368378735224671772e+01,1.390784222038441165e+01,1.386706212875566635e+01,1.386056749189120652e+01
1.385613149549201495e+01,1.385590407882546948e+01,1.385548961836820858e+01,1.385474017704852656e+01,1.385341925146271258e+01,-1.136945141784988511e+00,-1.130866074106604557e-01,1.372377179436310790e+01,1.390543301001835630e+01,1.386675676813203317e+01,1.386044606047243377e+01
1.385614123165893119e+01,1.385592187887684545e+01,1.385552212336143896e+01,1.385479932387889512e+01,1.385352565869678898e+01,-7.760738591222773763e+00,3.525527448707358680e+00,1.375717687482919338e+01,1.390103391345622796e+01,1.386624247724179426e+01,1.386043962343975267e+01
1.385614255752685153e+01,1.385592430436314260e+01,1.385552655918936082e+01,1.385480742788754327e+01,1.385354040841932388e+01,7.117061010799305976e+00,8.302814984290417755e+00,1.381800735921900802e+01,1.389293152143896393e+01,1.386521667937895153e+01,1.386020544591591275e+01
1.385616141262550016e+01,1.385595877760225747e+01,1.385558952008156730e+01,1.385492202505706416e+01,1.385374668747397386e+01,1.082555487354892954e+01,1.159231570799325084e+01,1.385175384105044039e+01,1.388278948540318325e+01,1.386363835613692608e+01,1.385987765332567712e+01
1.385618703648367145e+01,1.385600562778236444e+01,1.385567509149704435e+01,1.385507778718672611e+01,1.385402704686666198e+01,1.227914803709822067e+01,1.302923936677441930e+01,1.386300299760341836e+01,1.387413501596888921e+01,1.386222963856923585e+01,1.385954028180314701e+01
1.385621467972641518e+01,1.385605618022319518e+01,1.385576745707934521e+01,1.385524603793341925e+01,1.385433039072387018e+01,1.344472375934095254e+01,1.358774259920480709e+01,1.386394921014289316e+01,1.386719403927539851e+01,1.386100314642885678e+01,1.385938941215452758e+01
