9.797500687354229854e+00,9.797121666920336480e+00,9.796429898431162187e+00,9.795173146900564731e+00,-3.844455830953832987e+01,-3.673035619642833893e+01,-2.205284549581254794e+01,2.546250676074759411e+00,9.876169938256982306e+00,9.814220597159614812e+00,9.803195404746562147e+00
9.797336939040286907e+00,9.796822228534727728e+00,9.795882758676762947e+00,-3.821988112148776651e+01,-4.397861376118191146e+01,-3.788206647186724041e+01,-2.120114418766902986e+01,2.558877827562353158e+00,9.875200449858247964e+00,9.814130541645837980e+00,9.803171176972059087e+00
9.797336351618078254e+00,9.796821150685781632e+00,9.795880780857117998e+00,-3.933038795186551084e+01,-4.382551694512640950e+01,-3.776644472599793545e+01,-2.118712248962330236e+01,2.593396762745958206e+00,9.876720092863379818e+00,9.814411138397373335e+00,9.803259971640867931e+00
9.797326904056626873e+00,9.796803867264580745e+00,9.795849192867278177e+00,-3.896465944228722833e+01,-4.342945866281850442e+01,-3.747011808429274993e+01,-2.115587910329855603e+01,2.674400300067194536e+00,9.877298860502060407e+00,9.814523596581723908e+00,9.803295827026570208e+00
9.797322912029187592e+00,9.796796586122280104e+00,9.795835903395429867e+00,-3.793295747748328495e+01,-4.237221599035942177e+01,-3.662174592139201224e+01,-2.086522648346803877e+01,2.884267952686938585e+00,9.877419132037870142e+00,9.814503316331142813e+00,9.803287363047033409e+00
9.797325323463226709e+00,9.796801000179314656e+00,9.795843973238682167e+00,-3.643569178420169408e+01,-3.961426103486292050e+01,-3.432525362626707732e+01,-1.952957786542517127e+01,3.329403904681078608e+00,9.877442459374442763e+00,9.814308174344253288e+00,9.803216031235958638e+00
9.797339979556829448e+00,9.796827805191540506e+00,9.795892967940741158e+00,-1.413472135649355010e+01,-3.178350378844658763e+01,-2.904471326045759838e+01,-1.661157685325454736e+01,4.150946651639965346e+00,9.875622317990515597e+00,9.814077460089981386e+00,9.803127958318729185e+00
9.797360467697240338e+00,9.796865272413455727e+00,9.795961455708518173e+00,-9.009751621947698297e+00,-2.197541152024949085e+01,-1.890181948277862745e+01,-9.752523927213950117e+00,5.494685000442656175e+00,9.868697959841094658e+00,9.813264219069584016e+00,9.803065381577471982e+00
9.797369176008011493e+00,9.796881205034495110e+00,9.795990586633667618e+00,-1.489545252397812547e+00,-7.956315318221331978e+00,-6.311712900042653729e+00,-1.364397270450599997e+00,7.220696318820416515e+00,9.856666460457596202e+00,9.811927366392348304e+00,9.802816852268367853e+00
9.797397646744325783e+00,9.796933276384221401e+00,9.796085758139620125e+00,4.594882495147174950e+00,2.184574552811845649e+00,2.912779888197457367e+00,4.972915298762810465e+00,8.640979579193764692e+00,9.841379918016800232e+00,9.809796226200390379e+00,9.802449214871661098e+00
9.797442180258398636e+00,9.797014737036798593e+00,9.796234691878597189e+00,7.136041538575533139e+00,7.089851840258200255e+00,7.333693946414805431e+00,8.062530190317666268e+00,9.376294139098900970e+00,9.827627185791092401e+00,9.807609967044330190e+00,9.801975420083673285e+00
