5.542534425865864733e+01,5.542511115569570279e+01,5.542468598323412721e+01,5.542391516889757952e+01,1.740188092959630595e+01,1.100356428065808423e+01,2.649706096796388266e+01,5.358288008932358082e+01,5.550690069732883103e+01,5.543951895778938876e+01,5.543039820842858489e+01
5.542527196928176636e+01,5.542497905956788173e+01,5.542444503093383901e+01,5.542347820558627802e+01,7.627991521950372444e+00,2.828887413227400671e+00,2.546020662479100238e+01,5.157536083651154257e+01,5.550648808049939475e+01,5.544029740359226821e+01,5.543055347336571970e+01
5.542518354035185268e+01,5.542481733534616950e+01,5.542414932682438433e+01,5.542293788850582814e+01,2.092202927210535535e+01,3.938207816793387828e+00,2.569796905996963332e+01,5.160518757746223173e+01,5.550640109562515079e+01,5.544028014100238977e+01,5.543054759058195202e+01
5.542518413348169304e+01,5.542481842012097104e+01,5.542415130875754414e+01,5.542294149941626813e+01,2.133265449599548091e+01,5.449938570409820215e+00,2.643828398590915896e+01,5.169476130599876740e+01,5.550662498896554098e+01,5.544030668252468530e+01,5.543055564629190712e+01
5.542518405262205761e+01,5.542481827216775514e+01,5.542415103938531473e+01,5.542294101920397509e+01,2.327463633943483146e+01,9.141611512838668574e+00,2.810708751989299969e+01,5.190300197299933416e+01,5.550620589738169031e+01,5.544019320481228164e+01,5.543051528192759747e+01
5.542518936983137223e+01,5.542482799362630885e+01,5.542416879951865383e+01,5.542297338926199046e+01,2.703073391349296983e+01,1.706718489346328482e+01,3.204139435103503786e+01,5.231896888581474059e+01,5.550403008564794050e+01,5.543996967513704988e+01,5.543043678701705801e+01
5.542519899617859380e+01,5.542484559419260393e+01,5.542420095608709119e+01,5.542303200041577327e+01,3.406777550746164707e+01,2.919212459015641414e+01,3.885979419579838634e+01,5.310398408820585558e+01,5.549649437260661955e+01,5.543922148611082434e+01,5.543038440276529144e+01
5.542520478957909802e+01,5.542485618787884505e+01,5.542422031543232208e+01,5.542306729706564283e+01,4.380453241388524788e+01,4.394230179945077452e+01,4.649957699001886624e+01,5.413788573482820254e+01,5.548310364202417588e+01,5.543785993591552597e+01,5.543010099894082998e+01
5.542523122732598040e+01,5.542490452704974757e+01,5.542430862332663821e+01,5.542322815574401318e+01,5.068710368491733931e+01,5.059073601191250447e+01,5.177070588889301206e+01,5.489632762033500768e+01,5.546705544777213959e+01,5.543573603666306582e+01,5.542968615663160392e+01
5.542526978986461472e+01,5.542497504157023513e+01,5.542443746105918478e+01,5.542346290365812678e+01,5.372804568308163908e+01,5.369561306487885588e+01,5.414720437452466228e+01,5.524472015876779807e+01,5.545376036261593811e+01,5.543389218773111793e+01,5.542929539858208443e+01
5.542530684455603307e+01,5.542504281917864262e+01,5.542456137176234421e+01,5.542368893325374302e+01,5.485801437705046624e+01,5.484131415517578034e+01,5.500688409063380391e+01,5.536801326873850826e+01,5.544299139560329337e+01,5.543186346522630004e+01,5.542889237259776536e+01
