5.542533819114659366e+01,5.542510017948413292e+01,5.542466609498386276e+01,5.542387936369554780e+01,1.972097567767812620e+01,6.908039728803647250e+00,2.884952116022008539e+01,5.156530268601720479e+01,5.550568716434919736e+01,5.544015325581337805e+01,5.543050518179902042e+01
5.542518788980034117e+01,5.542482537270065990e+01,5.542416409715404768e+01,5.542296487352868439e+01,2.055185588545018405e+01,7.119263290025717339e+00,2.884152567125213551e+01,5.157535800736335574e+01,5.550545794096993291e+01,5.544011318652770370e+01,5.543049182406005571e+01
5.542518901737327752e+01,5.542482743556151092e+01,5.542416786608421830e+01,5.542297173650862874e+01,2.050896383421622460e+01,7.311026392833532839e+00,2.895944161015006912e+01,5.161058447593996590e+01,5.550598461231788150e+01,5.544020425708064437e+01,5.543052212244691646e+01
5.542518650786193746e+01,5.542482284638606416e+01,5.542415948293298555e+01,5.542295647287197369e+01,2.105737773738346874e+01,8.276660514383497258e+00,2.943473991274847634e+01,5.170224553334362838e+01,5.550636448462550732e+01,5.544025739272292697e+01,5.543053900241814347e+01
5.542518571303881458e+01,5.542482139181405643e+01,5.542415682607093430e+01,5.542295164571741850e+01,2.325381057515385663e+01,1.055069824911367959e+01,3.036667677923075459e+01,5.191116361318896111e+01,5.550631729246929069e+01,5.544020128910158007e+01,5.543051729705884156e+01
5.542518981673789824e+01,5.542482889658671752e+01,5.542417054000921439e+01,5.542297665922387040e+01,2.691464482476825992e+01,1.577253815281139637e+01,3.273152004212008848e+01,5.229698155503790247e+01,5.550485472117262020e+01,5.544008287169285154e+01,5.543047250553351546e+01
5.542519762486257662e+01,5.542484317391003401e+01,5.542419663149583897e+01,5.542302425688701106e+01,3.293793161847353446e+01,2.576184889557776714e+01,3.766041964620253424e+01,5.302522733281253409e+01,5.549832548235815466e+01,5.543929191346062169e+01,5.543040592698113045e+01
5.542520535058903874e+01,5.542485730126190902e+01,5.542422244686708410e+01,5.542307132088318866e+01,4.278646506386216686e+01,3.807507857462010747e+01,4.458578543263936922e+01,5.403868200773198538e+01,5.548562704122665679e+01,5.543809022652252594e+01,5.543018046183618708e+01
5.542522793871269471e+01,5.542489860458468343e+01,5.542429790959606350e+01,5.542320882226417922e+01,4.984753241063580731e+01,4.769532343702935862e+01,5.052250801160305116e+01,5.483957622251571706e+01,5.547011744387232568e+01,5.543611765373998423e+01,5.542982952570427813e+01
5.542526482273381561e+01,5.542496605565620627e+01,5.542442116483503867e+01,5.542343348564320848e+01,5.322799570744102482e+01,5.260985166407117930e+01,5.362893019494908486e+01,5.522305834105161182e+01,5.545640848248916654e+01,5.543405364750167053e+01,5.542935399474251312e+01
5.542531179871012625e+01,5.542505196835590198e+01,5.542457817487213845e+01,5.542371971433236411e+01,5.463844511351754818e+01,5.449057328919575127e+01,5.482853550292002609e+01,5.536034654359494311e+01,5.544512222901494169e+01,5.543226363220657049e+01,5.542908795556090951e+01
