1.385622978770363645e+01,1.385608374793627817e+01,1.385581769368486960e+01,1.385533719857236790e+01,1.385449380873897596e+01,-1.695449092795313106e+01,-4.756133235359516487e-01,1.364730712337539131e+01,1.390931474948485658e+01,1.386716655039326085e+01,1.386061045666406599e+01
1.385612689694512589e+01,1.385589564522350869e+01,1.385547418577584189e+01,1.385471203913171934e+01,-6.381794541595356307e+00,-1.787855028225925125e+01,-4.357826832399747108e-01,1.364617729115023081e+01,1.390919051625659719e+01,1.386714296627448562e+01,1.386060139606187747e+01
1.385612738788210407e+01,1.385589654336884635e+01,1.385547582674141509e+01,1.385471502446060299e+01,-6.879681523293900369e+00,-1.768672887419321071e+01,-3.319733045478125977e-01,1.364823531655938993e+01,1.390896112686331421e+01,1.386709579058973851e+01,1.386058292037485984e+01
1.385612865122057258e+01,1.385589885260032972e+01,1.385548004230864194e+01,1.385472268823834696e+01,-6.663413273740955489e+00,-1.706117411399630868e+01,-6.052938595725887438e-02,1.365543073967414500e+01,1.390846003449105694e+01,1.386699021757951300e+01,1.386054135976117863e+01
1.385613165587307805e+01,1.385590434461233400e+01,1.385549006811029926e+01,1.385474091727255441e+01,1.385342025719701198e+01,-2.796182065208820067e+00,8.312253579471235998e-01,1.367995771210096834e+01,1.390766904225853473e+01,1.386703397091302747e+01,1.386055711031460547e+01
1.385613165181304751e+01,1.385590433906875951e+01,1.385549006470965594e+01,1.385474094822825464e+01,1.385342053020308484e+01,-5.602654289758772777e-01,1.696043932776094110e+00,1.371007728569509787e+01,1.390566488281561952e+01,1.386681778389090347e+01,1.386047084044219524e+01
1.385613879094510992e+01,1.385591739027177738e+01,1.385551389677657141e+01,1.385478431416889222e+01,1.385349856676472591e+01,2.382376465291066836e+00,4.621221881372473028e+00,1.376037930502973161e+01,1.390125700058459302e+01,1.386628286896235096e+01,1.386045537478599243e+01
1.385614210304236593e+01,1.385592344825126432e+01,1.385552497292130525e+01,1.385480454052224175e+01,1.385353535059712726e+01,6.671752583762492250e+00,8.341602088118186487e+00,1.380891279662087001e+01,1.389318363431353376e+01,1.386507338138266832e+01,1.386014491979830510e+01
1.385616427792255401e+01,1.385596398693994402e+01,1.385559899380350757e+01,1.385493917457836943e+01,1.385377717487294902e+01,1.055377088250153861e+01,1.149923089514875230e+01,1.384479546345294132e+01,1.388345218855858576e+01,1.386384262242147614e+01,1.385997801589555500e+01
1.385617881251254957e+01,1.385599056611690472e+01,1.385564755848251650e+01,1.385502765489499666e+01,1.385393681549787459e+01,1.258723823138347697e+01,1.299897710935019290e+01,1.385870044414647850e+01,1.387449570443527236e+01,1.386237735799534576e+01,1.385962320948848614e+01
1.385620684689145676e+01,1.385604183158025293e+01,1.385574122009522569e+01,1.385519823268952955e+01,1.385424416681504667e+01,1.341060576452795416e+01,1.356966240480213770e+01,1.386197677851785670e+01,1.386752862798018882e+01,1.386098311945781347e+01,1.385938284371948015e+01
