5.542534227161375782e+01,5.542510753420233982e+01,5.542467940411700056e+01,5.542390337523471544e+01,6.061610791792926278e+00,1.093083881144595715e+01,2.656195802561859409e+01,5.154252114365675652e+01,5.550649608345112540e+01,5.544031396685073787e+01,5.543055993632083300e+01
5.542518226835917972e+01,5.542481500083244583e+01,5.542414505188361318e+01,5.542293008248140040e+01,2.059331498365883917e+01,1.129796214337471838e+01,2.667111677309648599e+01,5.155287323975436209e+01,5.550598868941087716e+01,5.544022124058976431e+01,5.543052876739476176e+01
5.542518509054488618e+01,5.542482016121113020e+01,5.542415447833156605e+01,5.542294724903794645e+01,2.020968377262619953e+01,1.160750035047034956e+01,2.688215805879563192e+01,5.158621960424517283e+01,5.550608634472008873e+01,5.544023451084699161e+01,5.543053294748088433e+01
5.542518492083370774e+01,5.542481985064850392e+01,5.542415391083461884e+01,5.542294621742384209e+01,2.079486161471002603e+01,1.239642048213545422e+01,2.736557021188189154e+01,5.167812548136880935e+01,5.550643802506269253e+01,5.544028314276053493e+01,5.543054835581513373e+01
5.542518422982645632e+01,5.542481858726923605e+01,5.542415160438528687e+01,5.542294202943519110e+01,2.302345129997954132e+01,1.415526787209565640e+01,2.849044760208011695e+01,5.188798775118863915e+01,5.550622729712870296e+01,5.544020524505008751e+01,5.543051980689061509e+01
5.542518858766359813e+01,5.542482655511503253e+01,5.542416616220178582e+01,5.542296857159406898e+01,2.744308815209289065e+01,1.860484377162834946e+01,3.149171145712901421e+01,5.230415263514939994e+01,5.550415604962635285e+01,5.543998820682949713e+01,5.543044272446627474e+01
5.542519866756370561e+01,5.542484498566474116e+01,5.542419983723945620e+01,5.542302996180998775e+01,3.390111480041368708e+01,2.850056067340523924e+01,3.787755332516167073e+01,5.309931806539975696e+01,5.549678391334664695e+01,5.543926968807738120e+01,5.543040080745181797e+01
5.542520367993711972e+01,5.542485415259572790e+01,5.542421659230137720e+01,5.542306052234249591e+01,4.375028832437975268e+01,4.385358904874719599e+01,4.578066578131335262e+01,5.414364064421513945e+01,5.548337343897150475e+01,5.543790120402421451e+01,5.543011502724257866e+01
5.542523078964369176e+01,5.542490372207387850e+01,5.542430715027951749e+01,5.542322549028611434e+01,5.066056749597756692e+01,5.053406565129874650e+01,5.147428344758877472e+01,5.490288994645700882e+01,5.546714936127199280e+01,5.543573465794165855e+01,5.542968383129965559e+01
5.542527132954906222e+01,5.542497785297382507e+01,5.542444259509832705e+01,5.542347227765577600e+01,5.371101979048503949e+01,5.366319533798136376e+01,5.403989499807954644e+01,5.525049875149609591e+01,5.545374510551552305e+01,5.543383993934603637e+01,5.542926830878556643e+01
5.542531215326256699e+01,5.542505252292819051e+01,5.542457909558169149e+01,5.542372124508374043e+01,5.484165270721744179e+01,5.473985537983977423e+01,5.497693667972659881e+01,5.537318009561704457e+01,5.544379606243445835e+01,5.543206555616208675e+01,5.542898977276392714e+01
