5.542535787595849683e+01,5.542513607786419527e+01,5.542473157970157160e+01,5.542399857588059575e+01,5.542269746226086369e+01,2.051718043088809651e+01,2.658331440298752568e+01,5.368456289366177714e+01,5.550722006703588818e+01,5.543953959570245615e+01,5.543040297294047036e+01
5.542527342370335930e+01,5.542498172216508578e+01,5.542444990478051636e+01,5.542348713563021789e+01,7.572820309366426805e+00,1.120041739762470812e+01,2.641949883906580965e+01,5.364544166370620104e+01,5.550764921524691431e+01,5.543961183103691326e+01,5.543042769332754460e+01
5.542527165836746406e+01,5.542497849476363569e+01,5.542444401124961928e+01,5.542347641446159656e+01,8.862638079426503168e+00,1.131294440323908645e+01,2.658329427807082013e+01,5.364128834028050363e+01,5.550727831595075656e+01,5.543955583423579014e+01,5.543040897004329537e+01
5.542527265231436928e+01,5.542498031138494241e+01,5.542444732598083590e+01,5.542348243093086069e+01,9.598284398437925802e+00,1.208422581132542284e+01,2.700631170808907910e+01,5.363833745322293112e+01,5.550662724162159378e+01,5.543946339037772475e+01,5.543037851517842540e+01
5.542527390749478400e+01,5.542498260491915829e+01,5.542445150790489095e+01,5.542349000435924467e+01,1.133286832861687543e+01,1.413673034691543151e+01,2.830202754445942048e+01,5.189008307181700275e+01,5.550641380668966463e+01,5.544022692917990724e+01,5.543052637700181862e+01
5.542518856041633768e+01,5.542482651585020648e+01,5.542416610249654241e+01,5.542296848623227845e+01,2.679564030386951501e+01,1.903925414177310671e+01,3.181482425594152730e+01,5.230725795519920496e+01,5.550419121287911395e+01,5.543997973800239976e+01,5.543043900405157132e+01
5.542519968879563663e+01,5.542484686353556356e+01,5.542420327983508344e+01,5.542303625682789914e+01,3.390626788349672438e+01,2.833806509863749312e+01,3.754103915654120271e+01,5.306267316926310684e+01,5.549840581669168671e+01,5.543947799262465992e+01,5.543026377141507055e+01
5.542522049543293861e+01,5.542488490764012710e+01,5.542427278937585555e+01,5.542316295052187769e+01,4.171289485602852665e+01,4.124744045264052517e+01,4.494266321005622444e+01,5.401961921763030716e+01,5.548676876226829080e+01,5.543823338491371544e+01,5.543022652577475640e+01
5.542522856093670214e+01,5.542489966119703126e+01,5.542429977082683479e+01,5.542321224591775319e+01,4.904693918688630561e+01,4.903815116134819618e+01,5.079798819952983990e+01,5.480456076533214826e+01,5.547126580755345060e+01,5.543637866687961946e+01,5.542973196728985386e+01
5.542527366041564107e+01,5.542498212288167991e+01,5.542445041209599310e+01,5.542348662413346716e+01,5.309643534317190472e+01,5.307325301368828718e+01,5.374853822567582995e+01,5.520548946508107235e+01,5.545676011542251871e+01,5.543421550903084949e+01,5.542943098761138288e+01
5.542530110000782884e+01,5.542503231698876931e+01,5.542454218190711401e+01,5.542365402545630104e+01,5.463351933107962566e+01,5.462682442112177483e+01,5.486943961623533994e+01,5.536343785805476614e+01,5.544365707852240632e+01,5.543191451348685916e+01,5.542890036826040046e+01
