9.797500687360871652e+00,9.797121666926885908e+00,9.796429898437427397e+00,9.795173146905925776e+00,-3.844455830813264186e+01,-3.673035619536015872e+01,-2.205284549589974930e+01,2.546250675945563646e+00,9.876169937844871072e+00,9.814220595842680694e+00,9.803195400570430706e+00
9.797336939046992654e+00,9.796822228541346433e+00,9.795882758683100988e+00,-3.821988112068102339e+01,-4.397861376119033139e+01,-3.788206647188260945e+01,-2.120114418770300446e+01,2.558877827436124353e+00,9.875200449446646545e+00,9.814130540331952091e+00,9.803171172805821953e+00
9.797336351624780448e+00,9.796821150692396785e+00,9.795880780863457815e+00,-3.933038795102644514e+01,-4.382551694513271201e+01,-3.776644472601097391e+01,-2.118712248965887213e+01,2.593396762620095775e+00,9.876720092453304289e+00,9.814411137086732850e+00,9.803259967484597937e+00
9.797326904063311304e+00,9.796803867271174582e+00,9.795849192873589573e+00,-3.896465944133122150e+01,-4.342945866282695988e+01,-3.747011808431956581e+01,-2.115587910335583288e+01,2.674400299940854708e+00,9.877298860092979638e+00,9.814523595274213363e+00,9.803295822880194521e+00
9.797322912035856035e+00,9.796796586128859730e+00,9.795835903401727052e+00,-3.793295747629419168e+01,-4.237221599034601383e+01,-3.662174592140966922e+01,-2.086522648348173803e+01,2.884267952561458959e+00,9.877419131629759264e+00,9.814503315026719577e+00,9.803287358910447225e+00
9.797325323469877389e+00,9.796801000185878294e+00,9.795843973244963365e+00,-3.643569178310326606e+01,-3.961426103460507875e+01,-3.432525362616011932e+01,-1.952957786548493502e+01,3.329403904558790650e+00,9.877442458967488292e+00,9.814308173042888939e+00,9.803216027108994979e+00
9.797339979563462364e+00,9.796827805198084604e+00,9.795892967947002816e+00,-1.413472135644895289e+01,-3.178350378753356864e+01,-2.904471326025669953e+01,-1.661157685330692502e+01,4.150946651514095365e+00,9.875622317584175747e+00,9.814077458791516051e+00,9.803127954201098504e+00
9.797360467703841280e+00,9.796865272419971404e+00,9.795961455714753185e+00,-9.009751621888458573e+00,-2.197541152001369724e+01,-1.890181948278960533e+01,-9.752523927297829687e+00,5.494685000318064283e+00,9.868697959435719369e+00,9.813264217773850717e+00,9.803065377468396235e+00
9.797369176014589343e+00,9.796881205040985918e+00,9.795990586639875985e+00,-1.489545252386127672e+00,-7.956315318147455073e+00,-6.311712900037717233e+00,-1.364397270473984847e+00,7.220696318696994354e+00,9.856666460052958101e+00,9.811927365098966902e+00,9.802816848166719055e+00
9.797397646750869882e+00,9.796933276390674905e+00,9.796085758145791189e+00,4.594882495121943577e+00,2.184574552826342497e+00,2.912779888191275646e+00,4.972915298725861355e+00,8.640979579069124838e+00,9.841379917612718131e+00,9.809796224908961193e+00,9.802449210776101651e+00
9.797442180264908984e+00,9.797014737043218346e+00,9.796234691884734502e+00,7.136041538649413596e+00,7.089851840245723125e+00,7.333693946402323860e+00,8.062530190284515896e+00,9.376294138975980630e+00,9.827627185387491693e+00,9.807609965754465975e+00,9.801975415993014806e+00
