5.542535292169719696e+01,5.542512700341106324e+01,5.542471495848359808e+01,5.542396808598390834e+01,5.542264122258032444e+01,2.100673687261328482e+01,2.542885019813617475e+01,5.155638969732957833e+01,5.550626471727257893e+01,5.544026772892113542e+01,5.543054416311051114e+01
5.542518387544592429e+01,5.542481793974570792e+01,5.542415042095536393e+01,5.542293986342126999e+01,2.072526387380923651e+01,4.676561620339467318e+00,2.556926175965569570e+01,5.156554514483537588e+01,5.550608121652545890e+01,5.544023046681381572e+01,5.543053141370882031e+01
5.542518519771019214e+01,5.542482035724420086e+01,5.542415483714819402e+01,5.542294790860356812e+01,2.040307784069419128e+01,5.253922561020875293e+00,2.585236421270765561e+01,5.159969453557116026e+01,5.550650777818218273e+01,5.544030179393912761e+01,5.543055499782941808e+01
5.542518335662970230e+01,5.542481699049469057e+01,5.542414868793048299e+01,5.542293671705627389e+01,2.117216535227403185e+01,6.961414335892742500e+00,2.670273318074048774e+01,5.168965191409479587e+01,5.550664429358685226e+01,5.544031364486652791e+01,5.543055818904042553e+01
5.542518365980792794e+01,5.542481754441158159e+01,5.542414970011097353e+01,5.542293856866579205e+01,2.326633343740898141e+01,1.108439844009623165e+01,2.867627530855793694e+01,5.189961681323052289e+01,5.550613735831326778e+01,5.544018356985259288e+01,5.543051221195437961e+01
5.542518951229864399e+01,5.542482824583298395e+01,5.542416925101998970e+01,5.542297420047587053e+01,2.701476098342917354e+01,1.880302280330156250e+01,3.265239003256338890e+01,5.230203658155657820e+01,5.550453310355494807e+01,5.544004431248898612e+01,5.543046076853531190e+01
5.542519765481603145e+01,5.542484313433213572e+01,5.542419645781464510e+01,5.542302382221964763e+01,3.324633644545995992e+01,3.005368364273880388e+01,3.896683549572952643e+01,5.302761957312763741e+01,5.549772561703629492e+01,5.543943099941296282e+01,5.543025302071579574e+01
5.542521763501554233e+01,5.542487966450390502e+01,5.542426318611772018e+01,5.542314535621650862e+01,4.300605940522902415e+01,4.291618958799309524e+01,4.614114119307537720e+01,5.403660717187983664e+01,5.548491275198068706e+01,5.543799409183991145e+01,5.543014876830289950e+01
5.542522799367391428e+01,5.542489860807447144e+01,5.542429780611173840e+01,5.542320846952432589e+01,4.994940817432446067e+01,5.003175689008307359e+01,5.147440026518631839e+01,5.483256226015883072e+01,5.546876830116021750e+01,5.543592796794790445e+01,5.542976297286517706e+01
5.542526324559618445e+01,5.542496306912929072e+01,5.542441558152520997e+01,5.542342304665104535e+01,5.352487216053548025e+01,5.347337746679116322e+01,5.401917858228194547e+01,5.521754914565422467e+01,5.545486240913540144e+01,5.543401366503935179e+01,5.542935090218243488e+01
5.542530081764492422e+01,5.542503179100192767e+01,5.542454120311074917e+01,5.542365212390379270e+01,5.478747599586505146e+01,5.477387407432553346e+01,5.496171875127846818e+01,5.536579811134116369e+01,5.544253631502870405e+01,5.543182656638174421e+01,5.542886481319179381e+01
