9.797494704129695364e+00,9.797110709383174409e+00,9.796409865815229878e+00,9.795136618572092502e+00,-5.504250748136497151e+01,-4.789829019467051552e+01,-2.559838274861670726e+01,2.552276478899448975e+00,9.874554780882506932e+00,9.814297323421310892e+00,9.803227904259451009e+00
9.797327403348935704e+00,9.796804783116634496e+00,9.795850869885056156e+00,-5.238473558542114716e+01,-5.467744408638822051e+01,-4.816086485178550447e+01,-2.553067974155299069e+01,2.569142527095823247e+00,9.874903257957319269e+00,9.814117629424433886e+00,9.803169087843262020e+00
9.797335069339668578e+00,9.796818786124125822e+00,9.795876442211232771e+00,-5.417093051167260143e+01,-5.490637833908415644e+01,-4.798500745355931230e+01,-2.549358729107412458e+01,2.604449297449467959e+00,9.876164977292642533e+00,9.814376065768277257e+00,9.803252091619420128e+00
9.797325344826370852e+00,9.796801007538970651e+00,9.795843957514957623e+00,-1.955375136126220426e+01,-5.303044442489581911e+01,-4.684292398914433164e+01,-2.512250862402927254e+01,2.684649514775001578e+00,9.876759999760416520e+00,9.814477371714962928e+00,9.803283751898042908e+00
9.797322276167294675e+00,9.796795398135600408e+00,9.795833709924904653e+00,-1.898331845524977624e+01,-5.040356833007929538e+01,-4.496449680613491751e+01,-2.463542536275371120e+01,2.899918040425196075e+00,9.877592303218245107e+00,9.814471003763058476e+00,9.803274051178735959e+00
9.797328983567316740e+00,9.796807661975778458e+00,9.795856126760531524e+00,-1.750547140932927093e+01,-4.809436113001979152e+01,-4.159542778456193446e+01,-2.237406926759699388e+01,3.320931962702414086e+00,9.877309409842901289e+00,9.814229420262222447e+00,9.803188487002961082e+00
9.797344807959170510e+00,9.796836607077992198e+00,9.795909034291796047e+00,-1.353886558102019855e+01,-3.644629958692521399e+01,-3.261174074557290936e+01,-1.769683441215946829e+01,4.134685667401412523e+00,9.875329713434304324e+00,9.813982830088562537e+00,9.803096111794156187e+00
9.797365212296762493e+00,9.796873912469912682e+00,9.795977215591516796e+00,-8.684382135760577270e+00,-2.265120745393368651e+01,-1.929449784102722987e+01,-9.455163456064578753e+00,5.490351643509470136e+00,9.868852324200332760e+00,9.813208549690230598e+00,9.803042718706295844e+00
9.797374738408558770e+00,9.796891340087890754e+00,9.796009084678507506e+00,-1.303560739212676012e+00,-7.158670070764825866e+00,-5.487526095787984559e+00,-6.234158979051152016e-01,7.268472719219767342e+00,9.855985978592201491e+00,9.811722765857735951e+00,9.802743658359718282e+00
9.797407556323777911e+00,9.796951356763173635e+00,9.796118765452384025e+00,4.899992939001228009e+00,2.853844360724544060e+00,3.511599160499567329e+00,5.439144880387829062e+00,8.694822873136699215e+00,9.840450847669989898e+00,9.809777867100500259e+00,9.802442821277082885e+00
9.797442461923932200e+00,9.797015226814353994e+00,9.796235576106537835e+00,8.010322610715613578e+00,7.357349169767549490e+00,7.589333146289158449e+00,8.253665494997271423e+00,9.404405244192641788e+00,9.826502530069017638e+00,9.807251795668362249e+00,9.802023837495367431e+00
