9.797500687359566029e+00,9.797121666925601602e+00,9.796429898436198158e+00,9.795173146904874173e+00,-3.844455830840978194e+01,-3.673035619557033726e+01,-2.205284549588259324e+01,2.546250675971040600e+00,9.876169937926162490e+00,9.814220596102506633e+00,9.803195401394651398e+00
9.797336939045676374e+00,9.796822228540044364e+00,9.795882758681853986e+00,-3.821988112084103051e+01,-4.397861376118869003e+01,-3.788206647187959675e+01,-2.120114418769628983e+01,2.558877827461043530e+00,9.875200449527937963e+00,9.814130540591499141e+00,9.803171173629111834e+00
9.797336351623462392e+00,9.796821150691094715e+00,9.795880780862210813e+00,-3.933038795119387032e+01,-4.382551694513146145e+01,-3.776644472600838753e+01,-2.118712248965183420e+01,2.593396762644973208e+00,9.876720092534394979e+00,9.814411137345963709e+00,9.803259968306942795e+00
9.797326904061995023e+00,9.796803867269874289e+00,9.795849192872347899e+00,-3.896465944152163985e+01,-4.342945866282529721e+01,-3.747011808431424384e+01,-2.115587910334451038e+01,2.674400299965871142e+00,9.877298860173974404e+00,9.814523595533144018e+00,9.803295823701603240e+00
9.797322912034541531e+00,9.796796586127562989e+00,9.795835903400485378e+00,-3.793295747652938132e+01,-4.237221599034862152e+01,-3.662174592140613072e+01,-2.086522648347901665e+01,2.884267952586323069e+00,9.877419131710663436e+00,9.814503315285358909e+00,9.803287359730925132e+00
9.797325323468564662e+00,9.796801000184581554e+00,9.795843973243723468e+00,-3.643569178332082004e+01,-3.961426103465588255e+01,-3.432525362618098086e+01,-1.952957786547325014e+01,3.329403904583055684e+00,9.877442459048261014e+00,9.814308173301235172e+00,9.803216027928558063e+00
9.797339979562151413e+00,9.796827805196789640e+00,9.795892967945764696e+00,-1.413472135645725380e+01,-3.178350378771355622e+01,-2.904471326029613465e+01,-1.661157685329656175e+01,4.150946651539102028e+00,9.875622317664921823e+00,9.814077459049592278e+00,9.803127955019775186e+00
9.797360467702535658e+00,9.796865272418679993e+00,9.795961455713518617e+00,-9.009751621899630081e+00,-2.197541152006057530e+01,-1.890181948278738844e+01,-9.752523927281114169e+00,5.494685000342845349e+00,9.868697959516362417e+00,9.813264218031665820e+00,9.803065378286255793e+00
9.797369176013285497e+00,9.796881205039698060e+00,9.795990586638646747e+00,-1.489545252388118968e+00,-7.956315318161969685e+00,-6.311712900038633833e+00,-1.364397270469333456e+00,7.220696318721566698e+00,9.856666460133533647e+00,9.811927365356559960e+00,9.802816848983871623e+00
9.797397646749569589e+00,9.796933276389395928e+00,9.796085758144567279e+00,4.594882495127134980e+00,2.184574552823467464e+00,2.912779888192511990e+00,4.972915298733223466e+00,8.640979579093961860e+00,9.841379917693249268e+00,9.809796225166369510e+00,9.802449211592673350e+00
9.797442180263615796e+00,9.797014737041944699e+00,9.796234691883515922e+00,7.136041538634668058e+00,7.089851840248214465e+00,7.333693946404821418e+00,8.062530190291129273e+00,9.376294139000494354e+00,9.827627185467980198e+00,9.807609966011728631e+00,9.801975416809119324e+00
