9.797505869824375324e+00,9.797131384445171065e+00,9.796447920828963873e+00,9.795206369389717338e+00,-5.585062743594626511e+01,-4.795394391760765984e+01,-2.610124793028696288e+01,2.557070097331311853e+00,9.875424962525848116e+00,9.814334478727747779e+00,9.803233699245293309e+00
9.797331476991733012e+00,9.796812463817047956e+00,9.795865154860029733e+00,-5.737167738233606684e+01,-5.586557000965469655e+01,-4.766168112079400743e+01,-2.600840927327937990e+01,2.570628054037815691e+00,9.875627502465764707e+00,9.814299334084097381e+00,9.803219084090127211e+00
9.797335602625507178e+00,9.796819997348970688e+00,9.795878918632228149e+00,-5.701833489498608998e+01,-5.556095211042086390e+01,-4.783449950178841448e+01,-2.591773017921668654e+01,2.607962514368146856e+00,9.877264805406277048e+00,9.814434955947751504e+00,9.803263912853434903e+00
9.797329416484179987e+00,9.796808688077366156e+00,9.795858248165579596e+00,-5.756876417876630825e+01,-5.568967915805961155e+01,-4.732440451049382091e+01,-2.571394271173655000e+01,2.689379631757589095e+00,9.877828401520659440e+00,9.814548085545604650e+00,9.803300145639928687e+00
9.797325254452410093e+00,9.796801087568443478e+00,9.795844366371666112e+00,-5.591713539803536293e+01,-5.402637109435144680e+01,-4.599869850884820011e+01,-2.515572510447562493e+01,2.880779730984306397e+00,9.878455075758409976e+00,9.814558112784952826e+00,9.803298234955940771e+00
9.797329220129380900e+00,9.796808349101567615e+00,9.795857648860366140e+00,-1.810752643147558771e+01,-4.953082852340128284e+01,-4.270248264739885258e+01,-2.365650055456259793e+01,3.252689508261672913e+00,9.878619239518000583e+00,9.814390096947494868e+00,9.803235540243923296e+00
9.797342917245943639e+00,9.796833397062799875e+00,9.795903429977800059e+00,-1.496993944343215688e+01,-4.159503480561512134e+01,-3.584348667404219668e+01,-1.967644143420436365e+01,3.974921143276278102e+00,9.876348681370687999e+00,9.814008301010634483e+00,9.803106473472553262e+00
9.797362711425947168e+00,9.796869591020879398e+00,9.795969573638418026e+00,-9.504891662250301465e+00,-2.788292338293138073e+01,-2.395098358239950898e+01,-1.250398579731240289e+01,5.266792583971871444e+00,9.870419986446924199e+00,9.813310105153673746e+00,9.803076514734177849e+00
9.797371198247716961e+00,9.796885114803682626e+00,9.795997960833174645e+00,-2.380047221381250466e+00,-1.145193826379491497e+01,-9.394794013423926060e+00,-3.133388060977963185e+00,7.023915242200386544e+00,9.858454531828508394e+00,9.812016261127910255e+00,9.802842891771703648e+00
9.797398458911283470e+00,9.796934973084233889e+00,9.796089086133838109e+00,4.108692346877578672e+00,5.711648528813837444e-01,1.514862512821219198e+00,4.155488990226325008e+00,8.535519103734435120e+00,9.843286007695578377e+00,9.809988703290621004e+00,9.802517117355490583e+00
9.797438372067384549e+00,9.797007997029664850e+00,9.796222610718869461e+00,6.428803057276226696e+00,6.484200800770446804e+00,6.816449129697486953e+00,7.749499250181462351e+00,9.337305408852660804e+00,9.828976355121678665e+00,9.807668863261426395e+00,9.801990871506976788e+00
