5.542533915056975502e+01,5.542510180377559692e+01,5.542466888861007135e+01,5.542388403588671508e+01,1.718643882501120501e+01,1.121119584162552840e+01,2.653351098553094900e+01,5.347965968637626588e+01,5.550815326224558532e+01,5.543954846343066833e+01,5.543041148142893348e+01
5.542526854070385411e+01,5.542497276256247574e+01,5.542443349262688912e+01,5.542345711549987186e+01,7.329879604268066728e+00,1.141441709149839134e+01,2.642610160392750629e+01,5.342140663477229623e+01,5.550807299798690053e+01,5.543956562801497512e+01,5.543041948952716069e+01
5.542526631571151796e+01,5.542496869347968413e+01,5.542442605356951901e+01,5.542344353036078530e+01,8.099467168562712871e+00,1.159276849317964242e+01,2.658655187099067874e+01,5.343708846129332812e+01,5.550788472190730971e+01,5.543953072289491502e+01,5.543040727611672480e+01
5.542526739410139669e+01,5.542497066501934455e+01,5.542442965434833013e+01,5.542345008562439546e+01,8.989516869458132220e+00,1.241002062670328598e+01,2.706118427914328706e+01,5.344310771142730232e+01,5.550688348590112753e+01,5.543960852977991038e+01,5.543043536508299951e+01
5.542526425916071275e+01,5.542496493321156947e+01,5.542441918314749927e+01,5.542343100588768579e+01,1.197566114664765280e+01,1.470264920297257305e+01,2.846771997776658125e+01,5.188444828399366315e+01,5.550649326976994047e+01,5.544024226071896067e+01,5.543053157226842131e+01
5.542518802443749593e+01,5.542482550722023404e+01,5.542416423132176817e+01,5.542296504971402271e+01,2.679121267366490500e+01,2.004377893929588694e+01,3.222645532904634535e+01,5.230010671422660096e+01,5.550411121039604723e+01,5.543998284473723714e+01,5.543044110558376758e+01
5.542519866612919088e+01,5.542484496456068399e+01,5.542419977947552923e+01,5.542302983543914507e+01,3.389874776882440699e+01,3.041489019491616830e+01,3.878828481796946903e+01,5.309385777627355196e+01,5.549668716567540372e+01,5.543925668882909008e+01,5.543039661501651949e+01
5.542520377076579052e+01,5.542485429991887713e+01,5.542421684142675531e+01,5.542306095091363716e+01,4.375978795021612200e+01,4.387765678814265868e+01,4.649232999598785909e+01,5.413721814836490864e+01,5.548319927305331589e+01,5.543787509805375180e+01,5.543010620654531806e+01
5.542523100531722946e+01,5.542490409711457033e+01,5.542430781379682259e+01,5.542322666540633236e+01,5.067351686083412687e+01,5.056512923946937121e+01,5.176044399006767094e+01,5.489652196330983003e+01,5.546710776509393526e+01,5.543574660528853570e+01,5.542969024441497083e+01
5.542526953148234270e+01,5.542497454609748786e+01,5.542443653210025900e+01,5.542346119312643538e+01,5.372663395285292154e+01,5.369155030459906186e+01,5.414343029138640162e+01,5.524834138182581000e+01,5.545396872175570024e+01,5.543393172968399085e+01,5.542931119950009133e+01
5.542530678415399592e+01,5.542504268914529320e+01,5.542456111751108949e+01,5.542368848367138412e+01,5.485071558676905568e+01,5.481012900897287921e+01,5.501121850898123000e+01,5.536796197738371461e+01,5.544330317868509184e+01,5.543197554942293692e+01,5.542895110835877404e+01
