5.542533819114765237e+01,5.542510017948517032e+01,5.542466609498484331e+01,5.542387936369628676e+01,1.972097568280841884e+01,6.908039728127093326e+00,2.884952115929714012e+01,5.156530268590806543e+01,5.550568716421919646e+01,5.544015325540372885e+01,5.543050518050252151e+01
5.542518788980137145e+01,5.542482537270166176e+01,5.542416409715497139e+01,5.542296487352933099e+01,2.055185588643616512e+01,7.119263293042831009e+00,2.884152566967303954e+01,5.157535800724319586e+01,5.550545794083970463e+01,5.544011318611880768e+01,5.543049182276617159e+01
5.542518901737430781e+01,5.542482743556251990e+01,5.542416786608514201e+01,5.542297173650928244e+01,2.050896383527999234e+01,7.311026398210319854e+00,2.895944160800381084e+01,5.161058447580516173e+01,5.550598461218774560e+01,5.544020425667255836e+01,5.543052212115566135e+01
5.542518650786296774e+01,5.542482284638707313e+01,5.542415948293391637e+01,5.542295647287262739e+01,2.105737773811118174e+01,8.276660520257326681e+00,2.943473991026068148e+01,5.170224553320411331e+01,5.550636448449576221e+01,5.544025739231568650e+01,5.543053900112950316e+01
5.542518571303984487e+01,5.542482139181505119e+01,5.542415682607185090e+01,5.542295164571806509e+01,2.325381057554498554e+01,1.055069825625952262e+01,3.036667677686286027e+01,5.191116361302194093e+01,5.550631729234049772e+01,5.544020128869529174e+01,5.543051729577283027e+01
5.542518981673892142e+01,5.542482889658769807e+01,5.542417054001012389e+01,5.542297665922448857e+01,2.691464482508454026e+01,1.577253816630087258e+01,3.273152004148226268e+01,5.229698155483022504e+01,5.550485472104303142e+01,5.544008287128721690e+01,5.543047250424999106e+01
5.542519762486359980e+01,5.542484317391102877e+01,5.542419663149674136e+01,5.542302425688764345e+01,3.293793161875739628e+01,2.576184892164923212e+01,3.766041964734092318e+01,5.302522733260391874e+01,5.549832548222838113e+01,5.543929191305566917e+01,5.543040592569992242e+01
5.542520535059004771e+01,5.542485730126290377e+01,5.542422244686800070e+01,5.542307132088382104e+01,4.278646506408457384e+01,3.807507859508639569e+01,4.458578543305048925e+01,5.403868200819280787e+01,5.548562704111089516e+01,5.543809022612019533e+01,5.543018046055765069e+01
5.542522793871370368e+01,5.542489860458564976e+01,5.542429790959693037e+01,5.542320882226472634e+01,4.984753240994259471e+01,4.769532343970988109e+01,5.052250801147567927e+01,5.483957622274124333e+01,5.547011744375487297e+01,5.543611765333810126e+01,5.542982952442739020e+01
5.542526482273481747e+01,5.542496605565717260e+01,5.542442116483589132e+01,5.542343348564375560e+01,5.322799570718468232e+01,5.260985166341191643e+01,5.362893019495972169e+01,5.522305834118553491e+01,5.545640848237669474e+01,5.543405364710165628e+01,5.542935399346762892e+01
5.542531179871110680e+01,5.542505196835680437e+01,5.542457817487288452e+01,5.542371971433269806e+01,5.463844511329502751e+01,5.449057328877883322e+01,5.482853550288344735e+01,5.536034654359750107e+01,5.544512222889433417e+01,5.543226363180542648e+01,5.542908795428653690e+01
