9.797505869832377812e+00,9.797131384452956837e+00,9.796447920836069301e+00,9.795206369394684032e+00,-5.585062743504470006e+01,-4.795394391732918393e+01,-2.610124793020032641e+01,2.557070097020011090e+00,9.875424961558522341e+00,9.814334475648651690e+00,9.803233689499572634e+00
9.797331476999838529e+00,9.796812463824936756e+00,9.795865154867241742e+00,-5.737167737975195081e+01,-5.586557000816495133e+01,-4.766168112056319472e+01,-2.600840927384914991e+01,2.570628053729535178e+00,9.875627501502172834e+00,9.814299331015705619e+00,9.803219074378263898e+00
9.797335602633589602e+00,9.796819997356838172e+00,9.795878918639425947e+00,-5.701833489390579501e+01,-5.556095210937066753e+01,-4.783449950182036048e+01,-2.591773017940226254e+01,2.607962514070698123e+00,9.877264804444372714e+00,9.814434952889980579e+00,9.803263903175748695e+00
9.797329416492239318e+00,9.796808688085214101e+00,9.795858248172764959e+00,-5.756876417930323697e+01,-5.568967915808128311e+01,-4.732440451056330488e+01,-2.571394271184407998e+01,2.689379631465322440e+00,9.877828400562430389e+00,9.814548082498644632e+00,9.803300135996282805e+00
9.797325254460442778e+00,9.796801087576264777e+00,9.795844366378819501e+00,-5.591713539905101271e+01,-5.402637109438865082e+01,-4.599869850888188694e+01,-2.515572510449961641e+01,2.880779730686608087e+00,9.878455074803236258e+00,9.814558109748615422e+00,9.803298225346024353e+00
9.797329220137385164e+00,9.796808349109364045e+00,9.795857648867501766e+00,-1.810752643207340640e+01,-4.953082852898684507e+01,-4.270248264635585400e+01,-2.365650055427387599e+01,3.252689508008743680e+00,9.878619238566832550e+00,9.814390093921714353e+00,9.803235530667194553e+00
9.797342917253915928e+00,9.796833397070566107e+00,9.795903429984903710e+00,-1.496993944410086286e+01,-4.159503480981091172e+01,-3.584348667548295708e+01,-1.967644143438576521e+01,3.974921143010580415e+00,9.876348680422440296e+00,9.814008297994847752e+00,9.803106463927523606e+00
9.797362711433885707e+00,9.796869591028610103e+00,9.795969573645489703e+00,-9.504891662630690519e+00,-2.788292338118348823e+01,-2.395098358325873633e+01,-1.250398579691768219e+01,5.266792583729326793e+00,9.870419985501857951e+00,9.813310102147259073e+00,9.803076505218481174e+00
9.797371198255612867e+00,9.796885114811372475e+00,9.795997960840209018e+00,-2.380047221601305552e+00,-1.145193826605831688e+01,-9.394794013338399807e+00,-3.133388061197818431e+00,7.023915241890229311e+00,9.858454530884852574e+00,9.812016258129503399e+00,9.802842882281547432e+00
9.797398458919126085e+00,9.796934973091868670e+00,9.796089086140819191e+00,4.108692346755049130e+00,5.711648529078550141e-01,1.514862512809089345e+00,4.155488990145014938e+00,8.535519103445180278e+00,9.843286006754532025e+00,9.809988700299033582e+00,9.802517107886282943e+00
9.797438372075168544e+00,9.797007997037241012e+00,9.796222610725793700e+00,6.428803057252361342e+00,6.484200800767062844e+00,6.816449129679902796e+00,7.749499250088117464e+00,9.337305408562221132e+00,9.828976354182554331e+00,9.807668860275322587e+00,9.801990862054523745e+00
