4.837384938543129920e+01,8.241074992489137685e+01,2.173093247272005897e+02,6.741410355259080234e+02,-5.482285751727575018e+01,-3.484836466207314487e+01,-4.759859098701205049e+00,1.365643455019402452e+01,1.390895128364597610e+01,1.386708763783281384e+01,1.386058857799527644e+01
1.385612990164249503e+01,1.385590129762330669e+01,1.385548468839657232e+01,1.385473135854753224e+01,1.385340343396004315e+01,-2.864976203883234973e+01,-4.591189732430026815e+00,1.365147323388635314e+01,1.390844454426940402e+01,1.386698714550527711e+01,1.386054489209327301e+01
1.385613196428392158e+01,1.385590498982734786e+01,1.385549134464262977e+01,1.385474336791563132e+01,1.385342486035825438e+01,-2.781443913049549010e+01,-4.300974950878090119e+00,1.365423922676873225e+01,1.390793098889277246e+01,1.386710433580201851e+01,1.386058908994694150e+01
1.385612883851577237e+01,1.385589924724461319e+01,1.385548083177114442e+01,1.385472422826333094e+01,-3.653805163028223291e+01,-2.791291408136722652e+01,-3.775364452687945516e+00,1.366584807442337279e+01,1.390784677051757789e+01,1.386707966130235192e+01,1.386057804554599571e+01
1.385612995243802104e+01,1.385590127154447515e+01,1.385548451108884471e+01,1.385473089990518147e+01,1.385340249880765739e+01,-2.297077420406741055e+01,-2.563010261289498715e+00,1.368639713263980440e+01,1.390715216954573563e+01,1.386692192711618432e+01,1.386051480340715791e+01
1.385613499173926755e+01,1.385591048162417316e+01,1.385550132154783576e+01,1.385476146788314722e+01,1.385345743670059271e+01,-1.724432883225337321e+01,-6.130977071294347880e-01,1.371381676718575804e+01,1.390575738733818056e+01,1.386683197686754809e+01,1.386047748214879505e+01
1.385613889995743975e+01,1.385591763326156567e+01,1.385551438775167199e+01,1.385478526403228372e+01,1.385350037713142868e+01,2.330914882156366552e+00,3.309060008511108819e+00,1.376689093953513421e+01,1.390152940440078666e+01,1.386633120203047298e+01,1.386047549395877709e+01
1.385614176884368476e+01,1.385592288233860714e+01,1.385552399038566485e+01,1.385480282821526288e+01,1.385353248298083173e+01,1.360313332132087716e+00,7.667133817980822386e+00,1.380998720058192042e+01,1.389394710717671444e+01,1.386524374820348093e+01,1.386021869665247230e+01
1.385616035851680294e+01,1.385595686742919952e+01,1.385558604707207309e+01,1.385491571141539069e+01,1.385373529499273637e+01,8.708853769179285109e+00,1.115163774281597320e+01,1.384638204118697402e+01,1.388402300903461217e+01,1.386377756888233392e+01,1.385994710252723294e+01
1.385618152533954017e+01,1.385599557099811463e+01,1.385565674143511394e+01,1.385504439816469002e+01,1.385396693039919391e+01,1.247981091562658307e+01,1.290286695722721788e+01,1.386169978157876059e+01,1.387499551948155130e+01,1.386230758425108078e+01,1.385958363442442476e+01
1.385621178965467237e+01,1.385605091161037628e+01,1.385575784332950278e+01,1.385522852984356135e+01,1.385429883111507188e+01,1.335816792255829988e+01,1.353784970022572054e+01,1.386285504884009967e+01,1.386788116118350800e+01,1.386111874626145379e+01,1.385927452120839121e+01
