5.542533817683365527e+01,5.542510015334686813e+01,5.542466604728424784e+01,5.542387927697907202e+01,1.972039591271833103e+01,6.907653672287306534e+00,2.885149359093915322e+01,5.156534134388237334e+01,5.550568807960026163e+01,5.544015339317593316e+01,5.543050522637097544e+01
5.542518788715351974e+01,5.542482536790841152e+01,5.542416408844492537e+01,5.542296485772882875e+01,2.055198391728226426e+01,7.119059016923038996e+00,2.884351489666969570e+01,5.157539791935425200e+01,5.550545936530320290e+01,5.544011341337525778e+01,5.543049189850910352e+01
5.542518901218073779e+01,5.542482742611879587e+01,5.542416784888389714e+01,5.542297170525235117e+01,2.050926451514353133e+01,7.310279267733948316e+00,2.896137754808198395e+01,5.161062781874005623e+01,5.550598597069547679e+01,5.544020446920178102e+01,5.543052219178811413e+01
5.542518650325672525e+01,5.542482283802326748e+01,5.542415946771079405e+01,5.542295644522408793e+01,2.105755730866293263e+01,8.275596873744573756e+00,2.943641955756754669e+01,5.170228777716026514e+01,5.550636535344389699e+01,5.544025751952452907e+01,5.543053904331637938e+01
5.542518571083557788e+01,5.542482138785172197e+01,5.542415681889424661e+01,5.542295163272054026e+01,2.325388943809096887e+01,1.054824213291761836e+01,3.036780860264625659e+01,5.191121522267671651e+01,5.550631776412281937e+01,5.544020134096351171e+01,5.543051731262217885e+01
5.542518981694995261e+01,5.542482889705510729e+01,5.542417054093927220e+01,5.542297666100040487e+01,2.691460373332177625e+01,1.576628927611120901e+01,3.273156195840198990e+01,5.229704742624110736e+01,5.550485552988641302e+01,5.544008297153840203e+01,5.543047253628916593e+01
5.542519762443313169e+01,5.542484317323315679e+01,5.542419663036319832e+01,5.542302425494594331e+01,3.293786364733336569e+01,2.575064949670045422e+01,3.765973900391013274e+01,5.302529121283380675e+01,5.549832643099129825e+01,5.543929203557933505e+01,5.543040596630967087e+01
5.542520534994559966e+01,5.542485730021964230e+01,5.542422244509604923e+01,5.542307131781603857e+01,4.278640097219106053e+01,3.806679630508749312e+01,4.458586900496926830e+01,5.403867398557412116e+01,5.548563366480841808e+01,5.543809137346374882e+01,5.543018086593848892e+01
5.542522791470413779e+01,5.542489856052969799e+01,5.542429782905534807e+01,5.542320867588557576e+01,4.984582883747189896e+01,4.769657299869606959e+01,5.052256574965886671e+01,5.483969932692265559e+01,5.547013101908403598e+01,5.543611996096535677e+01,5.542983038447239608e+01
5.542526479886565483e+01,5.542496601197872508e+01,5.542442108522446631e+01,5.542343334202232086e+01,5.322643056002962680e+01,5.261112207878594660e+01,5.362899718734853849e+01,5.522303433206575107e+01,5.545640956135679289e+01,5.543405402510022384e+01,5.542935416870957965e+01
5.542531177878115045e+01,5.542505193184299372e+01,5.542457810812847185e+01,5.542371959273361881e+01,5.463842475031353274e+01,5.449090984089528433e+01,5.482854600739862860e+01,5.536034176917506500e+01,5.544512091847327895e+01,5.543226322629755032e+01,5.542908774784527992e+01
