1.385623424602214016e+01,1.385609207143578381e+01,1.385583308918407752e+01,1.385536552843493574e+01,1.385454577837805346e+01,-2.912114357552652066e+01,-4.329705357923081088e+00,1.366043748193516727e+01,1.390927912703242875e+01,1.386714475573348970e+01,1.386060080400406136e+01
1.385612862554991054e+01,1.385589896227944706e+01,1.385548041134729402e+01,1.385472355614156470e+01,-3.962405241661132038e+01,-3.078224112587540873e+01,-4.210135894111449950e+00,1.365644989655222297e+01,1.390879044676062470e+01,1.386704940810719044e+01,1.386056391770735985e+01
1.385613081148581927e+01,1.385590295888908230e+01,1.385548770958853737e+01,1.385473682674109419e+01,1.385341319549871386e+01,-2.838051440667778991e+01,-4.084860309905558928e+00,1.366022453291658323e+01,1.390847610512051880e+01,1.386698505411365190e+01,1.386053874029042632e+01
1.385613251393016654e+01,1.385590607132477459e+01,1.385549339198225027e+01,1.385474715755263375e+01,1.385343172685746183e+01,-2.752895865643264273e+01,-3.599704410125926124e+00,1.366791444306901404e+01,1.390807899385738722e+01,1.386712452888587066e+01,1.386059301979088509e+01
1.385612904886709273e+01,1.385589973197254565e+01,1.385548181380164934e+01,1.385472610442700869e+01,-3.502260886627535541e+01,-2.717803011272658864e+01,-2.935853164599884657e+00,1.368689486728542626e+01,1.390781156018143605e+01,1.386705279395730983e+01,1.386056361214241051e+01
1.385613205945378468e+01,1.385590523275885388e+01,1.385549185512780568e+01,1.385474437675777537e+01,1.385342690549940414e+01,-1.079102612916934323e+00,-1.267408735290730615e+00,1.371952690749974124e+01,1.390586430598895262e+01,1.386684846450765818e+01,1.386048190855601092e+01
1.385613895190738276e+01,1.385591783574792046e+01,1.385551487168060270e+01,1.385478626579931216e+01,1.385350231423730349e+01,2.255422488033045347e+00,2.358252091170185416e+00,1.377380867107597595e+01,1.390168505174032276e+01,1.386635373157250228e+01,1.386048241036503015e+01
1.385614209161861154e+01,1.385592357974210387e+01,1.385552537951159735e+01,1.385480548867016992e+01,1.385353747741462627e+01,-1.407736977827848790e+00,6.845914672802288159e+00,1.381495456419467160e+01,1.389422114960587962e+01,1.386529574060913994e+01,1.386023881238943289e+01
1.385615996123311788e+01,1.385595625703452249e+01,1.385558505578713806e+01,1.385491405298859391e+01,1.385373257120119384e+01,7.366054360748933050e+00,1.072092164236210365e+01,1.385092555289126182e+01,1.388463086116736633e+01,1.386391810314169604e+01,1.386001128552565831e+01
1.385617922076093755e+01,1.385599147345818594e+01,1.385564938827836201e+01,1.385503120611894090e+01,1.385394372040476441e+01,1.157843489377874846e+01,1.271029148060676484e+01,1.386690470008295506e+01,1.387579001205851270e+01,1.386252475181697363e+01,1.385969539473087586e+01
1.385620823218311770e+01,1.385604453140459924e+01,1.385574633596434424e+01,1.385520784740936762e+01,1.385426255764754444e+01,1.310974789411596575e+01,1.347538928777280276e+01,1.386641311294398449e+01,1.386900882818219571e+01,1.386132778798879173e+01,1.385939581697906320e+01
