9.797496385218479986e+00,9.797114252669064882e+00,9.796416863214243875e+00,9.795150176347265258e+00,-4.926534853391674318e+01,-4.369800870309362750e+01,-2.453918346029629305e+01,2.547045655141580323e+00,9.874650849917964379e+00,9.814254172980913182e+00,9.803211434837605154e+00
9.797331708294986896e+00,9.796813062905288305e+00,9.795866432883958197e+00,-4.740281418488452658e+01,-4.848200089170119753e+01,-4.390356383154423980e+01,-2.432192172417114762e+01,2.563782599749341529e+00,9.874721991624397788e+00,9.814259667512047258e+00,9.803212789912942426e+00
9.797331824511280374e+00,9.796813257655555773e+00,9.795866776070299764e+00,-5.252347628994774453e+01,-5.098725750950362112e+01,-4.382558489567279025e+01,-2.420081200611379657e+01,2.599115324289859696e+00,9.876438768245042965e+00,9.814375621792864379e+00,9.803249630977530771e+00
9.797327786260360938e+00,9.796805870982804976e+00,9.795853271129672635e+00,-5.050559716055251869e+01,-5.065615353664630049e+01,-4.359568659090950860e+01,-2.433212751741235991e+01,2.680572586060822271e+00,9.877231219075687463e+00,9.814534805545747531e+00,9.803300630986807818e+00
9.797321910006774104e+00,9.796795133074288842e+00,9.795833655203516344e+00,-5.174157502681921983e+01,-4.984214888760186568e+01,-4.296577921495655517e+01,-2.417621975614941476e+01,2.872601862501464876e+00,9.878092052826414005e+00,9.814346723286057284e+00,9.803234410885421468e+00
9.797333902498504443e+00,9.796817074530094871e+00,9.795873760519791418e+00,-1.734755754484061896e+01,-4.762421252438569752e+01,-4.117346205763262645e+01,-2.313560892623846144e+01,3.242126533108017128e+00,9.878166287869012407e+00,9.814369612663353948e+00,9.803232114706561973e+00
9.797341206015108384e+00,9.796830439317359307e+00,9.795898204096030071e+00,-1.453053747112364746e+01,-4.212167262152851777e+01,-3.654646815159102147e+01,-2.048609281393290615e+01,3.934585055763171191e+00,9.876872896337774321e+00,9.814035532718619947e+00,9.803111728322855711e+00
9.797364838526489095e+00,9.796873659480798580e+00,9.795977201789558109e+00,-1.027519243876911403e+01,-3.081528473469676044e+01,-2.655304444391395080e+01,-1.420863184262438494e+01,5.118130710529094074e+00,9.872187131160744755e+00,9.813464850515533300e+00,9.803117989970964175e+00
9.797374022737924903e+00,9.796890467903791588e+00,9.796007958408326388e+00,-3.894034170628385638e+00,-1.462127925264420547e+01,-1.220799913572356488e+01,-4.950767174705887896e+00,6.796037337660091993e+00,9.861664051786206642e+00,9.812167180512677334e+00,9.802878082340329868e+00
9.797407234508360929e+00,9.796951216475122237e+00,9.796118997513332260e+00,-1.477998467919924508e+00,-1.318469075817779057e+00,-1.713201719638117737e-01,3.068478384067236941e+00,8.364708384750244363e+00,9.846541989744629575e+00,9.810288034324296191e+00,9.802410318129467726e+00
9.797463104550576674e+00,9.797053409385766187e+00,9.796305782523601735e+00,9.794948007592461536e+00,5.768411916681507989e+00,6.132798692634398918e+00,7.309821642196794755e+00,9.260445747255285909e+00,9.831772092092746718e+00,9.808103990654819526e+00,9.802159011983729187e+00
