9.797510475001395491e+00,9.797139610523148079e+00,9.796462731617383568e+00,9.795233016518306357e+00,-5.744360008443945986e+01,-4.938753214619023169e+01,-2.620913535959436302e+01,2.559940176585182137e+00,9.875237214291946231e+00,9.814296136324594855e+00,9.803221384924254878e+00
9.797332749027091836e+00,9.796814634826899848e+00,9.795868956479095502e+00,-5.939231494847400228e+01,-5.874788889927168611e+01,-4.950102587518379949e+01,-2.648655194198936513e+01,2.570938206555895889e+00,9.875544225310360247e+00,9.814326211624857521e+00,9.803229576551496294e+00
9.797332808816916483e+00,9.796814703191865092e+00,9.795869049290031327e+00,-5.921438189308245370e+01,-5.841083282232948193e+01,-4.925613690196566097e+01,-2.635740048824449744e+01,2.606388288819978527e+00,9.877430764108344974e+00,9.814459145927617811e+00,9.803271216057430237e+00
9.797328702524596977e+00,9.796807206365819809e+00,9.795855358343928287e+00,-5.817011000837612755e+01,-5.753682637416299883e+01,-4.863470018057329725e+01,-2.573404879498752251e+01,2.691440299305506656e+00,9.877921544541793608e+00,9.814331996951267456e+00,9.803230469439530026e+00
9.797333430112610486e+00,9.796815876574727966e+00,9.795871215965149759e+00,-5.622033422917932910e+01,-5.524101210305129683e+01,-4.678744428787250342e+01,-2.505244564221527881e+01,2.873318764045482698e+00,9.878757638502362326e+00,9.814349787308723094e+00,9.803229638541948177e+00
9.797338288193525813e+00,9.796824759718701259e+00,9.795887455605456040e+00,-1.811106464143501427e+01,-4.958906813680708581e+01,-4.249226567092081552e+01,-2.282389064870303486e+01,3.248760623855047491e+00,9.878048196679054982e+00,9.814301880905645703e+00,9.803208388996493383e+00
9.797345040571924457e+00,9.796837108510773717e+00,9.795910032337220130e+00,-1.434033249570126500e+01,-4.006793476955363076e+01,-3.423493522364225328e+01,-1.875776484075743866e+01,4.021556391290974197e+00,9.876337720857808478e+00,9.814120034268716708e+00,9.803136975385060126e+00
9.797362872319965277e+00,9.796869709152781880e+00,9.795969615050136525e+00,-9.226900139534199852e+00,-2.497009132172133405e+01,-2.116720852757517690e+01,-1.071848542075074739e+01,5.383213998341365603e+00,9.869367497121396937e+00,9.813316570960465057e+00,9.803078617720327514e+00
9.797370800168595295e+00,9.796884216105215870e+00,9.795996144915921633e+00,-1.507265267018574662e+00,-8.647219587883068215e+00,-6.849569127097561605e+00,-1.546553045581429586e+00,7.202255136885677977e+00,9.856656840280656695e+00,9.811878597427639903e+00,9.802797687570842911e+00
9.797401531203302483e+00,9.796940409888936330e+00,9.796098833180282739e+00,4.728975086474482836e+00,2.140685746040967175e+00,2.902907730915671003e+00,5.042339523217895803e+00,8.665653577373246819e+00,9.840872424716296862e+00,9.809665424293028124e+00,9.802400056425607744e+00
9.797447577278957098e+00,9.797024644986908726e+00,9.796252841026875657e+00,7.058869284614938344e+00,7.104402857995066434e+00,7.369576703616139923e+00,8.112149482102237741e+00,9.393510815971062300e+00,9.826903937509042564e+00,9.807388902454000856e+00,9.801884365703767088e+00
