1.385623453272680550e+01,1.385609245535238543e+01,1.385583364932050543e+01,1.385536641415581904e+01,1.385454729047147993e+01,-2.913739929301403464e+01,-4.523442720227751401e+00,1.365783860558296858e+01,1.390928504002750543e+01,1.386714827342207457e+01,1.386060231684777122e+01
1.385612825364490419e+01,1.385589815228507149e+01,1.385547879569505625e+01,1.385472047766243264e+01,-3.937696931405556455e+01,-3.048506954485940668e+01,-4.453784437318834222e+00,1.365538637374809738e+01,1.390883762844726235e+01,1.386705999134072798e+01,1.386056808304492982e+01
1.385613034930678111e+01,1.385590198469841816e+01,1.385548579548070691e+01,1.385473321025579807e+01,1.385340659870993463e+01,-2.834960772828265974e+01,-4.181177861316146327e+00,1.365852586936695801e+01,1.390835561099945217e+01,1.386696241857787903e+01,1.386053000482626629e+01
1.385613285352034296e+01,1.385590656346269611e+01,1.385549415517014538e+01,1.385474840786988615e+01,1.385343385185266740e+01,-2.702316803276107038e+01,-3.692670463633951350e+00,1.366657337131759320e+01,1.390813237048638129e+01,1.386713672661675290e+01,1.386059783528927269e+01
1.385612853933961830e+01,1.385589867666206132e+01,1.385547975668807119e+01,1.385472223461571772e+01,-3.343513730044645627e+01,-2.571524271133633377e+01,-2.780974966244286861e+00,1.368378735120025169e+01,1.390784221702496026e+01,1.386706211811631206e+01,1.386056745827577075e+01
1.385613149550384371e+01,1.385590407883656994e+01,1.385548961837700865e+01,1.385474017705005068e+01,1.385341925144123820e+01,-1.136945142619573357e+00,-1.130866073410765615e-01,1.372377179335687103e+01,1.390543300667768989e+01,1.386675675754869630e+01,1.386044602703321260e+01
1.385614123167070133e+01,1.385592187888789439e+01,1.385552212337019640e+01,1.385479932388041036e+01,1.385352565867541941e+01,-7.760738586927059757e+00,3.525527448222477211e+00,1.375717687382703502e+01,1.390103391013178324e+01,1.386624246670822025e+01,1.386043959015537652e+01
1.385614255753855062e+01,1.385592430437412048e+01,1.385552655919805076e+01,1.385480742788901765e+01,1.385354040839800760e+01,7.117061010202707649e+00,8.302814984051821057e+00,1.381800735822901949e+01,1.389293151812960048e+01,1.386521666888954130e+01,1.386020541276834095e+01
1.385616141263715839e+01,1.385595877761319272e+01,1.385558952009022526e+01,1.385492202505853321e+01,1.385374668745273929e+01,1.082555487335627120e+01,1.159231570750683815e+01,1.385175384005434118e+01,1.388278948210707320e+01,1.386363834568394537e+01,1.385987762028799253e+01
1.385618703649526751e+01,1.385600562779323397e+01,1.385567509150563126e+01,1.385507778718811878e+01,1.385402704684538122e+01,1.227914803763017204e+01,1.302923936643773573e+01,1.386300299658205404e+01,1.387413501268034821e+01,1.386222962814463422e+01,1.385954024885213443e+01
1.385621467973795973e+01,1.385605618023401497e+01,1.385576745708788771e+01,1.385524603793479415e+01,1.385433039070263561e+01,1.344472375923535878e+01,1.358774259889155367e+01,1.386394920912163720e+01,1.386719403599439460e+01,1.386100313602769596e+01,1.385938937927179815e+01
