9.797504710868032873e+00,9.797129265922768226e+00,9.796444066736370360e+00,9.795199475023949276e+00,-4.547963459835517597e+01,-4.260758422412766322e+01,-2.584737317319410366e+01,2.551591858489673292e+00,9.876185378676641591e+00,9.814167531734423022e+00,9.803175996135673032e+00
9.797341087395770032e+00,9.796829929238578316e+00,9.795896964265571327e+00,-5.695582348051297572e+01,-5.422191216688950988e+01,-4.611804890585942474e+01,-2.580038876479915189e+01,2.566412520839535194e+00,9.876166794692643691e+00,9.814147258353838055e+00,9.803168767288948260e+00
9.797342466260495542e+00,9.796832467916017251e+00,9.795901627477448415e+00,-5.661930107937642020e+01,-5.390848363136426968e+01,-4.589686836176270646e+01,-2.570397709028605959e+01,2.601902337470189952e+00,9.877475631819622848e+00,9.814443125026654613e+00,9.803265004491086287e+00
9.797330321954998311e+00,9.796810275129878676e+00,9.795861085401316615e+00,-5.576468101303284897e+01,-5.312916698372936963e+01,-4.533644921399643124e+01,-2.547166556019878669e+01,2.682932570748914003e+00,9.878199000239357375e+00,9.814346631781013741e+00,9.803233404032226872e+00
9.797334501771182147e+00,9.796817960333076059e+00,9.795875162363904209e+00,-5.384060640671478382e+01,-5.135945137198957866e+01,-4.396560010943868946e+01,-2.488709215881239345e+01,2.866410785524894589e+00,9.878799239398890819e+00,9.814330202760194410e+00,9.803222157165066619e+00
9.797340192718356988e+00,9.796828397388946286e+00,9.795894268023170426e+00,-1.832565808808280750e+01,-4.778079348619684197e+01,-4.115255180608485830e+01,-2.337671679191303653e+01,3.236612700409651655e+00,9.878870010240200727e+00,9.814374825236418687e+00,9.803227737181911650e+00
9.797345933163427389e+00,9.796838913122456916e+00,9.795913512611486240e+00,-1.507656009657801022e+01,-4.071468092527685201e+01,-3.527333866928425010e+01,-1.978571187167154122e+01,3.957041179497300831e+00,9.876784826596503919e+00,9.813991167404791938e+00,9.803096294804303668e+00
9.797367302601450945e+00,9.796877988095387124e+00,9.795984923234922093e+00,-9.962525806064981282e+00,-2.805570226639841280e+01,-2.422309534756707805e+01,-1.277560255470764616e+01,5.237542361744583985e+00,9.871076534805695246e+00,9.813309365425833874e+00,9.803069800922752819e+00
9.797376693785789570e+00,9.796895171150437065e+00,9.796016351331946481e+00,-2.939816964945457300e+00,-1.206766003833771173e+01,-9.796726531099270829e+00,-3.427381932203564574e+00,6.994563197408282917e+00,9.859667731839477867e+00,9.812037585088010161e+00,9.802837712413333904e+00
9.797408254260144389e+00,9.796952895087182256e+00,9.796121861473871206e+00,1.547889962462081215e-01,3.188746814854193090e-01,1.273136158001544338e+00,3.952271703874485898e+00,8.516102337809876133e+00,9.844335240335425397e+00,9.810022737065175136e+00,9.802516969584260664e+00
9.797447922590032832e+00,9.797025460931353180e+00,9.796254533392923847e+00,6.325414054250682483e+00,6.384258151534768722e+00,6.723289249623139341e+00,7.675207293167962241e+00,9.329875554148062022e+00,9.830022997206141255e+00,9.807851469085516527e+00,9.802057962331833352e+00
