9.797501880150505826e+00,9.797123847499607407e+00,9.796433913759404533e+00,9.795180655642708345e+00,-5.199094344821058655e+01,-4.947499398294145578e+01,-2.653602380157572327e+01,2.554730753041102975e+00,9.874894006231311749e+00,9.814220257482352494e+00,9.803196801008752459e+00
9.797335690511179251e+00,9.796819928347728634e+00,9.795878546945274934e+00,-5.946029256247522454e+01,-5.862626430100539920e+01,-4.948569176185461771e+01,-2.648673818202887986e+01,2.570858396433886917e+00,9.875527297124888193e+00,9.814317124233323142e+00,9.803226413570193642e+00
9.797333312223159396e+00,9.796815579619471137e+00,9.795870603514746477e+00,-5.919981233749155791e+01,-5.828975438525792185e+01,-4.923780082986167628e+01,-2.635793361646987520e+01,2.606770009986020931e+00,9.877460603418358076e+00,9.814467401825869075e+00,9.803273952817171732e+00
9.797328276122389212e+00,9.796806384489755715e+00,9.795853810110203952e+00,-5.822466796523433175e+01,-5.738665983704620999e+01,-4.855048544263912902e+01,-2.598517765411279612e+01,2.689931401988263193e+00,9.877896970932567910e+00,9.814530604049149787e+00,9.803293119233005726e+00
9.797326869729683807e+00,9.796803827185913249e+00,9.795849149745381013e+00,-5.624804943390531520e+01,-5.501009021244136932e+01,-4.664222329234564057e+01,-2.515226228521594010e+01,2.881772260892669468e+00,9.878526946587122382e+00,9.814517951411421137e+00,9.803282911718003589e+00
9.797332532668367122e+00,9.796814181854223591e+00,9.795868077592132295e+00,-1.809362095000786752e+01,-4.920864514363476871e+01,-4.216135231300255981e+01,-2.270491373984868488e+01,3.276533033247516880e+00,9.877963943400507318e+00,9.814221673292559345e+00,9.803179891656819578e+00
9.797350315567612711e+00,9.796846701592881956e+00,9.795927511163668555e+00,-1.435969995942342514e+01,-3.920939801276682601e+01,-3.349504906272039761e+01,-1.797934726753017642e+01,4.071284678647299593e+00,9.875947638065973422e+00,9.813993684026174336e+00,9.803094461494573864e+00
9.797369209240514465e+00,9.796881255823516099e+00,9.795990676124500141e+00,-8.918552118144669194e+00,-2.350908450950466744e+01,-2.009880423135975036e+01,-1.014625782881349636e+01,5.469583151180943403e+00,9.869441638938363681e+00,9.813143819867736539e+00,9.803012332428734155e+00
9.797384721800851182e+00,9.796909616426342282e+00,9.796042511971220890e+00,-1.419440537560758386e+00,-7.836097215397412441e+00,-6.042963357494318899e+00,-1.010146000987635517e+00,7.300543858418931720e+00,9.856537080656826433e+00,9.811619137534398405e+00,9.802696413982044277e+00
9.797421257028505082e+00,9.796976432559048931e+00,9.796164621615464085e+00,4.867574925401477515e+00,2.595884881036214953e+00,3.310844255859224816e+00,5.306127488034710460e+00,8.728623289365819105e+00,9.840598900817065342e+00,9.809579469344130942e+00,9.802354959177581151e+00
9.797461847471057084e+00,9.797050690811420992e+00,9.796300402213539371e+00,7.233007839833415886e+00,7.279709154436549312e+00,7.525717006189390546e+00,8.211570306939542263e+00,9.419903129116972806e+00,9.826716516301656767e+00,9.807332267972704187e+00,9.802045849367193142e+00
