9.797505869830320790e+00,9.797131384450956659e+00,9.796447920834244982e+00,9.795206369393410384e+00,-5.585062743527917206e+01,-4.795394391740003925e+01,-2.610124793022403011e+01,2.557070097100329065e+00,9.875424961808109359e+00,9.814334476443340449e+00,9.803233692015822953e+00
9.797331476997753086e+00,9.796812463822908157e+00,9.795865154865387225e+00,-5.737167738046231591e+01,-5.586557000852554467e+01,-4.766168112061419038e+01,-2.600840927370716571e+01,2.570628053809095093e+00,9.875627501751127468e+00,9.814299331808708615e+00,9.803219076889186923e+00
9.797335602631507712e+00,9.796819997354811349e+00,9.795878918637571431e+00,-5.701833489422979540e+01,-5.556095210963309228e+01,-4.783449950181208976e+01,-2.591773017935418011e+01,2.607962514147635247e+00,9.877264804693250966e+00,9.814434953681333340e+00,9.803263905681285806e+00
9.797329416490160980e+00,9.796808688083190830e+00,9.795858248170912219e+00,-5.756876417917897015e+01,-5.568967915807573377e+01,-4.732440451054757347e+01,-2.571394271181660685e+01,2.689379631540877114e+00,9.877828400810688692e+00,9.814548083288281433e+00,9.803300138496434002e+00
9.797325254458367993e+00,9.796801087574245059e+00,9.795844366376970314e+00,-5.591713539880517914e+01,-5.402637109437923613e+01,-4.599869850887562706e+01,-2.515572510449200294e+01,2.880779730763832092e+00,9.878455075051052248e+00,9.814558110536575342e+00,9.803298227840830492e+00
9.797329220135313932e+00,9.796808349107347880e+00,9.795857648865656131e+00,-1.810752643191849742e+01,-4.953082852761892951e+01,-4.270248264661454130e+01,-2.365650055435018473e+01,3.252689508074100289e+00,9.878619238813930892e+00,9.814390094707990286e+00,9.803235533156724912e+00
9.797342917251851802e+00,9.796833397068555271e+00,9.795903429983066957e+00,-1.496993944392246512e+01,-4.159503480882874271e+01,-3.584348667509350861e+01,-1.967644143434225867e+01,3.974921143079216623e+00,9.876348680669099878e+00,9.814008298779535622e+00,9.803106466412003783e+00
9.797362711431826909e+00,9.796869591026606372e+00,9.795969573643658279e+00,-9.504891662529141527e+00,-2.788292338168609064e+01,-2.395098358304763764e+01,-1.250398579701272617e+01,5.266792583793146854e+00,9.870419985748007718e+00,9.813310102930453027e+00,9.803076507698278874e+00
9.797371198253562952e+00,9.796885114809375850e+00,9.795997960838384699e+00,-2.380047221543973635e+00,-1.145193826548277016e+01,-9.394794013363149787e+00,-3.133388061137303282e+00,7.023915241971510071e+00,9.858454531130899312e+00,9.812016258911434363e+00,9.802842884757266617e+00
9.797398458917086828e+00,9.796934973089884480e+00,9.796089086139005531e+00,4.108692346786993355e+00,5.711648529004094144e-01,1.514862512812157114e+00,4.155488990166146479e+00,8.535519103520652351e+00,9.843286007000109805e+00,9.809988701079870310e+00,9.802517110358646590e+00
9.797438372073143498e+00,9.797007997035271032e+00,9.796222610723992474e+00,6.428803057261413656e+00,6.484200800767878192e+00,6.816449129684505337e+00,7.749499250112503290e+00,9.337305408638069792e+00,9.828976354427807038e+00,9.807668861055276466e+00,9.801990864524197988e+00
