1.385623424602185771e+01,1.385609207143551558e+01,1.385583308918385725e+01,1.385536552843485225e+01,1.385454577837841406e+01,-2.912114357549993215e+01,-4.329705357915166530e+00,1.366043748195545504e+01,1.390927912709701708e+01,1.386714475593834983e+01,1.386060080465239785e+01
1.385612862554962632e+01,1.385589896227917706e+01,1.385548041134707020e+01,1.385472355614148121e+01,-3.962405241720031057e+01,-3.078224112587049532e+01,-4.210135894086604935e+00,1.365644989657219632e+01,1.390879044682515797e+01,1.386704940831192800e+01,1.386056391835531798e+01
1.385613081148553505e+01,1.385590295888881407e+01,1.385548770958831177e+01,1.385473682674101070e+01,1.385341319549907269e+01,-2.838051440709363504e+01,-4.084860309874153828e+00,1.366022453293639316e+01,1.390847610518500765e+01,1.386698505431826867e+01,1.386053874093801141e+01
1.385613251392988232e+01,1.385590607132450813e+01,1.385549339198202823e+01,1.385474715755255204e+01,1.385343172685782420e+01,-2.752895865717726309e+01,-3.599704410087532835e+00,1.366791444308773862e+01,1.390807899392181923e+01,1.386712452909036841e+01,1.386059302043809893e+01
1.385612904886680852e+01,1.385589973197227920e+01,1.385548181380142729e+01,1.385472610442692343e+01,-3.502260886751098923e+01,-2.717803011268911817e+01,-2.935853164568417384e+00,1.368689486730595561e+01,1.390781156024587872e+01,1.386705279416169923e+01,1.386056361278925664e+01
1.385613205945350046e+01,1.385590523275858565e+01,1.385549185512758186e+01,1.385474437675769011e+01,1.385342690549976297e+01,-1.079102612883231505e+00,-1.267408735284694554e+00,1.371952690752083548e+01,1.390586430605338464e+01,1.386684846471193922e+01,1.386048190920250534e+01
1.385613895190710210e+01,1.385591783574765223e+01,1.385551487168037887e+01,1.385478626579922690e+01,1.385350231423766232e+01,2.255422488061885389e+00,2.358252091147033269e+00,1.377380867109512508e+01,1.390168505180464820e+01,1.386635373177666253e+01,1.386048241101117817e+01
1.385614209161832733e+01,1.385592357974183564e+01,1.385552537951137531e+01,1.385480548867008821e+01,1.385353747741498509e+01,-1.407736977807727996e+00,6.845914672814094715e+00,1.381495456421496826e+01,1.389422114967035782e+01,1.386529574081324867e+01,1.386023881303530914e+01
1.385615996123283544e+01,1.385595625703425071e+01,1.385558505578691069e+01,1.385491405298850509e+01,1.385373257120154378e+01,7.366054360747908092e+00,1.072092164236805445e+01,1.385092555291161531e+01,1.388463086123168466e+01,1.386391810334569286e+01,1.386001128617128231e+01
1.385617922076065511e+01,1.385599147345791593e+01,1.385564938827813641e+01,1.385503120611885564e+01,1.385394372040512323e+01,1.157843489378340252e+01,1.271029148061299097e+01,1.386690470010314868e+01,1.387579001212282215e+01,1.386252475202091006e+01,1.385969539537631157e+01
1.385620823218283704e+01,1.385604453140432923e+01,1.385574633596412042e+01,1.385520784740928235e+01,1.385426255764790149e+01,1.310974789411800323e+01,1.347538928777898448e+01,1.386641311296412837e+01,1.386900882824647852e+01,1.386132778819267664e+01,1.385939581762434258e+01
