1.385623387346321778e+01,1.385609124479845633e+01,1.385583140863982976e+01,1.385536216247962216e+01,1.385453862550064486e+01,-2.882371779166641090e+01,-4.416181389959659143e+00,1.365716985114616300e+01,1.390950740474358227e+01,1.386719482162695272e+01,1.386062079177823847e+01
1.385612695740463352e+01,1.385589578404348643e+01,1.385547447285070533e+01,1.385471261762460315e+01,-3.913765102389290718e+01,-3.029078945541171564e+01,-4.409869071743010238e+00,1.365471604533354011e+01,1.390888542419581420e+01,1.386707028663214913e+01,1.386057232652445848e+01
1.385613004795679615e+01,1.385590143408852448e+01,1.385548479019240098e+01,1.385473138130793558e+01,1.385340331090080213e+01,-2.813832256842599477e+01,-4.193449305961324036e+00,1.365844891012564588e+01,1.390842184434351836e+01,1.386697588898334921e+01,1.386053543800940346e+01
1.385613250986784450e+01,1.385590593553391336e+01,1.385549300893960023e+01,1.385474632403942508e+01,1.385343011473302255e+01,-2.679983978126146127e+01,-3.721535289745332875e+00,1.366640680568526633e+01,1.390818027677264013e+01,1.386714674710733952e+01,1.386060192427561866e+01
1.385612827995350571e+01,1.385589820272339523e+01,1.385547889158709722e+01,1.385472066191508844e+01,-3.327609522726505276e+01,-2.570160966077162001e+01,-2.814611078696468205e+00,1.368391694027975447e+01,1.390784429053170967e+01,1.386706247200040920e+01,1.386056775623985970e+01
1.385613149789310583e+01,1.385590408368951287e+01,1.385548962764742775e+01,1.385474019462213846e+01,1.385341928588450244e+01,-1.141316348019466353e+00,-1.635118891094005100e-01,1.372396305315802323e+01,1.390541205820323256e+01,1.386675232296785509e+01,1.386044445871824848e+01
1.385614135222221321e+01,1.385592209963777677e+01,1.385552252666313500e+01,1.385480005745204224e+01,1.385352697576369252e+01,-7.823820614283647501e+00,3.477965775305326801e+00,1.375733483069172713e+01,1.390103875533926470e+01,1.386624334879906684e+01,1.386044009497986806e+01
1.385614255363266878e+01,1.385592429744590071e+01,1.385552654680162377e+01,1.385480740613371253e+01,1.385354037341398659e+01,7.113238300936956193e+00,8.280628447469275955e+00,1.381815411190366660e+01,1.389293741734926613e+01,1.386521782399716152e+01,1.386020604187244487e+01
1.385616140771198346e+01,1.385595876880933730e+01,1.385558950430323399e+01,1.385492199742053643e+01,1.385374664363827435e+01,1.082394643512087029e+01,1.158295471315491909e+01,1.385182292982948482e+01,1.388280866706597827e+01,1.386364344538107041e+01,1.385988020244652574e+01
1.385618690227896010e+01,1.385600538266257509e+01,1.385567464435718854e+01,1.385507697565968144e+01,1.385402559838305869e+01,1.227656420101051005e+01,1.302713798073027718e+01,1.386305871264717204e+01,1.387412927887977609e+01,1.386222702784447947e+01,1.385953890887132545e+01
1.385621484571666429e+01,1.385605648362657583e+01,1.385576801101917255e+01,1.385524704610238977e+01,1.385433220855500380e+01,1.334045753799934531e+01,1.358559740075759592e+01,1.386265225039836224e+01,1.386733111121890616e+01,1.386089601321695142e+01,1.385932553123286937e+01
