1.385623453272651773e+01,1.385609245535211542e+01,1.385583364932029227e+01,1.385536641415578529e+01,1.385454729047201994e+01,-2.913739929288939834e+01,-4.523442720226309888e+00,1.365783860560923912e+01,1.390928504011045064e+01,1.386714827368496827e+01,1.386060231767956985e+01
1.385612825364461642e+01,1.385589815228480148e+01,1.385547879569484309e+01,1.385472047766239889e+01,-3.937696931412693857e+01,-3.048506954483899989e+01,-4.453784437315005285e+00,1.365538637377395936e+01,1.390883762853014005e+01,1.386705999160342628e+01,1.386056808387611383e+01
1.385613034930648979e+01,1.385590198469814638e+01,1.385548579548049375e+01,1.385473321025576610e+01,1.385340659871046931e+01,-2.834960772836807052e+01,-4.181177861313959632e+00,1.365852586939247715e+01,1.390835561108226237e+01,1.386696241884038194e+01,1.386053000565683746e+01
1.385613285352005519e+01,1.385590656346242611e+01,1.385549415516993221e+01,1.385474840786985240e+01,1.385343385185320031e+01,-2.702316803296984560e+01,-3.692670463628055622e+00,1.366657337134250483e+01,1.390813237056911866e+01,1.386713672687906573e+01,1.386059783611924168e+01
1.385612853933933053e+01,1.385589867666179131e+01,1.385547975668785625e+01,1.385472223461568575e+01,-3.343513730077006585e+01,-2.571524271128662420e+01,-2.780974966239132762e+00,1.368378735122596623e+01,1.390784221710765856e+01,1.386706211837843483e+01,1.386056745910514110e+01
1.385613149550355416e+01,1.385590407883629993e+01,1.385548961837679371e+01,1.385474017705001515e+01,1.385341925144177111e+01,-1.136945142597928893e+00,-1.130866073435767838e-01,1.372377179338165831e+01,1.390543300676029759e+01,1.386675675781062900e+01,1.386044602786198610e+01
1.385614123167041356e+01,1.385592187888762084e+01,1.385552212336997968e+01,1.385479932388037660e+01,1.385352565867595231e+01,-7.760738587038641612e+00,3.525527448234616834e+00,1.375717687385184362e+01,1.390103391021432699e+01,1.386624246696998242e+01,1.386043959098362599e+01
1.385614255753826107e+01,1.385592430437384870e+01,1.385552655919783760e+01,1.385480742788898390e+01,1.385354040839854051e+01,7.117061010218035833e+00,8.302814984057677705e+00,1.381800735825364157e+01,1.389293151821207495e+01,1.386521666915115070e+01,1.386020541359612146e+01
1.385616141263687240e+01,1.385595877761292272e+01,1.385558952009001388e+01,1.385492202505850123e+01,1.385374668745327220e+01,1.082555487336121125e+01,1.159231570751905238e+01,1.385175384007919419e+01,1.388278948218946773e+01,1.386363834594541800e+01,1.385987762111538757e+01
1.385618703649497974e+01,1.385600562779296396e+01,1.385567509150541810e+01,1.385507778718808680e+01,1.385402704684591768e+01,1.227914803761649765e+01,1.302923936644617697e+01,1.386300299660762825e+01,1.387413501276275696e+01,1.386222962840601625e+01,1.385954024967923637e+01
1.385621467973767196e+01,1.385605618023374674e+01,1.385576745708767810e+01,1.385524603793476217e+01,1.385433039070317207e+01,1.344472375923804286e+01,1.358774259889941760e+01,1.386394920914727180e+01,1.386719403607678203e+01,1.386100313628899627e+01,1.385938938009865851e+01
