1.385623424602188436e+01,1.385609207143553867e+01,1.385583308918387502e+01,1.385536552843485936e+01,1.385454577837838031e+01,-2.912114357550234089e+01,-4.329705357915880626e+00,1.366043748195362539e+01,1.390927912709119596e+01,1.386714475591988460e+01,1.386060080459396460e+01
1.385612862554965119e+01,1.385589896227920192e+01,1.385548041134708974e+01,1.385472355614149009e+01,-3.962405241714732540e+01,-3.078224112587091099e+01,-4.210135894088843145e+00,1.365644989657039154e+01,1.390879044681934218e+01,1.386704940829347876e+01,1.386056391829692558e+01
1.385613081148556169e+01,1.385590295888883716e+01,1.385548770958833131e+01,1.385473682674101781e+01,1.385341319549904071e+01,-2.838051440705623563e+01,-4.084860309877010209e+00,1.366022453293460615e+01,1.390847610517919719e+01,1.386698505429983186e+01,1.386053874087966165e+01
1.385613251392990897e+01,1.385590607132453123e+01,1.385549339198204599e+01,1.385474715755255914e+01,1.385343172685779045e+01,-2.752895865711026602e+01,-3.599704410090994955e+00,1.366791444308604930e+01,1.390807899391601055e+01,1.386712452907194404e+01,1.386059302037978824e+01
1.385612904886683516e+01,1.385589973197230407e+01,1.385548181380144683e+01,1.385472610442693409e+01,-3.502260886739976797e+01,-2.717803011269243996e+01,-2.935853164571263996e+00,1.368689486730410465e+01,1.390781156024007359e+01,1.386705279414328729e+01,1.386056361273098858e+01
1.385613205945352533e+01,1.385590523275860875e+01,1.385549185512760317e+01,1.385474437675769721e+01,1.385342690549973099e+01,-1.079102612886257528e+00,-1.267408735285238564e+00,1.371952690751893833e+01,1.390586430604757950e+01,1.386684846469353971e+01,1.386048190914427281e+01
1.385613895190712697e+01,1.385591783574767533e+01,1.385551487168039841e+01,1.385478626579923578e+01,1.385350231423762679e+01,2.255422488059306563e+00,2.358252091149115159e+00,1.377380867109340024e+01,1.390168505179885372e+01,1.386635373175827546e+01,1.386048241095298650e+01
1.385614209161835575e+01,1.385592357974186051e+01,1.385552537951139485e+01,1.385480548867009531e+01,1.385353747741495312e+01,-1.407736977809550538e+00,6.845914672813029789e+00,1.381495456421314039e+01,1.389422114966454913e+01,1.386529574079486515e+01,1.386023881297714766e+01
1.385615996123285854e+01,1.385595625703427558e+01,1.385558505578693200e+01,1.385491405298851220e+01,1.385373257120151358e+01,7.366054360747991581e+00,1.072092164236751799e+01,1.385092555290978211e+01,1.388463086122589196e+01,1.386391810332732355e+01,1.386001128611314748e+01
1.385617922076067998e+01,1.385599147345794080e+01,1.385564938827815595e+01,1.385503120611886452e+01,1.385394372040509126e+01,1.157843489378297974e+01,1.271029148061243319e+01,1.386690470010133147e+01,1.387579001211703122e+01,1.386252475200254963e+01,1.385969539531819805e+01
1.385620823218286546e+01,1.385604453140435410e+01,1.385574633596413818e+01,1.385520784740928946e+01,1.385426255764786951e+01,1.310974789411781849e+01,1.347538928777842671e+01,1.386641311296231649e+01,1.386900882824069114e+01,1.386132778817432154e+01,1.385939581756624506e+01
