1.385623572412550430e+01,1.385609463072320047e+01,1.385583760481601523e+01,1.385537351369962877e+01,1.385455949642240725e+01,-2.395983147840078331e+01,-3.871730968442869347e+00,1.365080222031660639e+01,1.390939963399352663e+01,1.386717895685737467e+01,1.386061492263694639e+01
1.385612694019809155e+01,1.385589575354268099e+01,1.385547441585533690e+01,1.385471250278744293e+01,-7.201290757416447974e+00,-2.461540919959100293e+01,-3.743940506396350898e+00,1.364812799879558547e+01,1.390893049911929680e+01,1.386708617765458129e+01,1.386057890539178139e+01
1.385612916423966468e+01,1.385589981944618465e+01,1.385548183895532759e+01,1.385472599596115373e+01,-3.152178290688559770e+01,-2.473831671549328348e+01,-3.640914923120758040e+00,1.365311040026669609e+01,1.390886865936423078e+01,1.386707054025650088e+01,1.386057254516422432e+01
1.385612978497169223e+01,1.385590095483790307e+01,1.385548391359435882e+01,1.385472977618553081e+01,1.385340037916799005e+01,-2.222976401315980866e+01,-3.301590206087210433e+00,1.366014646818463874e+01,1.390834585063363704e+01,1.386696211303116044e+01,1.386052999801386854e+01
1.385613275305447978e+01,1.385590637925739976e+01,1.385549381482977616e+01,1.385474777423875636e+01,1.385343266502799509e+01,-2.022776312605592963e+01,-2.447757226611180670e+00,1.367711220507045056e+01,1.390767254385760765e+01,1.386703535009134924e+01,1.386055771067424303e+01
1.385613159850084308e+01,1.385590426925761776e+01,1.385548996491380791e+01,1.385474079211757115e+01,1.385342026156506279e+01,-1.059474230591295196e+00,-2.064615171567765195e-01,1.372074215284849075e+01,1.390542428819223453e+01,1.386675778823854444e+01,1.386044667256363994e+01
1.385614100569452489e+01,1.385592146782250644e+01,1.385552137351127300e+01,1.385479795775902367e+01,1.385352318923492199e+01,-7.995261834025999548e+00,2.756908095174629203e+00,1.375754624222602374e+01,1.390149408852700930e+01,1.386633418508290561e+01,1.386047633929268841e+01
1.385614082498616462e+01,1.385592113997781993e+01,1.385552078747991800e+01,1.385479696152097517e+01,1.385352179628340252e+01,1.834896355317446659e+00,7.425024464003885605e+00,1.380759727241177259e+01,1.389385623645167556e+01,1.386522760454854009e+01,1.386021104674822269e+01
1.385616033505094435e+01,1.385595680786432915e+01,1.385558591842081455e+01,1.385491544655255325e+01,1.385373473026346858e+01,1.030411623300337709e+01,1.113644290006878990e+01,1.385160406507491260e+01,1.388404941090517575e+01,1.386376255857481432e+01,1.385993652330349590e+01
1.385618387431410881e+01,1.385599984868563084e+01,1.385566454177816098e+01,1.385505862005274835e+01,1.385399278603334494e+01,1.201316288352824735e+01,1.284406442534190163e+01,1.386176761890811449e+01,1.387542618596905797e+01,1.386245335253370392e+01,1.385966220012935679e+01
1.385620599057484981e+01,1.385604029398488279e+01,1.385573844367582552e+01,1.385519324631826166e+01,1.385423551129933273e+01,1.335067384161536275e+01,1.352439528410864611e+01,1.386393417748447732e+01,1.386817055848919011e+01,1.386122029137066747e+01,1.385933301771855142e+01
