1.385623424601973319e+01,1.385609207143349408e+01,1.385583308918216794e+01,1.385536552843421632e+01,1.385454577838110524e+01,-2.912114357529125641e+01,-4.329705357854813919e+00,1.366043748210755915e+01,1.390927912758093044e+01,1.386714475747289654e+01,1.386060080950718998e+01
1.385612862554749469e+01,1.385589896227715023e+01,1.385548041134537556e+01,1.385472355614084350e+01,-3.962405242153677420e+01,-3.078224112584928207e+01,-4.210135893897207104e+00,1.365644989672177267e+01,1.390879044730808722e+01,1.386704940984373025e+01,1.386056392320148944e+01
1.385613081148340520e+01,1.385590295888678725e+01,1.385548770958662068e+01,1.385473682674037121e+01,1.385341319550175498e+01,-2.838051441014241050e+01,-4.084860309632896147e+00,1.366022453308475271e+01,1.390847610566702741e+01,1.386698505584735663e+01,1.386053874577562794e+01
1.385613251392776135e+01,1.385590607132249019e+01,1.385549339198034424e+01,1.385474715755191966e+01,1.385343172686051005e+01,-2.752895866265975755e+01,-3.599704409794678206e+00,1.366791444322801574e+01,1.390807899440284245e+01,1.386712453061677408e+01,1.386059302526729198e+01
1.385612904886469110e+01,1.385589973197026481e+01,1.385548181379974864e+01,1.385472610442629637e+01,-3.502260887663833699e+01,-2.717803011244938816e+01,-2.935853164327360432e+00,1.368689486745922146e+01,1.390781156072643299e+01,1.386705279568551141e+01,1.386056361761009903e+01
1.385613205945137594e+01,1.385590523275656594e+01,1.385549185512589432e+01,1.385474437675704706e+01,1.385342690550242395e+01,-1.079102612639724956e+00,-1.267408735238640283e+00,1.371952690767799865e+01,1.390586430653328875e+01,1.386684846623322542e+01,1.386048191401526708e+01
1.385613895190498290e+01,1.385591783574563962e+01,1.385551487167869666e+01,1.385478626579858918e+01,1.385350231424031620e+01,2.255422488273810977e+00,2.358252090974769288e+00,1.377380867123808983e+01,1.390168505228328044e+01,1.386635373329540855e+01,1.386048241581625717e+01
1.385614209161621346e+01,1.385592357973982303e+01,1.385552537950969310e+01,1.385480548866944872e+01,1.385353747741763897e+01,-1.407736977643406107e+00,6.845914672898551601e+00,1.381495456436547542e+01,1.389422115014954784e+01,1.386529574233016504e+01,1.386023881783395950e+01
1.385615996123071625e+01,1.385595625703223277e+01,1.385558505578521249e+01,1.385491405298783008e+01,1.385373257120413193e+01,7.366054360740859508e+00,1.072092164241249002e+01,1.385092555306290585e+01,1.388463086170943406e+01,1.386391810486065168e+01,1.386001129096447926e+01
1.385617922075854480e+01,1.385599147345590687e+01,1.385564938827645776e+01,1.385503120611821615e+01,1.385394372040776290e+01,1.157843489381921387e+01,1.271029148065925085e+01,1.386690470025310695e+01,1.387579001260017009e+01,1.386252475353447977e+01,1.385969540016521506e+01
1.385620823218073383e+01,1.385604453140233261e+01,1.385574633596244709e+01,1.385520784740864286e+01,1.385426255765053583e+01,1.310974789413343622e+01,1.347538928782483580e+01,1.386641311311357505e+01,1.386900882872338059e+01,1.386132778970506862e+01,1.385939582240973422e+01
