5.542535787594936636e+01,5.542513607785610930e+01,5.542473157969679676e+01,5.542399857588630141e+01,5.542269746229968064e+01,2.051718043241721290e+01,2.658331440325182626e+01,5.368456289518269386e+01,5.550722007183684070e+01,5.543953961087400728e+01,5.543040302076868642e+01
5.542527342369479726e+01,5.542498172215757535e+01,5.542444990477628153e+01,5.542348713563636409e+01,7.572820310564687851e+00,1.120041739758405797e+01,2.641949883962772816e+01,5.364544166521415036e+01,5.550764921999221713e+01,5.543961184603148240e+01,5.543042774059929911e+01
5.542527165835873859e+01,5.542497849475594762e+01,5.542444401124515707e+01,5.542347641446738749e+01,8.862638079574265859e+00,1.131294440332229989e+01,2.658329427855083793e+01,5.364128834176825933e+01,5.550727832064270473e+01,5.543955584905748424e+01,5.543040901677053967e+01
5.542527265230575040e+01,5.542498031137733960e+01,5.542444732597641632e+01,5.542348243093655213e+01,9.598284398698622155e+00,1.208422581140561469e+01,2.700631170857474217e+01,5.363833745469815995e+01,5.550662724625971833e+01,5.543946340503040204e+01,5.543037856137421926e+01
5.542527390748622906e+01,5.542498260491159101e+01,5.542445150790048558e+01,5.542349000436482953e+01,1.133286832889416473e+01,1.413673034699269238e+01,2.830202754493659967e+01,5.189008307326835734e+01,5.550641381127043417e+01,5.544022694364887371e+01,5.543052642261424978e+01
5.542518856040800301e+01,5.542482651584285236e+01,5.542416610249231468e+01,5.542296848623791305e+01,2.679564030356607063e+01,1.903925414230099733e+01,3.181482425636358968e+01,5.230725795663969535e+01,5.550419121740348771e+01,5.543997975229360975e+01,5.543043904910495456e+01
5.542519968878735881e+01,5.542484686352825918e+01,5.542420327983086281e+01,5.542303625683342005e+01,3.390626788322229146e+01,2.833806509925673822e+01,3.754103915697805860e+01,5.306267317067839429e+01,5.549840582116415533e+01,5.543947800675421433e+01,5.543026381596011021e+01
5.542522049542472473e+01,5.542488490763287245e+01,5.542427278937164203e+01,5.542316295052729913e+01,4.171289485595041668e+01,4.124744045253584801e+01,4.494266321057762781e+01,5.401961921904137398e+01,5.548676876669517810e+01,5.543823339890077051e+01,5.543022656988094354e+01
5.542522856092853800e+01,5.542489966118981926e+01,5.542429977082264259e+01,5.542321224592308937e+01,4.904693918683432940e+01,4.903815116132805940e+01,5.079798819998993764e+01,5.480456076672454913e+01,5.547126581194277151e+01,5.543637868075161634e+01,5.542973201103870906e+01
5.542527366040753378e+01,5.542498212287451054e+01,5.542445041209180800e+01,5.542348662413875360e+01,5.309643534316981572e+01,5.307325301375801985e+01,5.374853822611109422e+01,5.520548946645948263e+01,5.545676011978141418e+01,5.543421552281013476e+01,5.542943103108243719e+01
5.542530109999975707e+01,5.542503231698164257e+01,5.542454218190295023e+01,5.542365402546153774e+01,5.463351933109952796e+01,5.462682442123298188e+01,5.486943961666113978e+01,5.536343785941602391e+01,5.544365708285673122e+01,5.543191452719590018e+01,5.542890041152491420e+01
