9.797501880170655042e+00,9.797123847519134898e+00,9.796433913776983360e+00,9.795180655654155188e+00,-5.199094375289021031e+01,-4.947499392609302049e+01,-2.653602379794178034e+01,2.554730752313265629e+00,9.874894003448304147e+00,9.814220248624483389e+00,9.803196772990300900e+00
9.797335690531346231e+00,9.796819928367280994e+00,9.795878546962892841e+00,-5.946029244244870426e+01,-5.862626430080575091e+01,-4.948569176194927621e+01,-2.648673818266307478e+01,2.570858395561648191e+00,9.875527294348014351e+00,9.814317115419214588e+00,9.803226385693223577e+00
9.797333312243258874e+00,9.796815579638975535e+00,9.795870603532364385e+00,-5.919981234581729979e+01,-5.828975438502629913e+01,-4.923780082885321008e+01,-2.635793361652493161e+01,2.606770009125727761e+00,9.877460600655302514e+00,9.814467393056490963e+00,9.803273925081352758e+00
9.797328276142394543e+00,9.796806384509167742e+00,9.795853810127724159e+00,-5.822466797172460673e+01,-5.738665983714215457e+01,-4.855048544314426096e+01,-2.598517765437533811e+01,2.689931401134183719e+00,9.877896968184550985e+00,9.814530595323780915e+00,9.803293091635707057e+00
9.797326869749587885e+00,9.796803827205222248e+00,9.795849149762799968e+00,-5.624804943841756710e+01,-5.501009021270542831e+01,-4.664222329259840194e+01,-2.515226228535625452e+01,2.881772260036540079e+00,9.878526943853087161e+00,9.814517942729338529e+00,9.803282884257276564e+00
9.797332532688173501e+00,9.796814181873436667e+00,9.795868077609462432e+00,-1.809362095036696871e+01,-4.920864514531092482e+01,-4.216135231348738444e+01,-2.270491373999967522e+01,3.276533032397046075e+00,9.877963940679304500e+00,9.814221664652452048e+00,9.803179864328894766e+00
9.797350315587317837e+00,9.796846701611992003e+00,9.795927511180906322e+00,-1.435969996004367211e+01,-3.920939801278861836e+01,-3.349504906273818960e+01,-1.797934726764922431e+01,4.071284677806758623e+00,9.875947635357558596e+00,9.813993675426379681e+00,9.803094434294040482e+00
9.797369209260118339e+00,9.796881255842526670e+00,9.795990676141643760e+00,-8.918552118735448175e+00,-2.350908451302611013e+01,-2.009880423325690657e+01,-1.014625782960728984e+01,5.469583150373280134e+00,9.869441636242063609e+00,9.813143811305039321e+00,9.803012305344250166e+00
9.797384721820353803e+00,9.796909616445256930e+00,9.796042511988277468e+00,-1.419440537850601203e+00,-7.836097217068775933e+00,-6.042963357236892818e+00,-1.010146001205722399e+00,7.300543857596707653e+00,9.856537077970555671e+00,9.811619129003581463e+00,9.802696386997352462e+00
9.797421257047895793e+00,9.796976432577853444e+00,9.796164621632414082e+00,4.867574925215064852e+00,2.595884879249145349e+00,3.310844255896252086e+00,5.306127487671040477e+00,8.728623288512414646e+00,9.840598898138551931e+00,9.809579460839398024e+00,9.802354932273532384e+00
9.797461847490353648e+00,9.797050690830127806e+00,9.796300402230396998e+00,7.233007841246903880e+00,7.279709154604489640e+00,7.525717006041434232e+00,8.211570306939536934e+00,9.419903128395938907e+00,9.826716513638169559e+00,9.807332259490518567e+00,9.802045822527077235e+00
