1.385623424602201581e+01,1.385609207143566479e+01,1.385583308918397982e+01,1.385536552843489844e+01,1.385454577837821333e+01,-2.912114357551481802e+01,-4.329705357919600317e+00,1.366043748194413254e+01,1.390927912706096947e+01,1.386714475582401285e+01,1.386060080429055397e+01
1.385612862554978442e+01,1.385589896227932805e+01,1.385548041134719455e+01,1.385472355614152917e+01,-3.962405241687186930e+01,-3.078224112587316696e+01,-4.210135894100480058e+00,1.365644989656104791e+01,1.390879044678914234e+01,1.386704940819766740e+01,1.386056391799370502e+01
1.385613081148569492e+01,1.385590295888896328e+01,1.385548770958843789e+01,1.385473682674105689e+01,1.385341319549887196e+01,-2.838051440686180271e+01,-4.084860309891690910e+00,1.366022453292533712e+01,1.390847610514902044e+01,1.386698505420407912e+01,1.386053874057663293e+01
1.385613251393004042e+01,1.385590607132465557e+01,1.385549339198215080e+01,1.385474715755259822e+01,1.385343172685762170e+01,-2.752895865676202902e+01,-3.599704410108968133e+00,1.366791444307728653e+01,1.390807899388586222e+01,1.386712452897625525e+01,1.386059302007694782e+01
1.385612904886696661e+01,1.385589973197242841e+01,1.385548181380154986e+01,1.385472610442697139e+01,-3.502260886682186936e+01,-2.717803011270986957e+01,-2.935853164586005093e+00,1.368689486729450167e+01,1.390781156020991993e+01,1.386705279404765356e+01,1.386056361242833290e+01
1.385613205945366033e+01,1.385590523275873664e+01,1.385549185512770620e+01,1.385474437675773629e+01,1.385342690549956224e+01,-1.079102612902007596e+00,-1.267408735288055865e+00,1.371952690750906534e+01,1.390586430601743473e+01,1.386684846459796105e+01,1.386048190884179832e+01
1.385613895190725842e+01,1.385591783574780145e+01,1.385551487168050322e+01,1.385478626579927308e+01,1.385350231423746159e+01,2.255422488045808915e+00,2.358252091159956265e+00,1.377380867108443852e+01,1.390168505176875868e+01,1.386635373166275720e+01,1.386048241065068609e+01
1.385614209161848720e+01,1.385592357974198308e+01,1.385552537951149965e+01,1.385480548867013439e+01,1.385353747741478436e+01,-1.407736977818998980e+00,6.845914672807520418e+00,1.381495456420364576e+01,1.389422114963438482e+01,1.386529574069937709e+01,1.386023881267498581e+01
1.385615996123299354e+01,1.385595625703440348e+01,1.385558505578703858e+01,1.385491405298855483e+01,1.385373257120134838e+01,7.366054360748476526e+00,1.072092164236473266e+01,1.385092555290026084e+01,1.388463086119580225e+01,1.386391810323188878e+01,1.386001128581111530e+01
1.385617922076081499e+01,1.385599147345806514e+01,1.385564938827826253e+01,1.385503120611890360e+01,1.385394372040492428e+01,1.157843489378079838e+01,1.271029148060951641e+01,1.386690470009188303e+01,1.387579001208694507e+01,1.386252475190714506e+01,1.385969539501625825e+01
1.385620823218299513e+01,1.385604453140448200e+01,1.385574633596424476e+01,1.385520784740932854e+01,1.385426255764770076e+01,1.310974789411686459e+01,1.347538928777553480e+01,1.386641311295289469e+01,1.386900882821061742e+01,1.386132778807894184e+01,1.385939581726438696e+01
