5.542533819114764526e+01,5.542510017948515610e+01,5.542466609498483621e+01,5.542387936369627965e+01,1.972097568275319546e+01,6.908039728133990920e+00,2.884952115930678573e+01,5.156530268590925914e+01,5.550568716422066018e+01,5.544015325540834738e+01,5.543050518051714448e+01
5.542518788980136435e+01,5.542482537270165466e+01,5.542416409715495718e+01,5.542296487352932388e+01,2.055185588642531158e+01,7.119263293008993188e+00,2.884152566968997178e+01,5.157535800724451747e+01,5.550545794084116835e+01,5.544011318612341199e+01,5.543049182278077325e+01
5.542518901737429360e+01,5.542482743556250568e+01,5.542416786608513490e+01,5.542297173650928244e+01,2.050896383526808009e+01,7.311026398150472616e+00,2.895944160802711309e+01,5.161058447580664676e+01,5.550598461218921642e+01,5.544020425667716268e+01,5.543052212117024169e+01
5.542518650786296064e+01,5.542482284638705892e+01,5.542415948293390215e+01,5.542295647287262739e+01,2.105737773810298208e+01,8.276660520191954973e+00,2.943473991028792369e+01,5.170224553320566940e+01,5.550636448449723304e+01,5.544025739232029792e+01,5.543053900114406929e+01
5.542518571303983776e+01,5.542482139181504408e+01,5.542415682607183669e+01,5.542295164571805799e+01,2.325381057554055175e+01,1.055069825618035395e+01,3.036667677688898692e+01,5.191116361302380255e+01,5.550631729234194722e+01,5.544020128869988895e+01,5.543051729578737508e+01
5.542518981673890721e+01,5.542482889658769096e+01,5.542417054001010968e+01,5.542297665922447436e+01,2.691464482508102662e+01,1.577253816615206006e+01,3.273152004148943206e+01,5.229698155483253430e+01,5.550485472104449514e+01,5.544008287129180701e+01,5.543047250426451455e+01
5.542519762486358559e+01,5.542484317391101456e+01,5.542419663149673426e+01,5.542302425688763634e+01,3.293793161875423436e+01,2.576184892136108218e+01,3.766041964732842473e+01,5.302522733260624932e+01,5.549832548222984485e+01,5.543929191306025928e+01,5.543040592571442460e+01
5.542520535059004061e+01,5.542485730126289667e+01,5.542422244686798649e+01,5.542307132088381394e+01,4.278646506408210115e+01,3.807507859485971835e+01,4.458578543304593467e+01,5.403868200818771328e+01,5.548562704111220967e+01,5.543809022612474990e+01,5.543018046057213866e+01
5.542522793871368947e+01,5.542489860458563555e+01,5.542429790959691616e+01,5.542320882226472634e+01,4.984753240995026147e+01,4.769532343968027277e+01,5.052250801147708614e+01,5.483957622273875643e+01,5.547011744375620879e+01,5.543611765334266295e+01,5.542982952444187106e+01
5.542526482273480326e+01,5.542496605565716550e+01,5.542442116483588421e+01,5.542343348564375560e+01,5.322799570718751738e+01,5.260985166341924923e+01,5.362893019495960800e+01,5.522305834118405699e+01,5.545640848237798082e+01,5.543405364710619665e+01,5.542935399348208136e+01
5.542531179871109259e+01,5.542505196835679726e+01,5.542457817487287031e+01,5.542371971433269096e+01,5.463844511329748599e+01,5.449057328878345174e+01,5.482853550288386657e+01,5.536034654359748686e+01,5.544512222889571262e+01,5.543226363180998106e+01,5.542908795430098934e+01
