1.385623621437573760e+01,1.385609552081563578e+01,1.385583924168376946e+01,1.385537660489045386e+01,1.385456575735266327e+01,-2.909679836365298655e+01,-4.559744333761499568e+00,1.365702220362793184e+01,1.390949868477390794e+01,1.386719263338853736e+01,1.386061972753233640e+01
1.385612702791115680e+01,1.385589590327376897e+01,1.385547468109722757e+01,1.385471298818493580e+01,-3.922501029805164308e+01,-3.033239887680307589e+01,-4.496033249661680387e+00,1.365487130639965940e+01,1.390873665486296673e+01,1.386704019207082794e+01,1.386056041308547648e+01
1.385613080433776112e+01,1.385590280818670550e+01,1.385548728997946455e+01,1.385473591762974266e+01,1.385341144177128925e+01,-2.824709135083238465e+01,-4.237803774990898553e+00,1.365791866729661663e+01,1.390850455469240998e+01,1.386699343053277644e+01,1.386054218643455371e+01
1.385613198727895323e+01,1.385590497135963517e+01,1.385549123987259890e+01,1.385474309952737570e+01,1.385342432287956171e+01,-2.698106817006070912e+01,-3.732346194014477980e+00,1.366557871862449325e+01,1.390805114788384778e+01,1.386712112132608965e+01,1.386059184637470665e+01
1.385612884788068833e+01,1.385589923172239679e+01,1.385548076041472321e+01,1.385472404775993738e+01,-3.334916030720314950e+01,-2.554229094980735582e+01,-2.823534152371482975e+00,1.368342683275561456e+01,1.390771265258327816e+01,1.386703620538966142e+01,1.386055742022524662e+01
1.385613209143633817e+01,1.385590515972221759e+01,1.385549158243689227e+01,1.385474373682019511e+01,1.385342561768584702e+01,-1.074999895384668669e+00,-1.825380154056412962e-01,1.372095784121203899e+01,1.390540302406132156e+01,1.386675488203459672e+01,1.386044567132708849e+01
1.385614095557708225e+01,1.385592136496464732e+01,1.385552117443854847e+01,1.385479758044862209e+01,1.385352246885606498e+01,-7.493950899130808807e+00,3.456322096893054585e+00,1.375818924237844598e+01,1.390107073679335414e+01,1.386624820785155343e+01,1.386044173706838301e+01
1.385614257030989549e+01,1.385592431772064614e+01,1.385552657466581117e+01,1.385480745273134673e+01,1.385354048218411904e+01,7.033987022683286128e+00,8.331524874550064297e+00,1.381584849276084448e+01,1.389286405845735750e+01,1.386520441433873252e+01,1.386020050522665770e+01
1.385616142672346385e+01,1.385595879272985442e+01,1.385558953588190789e+01,1.385492203388024635e+01,1.385374663539490214e+01,1.081386642143851162e+01,1.160884829632050952e+01,1.384875352001480486e+01,1.388225723948091428e+01,1.386349930482221282e+01,1.385981160072699225e+01
1.385619064384995980e+01,1.385601220931659938e+01,1.385568708938567895e+01,1.385509955471038523e+01,1.385406589605337402e+01,1.228891417634284444e+01,1.303299676600238044e+01,1.386355392801771380e+01,1.387410180058823528e+01,1.386220801334528119e+01,1.385952733626776734e+01
1.385621646830761122e+01,1.385605944049403959e+01,1.385577340235251853e+01,1.385525686081745711e+01,1.385434995940909353e+01,1.344268687603948642e+01,1.358859660876972164e+01,1.386436883970197087e+01,1.386717847202708498e+01,1.386098766398649929e+01,1.385937802794861007e+01
