9.797491258490254040e+00,9.797104385204690402e+00,9.796398290540277998e+00,9.795115530752175559e+00,-5.768497339702228999e+01,-4.943925704074607097e+01,-2.626963851434547692e+01,2.558865647119071163e+00,9.875056979015333525e+00,9.814228985218990786e+00,9.803198494935864815e+00
9.797336271936472940e+00,9.796820981240413673e+00,9.795880456796856706e+00,-5.950764017934430683e+01,-5.858493530497762691e+01,-4.946188553188427761e+01,-2.651201019874902798e+01,2.571081496248244225e+00,9.875623939255348205e+00,9.814116419447566741e+00,9.803162273941577354e+00
9.797340524282740049e+00,9.796828731198191420e+00,9.795894590821497161e+00,-5.917014609613176646e+01,-5.823649251273411664e+01,-4.919521102634557508e+01,-2.637866276909716845e+01,2.606621154031958376e+00,9.877245200499435995e+00,9.814429098329233270e+00,9.803261864040752727e+00
9.797329473071030748e+00,9.796808533112086437e+00,9.795857692962663066e+00,-5.814912234872164731e+01,-5.730946835370846060e+01,-4.851996299289707792e+01,-2.603627732272563833e+01,2.688950717672771606e+00,9.877694290535441013e+00,9.814498016530349034e+00,9.803283000453754781e+00
9.797327730056853312e+00,9.796805353890407631e+00,9.795851890894468283e+00,-5.592247983624432806e+01,-5.486685545599101488e+01,-4.653071170392654210e+01,-2.514537493361795839e+01,2.890389557847845126e+00,9.878088228814652538e+00,9.814453784343157849e+00,9.803263375303915339e+00
9.797333973874019719e+00,9.796816775172681346e+00,9.795872769396874347e+00,-1.791406538706004881e+01,-4.889820142894606647e+01,-4.188725300509720029e+01,-2.255345125895566838e+01,3.308926337737014833e+00,9.877886089597623709e+00,9.814211616858809606e+00,9.803176889411053807e+00
9.797350437481316732e+00,9.796846884040297354e+00,9.795927801200559060e+00,-1.414413674607238214e+01,-3.838864186228858699e+01,-3.274091999252370755e+01,-1.757979281832882279e+01,4.111568988656293833e+00,9.875660980591042915e+00,9.813987804535061699e+00,9.803094902406225941e+00
9.797367392337918091e+00,9.796877888716556626e+00,9.795984472400961707e+00,-8.548555134856110627e+00,-2.242271877027310012e+01,-1.915848837341443556e+01,-9.597006691315939975e+00,5.486732124879180716e+00,9.869100285294209129e+00,9.813165691320206108e+00,9.803023989454642262e+00
9.797380123129210361e+00,9.796901164531815809e+00,9.796027016406817722e+00,-1.292521515642150121e+00,-7.158529267301766197e+00,-5.435890568733400485e+00,-6.898709073423425764e-01,7.277876453853389549e+00,9.856169199409277937e+00,9.811695554752587256e+00,9.802730802951503009e+00
9.797411506186961105e+00,9.796958560208242517e+00,9.796131909249123026e+00,4.922025789705188004e+00,2.866566234823879622e+00,3.541728127469959908e+00,5.417766108111184309e+00,8.702102419173327164e+00,9.840456984349746250e+00,9.809728641477414968e+00,9.802421457232952662e+00
9.797446868698193256e+00,9.797023258226492004e+00,9.796250223696667092e+00,8.007960159013142842e+00,7.368213575193273357e+00,7.601154097614188920e+00,8.251082178350259255e+00,9.407845387380616486e+00,9.826246250504345525e+00,9.807355542989528274e+00,9.802067127062693785e+00
