1.385623756385479055e+01,1.385609800400617253e+01,1.385584377862718419e+01,1.385538478229142356e+01,1.385457992112183234e+01,-2.841080970847463760e+01,-4.550676355303962417e+00,1.366030669397904695e+01,1.390946066351245314e+01,1.386718161644237668e+01,1.386061516683405870e+01
1.385612756620869668e+01,1.385589690585393186e+01,1.385547653060088891e+01,1.385471637331988148e+01,-7.236467774320939128e+00,-2.948972211372871044e+01,-4.483006942401724260e+00,1.365453691867643293e+01,1.390896559254906606e+01,1.386708755145917848e+01,1.386057898768146579e+01
1.385612953992339769e+01,1.385590051417630697e+01,1.385548311791720444e+01,1.385472834173230439e+01,1.385339783363120425e+01,-2.817737312764261048e+01,-4.301323955981544600e+00,1.365619586402280561e+01,1.390853793810335759e+01,1.386700166828832792e+01,1.386054553946792822e+01
1.385613169027770297e+01,1.385590444502403074e+01,1.385549029511353325e+01,1.385474139249942382e+01,1.385342124278642295e+01,-2.656840850927501307e+01,-3.823362926159229680e+00,1.366566616365231113e+01,1.390821179848644817e+01,1.386715392756446619e+01,1.386060463786032315e+01
1.385612804937376552e+01,1.385589778773649527e+01,1.385547814114852727e+01,1.385471930379030958e+01,-3.279107618113274469e+01,-2.547738884065514497e+01,-2.671831344187593160e+00,1.368474240421012311e+01,1.390776771822116942e+01,1.386704794023907894e+01,1.386056205548210585e+01
1.385613178185050209e+01,1.385590461204185075e+01,1.385549060143002364e+01,1.385474197231448912e+01,1.385342246816384204e+01,-7.804929941385883030e-01,-9.359571110976760977e-02,1.372415069733739301e+01,1.390532781025858355e+01,1.386673668504009882e+01,1.386043839945470424e+01
1.385614160410897711e+01,1.385592256913814602e+01,1.385552339243401576e+01,1.385480163620246685e+01,1.385352978754250586e+01,3.081811379458482492e+00,3.683801021653828833e+00,1.376687723672775832e+01,1.390118660658739103e+01,1.386626068529527345e+01,1.386044572571859845e+01
1.385614322898132045e+01,1.385592554285913991e+01,1.385552883634640509e+01,1.385481161468996092e+01,1.385354814714664329e+01,7.000726854250215681e+00,8.049090410777651527e+00,1.381415477151049842e+01,1.389319089238491500e+01,1.386506574883226151e+01,1.386014079138466215e+01
1.385616526091160772e+01,1.385596582055396730e+01,1.385560238207061978e+01,1.385494539256287183e+01,1.385378848140230978e+01,1.060737269566920560e+01,1.148553034144998364e+01,1.385022485694329930e+01,1.388330132068533374e+01,1.386378440121142219e+01,1.385994834235211570e+01
1.385618210750631718e+01,1.385599662757687156e+01,1.385565866936169144e+01,1.385504793434412285e+01,1.385397346851365086e+01,1.220974441361799379e+01,1.298503031481870806e+01,1.386112520084995836e+01,1.387470744908951303e+01,1.386243993144824671e+01,1.385965610103331436e+01
1.385620551021893654e+01,1.385603942843564340e+01,1.385573688153387195e+01,1.385519042935865386e+01,1.385423042479876798e+01,1.343031404430490205e+01,1.357260077669505449e+01,1.386399251535125998e+01,1.386740649094659261e+01,1.386089725918437487e+01,1.385932181836132315e+01
