5.542535418828471450e+01,5.542512933303085276e+01,5.542471924605654010e+01,5.542397602901790776e+01,5.542265627721521071e+01,1.950999988060585721e+01,2.639380623473531529e+01,5.359787579626983955e+01,5.550782406585403805e+01,5.543967286352749113e+01,5.543045080855965523e+01
5.542526827763191477e+01,5.542497231526272117e+01,5.542443272344239347e+01,5.542345583555093214e+01,7.970126337880492073e+00,1.124180118651255533e+01,2.638321436283211341e+01,5.355779647512687802e+01,5.550808811465451242e+01,5.543973013506860070e+01,5.543026764585294330e+01
5.542528124520219990e+01,5.542499602396338787e+01,5.542447601095710752e+01,5.542353454852774064e+01,8.748062416627043092e+00,1.129287463998987029e+01,2.643393651349912687e+01,5.159855482469633614e+01,5.550680830956780909e+01,5.544035390178035527e+01,5.543057233658603877e+01
5.542518192995031256e+01,5.542481439401383625e+01,5.542414395780186709e+01,5.542292811723986290e+01,2.196483888637439108e+01,5.271983084542934961e+00,2.622871437910721681e+01,5.169708119041327166e+01,5.550669149639126942e+01,5.544031153383031096e+01,5.543055683875969919e+01
5.542518428477021075e+01,5.542481870701264057e+01,5.542415184453754762e+01,5.542294250212415818e+01,2.307078797299718431e+01,9.837525820399047660e+00,2.804021452491376465e+01,5.190013259946374546e+01,5.550676315529480576e+01,5.544027757734799877e+01,5.543054261456103404e+01
5.542518768393613726e+01,5.542482492225985879e+01,5.542416320282464426e+01,5.542296322797390928e+01,2.675626987661438605e+01,1.695877669166478086e+01,3.156341163519251580e+01,5.227462562370782706e+01,5.550512543619763051e+01,5.544012803416077872e+01,5.543048736179260771e+01
5.542519643695978004e+01,5.542484092695445952e+01,5.542419244925911670e+01,5.542301656979945790e+01,3.234063484777203712e+01,2.802634742633289733e+01,3.771504858216424338e+01,5.295226329705976553e+01,5.549904985233888510e+01,5.543942416263271156e+01,5.543045190108065867e+01
5.542520142724305288e+01,5.542485005259044328e+01,5.542420912893598484e+01,5.542304700085350078e+01,4.194520832202035621e+01,4.189012320584124183e+01,4.517016133668870026e+01,5.394458411137517118e+01,5.548688497240421214e+01,5.543814792977963180e+01,5.543020319935973106e+01
5.542522460348598656e+01,5.542489242722216147e+01,5.542428653852465459e+01,5.542318800194291839e+01,4.947444490824792496e+01,4.938989163044197994e+01,5.096760179660754631e+01,5.477625882958135151e+01,5.547078397275767259e+01,5.543638385884855069e+01,5.542974227612825189e+01
5.542526644056074758e+01,5.542496892388538754e+01,5.542442628687825135e+01,5.542344255470528225e+01,5.320333728699611697e+01,5.322647293196180129e+01,5.382014475935730502e+01,5.519688049395135465e+01,5.545645244438766497e+01,5.543421229925801441e+01,5.542943626789537603e+01
5.542529554242290857e+01,5.542502215657151510e+01,5.542452361432236785e+01,5.542362012223298962e+01,5.467768948935139406e+01,5.467977726244493653e+01,5.489352618134961403e+01,5.536210159686118004e+01,5.544351157659787077e+01,5.543190946071297276e+01,5.542890233272837719e+01
