1.385623453272657812e+01,1.385609245535217227e+01,1.385583364932033845e+01,1.385536641415579240e+01,1.385454729047190625e+01,-2.913739929291564934e+01,-4.523442720226615421e+00,1.365783860560369867e+01,1.390928504009297129e+01,1.386714827362956370e+01,1.386060231750427363e+01
1.385612825364467682e+01,1.385589815228485833e+01,1.385547879569488749e+01,1.385472047766240777e+01,-3.937696931411186796e+01,-3.048506954484329867e+01,-4.453784437315819744e+00,1.365538637376850950e+01,1.390883762851267491e+01,1.386705999154806968e+01,1.386056808370096505e+01
1.385613034930655196e+01,1.385590198469820322e+01,1.385548579548053993e+01,1.385473321025577320e+01,1.385340659871035562e+01,-2.834960772835007248e+01,-4.181177861314431254e+00,1.365852586938710189e+01,1.390835561106481322e+01,1.386696241878507152e+01,1.386053000548183434e+01
1.385613285352011737e+01,1.385590656346248295e+01,1.385549415516997662e+01,1.385474840786985951e+01,1.385343385185308840e+01,-2.702316803292587011e+01,-3.692670463629295519e+00,1.366657337133725569e+01,1.390813237055168727e+01,1.386713672682380150e+01,1.386059783594438066e+01
1.385612853933939093e+01,1.385589867666184816e+01,1.385547975668790244e+01,1.385472223461569286e+01,-3.343513730070191059e+01,-2.571524271129711892e+01,-2.780974966240223445e+00,1.368378735122055012e+01,1.390784221709023605e+01,1.386706211832321500e+01,1.386056745893042219e+01
1.385613149550361456e+01,1.385590407883635677e+01,1.385548961837683990e+01,1.385474017705002225e+01,1.385341925144165742e+01,-1.136945142602477699e+00,-1.130866073430571994e-01,1.372377179337643938e+01,1.390543300674289640e+01,1.386675675775545358e+01,1.386044602768740930e+01
1.385614123167047396e+01,1.385592187888767768e+01,1.385552212337002587e+01,1.385479932388038193e+01,1.385352565867584040e+01,-7.760738587015172385e+00,3.525527448232058880e+00,1.375717687384661936e+01,1.390103391019694001e+01,1.386624246691484785e+01,1.386043959080917354e+01
1.385614255753832325e+01,1.385592430437390732e+01,1.385552655919788378e+01,1.385480742788899100e+01,1.385354040839842682e+01,7.117061010214812633e+00,8.302814984056444914e+00,1.381800735824845461e+01,1.389293151819470395e+01,1.386521666909605166e+01,1.386020541342178092e+01
1.385616141263693102e+01,1.385595877761297956e+01,1.385558952009005651e+01,1.385492202505850656e+01,1.385374668745316029e+01,1.082555487336017386e+01,1.159231570751648022e+01,1.385175384007396282e+01,1.388278948217211450e+01,1.386363834589035093e+01,1.385987762094113940e+01
1.385618703649504013e+01,1.385600562779302081e+01,1.385567509150546073e+01,1.385507778718809391e+01,1.385402704684580577e+01,1.227914803761937534e+01,1.302923936644439706e+01,1.386300299660224056e+01,1.387413501274540195e+01,1.386222962835097050e+01,1.385954024950505747e+01
1.385621467973773235e+01,1.385605618023380359e+01,1.385576745708772251e+01,1.385524603793476928e+01,1.385433039070305838e+01,1.344472375923747620e+01,1.358774259889775848e+01,1.386394920914187168e+01,1.386719403605943235e+01,1.386100313623396829e+01,1.385938937992453646e+01
