9.797510475000393626e+00,9.797139610522163977e+00,9.796462731616472297e+00,9.795233016517629565e+00,-5.744360007783259903e+01,-4.938753214897560895e+01,-2.620913535906839087e+01,2.559940176589328598e+00,9.875237214378298489e+00,9.814296136679271143e+00,9.803221386059037812e+00
9.797332749026251619e+00,9.796814634826212398e+00,9.795868956478720690e+00,-5.939231494958453794e+01,-5.874788889922415791e+01,-4.950102587516973784e+01,-2.648655194198386553e+01,2.570938206576220963e+00,9.875544225420590294e+00,9.814326211980890946e+00,9.803229577677722517e+00
9.797332808815935934e+00,9.796814703190918294e+00,9.795869049289176900e+00,-5.921438189290321219e+01,-5.841083282232718688e+01,-4.925613690196867367e+01,-2.635740048823445392e+01,2.606388288854748492e+00,9.877430764219566228e+00,9.814459146280846369e+00,9.803271217173877616e+00
9.797328702523612876e+00,9.796807206364860576e+00,9.795855358343045438e+00,-5.817011000794200726e+01,-5.753682637416456203e+01,-4.863470018056928978e+01,-2.573404879497285336e+01,2.691440299340179365e+00,9.877921544652084052e+00,9.814331997301430022e+00,9.803230470546283826e+00
9.797333430111637043e+00,9.796815876573777615e+00,9.795871215964275791e+00,-5.622033422991211893e+01,-5.524101210304646514e+01,-4.678744428784249010e+01,-2.505244564218603998e+01,2.873318764078740983e+00,9.878757638611617153e+00,9.814349787655858748e+00,9.803229639639173598e+00
9.797338288192561251e+00,9.796824759717758013e+00,9.795887455604589178e+00,-1.811106464140815575e+01,-4.958906813665811342e+01,-4.249226567093997886e+01,-2.282389064865288830e+01,3.248760623888165000e+00,9.878048196787430513e+00,9.814301881249878790e+00,9.803208390084545698e+00
9.797345040570967001e+00,9.796837108509837577e+00,9.795910032336360374e+00,-1.434033249568707014e+01,-4.006793476954498345e+01,-3.423493522364009323e+01,-1.875776484075043982e+01,4.021556391324149438e+00,9.876337720965286948e+00,9.814120034610153809e+00,9.803136976464285723e+00
9.797362872319014926e+00,9.796869709151856398e+00,9.795969615049282098e+00,-9.226900139537759671e+00,-2.497009132172352253e+01,-2.116720852756762383e+01,-1.071848542073255395e+01,5.383213998375639520e+00,9.869367497228095587e+00,9.813316571299354862e+00,9.803078618791573717e+00
9.797370800167653826e+00,9.796884216104295717e+00,9.795996144915074311e+00,-1.507265267018997434e+00,-8.647219587950115027e+00,-6.849569127136698299e+00,-1.546553045556203543e+00,7.202255136922065759e+00,9.856656840386715857e+00,9.811878597764346566e+00,9.802797688635246587e+00
9.797401531202368119e+00,9.796940409888026835e+00,9.796098833179446075e+00,4.728975086473433009e+00,2.140685746055306815e+00,2.902907730911158168e+00,5.042339523231524012e+00,8.665653577407926633e+00,9.840872424821773379e+00,9.809665424627937114e+00,9.802400057484470963e+00
9.797447577278031616e+00,9.797024644986006336e+00,9.796252841026044322e+00,7.058869284580890024e+00,7.104402857975291141e+00,7.369576703619421743e+00,8.112149482144436874e+00,9.393510816029669641e+00,9.826903937616258133e+00,9.807388902787888441e+00,9.801884366758374156e+00
