9.797491258493037591e+00,9.797104385207379806e+00,9.796398290542679632e+00,9.795115530753658817e+00,-5.768497339676262214e+01,-4.943925704085669537e+01,-2.626963851438765829e+01,2.558865646987517284e+00,9.875056978594907164e+00,9.814228983883516833e+00,9.803198490709130297e+00
9.797336271939270702e+00,9.796820981243115511e+00,9.795880456799270775e+00,-5.950764017838119457e+01,-5.858493530498709134e+01,-4.946188553190124537e+01,-2.651201019879684040e+01,2.571081496116907061e+00,9.875623938835659033e+00,9.814116418115041540e+00,9.803162269724277067e+00
9.797340524285532481e+00,9.796828731200893259e+00,9.795894590823909454e+00,-5.917014609762181010e+01,-5.823649251273820937e+01,-4.919521102632531040e+01,-2.637866276912960828e+01,2.606621153901300225e+00,9.877245200080803755e+00,9.814429096999711888e+00,9.803261859832876013e+00
9.797329473073816075e+00,9.796808533114779394e+00,9.795857692965068253e+00,-5.814912234980897665e+01,-5.730946835372022008e+01,-4.851996299292756731e+01,-2.603627732276712337e+01,2.688950717542055280e+00,9.877694290117650766e+00,9.814498015203756864e+00,9.803282996255189730e+00
9.797327730059633311e+00,9.796805353893097035e+00,9.795851890896871694e+00,-5.592247983735288130e+01,-5.486685545598653135e+01,-4.653071170383204702e+01,-2.514537493366577436e+01,2.890389557709401203e+00,9.878088228397507109e+00,9.814453783019441602e+00,9.803263371114542934e+00
9.797333973876792612e+00,9.796816775175367198e+00,9.795872769399272428e+00,-1.791406538707409979e+01,-4.889820143202372549e+01,-4.188725300527809026e+01,-2.255345125916725735e+01,3.308926337604641166e+00,9.877886089181458829e+00,9.814211615537944411e+00,9.803176885230675097e+00
9.797350437484084296e+00,9.796846884042974324e+00,9.795927801202951812e+00,-1.414413674603556004e+01,-3.838864186223429442e+01,-3.274091999247896467e+01,-1.757979281838018437e+01,4.111568988525897694e+00,9.875660980175954506e+00,9.813987803216948080e+00,9.803094898234476773e+00
9.797367392340678549e+00,9.796877888719226490e+00,9.795984472403343801e+00,-8.548555134908205844e+00,-2.242271877038323424e+01,-1.915848837358105783e+01,-9.597006691382812704e+00,5.486732124754590600e+00,9.869100284879989360e+00,9.813165690004618469e+00,9.803023985290790776e+00
9.797380123131963714e+00,9.796901164534476791e+00,9.796027016409194488e+00,-1.292521515664594389e+00,-7.158529267316408706e+00,-5.435890568755535668e+00,-6.898709073666982050e-01,7.277876453727383677e+00,9.856169198995754499e+00,9.811695553439175654e+00,9.802730798794472733e+00
9.797411506189703800e+00,9.796958560210892841e+00,9.796131909251490910e+00,4.922025789688712294e+00,2.866566234837495841e+00,3.541728127466048814e+00,5.417766108063567287e+00,8.702102419040450343e+00,9.840456983936558544e+00,9.809728640165756630e+00,9.802421453081445080e+00
9.797446868700927070e+00,9.797023258229135223e+00,9.796250223699026094e+00,8.007960159008447931e+00,7.368213575186805642e+00,7.601154097605352433e+00,8.251082178314177895e+00,9.407845387253690461e+00,9.826246250091918100e+00,9.807355541679356747e+00,9.802067122915534725e+00
