5.542535292169345951e+01,5.542512700340746079e+01,5.542471495848050012e+01,5.542396808598248015e+01,5.542264122258428927e+01,2.100673685113912015e+01,2.542885019720113249e+01,5.155638969722921416e+01,5.550626471805998108e+01,5.544026773146016751e+01,5.543054417114081645e+01
5.542518387544224368e+01,5.542481793974225468e+01,5.542415042095254307e+01,5.542293986342033918e+01,2.072526387447238960e+01,4.676561620387601259e+00,2.556926175962290415e+01,5.156554514505873499e+01,5.550608121731966094e+01,5.544023046933885723e+01,5.543053142168968606e+01
5.542518519770648311e+01,5.542482035724068368e+01,5.542415483714523816e+01,5.542294790860238152e+01,2.040307783976469835e+01,5.253922561250943701e+00,2.585236421275680385e+01,5.159969453581545196e+01,5.550650777897379839e+01,5.544030179644890666e+01,5.543055500576096506e+01
5.542518335662600748e+01,5.542481699049116628e+01,5.542414868792750582e+01,5.542293671705501623e+01,2.117216535183181847e+01,6.961414335968367340e+00,2.670273318082137592e+01,5.168965191434249107e+01,5.550664429437384229e+01,5.544031364736089529e+01,5.543055819692314401e+01
5.542518365980424733e+01,5.542481754440807862e+01,5.542414970010800346e+01,5.542293856866453439e+01,2.326633343722425806e+01,1.108439844022386467e+01,2.867627530870550956e+01,5.189961681347791966e+01,5.550613735909544033e+01,5.544018357233172623e+01,5.543051221978901566e+01
5.542518951229498470e+01,5.542482824582948808e+01,5.542416925101703384e+01,5.542297420047460577e+01,2.701476098332936360e+01,1.880302280360026401e+01,3.265239003274813712e+01,5.230203658181004300e+01,5.550453310433278631e+01,5.544004431495355334e+01,5.543046077632379820e+01
5.542519765481237926e+01,5.542484313432865406e+01,5.542419645781170345e+01,5.542302382221838286e+01,3.324633644523726161e+01,3.005368364344898424e+01,3.896683549605306496e+01,5.302761957339841103e+01,5.549772561781013280e+01,5.543943100186412920e+01,5.543025302846185554e+01
5.542521763501191145e+01,5.542487966450044468e+01,5.542426318611478564e+01,5.542314535621525096e+01,4.300605940499455215e+01,4.291618958760619051e+01,4.614114119319188489e+01,5.403660717214132347e+01,5.548491275275052459e+01,5.543799409427926150e+01,5.543014877601252977e+01
5.542522799367030473e+01,5.542489860807103241e+01,5.542429780610882517e+01,5.542320846952307534e+01,4.994940817425143109e+01,5.003175688998564397e+01,5.147440026524526502e+01,5.483256226044694870e+01,5.546876830192824315e+01,5.543592797037793218e+01,5.542976298054554007e+01
5.542526324559260331e+01,5.542496306912586590e+01,5.542441558152229675e+01,5.542342304664978769e+01,5.352487216048237428e+01,5.347337746671804837e+01,5.401917858232322089e+01,5.521754914593809360e+01,5.545486240990219784e+01,5.543401366746205383e+01,5.542935090983961999e+01
5.542530081764132888e+01,5.542503179099850286e+01,5.542454120310785015e+01,5.542365212390253504e+01,5.478747599583260808e+01,5.477387407428392407e+01,5.496171875133730822e+01,5.536579811165434251e+01,5.544253631580124875e+01,5.543182656880070880e+01,5.542886482083254407e+01
