9.797496385154870424e+00,9.797114252606958118e+00,9.796416863156899524e+00,9.795150176304943557e+00,-4.926534853636506739e+01,-4.369800870418391980e+01,-2.453918345897881181e+01,2.547045657245424977e+00,9.874650856690488254e+00,9.814254194440835022e+00,9.803211502436530722e+00
9.797331708232148273e+00,9.796813062843893860e+00,9.795866432827178727e+00,-4.740281426571148415e+01,-4.848200095860568837e+01,-4.390356383385572059e+01,-2.432192170991816127e+01,2.563782601784834636e+00,9.874721998277411927e+00,9.814259688543092608e+00,9.803212856159433386e+00
9.797331824449548421e+00,9.796813257595156088e+00,9.795866776014271693e+00,-5.252347630318437410e+01,-5.098725750917191846e+01,-4.382558489595468387e+01,-2.420081200848375858e+01,2.599115326245776902e+00,9.876438774738996784e+00,9.814375642399093991e+00,9.803249695906135486e+00
9.797327786200035860e+00,9.796805870923915194e+00,9.795853271075298352e+00,-5.050559719790061308e+01,-5.065615353661764431e+01,-4.359568659094823317e+01,-2.433212751623131354e+01,2.680572588047644977e+00,9.877231225449548901e+00,9.814534825748872038e+00,9.803300694647898439e+00
9.797321909947610763e+00,9.796795133016496848e+00,9.795833655150083530e+00,-5.174157503253992729e+01,-4.984214888777921715e+01,-4.296577921583863002e+01,-2.417621975577580073e+01,2.872601864442324349e+00,9.878092059076868381e+00,9.814346743099477521e+00,9.803234473324776488e+00
9.797333902440547249e+00,9.796817074473485931e+00,9.795873760467458169e+00,-1.734755754111762727e+01,-4.762421253189209125e+01,-4.117346205974569529e+01,-2.313560892679832293e+01,3.242126535025660949e+00,9.878166293999671055e+00,9.814369632104977370e+00,9.803232175980628682e+00
9.797341205958357335e+00,9.796830439261935197e+00,9.795898204044810598e+00,-1.453053746770028809e+01,-4.212167263083404123e+01,-3.654646815296511164e+01,-2.048609281216878131e+01,3.934585057608559033e+00,9.876872902358066142e+00,9.814035551809618951e+00,9.803111788496702061e+00
9.797364838470851822e+00,9.796873659426459824e+00,9.795977201739342277e+00,-1.027519243666484527e+01,-3.081528473516860700e+01,-2.655304444352213977e+01,-1.420863184130266887e+01,5.118130712382703784e+00,9.872187137078059394e+00,9.813464869285372316e+00,9.803118049146583246e+00
9.797374022683316142e+00,9.796890467850465356e+00,9.796007958359060908e+00,-3.894034169119285238e+00,-1.462127925340777246e+01,-1.220799913302564654e+01,-4.950767175110307505e+00,6.796037339423406820e+00,9.861664057614738965e+00,9.812167199004704798e+00,9.802878140652460104e+00
9.797407234454700742e+00,9.796951216422726816e+00,9.796118997464940747e+00,-1.477998473853489259e+00,-1.318469076289600750e+00,-1.713201718943668794e-01,3.068478384853098540e+00,8.364708386528198147e+00,9.846541995499151767e+00,9.810288052589083208e+00,9.802410375736460679e+00
9.797463104497824204e+00,9.797053409334274932e+00,9.796305782476089519e+00,9.794948007557492176e+00,5.768411916203134204e+00,6.132798692597559054e+00,7.309821642668289599e+00,9.260445749030630225e+00,9.831772097789256648e+00,9.808104008738308011e+00,9.802159069044833473e+00
