1.385622978770618374e+01,1.385608374793875441e+01,1.385581769368712379e+01,1.385533719857390800e+01,1.385449380873825298e+01,-1.695449092825621662e+01,-4.756133235599013798e-01,1.364730712327094153e+01,1.390931474915584865e+01,1.386716654934799209e+01,1.386061045335588560e+01
1.385612689694765898e+01,1.385589564522596895e+01,1.385547418577807655e+01,1.385471203913323635e+01,-6.381794541520875441e+00,-1.787855028220410958e+01,-4.357826832832314423e-01,1.364617729104621802e+01,1.390919051592845435e+01,1.386714296523199863e+01,1.386060139276249892e+01
1.385612738788463183e+01,1.385589654337130128e+01,1.385547582674364442e+01,1.385471502446211645e+01,-6.879681523251656827e+00,-1.768672887408193262e+01,-3.319733046028083834e-01,1.364823531645595622e+01,1.390896112653603467e+01,1.386709578955000843e+01,1.386058291708420143e+01
1.385612865122309145e+01,1.385589885260277754e+01,1.385548004231086416e+01,1.385472268823986042e+01,-6.663413273699088535e+00,-1.706117411386821914e+01,-6.052938601619928249e-02,1.365543073957134368e+01,1.390846003416464605e+01,1.386699021654251140e+01,1.386054135647914975e+01
1.385613165587559159e+01,1.385590434461477471e+01,1.385549006811251971e+01,1.385474091727406609e+01,1.385342025719627657e+01,-2.796182065200461864e+00,8.312253578756738648e-01,1.367995771199720956e+01,1.390766904193296050e+01,1.386703396987874548e+01,1.386055710704118660e+01
1.385613165181555573e+01,1.385590433907119490e+01,1.385549006471186928e+01,1.385474094822976099e+01,1.385342053020234943e+01,-5.602654289448283365e-01,1.696043932747676841e+00,1.371007728559499839e+01,1.390566488249099741e+01,1.386681778285927003e+01,1.386047083717709683e+01
1.385613879094761280e+01,1.385591739027420921e+01,1.385551389677877943e+01,1.385478431417039324e+01,1.385349856676399405e+01,2.382376465289960166e+00,4.621221881337086224e+00,1.376037930492833894e+01,1.390125700026070632e+01,1.386628286793316356e+01,1.386045537152855545e+01
1.385614210304486349e+01,1.385592344825369260e+01,1.385552497292351148e+01,1.385480454052374100e+01,1.385353535059639540e+01,6.671752583771640488e+00,8.341602088087416433e+00,1.380891279652005821e+01,1.389318363399033096e+01,1.386507338035560721e+01,1.386014491654748682e+01
1.385616427792504979e+01,1.385596398694236875e+01,1.385559899380570847e+01,1.385493917457986868e+01,1.385377717487222426e+01,1.055377088250019746e+01,1.149923089512076579e+01,1.384479546335190570e+01,1.388345218823589988e+01,1.386384262139614876e+01,1.385997801265006046e+01
1.385617881251504357e+01,1.385599056611932589e+01,1.385564755848471563e+01,1.385502765489649590e+01,1.385393681549715339e+01,1.258723823138019071e+01,1.299897710932237160e+01,1.385870044404539492e+01,1.387449570411296662e+01,1.386237735697140216e+01,1.385962320624723887e+01
1.385620684689394544e+01,1.385604183158267411e+01,1.385574122009742482e+01,1.385519823269102879e+01,1.385424416681432902e+01,1.341060576452338893e+01,1.356966240477173358e+01,1.386197677841654397e+01,1.386752862765812644e+01,1.386098311843498720e+01,1.385938284048164171e+01
