5.542535292169390004e+01,5.542512700340788001e+01,5.542471495848081986e+01,5.542396808598249436e+01,5.542264122258333714e+01,2.100673685369478250e+01,2.542885019730776364e+01,5.155638969722614462e+01,5.550626471791885308e+01,5.544026773100826944e+01,5.543054416971268950e+01
5.542518387544267000e+01,5.542481793974264548e+01,5.542415042095282729e+01,5.542293986342029655e+01,2.072526387439286566e+01,4.676561620379926509e+00,2.556926175962212255e+01,5.156554514501723219e+01,5.550608121717809951e+01,5.544023046888979422e+01,5.543053142027112301e+01
5.542518519770692365e+01,5.542482035724107448e+01,5.542415483714554369e+01,5.542294790860236731e+01,2.040307783987483248e+01,5.253922561221822107e+00,2.585236421274628782e+01,5.159969453577156173e+01,5.550650777883291198e+01,5.544030179600281372e+01,5.543055500435188776e+01
5.542518335662643381e+01,5.542481699049157129e+01,5.542414868792781135e+01,5.542293671705501623e+01,2.117216535188396520e+01,6.961414335957725186e+00,2.670273318080712244e+01,5.168965191429830952e+01,5.550664429423385116e+01,5.544031364691777242e+01,5.543055819552343166e+01
5.542518365980467365e+01,5.542481754440846942e+01,5.542414970010830899e+01,5.542293856866453439e+01,2.326633343724570580e+01,1.108439844020717402e+01,2.867627530868336549e+01,5.189961681343389444e+01,5.550613735895638001e+01,5.544018357189150947e+01,5.543051221839850484e+01
5.542518951229541102e+01,5.542482824582987888e+01,5.542416925101733227e+01,5.542297420047460577e+01,2.701476098334061859e+01,1.880302280356364264e+01,3.265239003272174045e+01,5.230203658176541381e+01,5.550453310419457154e+01,5.544004431451612902e+01,5.543046077494210522e+01
5.542519765481280558e+01,5.542484313432904486e+01,5.542419645781200188e+01,5.542302382221838286e+01,3.324633644526296194e+01,3.005368364336415610e+01,3.896683549601046082e+01,5.302761957335184917e+01,5.549772561767269963e+01,5.543943100142925573e+01,5.543025302708824142e+01
5.542521763501233067e+01,5.542487966450083547e+01,5.542426318611508407e+01,5.542314535621524385e+01,4.300605940502155278e+01,4.291618958765005232e+01,4.614114119317356710e+01,5.403660717209595532e+01,5.548491275261383748e+01,5.543799409384664045e+01,5.543014877464584345e+01
5.542522799367072395e+01,5.542489860807141611e+01,5.542429780610910939e+01,5.542320846952307534e+01,4.994940817425950996e+01,5.003175688999557735e+01,5.147440026523371159e+01,5.483256226039855363e+01,5.546876830179199658e+01,5.543592796994709460e+01,5.542976297918441020e+01
5.542526324559301543e+01,5.542496306912625670e+01,5.542441558152259518e+01,5.542342304664978769e+01,5.352487216048811547e+01,5.347337746672511827e+01,5.401917858231374936e+01,5.521754914589027408e+01,5.545486240976627812e+01,5.543401366703263022e+01,5.542935090848290258e+01
5.542530081764174099e+01,5.542503179099888655e+01,5.542454120310814147e+01,5.542365212390252793e+01,5.478747599583593342e+01,5.477387407428731336e+01,5.496171875132581164e+01,5.536579811160315501e+01,5.544253631566481033e+01,5.543182656837215205e+01,5.542886481947901700e+01
