9.797483237166160208e+00,9.797089704397587084e+00,9.796371406472484722e+00,9.795066209734406115e+00,-1.153896382963734624e+01,-2.683474679301553678e+01,-1.520909083326075795e+01,3.864578033380919209e+00,9.869704711009354980e+00,9.814094130860233633e+00,9.803197489886247951e+00
9.797305494773434376e+00,9.796764658560883632e+00,9.795777422481849683e+00,-2.837666341795799951e+01,-3.332566872640104805e+01,-2.840447227379564410e+01,-1.490678721143948415e+01,3.877178097890110031e+00,9.869271937373317982e+00,9.814022653971324672e+00,9.803175341146090460e+00
9.797307508882402871e+00,9.796768350675675308e+00,9.795784180253290785e+00,-2.923777028232585451e+01,-3.322019938526843674e+01,-2.832553040215715967e+01,-1.489916144822714550e+01,3.900352479348669466e+00,9.869734754642982111e+00,9.814220088309925316e+00,9.803243140646772602e+00
9.797296360943848370e+00,9.796747961507282554e+00,9.795746911108668797e+00,-2.891055389715569035e+01,-3.294799863462719713e+01,-2.812067377534974000e+01,-1.485368669779517425e+01,3.959543981445069694e+00,9.869956134369173739e+00,9.814306366387917535e+00,9.803272589381462510e+00
9.797291652463913536e+00,9.796739361578676863e+00,9.795731198733912848e+00,-2.749504686072690163e+01,-3.223588077842347133e+01,-2.755112603434727703e+01,-1.462980253369068961e+01,4.088479144465494208e+00,9.870140804318577210e+00,9.814279447944253221e+00,9.803261087451097922e+00
9.797295075454853119e+00,9.796745625286829906e+00,9.795742647074854759e+00,-3.184631658557196943e+01,-3.038004967466835993e+01,-2.598166990631890627e+01,-1.390647049884938014e+01,4.380881817458840644e+00,9.869581522984754329e+00,9.813997926296595509e+00,9.803163477389746916e+00
9.797311736860665476e+00,9.796776093459790502e+00,9.795798327770178560e+00,-9.510620882145468968e+00,-2.580737408971310742e+01,-2.207971334521253581e+01,-1.157642715151745705e+01,4.944240004039282432e+00,9.867649236571375937e+00,9.813798454214630596e+00,9.803089587607686894e+00
9.797327543710496300e+00,9.796805004404346207e+00,9.795851176396187299e+00,-5.008507960613266086e+00,-1.696359858860486369e+01,-1.435865490875832329e+01,-6.612035478840193825e+00,5.946189553387036142e+00,9.862745648333456572e+00,9.813115212284429845e+00,9.803058086610894506e+00
9.797338976821922785e+00,9.796825924847651024e+00,9.795889444492095421e+00,2.299899672035277121e-01,-5.704921807148521040e+00,-4.276090191154084508e+00,3.219387595765610399e-02,7.375666854932730665e+00,9.853087972661864313e+00,9.811713746059735897e+00,9.802773179016107008e+00
9.797380274307277759e+00,9.796901453858049891e+00,9.796027504986660972e+00,5.241961394128553664e+00,3.008122132032604590e+00,3.622854976266938198e+00,5.464774034272632086e+00,8.676474955027460467e+00,9.839493234865710036e+00,9.809728094111118679e+00,9.802447003843440143e+00
9.797425097729270504e+00,9.796983451837512291e+00,9.796177452359993154e+00,8.085453503881890214e+00,7.338151350288632635e+00,7.558727039128118719e+00,8.217011623389415931e+00,9.384375082190748785e+00,9.826649740862334781e+00,9.807623394684549467e+00,9.802000780470846664e+00
