9.797494704124629195e+00,9.797110709378250348e+00,9.796409865810746354e+00,9.795136618568999864e+00,-5.504250748139792648e+01,-4.789829019501887331e+01,-2.559838274882020315e+01,2.552276479097819184e+00,9.874554781519091051e+00,9.814297325442908004e+00,9.803227910659730426e+00
9.797327403343835783e+00,9.796804783111674908e+00,9.795850869880531775e+00,-5.238473554916412667e+01,-5.467744408289107838e+01,-4.816086485164700548e+01,-2.553067974226292947e+01,2.569142527277531673e+00,9.874903258592098609e+00,9.814117631442051959e+00,9.803169094231282799e+00
9.797335069334629054e+00,9.796818786119226630e+00,9.795876442206779444e+00,-5.417093041940430709e+01,-5.490637838252788328e+01,-4.798500745411386958e+01,-2.549358729622879238e+01,2.604449298654785583e+00,9.876164977982755389e+00,9.814376067789000402e+00,9.803252097997194880e+00
9.797325344821231852e+00,9.796801007533893824e+00,9.795843957510180999e+00,-1.955375136706265593e+01,-5.303044427824549700e+01,-4.684292403675062388e+01,-2.512250861556624315e+01,2.684649515132389030e+00,9.876760000387344363e+00,9.814477373724614040e+00,9.803283758261537528e+00
9.797322276162200083e+00,9.796795398130623056e+00,9.795833709920334087e+00,-1.898331843296866595e+01,-5.040356843814764431e+01,-4.496449681342638627e+01,-2.463542537173729130e+01,2.899918040389376284e+00,9.877592303838989451e+00,9.814471005768409029e+00,9.803274057529879570e+00
9.797328983562225702e+00,9.796807661970801107e+00,9.795856126755941418e+00,-1.750547139149869480e+01,-4.809436109158426831e+01,-4.159542777453584961e+01,-2.237406926794436046e+01,3.320931962743588706e+00,9.877309410468486206e+00,9.814229422263991864e+00,9.803188493342167575e+00
9.797344807954113222e+00,9.796836607073077019e+00,9.795909034287321404e+00,-1.353886557926264445e+01,-3.644629957101400919e+01,-3.261174074762510600e+01,-1.769683441376788124e+01,4.134685667609165449e+00,9.875329714067744291e+00,9.813982832087782882e+00,9.803096118122082814e+00
9.797365212291714087e+00,9.796873912464992173e+00,9.795977215587013731e+00,-8.684382137607220997e+00,-2.265120743382245294e+01,-1.929449784050828853e+01,-9.455163456449776405e+00,5.490351643685793981e+00,9.868852324829095579e+00,9.813208551685619341e+00,9.803042725023518145e+00
9.797374738403533456e+00,9.796891340083002220e+00,9.796009084674041745e+00,-1.303560739662483314e+00,-7.158670070411570663e+00,-5.487526095738555654e+00,-6.234158980035537923e-01,7.268472719421612993e+00,9.855985979220111659e+00,9.811722767850236337e+00,9.802743664667826096e+00
9.797407556318777466e+00,9.796951356758308194e+00,9.796118765447941357e+00,4.899992938843618084e+00,2.853844362580190364e+00,3.511599160361409844e+00,5.439144880435143214e+00,8.694822873346812031e+00,9.840450848296267594e+00,9.809777869090471114e+00,9.802442827577754869e+00
9.797442461918949519e+00,9.797015226809508093e+00,9.796235576102123588e+00,8.010322610712337976e+00,7.357349169858469651e+00,7.589333146303192557e+00,8.253665495053716938e+00,9.404405244387119112e+00,9.826502530694313009e+00,9.807251797656332926e+00,9.802023843790152569e+00
