1.385623756385747285e+01,1.385609800400866121e+01,1.385584377862905825e+01,1.385538478229135251e+01,1.385457992111560444e+01,-2.841080970828360464e+01,-4.550676355361882308e+00,1.366030669369524908e+01,1.390946066261708935e+01,1.386718161360838053e+01,1.386061515788248855e+01
1.385612756621136299e+01,1.385589690585640277e+01,1.385547653060274698e+01,1.385471637331980332e+01,-7.236467774524284025e+00,-2.948972211370985619e+01,-4.483006942537437922e+00,1.365453691839915606e+01,1.390896559165917523e+01,1.386708754864208260e+01,1.386057897878316325e+01
1.385612953992604801e+01,1.385590051417876367e+01,1.385548311791905185e+01,1.385472834173222267e+01,1.385339783362503852e+01,-2.817737312756826640e+01,-4.301323956125902015e+00,1.365619586374981154e+01,1.390853793721877452e+01,1.386700166548786051e+01,1.386054553062207617e+01
1.385613169028033731e+01,1.385590444502647145e+01,1.385549029511537000e+01,1.385474139249934566e+01,1.385342124278029274e+01,-2.656840850877535587e+01,-3.823362926290551300e+00,1.366566616338195850e+01,1.390821179760705562e+01,1.386715392478032705e+01,1.386060462906598900e+01
1.385612804937638387e+01,1.385589778773892178e+01,1.385547814115035159e+01,1.385471930379023320e+01,-3.279107618047473949e+01,-2.547738884070247778e+01,-2.671831344254129270e+00,1.368474240393595309e+01,1.390776771734672224e+01,1.386704793747098563e+01,1.386056204673846359e+01
1.385613178185310801e+01,1.385590461204426660e+01,1.385549060143184086e+01,1.385474197231441451e+01,1.385342246815778644e+01,-7.804929942890288519e-01,-9.359571118487997055e-02,1.372415069706260304e+01,1.390532780938904267e+01,1.386673668228775469e+01,1.386043839076079642e+01
1.385614160411157059e+01,1.385592256914055298e+01,1.385552339243583120e+01,1.385480163620239935e+01,1.385352978753649111e+01,3.081811379476015134e+00,3.683801021561562195e+00,1.376687723645534511e+01,1.390118660572250242e+01,1.386626068255740307e+01,1.386044571706980300e+01
1.385614322898390327e+01,1.385592554286153799e+01,1.385552883634820986e+01,1.385481161468989519e+01,1.385354814714066052e+01,7.000726854273246147e+00,8.049090410692723907e+00,1.381415477123943703e+01,1.389319089152401077e+01,1.386506574610679721e+01,1.386014078277446693e+01
1.385616526091417811e+01,1.385596582055635295e+01,1.385560238207241568e+01,1.385494539256280611e+01,1.385378848139635544e+01,1.060737269564884500e+01,1.148553034136544504e+01,1.385022485667343517e+01,1.388330131982776550e+01,1.386378439849616839e+01,1.385994833377306179e+01
1.385618210750887691e+01,1.385599662757924833e+01,1.385565866936348023e+01,1.385504793434405535e+01,1.385397346850771783e+01,1.220974441357683205e+01,1.298503031473508607e+01,1.386112520058056674e+01,1.387470744823453117e+01,1.386243992874113573e+01,1.385965609247896424e+01
1.385620551022148916e+01,1.385603942843801306e+01,1.385573688153565541e+01,1.385519042935858991e+01,1.385423042479285449e+01,1.343031404428127473e+01,1.357260077661191033e+01,1.386399251508290220e+01,1.386740649009384185e+01,1.386089725648399629e+01,1.385932180982663553e+01
