9.797491258494982702e+00,9.797104385209260968e+00,9.796398290544358289e+00,9.795115530754692657e+00,-5.768497339657820788e+01,-4.943925704093454243e+01,-2.626963851441673725e+01,2.558865646895473134e+00,9.875056978300596811e+00,9.814228982948499436e+00,9.803198487749153145e+00
9.797336271941224695e+00,9.796820981245007331e+00,9.795880456800958314e+00,-5.950764017769252234e+01,-5.858493530499370650e+01,-4.946188553191311854e+01,-2.651201019883033538e+01,2.571081496024919755e+00,9.875623938541620461e+00,9.814116417181313778e+00,9.803162266768454813e+00
9.797340524287486474e+00,9.796828731202783302e+00,9.795894590825598769e+00,-5.917014609864410346e+01,-5.823649251274103023e+01,-4.919521102631131271e+01,-2.637866276915240249e+01,2.606621153809709934e+00,9.877245199787262564e+00,9.814429096067318170e+00,9.803261856881217540e+00
9.797329473075768291e+00,9.796808533116669437e+00,9.795857692966752239e+00,-5.814912235055839318e+01,-5.730946835372856896e+01,-4.851996299294896176e+01,-2.603627732279627693e+01,2.688950717450359740e+00,9.877694289824459517e+00,9.814498014272651005e+00,9.803282993307648852e+00
9.797327730061583750e+00,9.796805353894983526e+00,9.795851890898557457e+00,-5.592247983811130041e+01,-5.486685545598410840e+01,-4.653071170376631471e+01,-2.514537493369929777e+01,2.890389557612244698e+00,9.878088228104534352e+00,9.814453782089602285e+00,9.803263368171068137e+00
9.797333973878741276e+00,9.796816775177248360e+00,9.795872769400954638e+00,-1.791406538708487517e+01,-4.889820143415462894e+01,-4.188725300540691165e+01,-2.255345125931353323e+01,3.308926337511724380e+00,9.877886088888940819e+00,9.814211614609368084e+00,9.803176882291181116e+00
9.797350437486027630e+00,9.796846884044853709e+00,9.795927801204628693e+00,-1.414413674601128257e+01,-3.838864186219615959e+01,-3.274091999244770790e+01,-1.757979281841609520e+01,4.111568988434212812e+00,9.875660979883969404e+00,9.813987802289600992e+00,9.803094895298812617e+00
9.797367392342616554e+00,9.796877888721102323e+00,9.795984472405018906e+00,-8.548555134945175382e+00,-2.242271877045723016e+01,-1.915848837369880897e+01,-9.597006691429786684e+00,5.486732124666928279e+00,9.869100284588403937e+00,9.813165689078392262e+00,9.803023982358634925e+00
9.797380123133898167e+00,9.796901164536349071e+00,9.796027016410866040e+00,-1.292521515680560285e+00,-7.158529267326709800e+00,-5.435890568771148068e+00,-6.898709073839102146e-01,7.277876453638642218e+00,9.856169198704478163e+00,9.811695552513915786e+00,9.802730795865349123e+00
9.797411506191634700e+00,9.796958560212759792e+00,9.796131909253155357e+00,4.922025789677059393e+00,2.866566234846952277e+00,3.541728127463294573e+00,5.417766108030030558e+00,8.702102418946827456e+00,9.840456983645367472e+00,9.809728639241265924e+00,9.802421450154772842e+00
9.797446868702850864e+00,9.797023258230996845e+00,9.796250223700686988e+00,8.007960159005106604e+00,7.368213575182283037e+00,7.601154097599119197e+00,8.251082178288733360e+00,9.407845387164201156e+00,9.826246249801140920e+00,9.807355540755539280e+00,9.802067119990802269e+00
