9.797491258492536659e+00,9.797104385206894861e+00,9.796398290542246201e+00,9.795115530753390587e+00,-5.768497339680979508e+01,-4.943925704083667227e+01,-2.626963851438007680e+01,2.558865647011287603e+00,9.875056978670889052e+00,9.814228984124891753e+00,9.803198491473155585e+00
9.797336271938764440e+00,9.796820981242627013e+00,9.795880456798833791e+00,-5.950764017855701127e+01,-5.858493530498541446e+01,-4.946188553189818293e+01,-2.651201019878819665e+01,2.571081496140655620e+00,9.875623938911539668e+00,9.814116418355979476e+00,9.803162270486900809e+00
9.797340524285026220e+00,9.796828731200404761e+00,9.795894590823472470e+00,-5.917014609735507946e+01,-5.823649251273749172e+01,-4.919521102632896969e+01,-2.637866276912371433e+01,2.606621153924930212e+00,9.877245200156520966e+00,9.814429097240202182e+00,9.803261860594099986e+00
9.797329473073311590e+00,9.796808533114292672e+00,9.795857692964633046e+00,-5.814912234961391135e+01,-5.730946835371808845e+01,-4.851996299292204640e+01,-2.603627732275963780e+01,2.688950717565701254e+00,9.877694290193247184e+00,9.814498015443811951e+00,9.803282997015029920e+00
9.797327730059132378e+00,9.796805353892610313e+00,9.795851890896438263e+00,-5.592247983715471094e+01,-5.486685545598723479e+01,-4.653071170384908584e+01,-2.514537493365708798e+01,2.890389557734454939e+00,9.878088228473014709e+00,9.814453783259070363e+00,9.803263371873015330e+00
9.797333973876291680e+00,9.796816775174880476e+00,9.795872769398838997e+00,-1.791406538707147078e+01,-4.889820143147042586e+01,-4.188725300524511397e+01,-2.255345125912926463e+01,3.308926337628600223e+00,9.877886089256817215e+00,9.814211615777148623e+00,9.803176885987808120e+00
9.797350437483583363e+00,9.796846884042489378e+00,9.795927801202516605e+00,-1.414413674604202242e+01,-3.838864186224413544e+01,-3.274091999248705065e+01,-1.757979281837089403e+01,4.111568988549512582e+00,9.875660980251145915e+00,9.813987803455741954e+00,9.803094898990323713e+00
9.797367392340177616e+00,9.796877888718743321e+00,9.795984472402912147e+00,-8.548555134898711216e+00,-2.242271877036372274e+01,-1.915848837355080292e+01,-9.597006691370694398e+00,5.486732124777167208e+00,9.869100284955049318e+00,9.813165690243035755e+00,9.803023986045459992e+00
9.797380123131464558e+00,9.796901164533993622e+00,9.796027016408762833e+00,-1.292521515660517650e+00,-7.158529267313753053e+00,-5.435890568751510443e+00,-6.898709073622582011e-01,7.277876453750224073e+00,9.856169199070713205e+00,9.811695553677267867e+00,9.802730799548125873e+00
9.797411506189206420e+00,9.796958560210413225e+00,9.796131909251061032e+00,4.922025789691709008e+00,2.866566234835043581e+00,3.541728127466757137e+00,5.417766108072199494e+00,8.702102419064537742e+00,9.840456984011474617e+00,9.809728640403587718e+00,9.802421453834273990e+00
9.797446868700431466e+00,9.797023258228655607e+00,9.796250223698599768e+00,8.007960159009304135e+00,7.368213575187974484e+00,7.601154097606954707e+00,8.251082178320721994e+00,9.407845387276708493e+00,9.826246250166711604e+00,9.807355541916965791e+00,9.802067123667715265e+00
