1.385623424602211706e+01,1.385609207143576249e+01,1.385583308918406154e+01,1.385536552843492863e+01,1.385454577837808188e+01,-2.912114357552441035e+01,-4.329705357922472686e+00,1.366043748193678553e+01,1.390927912703758018e+01,1.386714475574982508e+01,1.386060080405576045e+01
1.385612862554988567e+01,1.385589896227942575e+01,1.385548041134727626e+01,1.385472355614155759e+01,-3.962405241665838673e+01,-3.078224112587499661e+01,-4.210135894109477306e+00,1.365644989655381458e+01,1.390879044676577081e+01,1.386704940812352049e+01,1.386056391775903407e+01
1.385613081148579617e+01,1.385590295888906098e+01,1.385548770958851961e+01,1.385473682674108531e+01,1.385341319549874228e+01,-2.838051440671102554e+01,-4.084860309903051601e+00,1.366022453291816419e+01,1.390847610512566135e+01,1.386698505412996951e+01,1.386053874034207922e+01
1.385613251393014345e+01,1.385590607132475327e+01,1.385549339198223251e+01,1.385474715755262842e+01,1.385343172685749202e+01,-2.752895865649210805e+01,-3.599704410122876119e+00,1.366791444307050796e+01,1.390807899386252622e+01,1.386712452890218472e+01,1.386059301984251491e+01
1.385612904886706787e+01,1.385589973197252434e+01,1.385548181380163335e+01,1.385472610442700159e+01,-3.502260886637400716e+01,-2.717803011272357594e+01,-2.935853164597395093e+00,1.368689486728706228e+01,1.390781156018657683e+01,1.386705279397361679e+01,1.386056361219401545e+01
1.385613205945375981e+01,1.385590523275883434e+01,1.385549185512778969e+01,1.385474437675776826e+01,1.385342690549943256e+01,-1.079102612914236481e+00,-1.267408735290241228e+00,1.371952690750142168e+01,1.390586430599409340e+01,1.386684846452395981e+01,1.386048190860759632e+01
1.385613895190735967e+01,1.385591783574789915e+01,1.385551487168058316e+01,1.385478626579930506e+01,1.385350231423733192e+01,2.255422488035348394e+00,2.358252091168341558e+00,1.377380867107750717e+01,1.390168505174545466e+01,1.386635373158879325e+01,1.386048241041659068e+01
1.385614209161859023e+01,1.385592357974208255e+01,1.385552537951158136e+01,1.385480548867016459e+01,1.385353747741465469e+01,-1.407736977826242963e+00,6.845914672803242951e+00,1.381495456419629164e+01,1.389422114961102572e+01,1.386529574062542913e+01,1.386023881244097922e+01
1.385615996123309479e+01,1.385595625703450118e+01,1.385558505578712030e+01,1.385491405298858503e+01,1.385373257120122403e+01,7.366054360748849561e+00,1.072092164236257439e+01,1.385092555289288541e+01,1.388463086117249645e+01,1.386391810315797812e+01,1.386001128557719042e+01
1.385617922076091446e+01,1.385599147345816284e+01,1.385564938827834425e+01,1.385503120611893380e+01,1.385394372040479283e+01,1.157843489377911794e+01,1.271029148060726044e+01,1.386690470008456622e+01,1.387579001206364637e+01,1.386252475183325039e+01,1.385969539478239554e+01
1.385620823218309816e+01,1.385604453140457792e+01,1.385574633596432648e+01,1.385520784740936051e+01,1.385426255764757286e+01,1.310974789411612740e+01,1.347538928777329659e+01,1.386641311294559387e+01,1.386900882818732583e+01,1.386132778800506671e+01,1.385939581703057399e+01
