5.542533817683456476e+01,5.542510015334771367e+01,5.542466604728500101e+01,5.542387927697951966e+01,1.972039590330479442e+01,6.907653675462418263e+00,2.885149359574056405e+01,5.156534134400306613e+01,5.550568807948964434e+01,5.544015339281511245e+01,5.543050522522743506e+01
5.542518788715442213e+01,5.542482536790928549e+01,5.542416408844570697e+01,5.542296485772934034e+01,2.055198391701571836e+01,7.119059019228544116e+00,2.884351490119949801e+01,5.157539791941030671e+01,5.550545936519294798e+01,5.544011341301532525e+01,5.543049189736822058e+01
5.542518901218163307e+01,5.542482742611965563e+01,5.542416784888466452e+01,5.542297170525284855e+01,2.050926451612328094e+01,7.310279268934763763e+00,2.896137755210373399e+01,5.161062781877340910e+01,5.550598597058490213e+01,5.544020446884258746e+01,5.543052219064981756e+01
5.542518650325762053e+01,5.542482283802412724e+01,5.542415946771156143e+01,5.542295644522459952e+01,2.105755730957092453e+01,8.275596874713647466e+00,2.943641956057719966e+01,5.170228777717597524e+01,5.550636535333229205e+01,5.544025751916595368e+01,5.543053904218062655e+01
5.542518571083648737e+01,5.542482138785258883e+01,5.542415681889503531e+01,5.542295163272106606e+01,2.325388943861475255e+01,1.054824213126432753e+01,3.036780860412262228e+01,5.191121522269355637e+01,5.550631776401075967e+01,5.544020134060562555e+01,5.543051731148896977e+01
5.542518981695086211e+01,5.542482889705598126e+01,5.542417054094006801e+01,5.542297666100095910e+01,2.691460373345625001e+01,1.576628926863581626e+01,3.273156195801846735e+01,5.229704742626406500e+01,5.550485552977476544e+01,5.544008297118132589e+01,5.543047253515848638e+01
5.542519762443403408e+01,5.542484317323403786e+01,5.542419663036399413e+01,5.542302425494649754e+01,3.293786364736831018e+01,2.575064948489113448e+01,3.765973900283574949e+01,5.302529121284557334e+01,5.549832643087987094e+01,5.543929203522300497e+01,5.543040596518132190e+01
5.542520534994649495e+01,5.542485730022052337e+01,5.542422244509684504e+01,5.542307131781659280e+01,4.278640097219383165e+01,3.806679629769695339e+01,4.458586900526710650e+01,5.403867398531377830e+01,5.548563366469142011e+01,5.543809137310724111e+01,5.543018086481186657e+01
5.542522791470504728e+01,5.542489856053058617e+01,5.542429782905616520e+01,5.542320867588616551e+01,4.984582883780738882e+01,4.769657299979465392e+01,5.052256574984781423e+01,5.483969932674071401e+01,5.547013101896712328e+01,5.543611996060925406e+01,5.542983038334733692e+01
5.542526479886656432e+01,5.542496601197960615e+01,5.542442108522529054e+01,5.542343334202292482e+01,5.322643056018073082e+01,5.261112207952814401e+01,5.362899718735324939e+01,5.522303433193135191e+01,5.545640956123668985e+01,5.543405402474360244e+01,5.542935416758538736e+01
5.542531177878208837e+01,5.542505193184392454e+01,5.542457810812936714e+01,5.542371959273435778e+01,5.463842475045326808e+01,5.449090984115827041e+01,5.482854600739860018e+01,5.536034176912477278e+01,5.544512091835919421e+01,5.543226322594238553e+01,5.542908774672251582e+01
