9.797483237166506598e+00,9.797089704397929921e+00,9.796371406472815124e+00,9.795066209734699214e+00,-1.153896382962108902e+01,-2.683474679292923781e+01,-1.520909083326540134e+01,3.864578033375019483e+00,9.869704710993216779e+00,9.814094130808442173e+00,9.803197489721773294e+00
9.797305494773773660e+00,9.796764658561219363e+00,9.795777422482174757e+00,-2.837666341783874913e+01,-3.332566872640224886e+01,-2.840447227379634398e+01,-1.490678721143538610e+01,3.877178097885231267e+00,9.869271937357158464e+00,9.814022653919577621e+00,9.803175340981795216e+00
9.797307508882742155e+00,9.796768350676014592e+00,9.795784180253617635e+00,-2.923777028206889383e+01,-3.322019938526886307e+01,-2.832553040215806917e+01,-1.489916144822831789e+01,3.900352479343764500e+00,9.869734754626861672e+00,9.814220088258243990e+00,9.803243140482662099e+00
9.797296360944187654e+00,9.796747961507618285e+00,9.795746911108995647e+00,-2.891055389691009481e+01,-3.294799863462734635e+01,-2.812067377535071344e+01,-1.485368669779523465e+01,3.959543981440243776e+00,9.869956134353076393e+00,9.814306366336293053e+00,9.803272589217531419e+00
9.797291652464252820e+00,9.796739361579014371e+00,9.795731198734237921e+00,-2.749504686047411184e+01,-3.223588077842384791e+01,-2.755112603434785612e+01,-1.462980253369249084e+01,4.088479144460580805e+00,9.870140804302501181e+00,9.814279447892687358e+00,9.803261087287346243e+00
9.797295075455192404e+00,9.796745625287165637e+00,9.795742647075179832e+00,-3.184631658557210088e+01,-3.038004967466874007e+01,-2.598166990631955287e+01,-1.390647049885124176e+01,4.380881817453915694e+00,9.869581522968696063e+00,9.813997926245086489e+00,9.803163477226172873e+00
9.797311736861004761e+00,9.796776093460126233e+00,9.795798327770503633e+00,-9.510620882108600682e+00,-2.580737408979096159e+01,-2.207971334521886320e+01,-1.157642715150243617e+01,4.944240004039096803e+00,9.867649236555449122e+00,9.813798454163190854e+00,9.803089587444292263e+00
9.797327543710839137e+00,9.796805004404683714e+00,9.795851176396514148e+00,-5.008507960606975118e+00,-1.696359858863065284e+01,-1.435865490875354844e+01,-6.612035478824833667e+00,5.946189553382258630e+00,9.862745648317449820e+00,9.813115212233029183e+00,9.803058086447654418e+00
9.797338976822263845e+00,9.796825924847990308e+00,9.795889444492424047e+00,2.299899672144825047e-01,-5.704921807276264190e+00,-4.276090191160246690e+00,3.219387595729550355e-02,7.375666854927951377e+00,9.853087972645861115e+00,9.811713746008379644e+00,9.802773178853005476e+00
9.797380274307618819e+00,9.796901453858387399e+00,9.796027504986987822e+00,5.241961394134638574e+00,3.008122131986422421e+00,3.622854976266479898e+00,5.464774034273602865e+00,8.676474955022600355e+00,9.839493234849710390e+00,9.809728094059797954e+00,9.802447003680454074e+00
9.797425097729613341e+00,9.796983451837849799e+00,9.796177452360321780e+00,8.085453503883639925e+00,7.338151350285739838e+00,7.558727039128219083e+00,8.217011623388909669e+00,9.384375082185934858e+00,9.826649740846377767e+00,9.807623394633269598e+00,9.802000780307960071e+00
