9.797501880171871846e+00,9.797123847520314399e+00,9.796433913778043845e+00,9.795180655654844415e+00,-5.199094377139221024e+01,-4.947499392264501239e+01,-2.653602379772194197e+01,2.554730752268915328e+00,9.874894003279262478e+00,9.814220248086110487e+00,9.803196771285593414e+00
9.797335690532566588e+00,9.796819928368465824e+00,9.795878546963960432e+00,-5.946029243506402651e+01,-5.862626430079355799e+01,-4.948569176195493213e+01,-2.648673818270173186e+01,2.570858395508533345e+00,9.875527294178720439e+00,9.814317114881468740e+00,9.803226383990681470e+00
9.797333312244479231e+00,9.796815579640162142e+00,9.795870603533433751e+00,-5.919981234628453848e+01,-5.828975438501301198e+01,-4.923780082879451214e+01,-2.635793361652890709e+01,2.606770009073151595e+00,9.877460600486218212e+00,9.814467392519439670e+00,9.803273923381002675e+00
9.797328276143614900e+00,9.796806384510349019e+00,9.795853810128791750e+00,-5.822466797204027955e+01,-5.738665983714800944e+01,-4.855048544317361348e+01,-2.598517765439165927e+01,2.689931401081782969e+00,9.877896968015752677e+00,9.814530594787424178e+00,9.803293089937517024e+00
9.797326869750808243e+00,9.796803827206403525e+00,9.795849149763865782e+00,-5.624804943858087825e+01,-5.501009021272287214e+01,-4.664222329261436784e+01,-2.515226228536566211e+01,2.881772259983848894e+00,9.878526943684523332e+00,9.814517942193662137e+00,9.803282882561235922e+00
9.797332532689390305e+00,9.796814181874616168e+00,9.795868077610528246e+00,-1.809362095039075058e+01,-4.920864514532947709e+01,-4.216135231352308210e+01,-2.270491374000676288e+01,3.276533032344701724e+00,9.877963940510930740e+00,9.814221664117436461e+00,9.803179862634955555e+00
9.797350315588531089e+00,9.796846701613171504e+00,9.795927511181970360e+00,-1.435969996008543959e+01,-3.920939801278996129e+01,-3.349504906273926963e+01,-1.797934726765643632e+01,4.071284677754634984e+00,9.875947635189378460e+00,9.813993674892001806e+00,9.803094432602129871e+00
9.797369209261331591e+00,9.796881255843704395e+00,9.795990676142704245e+00,-8.918552118772453241e+00,-2.350908451323632420e+01,-2.009880423337342137e+01,-1.014625782965550194e+01,5.469583150322991472e+00,9.869441636074096635e+00,9.813143810771258302e+00,9.803012303654197623e+00
9.797384721821565279e+00,9.796909616446431102e+00,9.796042511989334400e+00,-1.419440537868739582e+00,-7.836097217181087871e+00,-6.042963357220806131e+00,-1.010146001219538903e+00,7.300543857545424231e+00,9.856537077802739688e+00,9.811619128470310258e+00,9.802696385308907523e+00
9.797421257049105492e+00,9.796976432579025840e+00,9.796164621633469238e+00,4.867574925203301817e+00,2.595884879136828971e+00,3.310844255898685695e+00,5.306127487648246266e+00,8.728623288458976504e+00,9.840598897970821213e+00,9.809579460306542487e+00,9.802354930586387738e+00
9.797461847491556242e+00,9.797050690831296649e+00,9.796300402231448601e+00,7.233007841332415921e+00,7.279709154615476407e+00,7.525717006032911272e+00,8.211570306939526276e+00,9.419903128350705757e+00,9.826716513471057013e+00,9.807332258958094684e+00,9.802045820840998402e+00
