1.385623621437408204e+01,1.385609552081411522e+01,1.385583924168267522e+01,1.385537660489071499e+01,1.385456575735720364e+01,-2.909679836368374950e+01,-4.559744333701535091e+00,1.365702220382381071e+01,1.390949868539706102e+01,1.386719263536192059e+01,1.386061973377175249e+01
1.385612702790949946e+01,1.385589590327224840e+01,1.385547468109613334e+01,1.385471298818519159e+01,-3.922501029880279333e+01,-3.033239887661793333e+01,-4.496033249594953318e+00,1.365487130659421489e+01,1.390873665548457971e+01,1.386704019403931198e+01,1.386056041930940452e+01
1.385613080433610733e+01,1.385590280818518849e+01,1.385548728997837387e+01,1.385473591762999845e+01,1.385341144177580119e+01,-2.824709135130778748e+01,-4.237803774939070678e+00,1.365791866748853423e+01,1.390850455531245444e+01,1.386699343249641103e+01,1.386054219264317311e+01
1.385613198727730833e+01,1.385590497135812349e+01,1.385549123987151177e+01,1.385474309952763150e+01,1.385342432288406656e+01,-2.698106817073311703e+01,-3.732346193929874545e+00,1.366557871881400388e+01,1.390805114850238766e+01,1.386712112328495827e+01,1.386059185256826076e+01
1.385612884787904520e+01,1.385589923172088866e+01,1.385548076041363785e+01,1.385472404776019317e+01,-3.334916030800960129e+01,-2.554229094971505631e+01,-2.823534152334033820e+00,1.368342683294895323e+01,1.390771265320036676e+01,1.386703620734380493e+01,1.386055742640384736e+01
1.385613209143469504e+01,1.385590515972070769e+01,1.385549158243580692e+01,1.385474373682044558e+01,1.385342561769032343e+01,-1.074999895307685804e+00,-1.825380153862274923e-01,1.372095784140210206e+01,1.390540302467683276e+01,1.386675488398406486e+01,1.386044567749097567e+01
1.385614095557544445e+01,1.385592136496314097e+01,1.385552117443746312e+01,1.385479758044887433e+01,1.385352246886053074e+01,-7.493950899395882104e+00,3.456322096958280632e+00,1.375818924257117004e+01,1.390107073740759169e+01,1.386624820979682582e+01,1.386044174321913403e+01
1.385614257030825769e+01,1.385592431771914335e+01,1.385552657466472937e+01,1.385480745273159364e+01,1.385354048218857415e+01,7.033987022704323522e+00,8.331524874609907982e+00,1.381584849295250095e+01,1.389286405907036581e+01,1.386520441628029943e+01,1.386020051136588904e+01
1.385616142672183138e+01,1.385595879272835518e+01,1.385558953588082787e+01,1.385492203388049148e+01,1.385374663539934836e+01,1.081386642145621302e+01,1.160884829638061078e+01,1.384875352020703332e+01,1.388225724009297757e+01,1.386349930676077058e+01,1.385981160685701674e+01
1.385619064384832910e+01,1.385601220931510369e+01,1.385568708938459892e+01,1.385509955471063392e+01,1.385406589605781491e+01,1.228891417634590155e+01,1.303299676606232893e+01,1.386355392820939869e+01,1.387410180119947967e+01,1.386220801528140001e+01,1.385952734239042528e+01
1.385621646830598763e+01,1.385605944049254568e+01,1.385577340235144561e+01,1.385525686081770402e+01,1.385434995941352909e+01,1.344268687605866219e+01,1.358859660882923137e+01,1.386436883989372681e+01,1.386717847263767744e+01,1.386098766592062859e+01,1.385937803406544688e+01
