5.542534227161321780e+01,5.542510753420182112e+01,5.542467940411654581e+01,5.542390337523448096e+01,6.061610791815680521e+00,1.093083881144573866e+01,2.656195802561840580e+01,5.154252114368789961e+01,5.550649608355045928e+01,5.544031396716593463e+01,5.543055993731826447e+01
5.542518226835863970e+01,5.542481500083192714e+01,5.542414505188315843e+01,5.542293008248117303e+01,2.059331498363056667e+01,1.129796214343117811e+01,2.667111677311698870e+01,5.155287323978625835e+01,5.550598868951004761e+01,5.544022124090442105e+01,5.543052876839048793e+01
5.542518509054435327e+01,5.542482016121061150e+01,5.542415447833111841e+01,5.542294724903771908e+01,2.020968377257452175e+01,1.160750035051536422e+01,2.688215805881793941e+01,5.158621960427694830e+01,5.550608634481909576e+01,5.544023451116110834e+01,5.543053294847491941e+01
5.542518492083316772e+01,5.542481985064799233e+01,5.542415391083417830e+01,5.542294621742360761e+01,2.079486161467449534e+01,1.239642048217650760e+01,2.736557021190716910e+01,5.167812548140039297e+01,5.550643802516152903e+01,5.544028314307412586e+01,5.543054835680748482e+01
5.542518422982593052e+01,5.542481858726873156e+01,5.542415160438483213e+01,5.542294202943496373e+01,2.302345129996195894e+01,1.415526787212965942e+01,2.849044760210150073e+01,5.188798775122009488e+01,5.550622729722735471e+01,5.544020524536314554e+01,5.543051980788128219e+01
5.542518858766306522e+01,5.542482655511452094e+01,5.542416616220133108e+01,5.542296857159384160e+01,2.744308815208390584e+01,1.860484377164636882e+01,3.149171145714036157e+01,5.230415263518085567e+01,5.550415604972485539e+01,5.543998820714203646e+01,5.543044272545530760e+01
5.542519866756317271e+01,5.542484498566422246e+01,5.542419983723901566e+01,5.542302996180976038e+01,3.390111480040862801e+01,2.850056067342137922e+01,3.787755332516710638e+01,5.309931806543120558e+01,5.549678391344499317e+01,5.543926968838943026e+01,5.543040080843934447e+01
5.542520367993658681e+01,5.542485415259521631e+01,5.542421659230093667e+01,5.542306052234226854e+01,4.375028832437707393e+01,4.385358904874364327e+01,4.578066578133395126e+01,5.414364064424808021e+01,5.548337343906977992e+01,5.543790120433585855e+01,5.543011502822876935e+01
5.542523078964316596e+01,5.542490372207336691e+01,5.542430715027906984e+01,5.542322549028588696e+01,5.066056749597164810e+01,5.053406565128852890e+01,5.147428344762128916e+01,5.490288994649135645e+01,5.546714936137027507e+01,5.543573465825296864e+01,5.542968383228478046e+01
5.542527132954853641e+01,5.542497785297331347e+01,5.542444259509788651e+01,5.542347227765554152e+01,5.371101979047706720e+01,5.366319533796790608e+01,5.403989499809669894e+01,5.525049875153027301e+01,5.545374510561385506e+01,5.543383993965710488e+01,5.542926830976985286e+01
5.542531215326202698e+01,5.542505252292768603e+01,5.542457909558125095e+01,5.542372124508349884e+01,5.484165270721005925e+01,5.473985537984358984e+01,5.497693667973692300e+01,5.537318009564828003e+01,5.544379606253252035e+01,5.543206555647290656e+01,5.542898977374754566e+01
