9.797504710869391786e+00,9.797129265924095165e+00,9.796444066737603151e+00,9.795199475024874758e+00,-4.547963458660956348e+01,-4.260758420445593231e+01,-2.584737317316756489e+01,2.551591858475986019e+00,9.876185378538957949e+00,9.814167531290033608e+00,9.803175994727055809e+00
9.797341087397127168e+00,9.796829929239894597e+00,9.795896964266779250e+00,-5.695582346597414158e+01,-5.422191219569391762e+01,-4.611804888766933175e+01,-2.580038875775424501e+01,2.566412520702495037e+00,9.876166794502520219e+00,9.814147257901783661e+00,9.803168765879746616e+00
9.797342466262076499e+00,9.796832467917759857e+00,9.795901627479443263e+00,-5.661930107144112156e+01,-5.390848361074642980e+01,-4.589686836121224900e+01,-2.570397708910510559e+01,2.601902336999623699e+00,9.877475631631225994e+00,9.814443124575598532e+00,9.803265003083978968e+00
9.797330321956563282e+00,9.796810275131589307e+00,9.795861085403251067e+00,-5.576468101318635462e+01,-5.312916697903693830e+01,-4.533644921268471961e+01,-2.547166555968867030e+01,2.682932569413142954e+00,9.878199000005952968e+00,9.814346631324101011e+00,9.803233402625112447e+00
9.797334501772889226e+00,9.796817960335040709e+00,9.795875162366298738e+00,-5.384060640603949821e+01,-5.135945137133533933e+01,-4.396560010873552216e+01,-2.488709215881506154e+01,2.866410785468892719e+00,9.878799239259043574e+00,9.814330202317849583e+00,9.803222155764167667e+00
9.797340192719715901e+00,9.796828397390275001e+00,9.795894268024406770e+00,-1.832565808803636287e+01,-4.778079348619254318e+01,-4.115255180609048580e+01,-2.337671679192721541e+01,3.236612700366546580e+00,9.878870010101453047e+00,9.814374824794798613e+00,9.803227735782968466e+00
9.797345933164782750e+00,9.796838913123782078e+00,9.795913512612715479e+00,-1.507656009665066321e+01,-4.071468092512822068e+01,-3.527333866929788542e+01,-1.978571187167770518e+01,3.957041179455131896e+00,9.876784826457937427e+00,9.813991166963754509e+00,9.803096293407206119e+00
9.797367302602806305e+00,9.796877988096710510e+00,9.795984923236151332e+00,-9.962525806108304849e+00,-2.805570226629970065e+01,-2.422309534755467197e+01,-1.277560255474999096e+01,5.237542361701695626e+00,9.871076534667320601e+00,9.813309364985347116e+00,9.803069799527373007e+00
9.797376693787141377e+00,9.796895171151758674e+00,9.796016351333170391e+00,-2.939816964987176817e+00,-1.206766003835178758e+01,-9.796726531194959620e+00,-3.427381932158232836e+00,6.994563197370778695e+00,9.859667731701355464e+00,9.812037584648017230e+00,9.802837711019469324e+00
9.797408254261492644e+00,9.796952895088502089e+00,9.796121861475091563e+00,1.547889955067818235e-01,3.188746814479275216e-01,1.273136157892400533e+00,3.952271704045317247e+00,8.516102337807868849e+00,9.844335240198685000e+00,9.810022736625768403e+00,9.802516968191696378e+00
9.797447922591375757e+00,9.797025460932664132e+00,9.796254533394138875e+00,6.325414053457171448e+00,6.384258151252531377e+00,6.723289249664165190e+00,7.675207293112615403e+00,9.329875554082521560e+00,9.830022997066757640e+00,9.807851468645987225e+00,9.802057960940100401e+00
