9.797505869832829006e+00,9.797131384453397374e+00,9.796447920836470757e+00,9.795206369394966472e+00,-5.585062743499261728e+01,-4.795394391731358752e+01,-2.610124793019497957e+01,2.557070097002237752e+00,9.875424961503284749e+00,9.814334475472758612e+00,9.803233688942539104e+00
9.797331477000298605e+00,9.796812463825384398e+00,9.795865154867650304e+00,-5.737167737959058655e+01,-5.586557000808737428e+01,-4.766168112055271422e+01,-2.600840927388010471e+01,2.570628053711927485e+00,9.875627501447045375e+00,9.814299330840080771e+00,9.803219073822086571e+00
9.797335602634049678e+00,9.796819997357285814e+00,9.795878918639834509e+00,-5.701833489382983089e+01,-5.556095210931337647e+01,-4.783449950182218657e+01,-2.591773017941292778e+01,2.607962514053654424e+00,9.877264804389229269e+00,9.814434952714618632e+00,9.803263902620438230e+00
9.797329416492699394e+00,9.796808688085663519e+00,9.795858248173175298e+00,-5.756876417932937784e+01,-5.568967915808253366e+01,-4.732440451056656627e+01,-2.571394271185013736e+01,2.689379631448569619e+00,9.877828400507395301e+00,9.814548082323559797e+00,9.803300135441840979e+00
9.797325254460901078e+00,9.796801087576710643e+00,9.795844366379226287e+00,-5.591713539910390551e+01,-5.402637109439074692e+01,-4.599869850888303802e+01,-2.515572510450142829e+01,2.880779730669485783e+00,9.878455074748259790e+00,9.814558109573798816e+00,9.803298224792445836e+00
9.797329220137843464e+00,9.796808349109809910e+00,9.795857648867908551e+00,-1.810752643210774337e+01,-4.953082852928258006e+01,-4.270248264629961454e+01,-2.365650055425682652e+01,3.252689507994268148e+00,9.878619238511989309e+00,9.814390093747174859e+00,9.803235530114468688e+00
9.797342917254374228e+00,9.796833397071010197e+00,9.795903429985312272e+00,-1.496993944414091615e+01,-4.159503481001866021e+01,-3.584348667557087253e+01,-1.967644143439507332e+01,3.974921142995381906e+00,9.876348680367664556e+00,9.814008297820562277e+00,9.803106463375613089e+00
9.797362711434342231e+00,9.796869591029054192e+00,9.795969573645896489e+00,-9.504891662653511375e+00,-2.788292338106725765e+01,-2.395098358330442068e+01,-1.250398579689730738e+01,5.266792583715085740e+00,9.870419985447162148e+00,9.813310101973215183e+00,9.803076504667327384e+00
9.797371198256069391e+00,9.796885114811814788e+00,9.795997960840614027e+00,-2.380047221614040254e+00,-1.145193826618491073e+01,-9.394794013332683491e+00,-3.133388061211586972e+00,7.023915241872115800e+00,9.858454530830156770e+00,9.812016257955662013e+00,9.802842881731054447e+00
9.797398458919579056e+00,9.796934973092309207e+00,9.796089086141222424e+00,4.108692346747942814e+00,5.711648529095523230e-01,1.514862512808413442e+00,4.155488990140320027e+00,8.535519103428393706e+00,9.843286006699916157e+00,9.809988700125369832e+00,9.802517107336333524e+00
9.797438372075619739e+00,9.797007997037681548e+00,9.796222610726193381e+00,6.428803057250073394e+00,6.484200800766883432e+00,6.816449129678881391e+00,7.749499250082691582e+00,9.337305408545349295e+00,9.828976354127993531e+00,9.807668860101802721e+00,9.801990861505009534e+00
