9.797500687360241045e+00,9.797121666926267736e+00,9.796429898436834094e+00,9.795173146905417738e+00,-3.844455830826650100e+01,-3.673035619546164554e+01,-2.205284549589147858e+01,2.546250675957856480e+00,9.876169937884133887e+00,9.814220595968183858e+00,9.803195400968570894e+00
9.797336939046356719e+00,9.796822228540717603e+00,9.795882758682498803e+00,-3.821988112075838018e+01,-4.397861376118953558e+01,-3.788206647188116705e+01,-2.120114418769976439e+01,2.558877827448161391e+00,9.875200449485920018e+00,9.814130540457341567e+00,9.803171173203574895e+00
9.797336351624146289e+00,9.796821150691767954e+00,9.795880780862855630e+00,-3.933038795110742569e+01,-4.382551694513211515e+01,-3.776644472600971625e+01,-2.118712248965546507e+01,2.593396762632124375e+00,9.876720092492485392e+00,9.814411137211989100e+00,9.803259967881956527e+00
9.797326904062675368e+00,9.796803867270547528e+00,9.795849192872990940e+00,-3.896465944142329363e+01,-4.342945866282616407e+01,-3.747011808431696522e+01,-2.115587910335036526e+01,2.674400299952944149e+00,9.877298860132119884e+00,9.814523595399343492e+00,9.803295823277164089e+00
9.797322912035221876e+00,9.796796586128232676e+00,9.795835903401126643e+00,-3.793295747640785009e+01,-4.237221599034727149e+01,-3.662174592140799945e+01,-2.086522648348043418e+01,2.884267952573473348e+00,9.877419131668862207e+00,9.814503315151728913e+00,9.803287359307029547e+00
9.797325323469245006e+00,9.796801000185251240e+00,9.795843973244364733e+00,-3.643569178320842639e+01,-3.961426103462961379e+01,-3.432525362617017350e+01,-1.952957786547928976e+01,3.329403904570529260e+00,9.877442459006534392e+00,9.814308173167775706e+00,9.803216027505195385e+00
9.797339979562828205e+00,9.796827805197459327e+00,9.795892967946404184e+00,-1.413472135645292127e+01,-3.178350378762048578e+01,-2.904471326027573852e+01,-1.661157685330192990e+01,4.150946651526180808e+00,9.875622317623214741e+00,9.814077458916290908e+00,9.803127954596931204e+00
9.797360467703210674e+00,9.796865272419347903e+00,9.795961455714156330e+00,-9.009751621893840934e+00,-2.197541152003635290e+01,-1.890181948278852531e+01,-9.752523927289743710e+00,5.494685000330044033e+00,9.868697959474712178e+00,9.813264217898517217e+00,9.803065377863889651e+00
9.797369176013960512e+00,9.796881205040364193e+00,9.795990586639280906e+00,-1.489545252387060259e+00,-7.956315318154464578e+00,-6.311712900038152441e+00,-1.364397270471731538e+00,7.220696318708876404e+00,9.856666460091926041e+00,9.811927365223542807e+00,9.802816848561917595e+00
9.797397646750241051e+00,9.796933276390054957e+00,9.796085758145199662e+00,4.594882495124461563e+00,2.184574552824959603e+00,2.912779888191875166e+00,4.972915298729420286e+00,8.640979579081138340e+00,9.841379917651666531e+00,9.809796225033458938e+00,9.802449211171058607e+00
9.797442180264283706e+00,9.797014737042601951e+00,9.796234691884144752e+00,7.136041538642278859e+00,7.089851840246926606e+00,7.333693946403533559e+00,8.062530190287715115e+00,9.376294138987836035e+00,9.827627185426424106e+00,9.807609965878905101e+00,9.801975416387776363e+00
