9.797504710866645539e+00,9.797129265921411090e+00,9.796444066735112699e+00,9.795199475023000701e+00,-4.547963461049558731e+01,-4.260758424447041648e+01,-2.584737317322131744e+01,2.551591858503468035e+00,9.876185378816758842e+00,9.814167532186639065e+00,9.803175997568848388e+00
9.797341087394389803e+00,9.796829929237231838e+00,9.795896964264336759e+00,-5.695582349535643374e+01,-5.422191213747040450e+01,-4.611804892443728221e+01,-2.580038877199379144e+01,2.566412520979368672e+00,9.876166794886225730e+00,9.814147258813589403e+00,9.803168768721789661e+00
9.797342466258880833e+00,9.796832467914239118e+00,9.795901627475412710e+00,-5.661930108751983681e+01,-5.390848365252116281e+01,-4.589686836232512945e+01,-2.570397709149613519e+01,2.601902337935506182e+00,9.877475632010039419e+00,9.814443125484894281e+00,9.803265005920803077e+00
9.797330321953408472e+00,9.796810275128144951e+00,9.795861085399360846e+00,-5.576468101286683066e+01,-5.312916698855967468e+01,-4.533644921533455374e+01,-2.547166556072238564e+01,2.682932572118092995e+00,9.878199000477341229e+00,9.814346632245197100e+00,9.803233405461106997e+00
9.797334501769441317e+00,9.796817960331068775e+00,9.795875162361454613e+00,-5.384060640740734982e+01,-5.135945137266052996e+01,-4.396560011015982639e+01,-2.488709215880980352e+01,2.866410785581893439e+00,9.878799239540853705e+00,9.814330203209156167e+00,9.803222158586670787e+00
9.797340192716973206e+00,9.796828397387590925e+00,9.795894268021910989e+00,-1.832565808813183494e+01,-4.778079348620128997e+01,-4.115255180607910290e+01,-2.337671679189868357e+01,3.236612700453376679e+00,9.878870010380950362e+00,9.814374825684357262e+00,9.803227738600627461e+00
9.797345933162048937e+00,9.796838913121108661e+00,9.795913512610235685e+00,-1.507656009650454010e+01,-4.071468092543003081e+01,-3.527333866927008899e+01,-1.978571187166574319e+01,3.957041179540034648e+00,9.876784826736979994e+00,9.813991167851865427e+00,9.803096296220275008e+00
9.797367302600074268e+00,9.796877988094038869e+00,9.795984923233673314e+00,-9.962525806021261587e+00,-2.805570226650214494e+01,-2.422309534758064586e+01,-1.277560255466416450e+01,5.237542361788081635e+00,9.871076534945895986e+00,9.813309365872090240e+00,9.803069802336171534e+00
9.797376693784416446e+00,9.796895171149094139e+00,9.796016351330701255e+00,-2.939816964903247509e+00,-1.206766003832265000e+01,-9.796726531002038385e+00,-3.427381932248297680e+00,6.994563197446366232e+00,9.859667731979353533e+00,9.812037585533539996e+00,9.802837713824507304e+00
9.797408254258774818e+00,9.796952895085844659e+00,9.796121861472627756e+00,1.547889969935756227e-01,3.188746815230603104e-01,1.273136158111470628e+00,3.952271703702130434e+00,8.516102337812064604e+00,9.844335240473844451e+00,9.810022737509925150e+00,9.802516970993535139e+00
9.797447922588670366e+00,9.797025460930020913e+00,9.796254533391691055e+00,6.325414055050671891e+00,6.384258151819522276e+00,6.723289249580608029e+00,7.675207293224691085e+00,9.329875554214755340e+00,9.830022997347199976e+00,9.807851469530241673e+00,9.802057963739802204e+00
