1.385623756386129735e+01,1.385609800401220681e+01,1.385584377863172278e+01,1.385538478229122461e+01,1.385457992110664804e+01,-2.841080970802105909e+01,-4.550676355447057730e+00,1.366030669328816671e+01,1.390946066133117043e+01,1.386718160953617129e+01,1.386061514500942771e+01
1.385612756621516795e+01,1.385589690585992884e+01,1.385547653060539375e+01,1.385471637331966477e+01,-7.236467774829248967e+00,-2.948972211369096641e+01,-4.483006942734192535e+00,1.365453691800034974e+01,1.390896559037768299e+01,1.386708754458330439e+01,1.386057896595244188e+01
1.385612953992984053e+01,1.385590051418227908e+01,1.385548311792168974e+01,1.385472834173208412e+01,1.385339783361612120e+01,-2.817737312745874689e+01,-4.301323956335524556e+00,1.365619586335616020e+01,1.390853793594154730e+01,1.386700166144233748e+01,1.386054551783319866e+01
1.385613169028411740e+01,1.385590444502997443e+01,1.385549029511799901e+01,1.385474139249920533e+01,1.385342124277140030e+01,-2.656840850804324816e+01,-3.823362926481081558e+00,1.366566616299106762e+01,1.390821179633398863e+01,1.386715392074786379e+01,1.386060461631836205e+01
1.385612804938015330e+01,1.385589778774241765e+01,1.385547814115297172e+01,1.385471930379009464e+01,-3.279107617950955245e+01,-2.547738884077652344e+01,-2.671831344349310022e+00,1.368474240353839200e+01,1.390776771607752771e+01,1.386704793345138498e+01,1.386056203403156672e+01
1.385613178185686500e+01,1.385590461204775181e+01,1.385549060143445566e+01,1.385474197231427773e+01,1.385342246814895617e+01,-7.804929945106076072e-01,-9.359571129220745078e-02,1.372415069666307907e+01,1.390532780812374014e+01,1.386673667828083190e+01,1.386043837809400969e+01
1.385614160411532580e+01,1.385592256914403464e+01,1.385552339243844422e+01,1.385480163620227145e+01,1.385352978752770170e+01,3.081811379500739356e+00,3.683801021429157885e+00,1.376687723605835600e+01,1.390118660446098531e+01,1.386626067856218825e+01,1.386044570443952040e+01
1.385614322898764783e+01,1.385592554286500899e+01,1.385552883635081756e+01,1.385481161468977263e+01,1.385354814713189953e+01,7.000726854306165592e+00,8.049090410568762621e+00,1.381415477084346222e+01,1.389319089026572485e+01,1.386506574212164367e+01,1.386014077017551571e+01
1.385616526091791378e+01,1.385596582055981685e+01,1.385560238207501982e+01,1.385494539256268354e+01,1.385378848138761398e+01,1.060737269561852081e+01,1.148553034124172889e+01,1.385022485627855815e+01,1.388330131857220096e+01,1.386378439451931754e+01,1.385994832119945386e+01
1.385618210751260193e+01,1.385599662758270156e+01,1.385565866936607549e+01,1.385504793434393278e+01,1.385397346849899591e+01,1.220974441351759054e+01,1.298503031461251922e+01,1.386112520018572880e+01,1.387470744698101655e+01,1.386243992477090181e+01,1.385965607992548776e+01
1.385620551022520885e+01,1.385603942844146275e+01,1.385573688153824712e+01,1.385519042935846912e+01,1.385423042478415034e+01,1.343031404424643505e+01,1.357260077648989238e+01,1.386399251468908744e+01,1.386740648884214977e+01,1.386089725251924953e+01,1.385932179728921554e+01
