9.797500687361626603e+00,9.797121666927633754e+00,9.796429898438139716e+00,9.795173146906533290e+00,-3.844455830797171814e+01,-3.673035619523814432e+01,-2.205284549590974308e+01,2.546250675930775476e+00,9.876169937797639520e+00,9.814220595691706350e+00,9.803195400091446743e+00
9.797336939047758264e+00,9.796822228542099609e+00,9.795882758683822189e+00,-3.821988112058783571e+01,-4.397861376119130483e+01,-3.788206647188439291e+01,-2.120114418770689468e+01,2.558877827421628837e+00,9.875200449399393676e+00,9.814130540181068341e+00,9.803171172327148852e+00
9.797336351625547834e+00,9.796821150693153513e+00,9.795880780864182569e+00,-3.933038795092869577e+01,-4.382551694513344387e+01,-3.776644472601245894e+01,-2.118712248966298262e+01,2.593396762605622463e+00,9.876720092406142015e+00,9.814411136935961011e+00,9.803259967006241027e+00
9.797326904064076913e+00,9.796803867271929533e+00,9.795849192874312550e+00,-3.896465944122019209e+01,-4.342945866282791911e+01,-3.747011808432265667e+01,-2.115587910336239474e+01,2.674400299926319224e+00,9.877298860045851114e+00,9.814523595123539224e+00,9.803295822402152027e+00
9.797322912036621645e+00,9.796796586129614681e+00,9.795835903402450029e+00,-3.793295747615741220e+01,-4.237221599034447195e+01,-3.662174592141175111e+01,-2.086522648348334386e+01,2.884267952546990088e+00,9.877419131582662715e+00,9.814503314876144913e+00,9.803287358432712040e+00
9.797325323470642999e+00,9.796801000186629693e+00,9.795843973245682790e+00,-3.643569178297671129e+01,-3.961426103457562675e+01,-3.432525362614801168e+01,-1.952957786549171004e+01,3.329403904544658399e+00,9.877442458920446811e+00,9.814308172892411974e+00,9.803216026631567104e+00
9.797339979564224421e+00,9.796827805198836003e+00,9.795892967947722241e+00,-1.413472135644421002e+01,-3.178350378742901938e+01,-2.904471326023379874e+01,-1.661157685331294687e+01,4.150946651499544338e+00,9.875622317537127159e+00,9.814077458641127905e+00,9.803127953723965504e+00
9.797360467704603337e+00,9.796865272420721027e+00,9.795961455715470834e+00,-9.009751621882090333e+00,-2.197541151998634845e+01,-1.890181948279092339e+01,-9.752523927307553464e+00,5.494685000303620726e+00,9.868697959388708085e+00,9.813264217623551389e+00,9.803065376991536795e+00
9.797369176015349623e+00,9.796881205041731988e+00,9.795990586640591857e+00,-1.489545252385042318e+00,-7.956315318139004944e+00,-6.311712900037186103e+00,-1.364397270476696455e+00,7.220696318682661818e+00,9.856666460005969910e+00,9.811927364948742181e+00,9.802816847690095869e+00
9.797397646751624833e+00,9.796933276391420975e+00,9.796085758146503508e+00,4.594882495118891796e+00,2.184574552828022043e+00,2.912779888190554001e+00,4.972915298721559907e+00,8.640979579054636872e+00,9.841379917565742375e+00,9.809796224758795091e+00,9.802449210299673865e+00
9.797442180265662159e+00,9.797014737043962640e+00,9.796234691885443269e+00,7.136041538658025374e+00,7.089851840244270065e+00,7.333693946400864583e+00,8.062530190280652320e+00,9.376294138961677405e+00,9.827627185340528371e+00,9.807609965604346058e+00,9.801975415516739787e+00
