1.385623572412866089e+01,1.385609463072624337e+01,1.385583760481868865e+01,1.385537351370113512e+01,1.385455949642022055e+01,-2.395983147862458296e+01,-3.871730968510570747e+00,1.365080222014794842e+01,1.390939963345679864e+01,1.386717895515386090e+01,1.386061491724651162e+01
1.385612694020125346e+01,1.385589575354572744e+01,1.385547441585801565e+01,1.385471250278895639e+01,-7.201290757516369823e+00,-2.461540919919431403e+01,-3.743940506477298591e+00,1.364812799862800219e+01,1.390893049858370745e+01,1.386708617595463977e+01,1.386057890001264425e+01
1.385612916424282304e+01,1.385589981944922755e+01,1.385548183895800278e+01,1.385472599596266363e+01,-3.152178290580533115e+01,-2.473831671532816756e+01,-3.640914923185612828e+00,1.365311040009953913e+01,1.390886865882973211e+01,1.386707053856011385e+01,1.386057253979634751e+01
1.385612978497484704e+01,1.385590095484093709e+01,1.385548391359703047e+01,1.385472977618703894e+01,1.385340037916582290e+01,-2.222976401231702326e+01,-3.301590206175784914e+00,1.366014646801961696e+01,1.390834585010031077e+01,1.386696211133830126e+01,1.386052999265711883e+01
1.385613275305762571e+01,1.385590637926043200e+01,1.385549381483244069e+01,1.385474777424026271e+01,1.385343266502583504e+01,-2.022776312527496501e+01,-2.447757226710407963e+00,1.367711220490667756e+01,1.390767254332545377e+01,1.386703534840196639e+01,1.386055770532843745e+01
1.385613159850398546e+01,1.385590426926064467e+01,1.385548996491646889e+01,1.385474079211907394e+01,1.385342026156290629e+01,-1.059474230752555979e+00,-2.064615171850165964e-01,1.372074215268292363e+01,1.390542428766112160e+01,1.386675778655260416e+01,1.386044666722874652e+01
1.385614100569766549e+01,1.385592146782552803e+01,1.385552137351393043e+01,1.385479795776052825e+01,1.385352318923277082e+01,-7.995261833783377625e+00,2.756908095109409373e+00,1.375754624206027188e+01,1.390149408799686626e+01,1.386633418340008994e+01,1.386047633396756851e+01
1.385614082498929633e+01,1.385592113998083619e+01,1.385552078748256832e+01,1.385479696152247264e+01,1.385352179628125668e+01,1.834896355395462031e+00,7.425024463948697750e+00,1.380759727224636890e+01,1.389385623592238872e+01,1.386522760286846179e+01,1.386021104143163818e+01
1.385616033505407074e+01,1.385595680786734007e+01,1.385558591842346310e+01,1.385491544655405072e+01,1.385373473026132984e+01,1.030411623298445889e+01,1.113644290001890269e+01,1.385160406490969898e+01,1.388404941037665807e+01,1.386376255689707904e+01,1.385993651799406479e+01
1.385618387431722809e+01,1.385599984868863466e+01,1.385566454178080242e+01,1.385505862005424049e+01,1.385399278603120621e+01,1.201316288349459604e+01,1.284406442529256864e+01,1.386176761874291685e+01,1.387542618544106432e+01,1.386245335085779828e+01,1.385966219482555850e+01
1.385620599057796376e+01,1.385604029398788128e+01,1.385573844367846341e+01,1.385519324631975024e+01,1.385423551129719755e+01,1.335067384160299753e+01,1.352439528405857416e+01,1.386393417731955680e+01,1.386817055796168496e+01,1.386122028969626641e+01,1.385933301241929527e+01
