9.797491258495185207e+00,9.797104385209456368e+00,9.796398290544532372e+00,9.795115530754799238e+00,-5.768497339655893086e+01,-4.943925704094263551e+01,-2.626963851441972864e+01,2.558865646885966960e+00,9.875056978270160712e+00,9.814228982851801675e+00,9.803198487443006925e+00
9.797336271941427199e+00,9.796820981245202731e+00,9.795880456801132397e+00,-5.950764017762060831e+01,-5.858493530499437441e+01,-4.946188553191436910e+01,-2.651201019883380638e+01,2.571081496015405587e+00,9.875623938511202127e+00,9.814116417084711941e+00,9.803162266462623009e+00
9.797340524287688979e+00,9.796828731202980478e+00,9.795894590825772852e+00,-5.917014609874883035e+01,-5.823649251274130734e+01,-4.919521102630984188e+01,-2.637866276915476149e+01,2.606621153800231294e+00,9.877245199756885086e+00,9.814429095970817585e+00,9.803261856575701927e+00
9.797329473075970796e+00,9.796808533116863060e+00,9.795857692966928099e+00,-5.814912235063540891e+01,-5.730946835372940029e+01,-4.851996299295117865e+01,-2.603627732279927187e+01,2.688950717440863780e+00,9.877694289794106908e+00,9.814498014176248120e+00,9.803282993002442325e+00
9.797327730061786255e+00,9.796805353895177149e+00,9.795851890898731540e+00,-5.592247983818886325e+01,-5.486685545598388103e+01,-4.653071170375956456e+01,-2.514537493370279009e+01,2.890389557602183856e+00,9.878088228074190624e+00,9.814453781993293546e+00,9.803263367866168920e+00
9.797333973878942004e+00,9.796816775177445535e+00,9.795872769401128721e+00,-1.791406538708604756e+01,-4.889820143437387401e+01,-4.188725300542033381e+01,-2.255345125932855765e+01,3.308926337502103188e+00,9.877886088858634395e+00,9.814211614513157045e+00,9.803176881986587432e+00
9.797350437486226582e+00,9.796846884045049109e+00,9.795927801204802776e+00,-1.414413674600887916e+01,-3.838864186219222319e+01,-3.274091999244448203e+01,-1.757979281841981489e+01,4.111568988424709303e+00,9.875660979853707389e+00,9.813987802193482324e+00,9.803094894994510256e+00
9.797367392342817283e+00,9.796877888721295946e+00,9.795984472405191212e+00,-8.548555134949033629e+00,-2.242271877046476902e+01,-1.915848837371101254e+01,-9.597006691434661008e+00,5.486732124657847542e+00,9.869100284558173897e+00,9.813165688982360635e+00,9.803023982054597241e+00
9.797380123134100671e+00,9.796901164536542694e+00,9.796027016411038346e+00,-1.292521515682222955e+00,-7.158529267327757850e+00,-5.435890568772752118e+00,-6.898709073856981178e-01,7.277876453629440689e+00,9.856169198674271215e+00,9.811695552417958766e+00,9.802730795561542365e+00
9.797411506191835429e+00,9.796958560212955192e+00,9.796131909253327663e+00,4.922025789675852359e+00,2.866566234847924832e+00,3.541728127463006359e+00,5.417766108026549787e+00,8.702102418937114336e+00,9.840456983615162301e+00,9.809728639145365747e+00,9.802421449851150825e+00
9.797446868703051592e+00,9.797023258231188692e+00,9.796250223700859294e+00,8.007960159004756662e+00,7.368213575181815855e+00,7.601154097598472603e+00,8.251082178286093693e+00,9.407845387154916139e+00,9.826246249770974828e+00,9.807355540659692394e+00,9.802067119687329466e+00
