1.385623572412691829e+01,1.385609463072456293e+01,1.385583760481721427e+01,1.385537351370030734e+01,1.385455949642143381e+01,-2.395983147850167683e+01,-3.871730968473046985e+00,1.365080222024129952e+01,1.390939963375394584e+01,1.386717895609708329e+01,1.386061492023177699e+01
1.385612694019950553e+01,1.385589575354404523e+01,1.385547441585653772e+01,1.385471250278812327e+01,-7.201290757460363068e+00,-2.461540919941374739e+01,-3.743940506432431370e+00,1.364812799872082394e+01,1.390893049888042476e+01,1.386708617689652101e+01,1.386057890299366946e+01
1.385612916424107688e+01,1.385589981944754534e+01,1.385548183895652485e+01,1.385472599596183230e+01,-3.152178290640364366e+01,-2.473831671541887545e+01,-3.640914923149651372e+00,1.365311040019218325e+01,1.390886865912604620e+01,1.386707053950066282e+01,1.386057254277314144e+01
1.385612978497310266e+01,1.385590095483925843e+01,1.385548391359555431e+01,1.385472977618620760e+01,1.385340037916703082e+01,-2.222976401278398484e+01,-3.301590206126643778e+00,1.366014646811113664e+01,1.390834585039617366e+01,1.386696211227752329e+01,1.386052999562972587e+01
1.385613275305588488e+01,1.385590637925875335e+01,1.385549381483096809e+01,1.385474777423943138e+01,1.385343266502703941e+01,-2.022776312570809765e+01,-2.447757226655349783e+00,1.367711220499756308e+01,1.390767254362085836e+01,1.386703534933987569e+01,1.386055770829692158e+01
1.385613159850224463e+01,1.385590426925896779e+01,1.385548996491499452e+01,1.385474079211824261e+01,1.385342026156410888e+01,-1.059474230662727834e+00,-2.064615171695383111e-01,1.372074215277486786e+01,1.390542428795614427e+01,1.386675778748921672e+01,1.386044667019311660e+01
1.385614100569592466e+01,1.385592146782385470e+01,1.385552137351245960e+01,1.385479795775969691e+01,1.385352318923397164e+01,-7.995261833918892336e+00,2.756908095145592874e+00,1.375754624215237598e+01,1.390149408829152833e+01,1.386633418433552478e+01,1.386047633692824910e+01
1.385614082498755906e+01,1.385592113997916464e+01,1.385552078748109928e+01,1.385479696152164308e+01,1.385352179628245395e+01,1.834896355351605557e+00,7.425024463979383427e+00,1.380759727233833267e+01,1.389385623621672927e+01,1.386522760380286101e+01,1.386021104438909113e+01
1.385616033505233702e+01,1.385595680786567030e+01,1.385558591842199405e+01,1.385491544655322116e+01,1.385373473026252356e+01,1.030411623299507795e+01,1.113644290004662629e+01,1.385160406500160413e+01,1.388404941067070553e+01,1.386376255783059186e+01,1.385993652094881412e+01
1.385618387431549436e+01,1.385599984868696666e+01,1.385566454177933693e+01,1.385505862005341271e+01,1.385399278603240170e+01,1.201316288351326023e+01,1.284406442532002757e+01,1.386176761883485398e+01,1.387542618573492703e+01,1.386245335179062543e+01,1.385966219777817443e+01
1.385620599057623537e+01,1.385604029398621506e+01,1.385573844367700147e+01,1.385519324631892601e+01,1.385423551129839126e+01,1.335067384160990045e+01,1.352439528408645231e+01,1.386393417741136957e+01,1.386817055825536471e+01,1.386122029062852512e+01,1.385933301537019524e+01
