9.797496385218284587e+00,9.797114252668876588e+00,9.796416863214069792e+00,9.795150176347142690e+00,-4.926534853392146118e+01,-4.369800870309221352e+01,-2.453918346029572461e+01,2.547045655148461929e+00,9.874650849940760367e+00,9.814254173053393870e+00,9.803211435067147761e+00
9.797331708294791497e+00,9.796813062905096459e+00,9.795866432883784114e+00,-4.740281418514850742e+01,-4.848200089192677353e+01,-4.390356383155408082e+01,-2.432192172410345421e+01,2.563782599756213809e+00,9.874721991647232855e+00,9.814259667584442681e+00,9.803212790142175947e+00
9.797331824511084974e+00,9.796813257655363927e+00,9.795866776070123905e+00,-5.252347628997929263e+01,-5.098725750950217872e+01,-4.382558489567420423e+01,-2.420081200612453287e+01,2.599115324296580987e+00,9.876438768267737700e+00,9.814375621865140786e+00,9.803249631206440995e+00
9.797327786260165539e+00,9.796805870982614906e+00,9.795853271129500328e+00,-5.050559716071293792e+01,-5.065615353664608023e+01,-4.359568659090952281e+01,-2.433212751740819257e+01,2.680572586067850871e+00,9.877231219098387527e+00,9.814534805617929791e+00,9.803300631215405403e+00
9.797321910006578705e+00,9.796795133074098771e+00,9.795833655203342261e+00,-5.174157502683189591e+01,-4.984214888760234885e+01,-4.296577921495891417e+01,-2.417621975614801499e+01,2.872601862508499249e+00,9.878092052849080318e+00,9.814346723358141844e+00,9.803234411113702862e+00
9.797333902498309044e+00,9.796817074529904801e+00,9.795873760519617335e+00,-1.734755754481714973e+01,-4.762421252440653774e+01,-4.117346205763875844e+01,-2.313560892624051846e+01,3.242126533115077702e+00,9.878166287891641417e+00,9.814369612735339032e+00,9.803232114934532504e+00
9.797341206014914761e+00,9.796830439317169237e+00,9.795898204095855988e+00,-1.453053747110296356e+01,-4.212167262157521463e+01,-3.654646815159652817e+01,-2.048609281392637982e+01,3.934585055769865392e+00,9.876872896360374909e+00,9.814035532790509109e+00,9.803111728550526038e+00
9.797364838526293696e+00,9.796873659480608509e+00,9.795977201789384026e+00,-1.027519243875598320e+01,-3.081528473470293505e+01,-2.655304444391357777e+01,-1.420863184262451639e+01,5.118130710536206607e+00,9.872187131183320474e+00,9.813464850587330091e+00,9.803117990198348508e+00
9.797374022737729504e+00,9.796890467903603295e+00,9.796007958408152305e+00,-3.894034170619594448e+00,-1.462127925264879380e+01,-1.220799913571566009e+01,-4.950767174705597462e+00,6.796037337666931855e+00,9.861664051808753939e+00,9.812167180584394188e+00,9.802878082567460183e+00
9.797407234508167306e+00,9.796951216474933943e+00,9.796118997513159954e+00,-1.477998467937945648e+00,-1.318469075819344027e+00,-1.713201719636856524e-01,3.068478384070038256e+00,8.364708384757150839e+00,9.846541989767152003e+00,9.810288034395945544e+00,9.802410318356386654e+00
9.797463104550383051e+00,9.797053409385579670e+00,9.796305782523429428e+00,9.794948007592337191e+00,5.768411916680374674e+00,6.132798692634984228e+00,7.309821642198800262e+00,9.260445747262295413e+00,9.831772092115258488e+00,9.808103990726413812e+00,9.802159012210481137e+00
