1.385623572412737303e+01,1.385609463072499992e+01,1.385583760481759796e+01,1.385537351370052050e+01,1.385455949642112117e+01,-2.395983147853383244e+01,-3.871730968482786750e+00,1.365080222021704337e+01,1.390939963367675958e+01,1.386717895585209881e+01,1.386061491945656243e+01
1.385612694019996027e+01,1.385589575354448222e+01,1.385547441585692141e+01,1.385471250278834177e+01,-7.201290757474751558e+00,-2.461540919935670146e+01,-3.743940506444066507e+00,1.364812799869671878e+01,1.390893049880339838e+01,1.386708617665203924e+01,1.386057890222003586e+01
1.385612916424152985e+01,1.385589981944798232e+01,1.385548183895690855e+01,1.385472599596204901e+01,-3.152178290624828350e+01,-2.473831671539515042e+01,-3.640914923158971028e+00,1.365311040016814026e+01,1.390886865904917080e+01,1.386707053925667843e+01,1.386057254200108702e+01
1.385612978497355385e+01,1.385590095483969364e+01,1.385548391359593801e+01,1.385472977618642254e+01,1.385340037916671818e+01,-2.222976401266277335e+01,-3.301590206139374928e+00,1.366014646808740096e+01,1.390834585031946347e+01,1.386696211203403273e+01,1.386052999485923465e+01
1.385613275305633607e+01,1.385590637925918855e+01,1.385549381483134823e+01,1.385474777423964809e+01,1.385343266502672854e+01,-2.022776312559579281e+01,-2.447757226669599717e+00,1.367711220497400681e+01,1.390767254354431515e+01,1.386703534909687363e+01,1.386055770752796334e+01
1.385613159850269582e+01,1.385590426925940122e+01,1.385548996491537466e+01,1.385474079211846110e+01,1.385342026156379625e+01,-1.059474230685923946e+00,-2.064615171736021715e-01,1.372074215275105047e+01,1.390542428787974316e+01,1.386675778724669783e+01,1.386044666942569137e+01
1.385614100569637586e+01,1.385592146782428813e+01,1.385552137351284152e+01,1.385479795775991185e+01,1.385352318923366255e+01,-7.995261833883983371e+00,2.756908095136209269e+00,1.375754624212853017e+01,1.390149408821526578e+01,1.386633418409344465e+01,1.386047633616219699e+01
1.385614082498801025e+01,1.385592113997959807e+01,1.385552078748148119e+01,1.385479696152185980e+01,1.385352179628214486e+01,1.834896355362836573e+00,7.425024463971445776e+00,1.380759727231453837e+01,1.389385623614058574e+01,1.386522760356116635e+01,1.386021104362423984e+01
1.385616033505278466e+01,1.385595680786610195e+01,1.385558591842237419e+01,1.385491544655343432e+01,1.385373473026221625e+01,1.030411623299235302e+01,1.113644290003944803e+01,1.385160406497783647e+01,1.388404941059467035e+01,1.386376255758922582e+01,1.385993652018496824e+01
1.385618387431594378e+01,1.385599984868739831e+01,1.385566454177971707e+01,1.385505862005362943e+01,1.385399278603209439e+01,1.201316288350842143e+01,1.284406442531293280e+01,1.386176761881108810e+01,1.387542618565896646e+01,1.386245335154951519e+01,1.385966219701512259e+01
1.385620599057668301e+01,1.385604029398664849e+01,1.385573844367737806e+01,1.385519324631913918e+01,1.385423551129808217e+01,1.335067384160812054e+01,1.352439528407924740e+01,1.386393417738764455e+01,1.386817055817947342e+01,1.386122029038762804e+01,1.385933301460778111e+01
