1.385623572412573878e+01,1.385609463072342962e+01,1.385583760481621596e+01,1.385537351369974246e+01,1.385455949642224738e+01,-2.395983147841770844e+01,-3.871730968447897325e+00,1.365080222030405466e+01,1.390939963395360124e+01,1.386717895673068313e+01,1.386061492223623048e+01
1.385612694019832603e+01,1.385589575354291014e+01,1.385547441585553763e+01,1.385471250278755839e+01,-7.201290757423700839e+00,-2.461540919956143725e+01,-3.743940506402357649e+00,1.364812799878312966e+01,1.390893049907950996e+01,1.386708617752833383e+01,1.386057890499246525e+01
1.385612916423989915e+01,1.385589981944641025e+01,1.385548183895552654e+01,1.385472599596126742e+01,-3.152178290680530637e+01,-2.473831671548080990e+01,-3.640914923125567526e+00,1.365311040025429001e+01,1.390886865932458250e+01,1.386707054013069396e+01,1.386057254476630440e+01
1.385612978497192849e+01,1.385590095483812689e+01,1.385548391359456133e+01,1.385472977618564272e+01,1.385340037916783018e+01,-2.222976401309719918e+01,-3.301590206093761637e+00,1.366014646817240674e+01,1.390834585059412909e+01,1.386696211290578873e+01,1.386052999761732174e+01
1.385613275305471426e+01,1.385590637925762536e+01,1.385549381482997333e+01,1.385474777423887005e+01,1.385343266502783699e+01,-2.022776312599805948e+01,-2.447757226618522353e+00,1.367711220505832870e+01,1.390767254381824003e+01,1.386703534996640741e+01,1.386055771027904981e+01
1.385613159850107579e+01,1.385590426925784158e+01,1.385548996491400331e+01,1.385474079211768483e+01,1.385342026156490469e+01,-1.059474230603143496e+00,-2.064615171589094800e-01,1.372074215283625342e+01,1.390542428815300013e+01,1.386675778811402715e+01,1.386044667216978965e+01
1.385614100569475937e+01,1.385592146782273026e+01,1.385552137351147195e+01,1.385479795775913558e+01,1.385352318923476389e+01,-7.995261834008292823e+00,2.756908095169785966e+00,1.375754624221378819e+01,1.390149408848789570e+01,1.386633418495877201e+01,1.386047633890004249e+01
1.385614082498639554e+01,1.385592113997804375e+01,1.385552078748011517e+01,1.385479696152108531e+01,1.385352179628324443e+01,1.834896355323063943e+00,7.425024463999810642e+00,1.380759727239957968e+01,1.389385623641266676e+01,1.386522760442474578e+01,1.386021104635662660e+01
1.385616033505117528e+01,1.385595680786455119e+01,1.385558591842100995e+01,1.385491544655266338e+01,1.385373473026331226e+01,1.030411623300201285e+01,1.113644290006511284e+01,1.385160406506274455e+01,1.388404941086626110e+01,1.386376255845130601e+01,1.385993652291277911e+01
1.385618387431433618e+01,1.385599984868585288e+01,1.385566454177835638e+01,1.385505862005285849e+01,1.385399278603318862e+01,1.201316288352575512e+01,1.284406442533827430e+01,1.386176761889596065e+01,1.387542618593020904e+01,1.386245335241042120e+01,1.385966219973933278e+01
1.385620599057508073e+01,1.385604029398510306e+01,1.385573844367602092e+01,1.385519324631837179e+01,1.385423551129917819e+01,1.335067384161445858e+01,1.352439528410496550e+01,1.386393417747234835e+01,1.386817055845040514e+01,1.386122029124757127e+01,1.385933301732908163e+01
