1.385623572412845306e+01,1.385609463072604086e+01,1.385583760481851101e+01,1.385537351370103565e+01,1.385455949642036622e+01,-2.395983147860997775e+01,-3.871730968506078341e+00,1.365080222015915723e+01,1.390939963349247677e+01,1.386717895526712852e+01,1.386061491760508346e+01
1.385612694020104385e+01,1.385589575354552672e+01,1.385547441585783801e+01,1.385471250278885691e+01,-7.201290757509553941e+00,-2.461540919922065740e+01,-3.743940506471902907e+00,1.364812799863914883e+01,1.390893049861936248e+01,1.386708617606782923e+01,1.386057890037097096e+01
1.385612916424261343e+01,1.385589981944902505e+01,1.385548183895782515e+01,1.385472599596256593e+01,-3.152178290587719545e+01,-2.473831671533896781e+01,-3.640914923181278517e+00,1.365311040011067867e+01,1.390886865886536228e+01,1.386707053867322870e+01,1.386057254015442908e+01
1.385612978497463743e+01,1.385590095484073458e+01,1.385548391359685283e+01,1.385472977618693946e+01,1.385340037916596856e+01,-2.222976401237317745e+01,-3.301590206169871422e+00,1.366014646803062682e+01,1.390834585013591607e+01,1.386696211145133972e+01,1.386052999301495881e+01
1.385613275305741787e+01,1.385590637926022950e+01,1.385549381483226483e+01,1.385474777424016324e+01,1.385343266502598070e+01,-2.022776312532706200e+01,-2.447757226703763500e+00,1.367711220491762170e+01,1.390767254336102710e+01,1.386703534851492492e+01,1.386055770568603940e+01
1.385613159850377585e+01,1.385590426926044216e+01,1.385548996491629126e+01,1.385474079211897269e+01,1.385342026156305195e+01,-1.059474230741691336e+00,-2.064615171831940543e-01,1.372074215269400099e+01,1.390542428769667538e+01,1.386675778666549164e+01,1.386044666758611221e+01
1.385614100569745588e+01,1.385592146782532552e+01,1.385552137351375634e+01,1.385479795776042522e+01,1.385352318923291648e+01,-7.995261833799800044e+00,2.756908095113774770e+00,1.375754624207137411e+01,1.390149408803240050e+01,1.386633418351290814e+01,1.386047633432472104e+01
1.385614082498908850e+01,1.385592113998063368e+01,1.385552078748239246e+01,1.385479696152237317e+01,1.385352179628140235e+01,1.834896355390095657e+00,7.425024463952397014e+00,1.380759727225746225e+01,1.389385623595790520e+01,1.386522760298122137e+01,1.386021104178860242e+01
1.385616033505386113e+01,1.385595680786713935e+01,1.385558591842328724e+01,1.385491544655394947e+01,1.385373473026147373e+01,1.030411623298574497e+01,1.113644290002224402e+01,1.385160406492079233e+01,1.388404941041215679e+01,1.386376255700978177e+01,1.385993651835087270e+01
1.385618387431701848e+01,1.385599984868843393e+01,1.385566454178062656e+01,1.385505862005414102e+01,1.385399278603135187e+01,1.201316288349684314e+01,1.284406442529588510e+01,1.386176761875401908e+01,1.387542618547655415e+01,1.386245335097046905e+01,1.385966219518224207e+01
1.385620599057775593e+01,1.385604029398768056e+01,1.385573844367828755e+01,1.385519324631965077e+01,1.385423551129734321e+01,1.335067384160383419e+01,1.352439528406193858e+01,1.386393417733064837e+01,1.386817055799716414e+01,1.386122028980890164e+01,1.385933301277588114e+01
