5.542533915057234850e+01,5.542510180377786355e+01,5.542466888861133611e+01,5.542388403588481083e+01,1.718643882554013658e+01,1.121119584151069937e+01,2.653351098538456654e+01,5.347965968590472130e+01,5.550815326078760847e+01,5.543954845881859228e+01,5.543041146685102660e+01
5.542526854070638365e+01,5.542497276256469263e+01,5.542443349262810415e+01,5.542345711549793918e+01,7.329879604244768032e+00,1.141441709144965344e+01,2.642610160378462325e+01,5.342140663431224823e+01,5.550807299653354221e+01,5.543956562341600147e+01,5.543041947499034450e+01
5.542526631571407592e+01,5.542496869348192945e+01,5.542442605357075536e+01,5.542344353035889526e+01,8.099467168471491618e+00,1.159276849315686597e+01,2.658655187083936156e+01,5.343708846083059427e+01,5.550788472045812938e+01,5.543953071830887325e+01,5.543040726162070797e+01
5.542526739410394043e+01,5.542497066502156855e+01,5.542442965434956648e+01,5.542345008562250541e+01,8.989516869398702426e+00,1.241002062667499040e+01,2.706118427899369294e+01,5.344310771096765933e+01,5.550688348445601150e+01,5.543960852520662286e+01,5.543043535062724914e+01
5.542526425916325650e+01,5.542496493321381479e+01,5.542441918314874982e+01,5.542343100588580995e+01,1.197566114660117975e+01,1.470264920294016164e+01,2.846771997761803874e+01,5.188444828353895844e+01,5.550649326832909480e+01,5.544024225615956425e+01,5.543053155785703723e+01
5.542518802444001835e+01,5.542482550722245094e+01,5.542416423132299741e+01,5.542296504971213267e+01,2.679121267374342708e+01,2.004377893916067777e+01,3.222645532890996378e+01,5.230010671377083042e+01,5.550411120895948613e+01,5.543998284019146894e+01,5.543044109121547081e+01
5.542519866613169910e+01,5.542484496456289378e+01,5.542419977947676557e+01,5.542302983543726214e+01,3.389874776888765950e+01,3.041489019474159505e+01,3.878828481781796711e+01,5.309385777582201627e+01,5.549668716424291404e+01,5.543925668429594111e+01,5.543039660068759389e+01
5.542520377076830584e+01,5.542485429992107981e+01,5.542421684142799165e+01,5.542306095091176132e+01,4.375978795022969337e+01,4.387765678814574244e+01,4.649232999582287817e+01,5.413721814791179554e+01,5.548319927162427234e+01,5.543787509353156651e+01,5.543010619225070457e+01
5.542523100531974478e+01,5.542490409711677302e+01,5.542430781379805182e+01,5.542322666540446363e+01,5.067351686084289497e+01,5.056512923946375082e+01,5.176044398991567164e+01,5.489652196285768326e+01,5.546710776366775519e+01,5.543574660077533167e+01,5.542969023014799745e+01
5.542526953148485802e+01,5.542497454609970475e+01,5.542443653210148824e+01,5.542346119312458086e+01,5.372663395285285048e+01,5.369155030457596922e+01,5.414343029124208329e+01,5.524834138137461537e+01,5.545396872033182945e+01,5.543393172517794198e+01,5.542931118525498846e+01
5.542530678415651835e+01,5.542504268914750298e+01,5.542456111751233294e+01,5.542368848366954381e+01,5.485071558676516190e+01,5.481012900892804396e+01,5.501121850884193520e+01,5.536796197693553268e+01,5.544330317726349477e+01,5.543197554492279266e+01,5.542895109413091603e+01
