5.542533819114677840e+01,5.542510017948431766e+01,5.542466609498403329e+01,5.542387936369567569e+01,1.972097567861671408e+01,6.908039728675118951e+00,2.884952116004746259e+01,5.156530268599745170e+01,5.550568716432626104e+01,5.544015325574112296e+01,5.543050518157036777e+01
5.542518788980051880e+01,5.542482537270083753e+01,5.542416409715420400e+01,5.542296487352879808e+01,2.055185588562758170e+01,7.119263290560182256e+00,2.884152567096254316e+01,5.157535800734180498e+01,5.550545794094696817e+01,5.544011318645561914e+01,5.543049182383199991e+01
5.542518901737345516e+01,5.542482743556168856e+01,5.542416786608438173e+01,5.542297173650874242e+01,2.050896383440478132e+01,7.311026393791799194e+00,2.895944160976003090e+01,5.161058447591586429e+01,5.550598461229493807e+01,5.544020425700874455e+01,5.543052212221947173e+01
5.542518650786210799e+01,5.542482284638624890e+01,5.542415948293314898e+01,5.542295647287208737e+01,2.105737773751175013e+01,8.276660515430476650e+00,2.943473991229927833e+01,5.170224553331872386e+01,5.550636448460265626e+01,5.544025739265121899e+01,5.543053900219128138e+01
5.542518571303899932e+01,5.542482139181423406e+01,5.542415682607109062e+01,5.542295164571753219e+01,2.325381057522261585e+01,1.055069825039225506e+01,3.036667677880584293e+01,5.191116361315916095e+01,5.550631729244661017e+01,5.544020128903007816e+01,5.543051729683256923e+01
5.542518981673808298e+01,5.542482889658688805e+01,5.542417054000938492e+01,5.542297665922397698e+01,2.691464482482438214e+01,1.577253815523293667e+01,3.273152004200736087e+01,5.229698155500086187e+01,5.550485472114981889e+01,5.544008287162150594e+01,5.543047250530781156e+01
5.542519762486275425e+01,5.542484317391021165e+01,5.542419663149600240e+01,5.542302425688711764e+01,3.293793161852404694e+01,2.576184890025088592e+01,3.766041964640772477e+01,5.302522733277535139e+01,5.549832548233533203e+01,5.543929191338943951e+01,5.543040592675595235e+01
5.542520535058921638e+01,5.542485730126207955e+01,5.542422244686724753e+01,5.542307132088329524e+01,4.278646506390177251e+01,3.807507857828237974e+01,4.458578543271294592e+01,5.403868200781457176e+01,5.548562704120635658e+01,5.543809022645184825e+01,5.543018046161159162e+01
5.542522793871287234e+01,5.542489860458485396e+01,5.542429790959621272e+01,5.542320882226427159e+01,4.984753241051170392e+01,4.769532343751004078e+01,5.052250801158024274e+01,5.483957622255627484e+01,5.547011744385173415e+01,5.543611765366939892e+01,5.542982952548004505e+01
5.542526482273399324e+01,5.542496605565636969e+01,5.542442116483518078e+01,5.542343348564330086e+01,5.322799570739505981e+01,5.260985166395349921e+01,5.362893019495105307e+01,5.522305834107578448e+01,5.545640848246947030e+01,5.543405364743144759e+01,5.542935399451869927e+01
5.542531179871030389e+01,5.542505196835605830e+01,5.542457817487226635e+01,5.542371971433242095e+01,5.463844511347762989e+01,5.449057328912117271e+01,5.482853550291351041e+01,5.536034654359555418e+01,5.544512222899379594e+01,5.543226363213616281e+01,5.542908795533723776e+01
