9.797501880169352972e+00,9.797123847517871909e+00,9.796433913775846491e+00,9.795180655653416224e+00,-5.199094373317762319e+01,-4.947499392977054100e+01,-2.653602379817622037e+01,2.554730752360751644e+00,9.874894003629243855e+00,9.814220249200717561e+00,9.803196774814672665e+00
9.797335690530037056e+00,9.796819928366012675e+00,9.795878546961750644e+00,-5.946029245030668875e+01,-5.862626430081870410e+01,-4.948569176194312291e+01,-2.648673818262177448e+01,2.570858395618474734e+00,9.875527294529153011e+00,9.814317115994525054e+00,9.803226387514458295e+00
9.797333312241949699e+00,9.796815579637705440e+00,9.795870603531218634e+00,-5.919981234531478975e+01,-5.828975438504064499e+01,-4.923780082891645549e+01,-2.635793361652076783e+01,2.606770009181961445e+00,9.877460600836133864e+00,9.814467393630796010e+00,9.803273926899423785e+00
9.797328276141088921e+00,9.796806384507899423e+00,9.795853810126580186e+00,-5.822466797137615657e+01,-5.738665983713589469e+01,-4.855048544311266312e+01,-2.598517765435792626e+01,2.689931401190213567e+00,9.877896968364996866e+00,9.814530595897089427e+00,9.803293093450649920e+00
9.797326869748285816e+00,9.796803827203959258e+00,9.795849149761661323e+00,-5.624804943822809378e+01,-5.501009021268689736e+01,-4.664222329258129207e+01,-2.515226228534628916e+01,2.881772260092848814e+00,9.878526944033200863e+00,9.814517943301661163e+00,9.803282886069121460e+00
9.797332532686873208e+00,9.796814181872173677e+00,9.795868077608325564e+00,-1.809362095034170537e+01,-4.920864514527933409e+01,-4.216135231345020173e+01,-2.270491373999159634e+01,3.276533032453006644e+00,9.877963940859135761e+00,9.814221665223820779e+00,9.803179866137709197e+00
9.797350315586019320e+00,9.796846701610736119e+00,9.795927511179771230e+00,-1.435969995999944970e+01,-3.920939801278723991e+01,-3.349504906273703142e+01,-1.797934726764148650e+01,4.071284677862424317e+00,9.875947635537103864e+00,9.813993675996824706e+00,9.803094436099932807e+00
9.797369209258821598e+00,9.796881255841270786e+00,9.795990676140512221e+00,-8.918552118695926012e+00,-2.350908451280070821e+01,-2.009880423313232001e+01,-1.014625782955569022e+01,5.469583150426955420e+00,9.869441636421315778e+00,9.813143811874628142e+00,9.803012307147460191e+00
9.797384721819060616e+00,9.796909616444002822e+00,9.796042511987147705e+00,-1.419440537831215821e+00,-7.836097216950616229e+00,-6.042963357254052426e+00,-1.010146001191067455e+00,7.300543857651424773e+00,9.856537078149584019e+00,9.811619129572433096e+00,9.802696388798251448e+00
9.797421257046607934e+00,9.796976432576604665e+00,9.796164621631287872e+00,4.867574925227609484e+00,2.595884879368457909e+00,3.310844255893701238e+00,5.306127487695319722e+00,8.728623288569393068e+00,9.840598898317439946e+00,9.809579461407651024e+00,9.802354934072557313e+00
9.797461847489067566e+00,9.797050690828882580e+00,9.796300402229274340e+00,7.233007841155414397e+00,7.279709154592900688e+00,7.525717006050653524e+00,8.211570306939609765e+00,9.419903128444202522e+00,9.826716513816354137e+00,9.807332260058180040e+00,9.802045824324581602e+00
