9.797494704130192744e+00,9.797110709383655802e+00,9.796409865815670415e+00,9.795136618572396259e+00,-5.504250748135836346e+01,-4.789829019463700632e+01,-2.559838274859609086e+01,2.552276478879996979e+00,9.874554780820004041e+00,9.814297323222795910e+00,9.803227903630789442e+00
9.797327403349434860e+00,9.796804783117121218e+00,9.795850869885498469e+00,-5.238473558894295223e+01,-5.467744408673296164e+01,-4.816086485179907584e+01,-2.553067974148462227e+01,2.569142527077975746e+00,9.874903257894935393e+00,9.814117629226112527e+00,9.803169087215183097e+00
9.797335069340162406e+00,9.796818786124603662e+00,9.795876442211667978e+00,-5.417093052067760084e+01,-5.490637833483013708e+01,-4.798500745350505525e+01,-2.549358729056978135e+01,2.604449297331432156e+00,9.876164977224783925e+00,9.814376065569456742e+00,9.803252090991726675e+00
9.797325344826877114e+00,9.796801007539469808e+00,9.795843957515426581e+00,-1.955375136069444508e+01,-5.303044443925016083e+01,-4.684292398447789196e+01,-2.512250862485825564e+01,2.684649514739916754e+00,9.876759999698688119e+00,9.814477371517035920e+00,9.803283751271134605e+00
9.797322276167797384e+00,9.796795398136088906e+00,9.795833709925354071e+00,-1.898331845743513924e+01,-5.040356831947306659e+01,-4.496449680541604721e+01,-2.463542536187345888e+01,2.899918040428570709e+00,9.877592303157058495e+00,9.814471003565357066e+00,9.803274050552422736e+00
9.797328983567817673e+00,9.796807661976268733e+00,9.795856126760984495e+00,-1.750547141107852411e+01,-4.809436113380030520e+01,-4.159542778554321529e+01,-2.237406926756266401e+01,3.320931962698224993e+00,9.877309409781174665e+00,9.814229420064682685e+00,9.803188486377218069e+00
9.797344807959667889e+00,9.796836607078475367e+00,9.795909034292236583e+00,-1.353886558119260464e+01,-3.644629958845776230e+01,-3.261174074537288448e+01,-1.769683441200162477e+01,4.134685667381020835e+00,9.875329713371753471e+00,9.813982829891086723e+00,9.803096111168933646e+00
9.797365212297259873e+00,9.796873912470397627e+00,9.795977215591962661e+00,-8.684382135579374662e+00,-2.265120745592722784e+01,-1.929449784107800880e+01,-9.455163456026379976e+00,5.490351643492027200e+00,9.868852324138183363e+00,9.813208549492962618e+00,9.803042718081593776e+00
9.797374738409052597e+00,9.796891340088373923e+00,9.796009084678948042e+00,-1.303560739168142746e+00,-7.158670070801509411e+00,-5.487526095792714997e+00,-6.234158978952466512e-01,7.268472719199792209e+00,9.855985978530089398e+00,9.811722765660606527e+00,9.802743657735454974e+00
9.797407556324273514e+00,9.796951356763655028e+00,9.796118765452822785e+00,4.899992939016943438e+00,2.853844360540143565e+00,3.511599160513330542e+00,5.439144880383173231e+00,8.694822873115896300e+00,9.840450847607998597e+00,9.809777866903496957e+00,9.802442820653178401e+00
9.797442461924424251e+00,9.797015226814831834e+00,9.796235576106974818e+00,8.010322610715970626e+00,7.357349169758528262e+00,7.589333146287772891e+00,8.253665494991681228e+00,9.404405244173382528e+00,9.826502530007092062e+00,9.807251795471456646e+00,9.802023836871745388e+00
