1.385622978770672908e+01,1.385608374793928554e+01,1.385581769368760519e+01,1.385533719857423662e+01,1.385449380873809488e+01,-1.695449092832002691e+01,-4.756133235650876756e-01,1.364730712324852036e+01,1.390931474908516208e+01,1.386716654912335045e+01,1.386061045264454172e+01
1.385612689694820077e+01,1.385589564522649475e+01,1.385547418577855439e+01,1.385471203913356320e+01,-6.381794541505263041e+00,-1.787855028219219022e+01,-4.357826832925584259e-01,1.364617729102384835e+01,1.390919051585783350e+01,1.386714296500757726e+01,1.386060139205185493e+01
1.385612738788517362e+01,1.385589654337182708e+01,1.385547582674412226e+01,1.385471502446243974e+01,-6.879681523242950902e+00,-1.768672887405806193e+01,-3.319733046146531308e-01,1.364823531643367716e+01,1.390896112646548488e+01,1.386709578932580555e+01,1.386058291637425199e+01
1.385612865122363146e+01,1.385589885260330334e+01,1.385548004231134200e+01,1.385472268824018371e+01,-6.663413273690446559e+00,-1.706117411384076732e+01,-6.052938602888868758e-02,1.365543073954916231e+01,1.390846003409416554e+01,1.386699021631852702e+01,1.386054135576988600e+01
1.385613165587613338e+01,1.385590434461530229e+01,1.385549006811299755e+01,1.385474091727438939e+01,1.385342025719611314e+01,-2.796182065198841826e+00,8.312253578603776560e-01,1.367995771197479016e+01,1.390766904186254393e+01,1.386703396965497603e+01,1.386055710633261207e+01
1.385613165181609752e+01,1.385590433907172248e+01,1.385549006471234534e+01,1.385474094823008429e+01,1.385342053020218955e+01,-5.602654289383286468e-01,1.696043932741515547e+00,1.371007728557331973e+01,1.390566488242067500e+01,1.386681778263571729e+01,1.386047083646919020e+01
1.385613879094815459e+01,1.385591739027473324e+01,1.385551389677925549e+01,1.385478431417071654e+01,1.385349856676383240e+01,2.382376465289668843e+00,4.621221881329457659e+00,1.376037930490634942e+01,1.390125700019043542e+01,1.386628286770980800e+01,1.386045537082126522e+01
1.385614210304540350e+01,1.385592344825421662e+01,1.385552497292398755e+01,1.385480454052406429e+01,1.385353535059623731e+01,6.671752583773558953e+00,8.341602088080733779e+00,1.380891279649816639e+01,1.389318363392011690e+01,1.386507338013242219e+01,1.386014491584073127e+01
1.385616427792558980e+01,1.385596398694289455e+01,1.385559899380618631e+01,1.385493917458019197e+01,1.385377717487206439e+01,1.055377088249987061e+01,1.149923089511466046e+01,1.384479546332994104e+01,1.388345218816571958e+01,1.386384262117310229e+01,1.385997801194373302e+01
1.385617881251558359e+01,1.385599056611985169e+01,1.385564755848519169e+01,1.385502765489681742e+01,1.385393681549699352e+01,1.258723823137945175e+01,1.299897710931630357e+01,1.385870044402339474e+01,1.387449570404280408e+01,1.386237735674846405e+01,1.385962320554125426e+01
1.385620684689448545e+01,1.385604183158319813e+01,1.385574122009790088e+01,1.385519823269135387e+01,1.385424416681417270e+01,1.341060576452237285e+01,1.356966240476510777e+01,1.386197677839447806e+01,1.386752862758796567e+01,1.386098311821213258e+01,1.385938283977592889e+01
