1.385623053088444934e+01,1.385608514355148202e+01,1.385582027770465174e+01,1.385534192412917953e+01,1.385450226194563150e+01,-2.846878891196245220e+01,-4.529121686360518595e+00,1.365633965532206062e+01,1.390935673565450159e+01,1.386716439854152050e+01,1.386060877782960432e+01
1.385612773308429624e+01,1.385589721030281574e+01,1.385547708603280448e+01,1.385471737942681081e+01,-3.899067476080691819e+01,-3.026104448134935154e+01,-4.473147959224269776e+00,1.365475502693510990e+01,1.390869725451593730e+01,1.386703209624866773e+01,1.386055726739073179e+01
1.385613103809740032e+01,1.385590325368776021e+01,1.385548812206505609e+01,1.385473744948916064e+01,1.385341420730967599e+01,-2.802374694954624701e+01,-4.211107530717219660e+00,1.365816752284138147e+01,1.390849890159084623e+01,1.386699197288289298e+01,1.386054161446173438e+01
1.385613206465785829e+01,1.385590513110992461e+01,1.385549155036607871e+01,1.385474368339848183e+01,1.385342539037480947e+01,-2.673712873665740020e+01,-3.702857056956489146e+00,1.366595000837523344e+01,1.390803230289463244e+01,1.386711685990713860e+01,1.386059017583940900e+01
1.385612900037903472e+01,1.385589952843785966e+01,1.385548132077031624e+01,1.385472508591865015e+01,-3.326921053204432610e+01,-2.569476413843107565e+01,-2.832847174444935057e+00,1.368401971872302170e+01,1.390781653484256353e+01,1.386705651077457446e+01,1.386056526958892121e+01
1.385613167087437603e+01,1.385590440918430488e+01,1.385549023133262203e+01,1.385474130184961261e+01,1.385342128284942653e+01,-1.180477423312977781e+00,-2.112334061378029482e-01,1.372391800130168704e+01,1.390549953403411365e+01,1.386677022591583253e+01,1.386045125947581624e+01
1.385614093763614463e+01,1.385592135126010405e+01,1.385552117018404417e+01,1.385479760239607216e+01,1.385352259050744550e+01,-8.305066118708708700e+00,3.209874611921470056e+00,1.376004349102200486e+01,1.390128441847986451e+01,1.386628829878412716e+01,1.386045757681520385e+01
1.385614203913464415e+01,1.385592336747216713e+01,1.385552486222904101e+01,1.385480437449342794e+01,1.385353507501033832e+01,6.599601834219100738e+00,7.985969116906687759e+00,1.381531700393892415e+01,1.389372354322641634e+01,1.386518499728675557e+01,1.386019163881521266e+01
1.385616242352792327e+01,1.385596063449898452e+01,1.385559291771378554e+01,1.385492820618181575e+01,1.385375777268767727e+01,1.050562482274064990e+01,1.139639650858304876e+01,1.384724531091593036e+01,1.388351352225758006e+01,1.386385095586738103e+01,1.385998115822421717e+01
1.385617934651429550e+01,1.385599157885771859e+01,1.385564944806581167e+01,1.385503114875999131e+01,1.385394324123892318e+01,1.257878177055172486e+01,1.297555890609510953e+01,1.386155592065960995e+01,1.387443281098486025e+01,1.386232861524121418e+01,1.385959364554981832e+01
1.385621133548737482e+01,1.385605007268814504e+01,1.385575630906549627e+01,1.385522576097847036e+01,1.385429398584469496e+01,1.339637133536070124e+01,1.356241512938213312e+01,1.386186542886520101e+01,1.386747853705325362e+01,1.386096310716150271e+01,1.385936994186318216e+01
