9.797500687341612391e+00,9.797121666907887771e+00,9.796429898419246385e+00,9.795173146890343574e+00,-3.844455831216821196e+01,-3.673035619843997068e+01,-2.205284549564890284e+01,2.546250676316353267e+00,9.876169939026548050e+00,9.814220599616968244e+00,9.803195412529383646e+00
9.797336939027596614e+00,9.796822228522204412e+00,9.795882758664767209e+00,-3.821988112296316586e+01,-4.397861376116615872e+01,-3.788206647183853448e+01,-2.120114418760571340e+01,2.558877827797346960e+00,9.875200450623454529e+00,9.814130544086648200e+00,9.803171184702129892e+00
9.797336351605450133e+00,9.796821150673309830e+00,9.795880780845164892e+00,-3.933038795336585025e+01,-4.382551694511455054e+01,-3.776644472597403990e+01,-2.118712248955791821e+01,2.593396762979235604e+00,9.876720093622363805e+00,9.814411140821372115e+00,9.803259979318358575e+00
9.797326904044087570e+00,9.796803867252204867e+00,9.795849192855426324e+00,-3.896465944401077763e+01,-4.342945866280278722e+01,-3.747011808424347379e+01,-2.115587910319247555e+01,2.674400300300278310e+00,9.877298861255857432e+00,9.814523598989284281e+00,9.803295834652089979e+00
9.797322912016730001e+00,9.796796586109984162e+00,9.795835903383654397e+00,-3.793295747968200260e+01,-4.237221599038524289e+01,-3.662174592136037887e+01,-2.086522648344340780e+01,2.884267952917429767e+00,9.877419132786600997e+00,9.814503318722550773e+00,9.803287370621466934e+00
9.797325323450850831e+00,9.796801000167102202e+00,9.795843973226988410e+00,-3.643569178622356475e+01,-3.961426103534753906e+01,-3.432525362647383105e+01,-1.952957786531016637e+01,3.329403904904618017e+00,9.877442460117840994e+00,9.814308176719858778e+00,9.803216038760524498e+00
9.797339979544547717e+00,9.796827805179422199e+00,9.795892967929136219e+00,-1.413472135659262996e+01,-3.178350379015468974e+01,-2.904471326083865179e+01,-1.661157685315800592e+01,4.150946651869326764e+00,9.875622318729714522e+00,9.814077462450450540e+00,9.803127965795148668e+00
9.797360467685058083e+00,9.796865272401436897e+00,9.795961455697007381e+00,-9.009751622074942290e+00,-2.197541152067721271e+01,-1.890181948276048374e+01,-9.752523927062803466e+00,5.494685000668599884e+00,9.868697960575682160e+00,9.813264221416060806e+00,9.803065389010072295e+00
9.797369175995928714e+00,9.796881205022573980e+00,9.795990586622256302e+00,-1.489545252429756772e+00,-7.956315318360815070e+00,-6.311712900053752406e+00,-1.364397270408231222e+00,7.220696319043394595e+00,9.856666461188343220e+00,9.811927368726740539e+00,9.802816859663060711e+00
9.797397646732353138e+00,9.796933276372410404e+00,9.796085758128315391e+00,4.594882495187642135e+00,2.184574552785098156e+00,2.912779888208443246e+00,4.972915298829282627e+00,8.640979579418262446e+00,9.841379918744451061e+00,9.809796228524783501e+00,9.802449222235411597e+00
9.797442180246521914e+00,9.797014737025081743e+00,9.796234691867388378e+00,7.136041538443278043e+00,7.089851840280539719e+00,7.333693946436931732e+00,8.062530190377085404e+00,9.376294139319742982e+00,9.827627186516178170e+00,9.807609969360681745e+00,9.801975427422584985e+00
