9.797510474989815421e+00,9.797139610511806040e+00,9.796462731606865759e+00,9.795233016510499269e+00,-5.744360000886597817e+01,-4.938753217876861612e+01,-2.620913535355149548e+01,2.559940176628308084e+00,9.875237215280023406e+00,9.814296140399585866e+00,9.803221397957576855e+00
9.797332749017419573e+00,9.796814634819018153e+00,9.795868956474860667e+00,-5.939231496045964320e+01,-5.874788889871351216e+01,-4.950102587502272655e+01,-2.648655194193147366e+01,2.570938206786330671e+00,9.875544226574708873e+00,9.814326215708225831e+00,9.803229589461526672e+00
9.797332808805645499e+00,9.796814703180965367e+00,9.795869049280177876e+00,-5.921438189078219239e+01,-5.841083282230210472e+01,-4.925613690200189154e+01,-2.635740048812939307e+01,2.606388289218374954e+00,9.877430765381937761e+00,9.814459149971023422e+00,9.803271228830583439e+00
9.797328702513325993e+00,9.796807206354822384e+00,9.795855358333803053e+00,-5.817011000290961675e+01,-5.753682637418175005e+01,-4.863470018052633748e+01,-2.573404879481982377e+01,2.691440299702231975e+00,9.877921545802346159e+00,9.814332000951887736e+00,9.803230482077584185e+00
9.797333430101444307e+00,9.796815876563833569e+00,9.795871215955115119e+00,-5.622033423730493951e+01,-5.524101210299700426e+01,-4.678744428754145446e+01,-2.505244564188917522e+01,2.873318764425776717e+00,9.878757639748737773e+00,9.814349791267273915e+00,9.803229651047701054e+00
9.797338288182478649e+00,9.796824759707924102e+00,9.795887455595535087e+00,-1.811106464114894976e+01,-4.958906813450175832e+01,-4.249226567118419950e+01,-2.282389064808816315e+01,3.248760624235508043e+00,9.878048197913170014e+00,9.814301884823981581e+00,9.803208401375215431e+00
9.797345040560990981e+00,9.796837108500106694e+00,9.795910032327398653e+00,-1.434033249557050027e+01,-4.006793476945944832e+01,-3.423493522361619057e+01,-1.875776484067602468e+01,4.021556391668525521e+00,9.876337722079487236e+00,9.814120038148390179e+00,9.803136987641890343e+00
9.797362872309140158e+00,9.796869709142223215e+00,9.795969615040414524e+00,-9.226900139581331928e+00,-2.497009132174634516e+01,-2.116720852749036652e+01,-1.071848542054445375e+01,5.383213998730012939e+00,9.869367498332223931e+00,9.813316574805018178e+00,9.803078629867274074e+00
9.797370800157878534e+00,9.796884216094760234e+00,9.795996144906297332e+00,-1.507265267027120714e+00,-8.647219588631049447e+00,-6.849569127529999690e+00,-1.546553045305564922e+00,7.202255137296942777e+00,9.856656841482539733e+00,9.811878601242176146e+00,9.802797699623754468e+00
9.797401531192704738e+00,9.796940409878599709e+00,9.796098833170770348e+00,4.728975086461539412e+00,2.140685746201206996e+00,2.902907730864333402e+00,5.042339523371150989e+00,8.665653577765628057e+00,9.840872425910184518e+00,9.809665428082892547e+00,9.802400068402556954e+00
9.797447577268464158e+00,9.797024644976673358e+00,9.796252841017459190e+00,7.058869284202964778e+00,7.104402857771203728e+00,7.369576703656466776e+00,8.112149482581022752e+00,9.393510816635757266e+00,9.826903938721644138e+00,9.807388906228885261e+00,9.801884377622098299e+00
