1.385623756385450278e+01,1.385609800400590430e+01,1.385584377862698346e+01,1.385538478229143067e+01,1.385457992112249848e+01,-2.841080970849548493e+01,-4.550676355297823328e+00,1.366030669400946707e+01,1.390946066360837285e+01,1.386718161674590988e+01,1.386061516779246361e+01
1.385612756620841068e+01,1.385589690585366718e+01,1.385547653060068996e+01,1.385471637331989214e+01,-7.236467774299606859e+00,-2.948972211373101260e+01,-4.483006942387259386e+00,1.365453691870611763e+01,1.390896559264428411e+01,1.386708755176053742e+01,1.386057898863301396e+01
1.385612953992311347e+01,1.385590051417604407e+01,1.385548311791700371e+01,1.385472834173230972e+01,1.385339783363186328e+01,-2.817737312765049751e+01,-4.301323955966172008e+00,1.365619586405199826e+01,1.390853793819789175e+01,1.386700166858754812e+01,1.386054554041273335e+01
1.385613169027742231e+01,1.385590444502376783e+01,1.385549029511333607e+01,1.385474139249943093e+01,1.385342124278707843e+01,-2.656840850932805154e+01,-3.823362926145225771e+00,1.366566616368118581e+01,1.390821179858031442e+01,1.386715392786159029e+01,1.386060463879851845e+01
1.385612804937348486e+01,1.385589778773623593e+01,1.385547814114832832e+01,1.385471930379031669e+01,-3.279107618120256973e+01,-2.547738884065026710e+01,-2.671831344180473522e+00,1.368474240423936550e+01,1.390776771831440151e+01,1.386704794053414602e+01,1.386056205641380856e+01
1.385613178185022321e+01,1.385590461204159496e+01,1.385549060142982825e+01,1.385474197231449445e+01,1.385342246816448686e+01,-7.804929941226488310e-01,-9.359571110171938102e-02,1.372415069736666737e+01,1.390532781035118504e+01,1.386673668533315151e+01,1.386043840038004227e+01
1.385614160410869822e+01,1.385592256913789022e+01,1.385552339243382391e+01,1.385480163620247396e+01,1.385352978754314535e+01,3.081811379456586231e+00,3.683801021663708930e+00,1.376687723675674846e+01,1.390118660667940276e+01,1.386626068558647695e+01,1.386044572663818286e+01
1.385614322898104511e+01,1.385592554285888411e+01,1.385552883634620969e+01,1.385481161468996802e+01,1.385354814714727745e+01,7.000726854247753650e+00,8.049090410786689631e+00,1.381415477153931270e+01,1.389319089247641514e+01,1.386506574912188228e+01,1.386014079229932250e+01
1.385616526091133238e+01,1.385596582055371329e+01,1.385560238207042971e+01,1.385494539256287894e+01,1.385378848140294039e+01,1.060737269567135144e+01,1.148553034145896135e+01,1.385022485697196615e+01,1.388330132077641110e+01,1.386378440149973912e+01,1.385994834326280589e+01
1.385618210750604362e+01,1.385599662757661932e+01,1.385565866936150314e+01,1.385504793434412818e+01,1.385397346851427969e+01,1.220974441362240270e+01,1.298503031482758274e+01,1.386112520087855593e+01,1.387470744918026000e+01,1.386243993173552802e+01,1.385965610194086395e+01
1.385620551021866476e+01,1.385603942843539116e+01,1.385573688153368188e+01,1.385519042935866096e+01,1.385423042479939681e+01,1.343031404430740494e+01,1.357260077670387410e+01,1.386399251537973143e+01,1.386740649103705536e+01,1.386089725947079998e+01,1.385932181926636986e+01
