5.542535292169697669e+01,5.542512700341087850e+01,5.542471495848350571e+01,5.542396808598412861e+01,5.542264122258156789e+01,2.100673687130846545e+01,2.542885019808917946e+01,5.155638969735534261e+01,5.550626471742133106e+01,5.544026772939454872e+01,5.543054416460766731e+01
5.542518387544569691e+01,5.542481793974552318e+01,5.542415042095529998e+01,5.542293986342152579e+01,2.072526387385074287e+01,4.676561620345225379e+00,2.556926175966369641e+01,5.156554514488085772e+01,5.550608121667464445e+01,5.544023046728641901e+01,5.543053141520309168e+01
5.542518519770996477e+01,5.542482035724400902e+01,5.542415483714810875e+01,5.542294790860380260e+01,2.040307784063857710e+01,5.253922561037823513e+00,2.585236421272069052e+01,5.159969453561792108e+01,5.550650777833121907e+01,5.544030179441081430e+01,5.543055499932079044e+01
5.542518335662948203e+01,5.542481699049450583e+01,5.542414868793039773e+01,5.542293671705650837e+01,2.117216535224805796e+01,6.961414335900343531e+00,2.670273318075547309e+01,5.168965191414176985e+01,5.550664429373561148e+01,5.544031364533731931e+01,5.543055819052892019e+01
5.542518365980770056e+01,5.542481754441139685e+01,5.542414970011088826e+01,5.542293856866603363e+01,2.326633343739866433e+01,1.108439844010714026e+01,2.867627530857703277e+01,5.189961681327747556e+01,5.550613735846174279e+01,5.544018357032247479e+01,5.543051221344001789e+01
5.542518951229842372e+01,5.542482824583278500e+01,5.542416925101990444e+01,5.542297420047610501e+01,2.701476098342398302e+01,1.880302280332319853e+01,3.265239003258486861e+01,5.230203658160392166e+01,5.550453310370316728e+01,5.544004431295800828e+01,5.543046077001820038e+01
5.542519765481580407e+01,5.542484313433193677e+01,5.542419645781455984e+01,5.542302382221988921e+01,3.324633644544719147e+01,3.005368364278594484e+01,3.896683549575961081e+01,5.302761957317604669e+01,5.549772561718428676e+01,5.543943099988118206e+01,5.543025302219615469e+01
5.542521763501531495e+01,5.542487966450372028e+01,5.542426318611764202e+01,5.542314535621675020e+01,4.300605940521550252e+01,4.291618958797229055e+01,4.614114119309259365e+01,5.403660717192767748e+01,5.548491275212843021e+01,5.543799409230742725e+01,5.543014876978106287e+01
5.542522799367369402e+01,5.542489860807428670e+01,5.542429780611165313e+01,5.542320846952456037e+01,4.994940817432094349e+01,5.003175689008020299e+01,5.147440026519994660e+01,5.483256226020832003e+01,5.546876830130786118e+01,5.543592796841485892e+01,5.542976297434157829e+01
5.542526324559597128e+01,5.542496306912910597e+01,5.542441558152512471e+01,5.542342304665127983e+01,5.352487216053317809e+01,5.347337746678978476e+01,5.401917858229449365e+01,5.521754914570346529e+01,5.545486240928296695e+01,5.543401366550585863e+01,5.542935090365743633e+01
5.542530081764470395e+01,5.542503179100174293e+01,5.542454120311067101e+01,5.542365212390402007e+01,5.478747599586402828e+01,5.477387407432610189e+01,5.496171875129210349e+01,5.536579811139222329e+01,5.544253631517662484e+01,5.543182656684802367e+01,5.542886481466580761e+01
