1.385623756386154071e+01,1.385609800401243064e+01,1.385584377863189154e+01,1.385538478229121573e+01,1.385457992110607606e+01,-2.841080970800483740e+01,-4.550676355452545785e+00,1.366030669326230651e+01,1.390946066124942249e+01,1.386718160927720334e+01,1.386061514419036556e+01
1.385612756621540953e+01,1.385589690586015443e+01,1.385547653060556073e+01,1.385471637331965411e+01,-7.236467774849161039e+00,-2.948972211369008534e+01,-4.483006942746773582e+00,1.365453691797497271e+01,1.390896559029607715e+01,1.386708754432475743e+01,1.386057896513470311e+01
1.385612953993008212e+01,1.385590051418250113e+01,1.385548311792185672e+01,1.385472834173207524e+01,1.385339783361554922e+01,-2.817737312745165923e+01,-4.301323956348944932e+00,1.365619586333107094e+01,1.390853793586007825e+01,1.386700166118420441e+01,1.386054551701677084e+01
1.385613169028435721e+01,1.385590444503019825e+01,1.385549029511816421e+01,1.385474139249919645e+01,1.385342124277083187e+01,-2.656840850799609655e+01,-3.823362926493258485e+00,1.366566616296611514e+01,1.390821179625264925e+01,1.386715392049014284e+01,1.386060461550323097e+01
1.385612804938039488e+01,1.385589778774263969e+01,1.385547814115314047e+01,1.385471930379008576e+01,-3.279107617944740127e+01,-2.547738884078147592e+01,-2.671831344355338977e+00,1.368474240351296167e+01,1.390776771599630557e+01,1.386704793319406903e+01,1.386056203321771818e+01
1.385613178185710481e+01,1.385590461204797386e+01,1.385549060143462086e+01,1.385474197231426885e+01,1.385342246814838951e+01,-7.804929945249201584e-01,-9.359571129899535435e-02,1.372415069663748532e+01,1.390532780804263524e+01,1.386673667802391208e+01,1.386043837728142769e+01
1.385614160411556384e+01,1.385592256914425491e+01,1.385552339243860942e+01,1.385480163620226435e+01,1.385352978752713682e+01,3.081811379502289228e+00,3.683801021420760158e+00,1.376687723603288660e+01,1.390118660438000120e+01,1.386626067830564146e+01,1.386044570362809303e+01
1.385614322898788764e+01,1.385592554286523281e+01,1.385552883635098453e+01,1.385481161468976374e+01,1.385354814713133464e+01,7.000726854308246594e+00,8.049090410560802766e+00,1.381415477081802123e+01,1.389319089018484377e+01,1.386506574186541485e+01,1.386014076936508488e+01
1.385616526091815359e+01,1.385596582056003712e+01,1.385560238207518324e+01,1.385494539256267466e+01,1.385378848138705266e+01,1.060737269561654905e+01,1.148553034123376726e+01,1.385022485625315625e+01,1.388330131849140869e+01,1.386378439426335341e+01,1.385994832038982949e+01
1.385618210751284174e+01,1.385599662758292538e+01,1.385565866936624246e+01,1.385504793434392212e+01,1.385397346849843103e+01,1.220974441351381934e+01,1.298503031460462864e+01,1.386112520016030558e+01,1.387470744690028468e+01,1.386243992451514551e+01,1.385965607911650288e+01
1.385620551022544866e+01,1.385603942844168301e+01,1.385573688153841232e+01,1.385519042935846024e+01,1.385423042478358902e+01,1.343031404424418263e+01,1.357260077648202667e+01,1.386399251466370863e+01,1.386740648876147475e+01,1.386089725226367086e+01,1.385932179648074225e+01
