5.542533817683481345e+01,5.542510015334796236e+01,5.542466604728521418e+01,5.542387927697963335e+01,1.972039590069402593e+01,6.907653676348404659e+00,2.885149359707817851e+01,5.156534134403626979e+01,5.550568807945791150e+01,5.544015339271167875e+01,5.543050522489955512e+01
5.542518788715467792e+01,5.542482536790953418e+01,5.542416408844592723e+01,5.542296485772949666e+01,2.055198391694565885e+01,7.119059019889078854e+00,2.884351490245786209e+01,5.157539791942532759e+01,5.550545936516128620e+01,5.544011341291206918e+01,5.543049189704083801e+01
5.542518901218188887e+01,5.542482742611990432e+01,5.542416784888487769e+01,5.542297170525297645e+01,2.050926451640257042e+01,7.310279269298296967e+00,2.896137755321709051e+01,5.161062781878199957e+01,5.550598597055312666e+01,5.544020446873944508e+01,5.543052219032291816e+01
5.542518650325787632e+01,5.542482283802437593e+01,5.542415946771178170e+01,5.542295644522474163e+01,2.105755730982872009e+01,8.275596875015219567e+00,2.943641956140563209e+01,5.170228777717959190e+01,5.550636535330021104e+01,5.544025751906289656e+01,5.543053904185418901e+01
5.542518571083674317e+01,5.542482138785283752e+01,5.542415681889525558e+01,5.542295163272122238e+01,2.325388943876346914e+01,1.054824213083754003e+01,3.036780860452239850e+01,5.191121522269735067e+01,5.550631776397852946e+01,5.544020134050269633e+01,5.543051731116300118e+01
5.542518981695111790e+01,5.542482889705623705e+01,5.542417054094028828e+01,5.542297666100111542e+01,2.691460373349566737e+01,1.576628926660754360e+01,3.273156195790626555e+01,5.229704742626933012e+01,5.550485552974261338e+01,5.544008297107855299e+01,5.543047253483300096e+01
5.542519762443428988e+01,5.542484317323429366e+01,5.542419663036422151e+01,5.542302425494665385e+01,3.293786364737965755e+01,2.575064948171125678e+01,3.765973900254000739e+01,5.302529121284762681e+01,5.549832643084776862e+01,5.543929203512037418e+01,5.543040596485626281e+01
5.542520534994676495e+01,5.542485730022076496e+01,5.542422244509707241e+01,5.542307131781674912e+01,4.278640097219599880e+01,3.806679629573747548e+01,4.458586900534524489e+01,5.403867398524397458e+01,5.548563366465783275e+01,5.543809137300451084e+01,5.543018086448710591e+01
5.542522791470530308e+01,5.542489856053084907e+01,5.542429782905639968e+01,5.542320867588634314e+01,4.984582883789656194e+01,4.769657300007871470e+01,5.052256574989804960e+01,5.483969932669124603e+01,5.547013101893351461e+01,5.543611996050658774e+01,5.542983038302286758e+01
5.542526479886682012e+01,5.542496601197986195e+01,5.542442108522551791e+01,5.542343334202308824e+01,5.322643056022140229e+01,5.261112207972313115e+01,5.362899718735413046e+01,5.522303433189445343e+01,5.545640956120220721e+01,5.543405402464075848e+01,5.542935416726103881e+01
5.542531177878235127e+01,5.542505193184419454e+01,5.542457810812963714e+01,5.542371959273457094e+01,5.463842475049099789e+01,5.449090984122788939e+01,5.482854600739841544e+01,5.536034176911050508e+01,5.544512091832631029e+01,5.543226322583990395e+01,5.542908774639847991e+01
