9.797494704128862253e+00,9.797110709382364391e+00,9.796409865814494466e+00,9.795136618571586240e+00,-5.504250748137470595e+01,-4.789829019472696103e+01,-2.559838274865103713e+01,2.552276478932064219e+00,9.874554780987265801e+00,9.814297323754027857e+00,9.803227905313036672e+00
9.797327403348097263e+00,9.796804783115819149e+00,9.795850869884311862e+00,-5.238473557950307224e+01,-5.467744408581091164e+01,-4.816086485176276710e+01,-2.553067974166810217e+01,2.569142527125762410e+00,9.874903258061852540e+00,9.814117629756745842e+00,9.803169088895621996e+00
9.797335069338839020e+00,9.796818786123317579e+00,9.795876442210499135e+00,-5.417093049655785819e+01,-5.490637834621887947e+01,-4.798500745365032571e+01,-2.549358729192018913e+01,2.604449297647437600e+00,9.876164977406340029e+00,9.814376066101347718e+00,9.803252092670884821e+00
9.797325344825525306e+00,9.796801007538135764e+00,9.795843957514170697e+00,-1.955375136221446652e+01,-5.303044440081902877e+01,-4.684292399696875719e+01,-2.512250862263901752e+01,2.684649514833816308e+00,9.876759999863812922e+00,9.814477372046459536e+00,9.803283752947940854e+00
9.797322276166456234e+00,9.796795398134779731e+00,9.795833709924151478e+00,-1.898331845158600828e+01,-5.040356834785785622e+01,-4.496449680733854848e+01,-2.463542536422979978e+01,2.899918040419490861e+00,9.877592303320696487e+00,9.814471004094095008e+00,9.803274052227386903e+00
9.797328983566478300e+00,9.796807661974959558e+00,9.795856126759774796e+00,-1.750547140639683263e+01,-4.809436112368609173e+01,-4.159542778291597642e+01,-2.237406926765444837e+01,3.320931962709381402e+00,9.877309409946235519e+00,9.814229420592916142e+00,9.803188488050416538e+00
9.797344807958333845e+00,9.796836607077182180e+00,9.795909034291057083e+00,-1.353886558073110891e+01,-3.644629958434454409e+01,-3.261174074590869054e+01,-1.769683441242407795e+01,4.134685667435594070e+00,9.875329713539002796e+00,9.813982830419069714e+00,9.803096112840494314e+00
9.797365212295929382e+00,9.796873912469099110e+00,9.795977215590774279e+00,-8.684382136064305868e+00,-2.265120745060002250e+01,-1.929449784094208553e+01,-9.455163456128421018e+00,5.490351643538661008e+00,9.868852324304333123e+00,9.813208550020323884e+00,9.803042719751548617e+00
9.797374738407727435e+00,9.796891340087084288e+00,9.796009084677770318e+00,-1.303560739287137338e+00,-7.158670070704134858e+00,-5.487526095779980295e+00,-6.234158979215731478e-01,7.268472719253177061e+00,9.855985978696125471e+00,9.811722766187539690e+00,9.802743659404054455e+00
9.797407556322951905e+00,9.796951356762370722e+00,9.796118765451650390e+00,4.899992938974976120e+00,2.853844361032715327e+00,3.511599160476589265e+00,5.439144880395637927e+00,8.694822873171492716e+00,9.840450847773693610e+00,9.809777867430039322e+00,9.802442822320665883e+00
9.797442461923106194e+00,9.797015226813552857e+00,9.796235576105807752e+00,8.010322610715023828e+00,7.357349169782629872e+00,7.589333146291481036e+00,8.253665495006618613e+00,9.404405244224852467e+00,9.826502530172598782e+00,9.807251795997695254e+00,9.802023838538355349e+00
