9.797494704129608323e+00,9.797110709383090921e+00,9.796409865815153495e+00,9.795136618572039211e+00,-5.504250748136609417e+01,-4.789829019467635618e+01,-2.559838274862029905e+01,2.552276478902840040e+00,9.874554780893396000e+00,9.814297323455900113e+00,9.803227904368982948e+00
9.797327403348846886e+00,9.796804783116551008e+00,9.795850869884977996e+00,-5.238473558480681191e+01,-5.467744408632817965e+01,-4.816086485178315257e+01,-2.553067974156490649e+01,2.569142527098933204e+00,9.874903257968187020e+00,9.814117629458984027e+00,9.803169087952678495e+00
9.797335069339579761e+00,9.796818786124038780e+00,9.795876442211156387e+00,-5.417093051010260751e+01,-5.490637833982558647e+01,-4.798500745356876251e+01,-2.549358729116205780e+01,2.604449297470034619e+00,9.876164977304464188e+00,9.814376065802910887e+00,9.803252091728761997e+00
9.797325344826283811e+00,9.796801007538885386e+00,9.795843957514875910e+00,-1.955375136136114378e+01,-5.303044442239396261e+01,-4.684292398995752649e+01,-2.512250862388478723e+01,2.684649514781108248e+00,9.876759999771170584e+00,9.814477371749438461e+00,9.803283752007233787e+00
9.797322276167207633e+00,9.796795398135515143e+00,9.795833709924826493e+00,-1.898331845486895730e+01,-5.040356833192727493e+01,-4.496449680626008671e+01,-2.463542536290710316e+01,2.899918040424605881e+00,9.877592303228899695e+00,9.814471003797489601e+00,9.803274051287811375e+00
9.797328983567229699e+00,9.796807661975693193e+00,9.795856126760453364e+00,-1.750547140902449073e+01,-4.809436112936123209e+01,-4.159542778439087840e+01,-2.237406926760296955e+01,3.320931962703148166e+00,9.877309409853650024e+00,9.814229420296623374e+00,9.803188487111928140e+00
9.797344807959081692e+00,9.796836607077906933e+00,9.795909034291719664e+00,-1.353886558099013016e+01,-3.644629958665760228e+01,-3.261174074560777569e+01,-1.769683441218696274e+01,4.134685667404959020e+00,9.875329713445198720e+00,9.813982830122947476e+00,9.803096111903018439e+00
9.797365212296675452e+00,9.796873912469829193e+00,9.795977215591440412e+00,-8.684382135792137802e+00,-2.265120745358666809e+01,-1.929449784101838716e+01,-9.455163456071218775e+00,5.490351643512507707e+00,9.868852324211152549e+00,9.813208549724576457e+00,9.803042718815056844e+00
9.797374738408469952e+00,9.796891340087807265e+00,9.796009084678429346e+00,-1.303560739220429809e+00,-7.158670070758459403e+00,-5.487526095787149671e+00,-6.234158979068213924e-01,7.268472719223240119e+00,9.855985978603017728e+00,9.811722765892056941e+00,9.802743658468397570e+00
9.797407556323692646e+00,9.796951356763090146e+00,9.796118765452307642e+00,4.899992938998496861e+00,2.853844360756635279e+00,3.511599160497175021e+00,5.439144880388642633e+00,8.694822873140319430e+00,9.840450847680781266e+00,9.809777867134794604e+00,9.802442821385692895e+00
9.797442461923845158e+00,9.797015226814268729e+00,9.796235576106461451e+00,8.010322610715551406e+00,7.357349169769117125e+00,7.589333146289401810e+00,8.253665494998244867e+00,9.404405244195993774e+00,9.826502530079798348e+00,9.807251795702637054e+00,9.802023837603920597e+00
