9.797483237139552159e+00,9.797089704371270358e+00,9.796371406447066832e+00,9.795066209711775329e+00,-1.153896383095906053e+01,-2.683474679965760146e+01,-1.520909083292048258e+01,3.864578033831232329e+00,9.869704712234566912e+00,9.814094134787008983e+00,9.803197502330743163e+00
9.797305494747460486e+00,9.796764658535177972e+00,9.795777422456991346e+00,-2.837666342725974999e+01,-3.332566872630545163e+01,-2.840447227374249906e+01,-1.490678721176015742e+01,3.877178098258619254e+00,9.869271938591730020e+00,9.814022657867967681e+00,9.803175353493262634e+00
9.797307508856569314e+00,9.796768350650079782e+00,9.795784180228471527e+00,-2.923777030208904648e+01,-3.322019938523496307e+01,-2.832553040208858519e+01,-1.489916144813990151e+01,3.900352479716439280e+00,9.869734755850338104e+00,9.814220092175736099e+00,9.803243152897783474e+00
9.797296360918219094e+00,9.796747961481900191e+00,9.795746911084094677e+00,-2.891055391591164536e+01,-3.294799863461661715e+01,-2.812067377527702661e+01,-1.485368669779365725e+01,3.959543981804314328e+00,9.869956135566706479e+00,9.814306370223755849e+00,9.803272601538067121e+00
9.797291652438454790e+00,9.796739361553468584e+00,9.795731198709511034e+00,-2.749504687991738194e+01,-3.223588077839510646e+01,-2.755112603430542606e+01,-1.462980253355684290e+01,4.088479144829842760e+00,9.870140805506538939e+00,9.814279451750653749e+00,9.803261099514852361e+00
9.797295075429543587e+00,9.796745625261769064e+00,9.795742647050598606e+00,-3.184631658555978717e+01,-3.038004967464220840e+01,-2.598166990627014172e+01,-1.390647049871263974e+01,4.380881817821234314e+00,9.869581524163846709e+00,9.813997930074373599e+00,9.803163489363120320e+00
9.797311736835455420e+00,9.796776093434827359e+00,9.795798327746013001e+00,-9.510620884935903518e+00,-2.580737408389063958e+01,-2.207971334474274272e+01,-1.157642715264218403e+01,4.944240004045664882e+00,9.867649237733294498e+00,9.813798457964036714e+00,9.803089599494626327e+00
9.797327543685351969e+00,9.796805004379455895e+00,9.795851176372103453e+00,-5.008507961093484617e+00,-1.696359858679811339e+01,-1.435865490912996734e+01,-6.612035479986054121e+00,5.946189553733987943e+00,9.862745649494623734e+00,9.813115216009514086e+00,9.803058098419322519e+00
9.797338976796869048e+00,9.796825924822845977e+00,9.795889444468080853e+00,2.299899663862703392e-01,-5.704921797773478076e+00,-4.276090190702362293e+00,3.219387598267342554e-02,7.375666855277742684e+00,9.853087973816938572e+00,9.811713749762800418e+00,9.802773190755379673e+00
9.797380274282360801e+00,9.796901453833381623e+00,9.796027504962777854e+00,5.241961393676389136e+00,3.008122135398743513e+00,3.622854976298253149e+00,5.464774034199637143e+00,8.676474955376914266e+00,9.839493236015263378e+00,9.809728097795920476e+00,9.802447015525915575e+00
9.797425097704456576e+00,9.796983451812934618e+00,9.796177452336181091e+00,8.085453503751775628e+00,7.338151350497442493e+00,7.558727039119833790e+00,8.217011623424369304e+00,9.384375082535283852e+00,9.826649742004731181e+00,9.807623398353520372e+00,9.802000792107060434e+00
