5.542534227161382887e+01,5.542510753420241087e+01,5.542467940411705740e+01,5.542390337523475807e+01,6.061610791789901143e+00,1.093083881144597314e+01,2.656195802561862962e+01,5.154252114365260695e+01,5.550649608343789509e+01,5.544031396680874479e+01,5.543055993618791888e+01
5.542518226835925077e+01,5.542481500083250978e+01,5.542414505188367002e+01,5.542293008248143593e+01,2.059331498366258373e+01,1.129796214336721860e+01,2.667111677309376461e+01,5.155287323975011304e+01,5.550598868939766817e+01,5.544022124054782807e+01,5.543052876726201816e+01
5.542518509054497144e+01,5.542482016121119415e+01,5.542415447833162290e+01,5.542294724903797487e+01,2.020968377263306337e+01,1.160750035046437745e+01,2.688215805879266895e+01,5.158621960424093800e+01,5.550608634470690106e+01,5.544023451080510512e+01,5.543053294734831837e+01
5.542518492083377879e+01,5.542481985064857497e+01,5.542415391083467568e+01,5.542294621742387051e+01,2.079486161471472627e+01,1.239642048213001146e+01,2.736557021187852357e+01,5.167812548136458872e+01,5.550643802504951907e+01,5.544028314271871238e+01,5.543054835568274541e+01
5.542518422982652737e+01,5.542481858726931421e+01,5.542415160438534372e+01,5.542294202943521952e+01,2.302345129998190387e+01,1.415526787209113024e+01,2.849044760207728544e+01,5.188798775118443984e+01,5.550622729711553660e+01,5.544020524500831471e+01,5.543051980675839729e+01
5.542518858766367629e+01,5.542482655511510359e+01,5.542416616220184267e+01,5.542296857159409740e+01,2.744308815209408436e+01,1.860484377162595138e+01,3.149171145712750075e+01,5.230415263514520063e+01,5.550415604961320781e+01,5.543998820678776696e+01,5.543044272433422748e+01
5.542519866756377667e+01,5.542484498566480511e+01,5.542419983723952015e+01,5.542302996181001618e+01,3.390111480041436209e+01,2.850056067340308275e+01,3.787755332516093887e+01,5.309931806539556476e+01,5.549678391333351613e+01,5.543926968803570787e+01,5.543040080731992703e+01
5.542520367993719788e+01,5.542485415259579895e+01,5.542421659230143405e+01,5.542306052234253144e+01,4.375028832438009374e+01,4.385358904874765784e+01,4.578066578131060282e+01,5.414364064421073408e+01,5.548337343895838103e+01,5.543790120398259091e+01,5.543011502711082272e+01
5.542523078964376282e+01,5.542490372207393534e+01,5.542430715027957433e+01,5.542322549028614276e+01,5.066056749597834852e+01,5.053406565130009653e+01,5.147428344758444041e+01,5.490288994645241871e+01,5.546714936125886197e+01,5.543573465790005628e+01,5.542968383116800624e+01
5.542527132954913327e+01,5.542497785297389612e+01,5.542444259509839100e+01,5.542347227765580442e+01,5.371101979048609110e+01,5.366319533798315433e+01,5.403989499807727270e+01,5.525049875149152001e+01,5.545374510550238512e+01,5.543383993930445541e+01,5.542926830865400234e+01
5.542531215326263805e+01,5.542505252292826867e+01,5.542457909558175544e+01,5.542372124508376885e+01,5.484165270721842234e+01,5.473985537983926974e+01,5.497693667972521325e+01,5.537318009561288079e+01,5.544379606242134173e+01,5.543206555612054842e+01,5.542898977263244120e+01
