5.542534227161389992e+01,5.542510753420248193e+01,5.542467940411711425e+01,5.542390337523477939e+01,6.061610791786684160e+00,1.093083881144599800e+01,2.656195802561864738e+01,5.154252114364817317e+01,5.550649608342374108e+01,5.544031396676382428e+01,5.543055993604576770e+01
5.542518226835932893e+01,5.542481500083258084e+01,5.542414505188373397e+01,5.542293008248147146e+01,2.059331498366660895e+01,1.129796214335920723e+01,2.667111677309084072e+01,5.155287323974556557e+01,5.550598868938352837e+01,5.544022124050296441e+01,5.543052876712003751e+01
5.542518509054503539e+01,5.542482016121127231e+01,5.542415447833168685e+01,5.542294724903801750e+01,2.020968377264038551e+01,1.160750035045798079e+01,2.688215805878948572e+01,5.158621960423640473e+01,5.550608634469277547e+01,5.544023451076029119e+01,5.543053294720650115e+01
5.542518492083384984e+01,5.542481985064865313e+01,5.542415391083474674e+01,5.542294621742390603e+01,2.079486161471979955e+01,1.239642048212417080e+01,2.736557021187492467e+01,5.167812548136008388e+01,5.550643802503541480e+01,5.544028314267394819e+01,5.543054835554110582e+01
5.542518422982661264e+01,5.542481858726938526e+01,5.542415160438540056e+01,5.542294202943524795e+01,2.302345129998439432e+01,1.415526787208629145e+01,2.849044760207423366e+01,5.188798775117994921e+01,5.550622729710144654e+01,5.544020524496361446e+01,5.543051980661691402e+01
5.542518858766375445e+01,5.542482655511517464e+01,5.542416616220190662e+01,5.542296857159413292e+01,2.744308815209538110e+01,1.860484377162337921e+01,3.149171145712587361e+01,5.230415263514070290e+01,5.550415604959913196e+01,5.543998820674312356e+01,5.543044272419291474e+01
5.542519866756384772e+01,5.542484498566487616e+01,5.542419983723958410e+01,5.542302996181004460e+01,3.390111480041507264e+01,2.850056067340076993e+01,3.787755332516015727e+01,5.309931806539107413e+01,5.549678391331946159e+01,5.543926968799110000e+01,5.543040080717877061e+01
5.542520367993726893e+01,5.542485415259586290e+01,5.542421659230150510e+01,5.542306052234256697e+01,4.375028832438047033e+01,4.385358904874816233e+01,4.578066578130765407e+01,5.414364064420603029e+01,5.548337343894432649e+01,5.543790120393802567e+01,5.543011502696978710e+01
5.542523078964384098e+01,5.542490372207402061e+01,5.542430715027963828e+01,5.542322549028617829e+01,5.066056749597919406e+01,5.053406565130154604e+01,5.147428344757979346e+01,5.490288994644750176e+01,5.546714936124480744e+01,5.543573465785553367e+01,5.542968383102709140e+01
5.542527132954921143e+01,5.542497785297396717e+01,5.542444259509845494e+01,5.542347227765583995e+01,5.371101979048722797e+01,5.366319533798507280e+01,5.403989499807482844e+01,5.525049875148663148e+01,5.545374510548830926e+01,5.543383993925995412e+01,5.542926830851317277e+01
5.542531215326270910e+01,5.542505252292833973e+01,5.542457909558181939e+01,5.542372124508380438e+01,5.484165270721946683e+01,5.473985537983872263e+01,5.497693667972373532e+01,5.537318009560841148e+01,5.544379606240731562e+01,5.543206555607606845e+01,5.542898977249167558e+01
