1.385623424602172094e+01,1.385609207143538590e+01,1.385583308918374712e+01,1.385536552843481317e+01,1.385454577837858814e+01,-2.912114357548691146e+01,-4.329705357911317165e+00,1.366043748196528895e+01,1.390927912712832182e+01,1.386714475603763219e+01,1.386060080496658742e+01
1.385612862554948777e+01,1.385589896227904561e+01,1.385548041134696184e+01,1.385472355614144035e+01,-3.962405241748490425e+01,-3.078224112586828198e+01,-4.210135894074507057e+00,1.365644989658186681e+01,1.390879044685642896e+01,1.386704940841113221e+01,1.386056391866925885e+01
1.385613081148539827e+01,1.385590295888868262e+01,1.385548770958820342e+01,1.385473682674096807e+01,1.385341319549924677e+01,-2.838051440729442376e+01,-4.084860309858871830e+00,1.366022453294598549e+01,1.390847610521625199e+01,1.386698505441739293e+01,1.386053874125170537e+01
1.385613251392974554e+01,1.385590607132437668e+01,1.385549339198191809e+01,1.385474715755251296e+01,1.385343172685799829e+01,-2.752895865753707483e+01,-3.599704410068871319e+00,1.366791444309681403e+01,1.390807899395302627e+01,1.386712452918941452e+01,1.386059302075154775e+01
1.385612904886667351e+01,1.385589973197214952e+01,1.385548181380131894e+01,1.385472610442688435e+01,-3.502260886810833540e+01,-2.717803011267141855e+01,-2.935853164553093642e+00,1.368689486731589966e+01,1.390781156027708576e+01,1.386705279426067250e+01,1.386056361310246565e+01
1.385613205945336546e+01,1.385590523275845598e+01,1.385549185512747172e+01,1.385474437675764747e+01,1.385342690549993350e+01,-1.079102612866996935e+00,-1.267408735281765342e+00,1.371952690753105131e+01,1.390586430608457746e+01,1.386684846481084143e+01,1.386048190951547809e+01
1.385613895190696532e+01,1.385591783574752078e+01,1.385551487168027052e+01,1.385478626579918782e+01,1.385350231423783285e+01,2.255422488075824905e+00,2.358252091135817352e+00,1.377380867110439766e+01,1.390168505183578773e+01,1.386635373187548481e+01,1.386048241132392889e+01
1.385614209161819232e+01,1.385592357974170419e+01,1.385552537951126695e+01,1.385480548867004558e+01,1.385353747741515917e+01,-1.407736977797814149e+00,6.845914672819770175e+00,1.381495456422478796e+01,1.389422114970156130e+01,1.386529574091202832e+01,1.386023881334787689e+01
1.385615996123269866e+01,1.385595625703412281e+01,1.385558505578680233e+01,1.385491405298845891e+01,1.385373257120171075e+01,7.366054360747416041e+00,1.072092164237094103e+01,1.385092555292146521e+01,1.388463086126280999e+01,1.386391810344440856e+01,1.386001128648368663e+01
1.385617922076051656e+01,1.385599147345778626e+01,1.385564938827802806e+01,1.385503120611881656e+01,1.385394372040529554e+01,1.157843489378566559e+01,1.271029148061600722e+01,1.386690470011292220e+01,1.387579001215393681e+01,1.386252475211958846e+01,1.385969539568859155e+01
1.385620823218270203e+01,1.385604453140420134e+01,1.385574633596401029e+01,1.385520784740923972e+01,1.385426255764807379e+01,1.310974789411899266e+01,1.347538928778197231e+01,1.386641311297387347e+01,1.386900882827757897e+01,1.386132778829131951e+01,1.385939581793652131e+01
