3.966626460814699584e+01,6.224236618288036027e+01,1.820473320512358555e+02,5.129424537180511834e+02,1.516794558238310856e+03,-3.429074702367262972e+01,-4.739217363864398180e+00,1.365735412516219149e+01,1.390901449832336212e+01,1.386710007584818882e+01,1.386059328380842004e+01
1.385612969669887207e+01,1.385590094687820795e+01,1.385548407327267562e+01,1.385473026676995900e+01,1.385340150034472373e+01,-2.865523312008380685e+01,-4.555131473461415226e+00,1.365057358259053366e+01,1.390830015848373513e+01,1.386695865837417685e+01,1.386053328249985483e+01
1.385613263055222255e+01,1.385590621016534385e+01,1.385549357347688293e+01,1.385474741655389685e+01,1.385343209663236230e+01,-2.789684643023284849e+01,-4.275319205793263855e+00,1.365304346118787038e+01,1.390808736654543942e+01,1.386713780641607485e+01,1.386060177185843045e+01
1.385612788136343276e+01,1.385589749520023339e+01,1.385547762858654863e+01,1.385471839550012163e+01,-3.576758850964743885e+01,-2.761659872613244815e+01,-3.763173601058789508e+00,1.366521730528379308e+01,1.390797360900659285e+01,1.386710627815517327e+01,1.386058806944327770e+01
1.385612922723147733e+01,1.385589994569361849e+01,1.385548209008642573e+01,1.385472649699483938e+01,-3.186953451740738075e+01,-2.662955414514348718e+01,-3.085248953130357741e+00,1.368972656271649413e+01,1.390792184217474770e+01,1.386707110175522573e+01,1.386057183599334053e+01
1.385613187692605308e+01,1.385590480512483857e+01,1.385549097569702681e+01,1.385474268957467814e+01,1.385342388698153826e+01,-1.099611732924737018e+00,-5.430563034068045525e-01,1.372579642147957202e+01,1.390575310743202309e+01,1.386681928411331910e+01,1.386047124664846919e+01
1.385614005967236473e+01,1.385591976632853495e+01,1.385551829823171488e+01,1.385479241192326327e+01,1.385351336738446015e+01,-8.632628307750836782e+00,3.057813494421521838e+00,1.376449405557390548e+01,1.390138940638740195e+01,1.386630518985026583e+01,1.386046499648080044e+01
1.385614210760093812e+01,1.385592351250558174e+01,1.385552514946906655e+01,1.385480493309481531e+01,1.385353619351219834e+01,1.827773097961838289e+00,7.605527618701849235e+00,1.381217744424074922e+01,1.389376451539615331e+01,1.386519672718700136e+01,1.386019781075644275e+01
1.385616198973306368e+01,1.385595986036290839e+01,1.385559152247211401e+01,1.385492568280478665e+01,1.385375323452517904e+01,8.692538083716147668e+00,1.109414562430068152e+01,1.384783718100885963e+01,1.388423449633488715e+01,1.386382743159938968e+01,1.385997014354465762e+01
1.385618058703149558e+01,1.385599386643619724e+01,1.385565364277994149e+01,1.385503879480957146e+01,1.385395701160804194e+01,1.200314792615970738e+01,1.285093212752870251e+01,1.386162281987086686e+01,1.387568091818851457e+01,1.386254065706921601e+01,1.385971074287662219e+01
1.385620251772909661e+01,1.385603397501917122e+01,1.385572693809488953e+01,1.385517235665097857e+01,1.385419802845614967e+01,1.323456615049499341e+01,1.352221729090441116e+01,1.386292089328831878e+01,1.386873780106214760e+01,1.386127543874435020e+01,1.385937213700347925e+01
