5.542533819114768789e+01,5.542510017948521295e+01,5.542466609498487173e+01,5.542387936369631518e+01,1.972097568296612380e+01,6.908039728107377542e+00,2.884952115926965277e+01,5.156530268590465482e+01,5.550568716421500426e+01,5.544015325539051986e+01,5.543050518046071318e+01
5.542518788980140698e+01,5.542482537270169729e+01,5.542416409715499981e+01,5.542296487352935230e+01,2.055185588646715900e+01,7.119263293139564297e+00,2.884152566962465869e+01,5.157535800723939445e+01,5.550545794083550533e+01,5.544011318610561290e+01,5.543049182272442010e+01
5.542518901737434334e+01,5.542482743556254832e+01,5.542416786608517043e+01,5.542297173650931086e+01,2.050896383531404865e+01,7.311026398381400782e+00,2.895944160793725430e+01,5.161058447580089137e+01,5.550598461218354629e+01,5.544020425665938490e+01,5.543052212111395249e+01
5.542518650786300327e+01,5.542482284638710865e+01,5.542415948293394479e+01,5.542295647287265581e+01,2.105737773813464742e+01,8.276660520444183433e+00,2.943473991018286284e+01,5.170224553319968663e+01,5.550636448449158422e+01,5.544025739230254146e+01,5.543053900108785115e+01
5.542518571303988040e+01,5.542482139181508671e+01,5.542415682607187932e+01,5.542295164571809352e+01,2.325381057555765452e+01,1.055069825648572746e+01,3.036667677678819643e+01,5.191116361301662607e+01,5.550631729233632683e+01,5.544020128868216091e+01,5.543051729573124220e+01
5.542518981673894984e+01,5.542482889658774070e+01,5.542417054001014520e+01,5.542297665922450989e+01,2.691464482509467615e+01,1.577253816672605424e+01,3.273152004146174221e+01,5.229698155482363120e+01,5.550485472103883211e+01,5.544008287127409318e+01,5.543047250420845273e+01
5.542519762486362822e+01,5.542484317391106430e+01,5.542419663149676978e+01,5.542302425688767187e+01,3.293793161876645570e+01,2.576184892247265168e+01,3.766041964737660663e+01,5.302522733259728227e+01,5.549832548222418893e+01,5.543929191304255966e+01,5.543040592565842672e+01
5.542520535059009035e+01,5.542485730126293220e+01,5.542422244686802202e+01,5.542307132088384236e+01,4.278646506409166506e+01,3.807507859573419751e+01,4.458578543306349218e+01,5.403868200820737400e+01,5.548562704110713639e+01,5.543809022610715687e+01,5.543018046051622605e+01
5.542522793871373921e+01,5.542489860458567819e+01,5.542429790959695879e+01,5.542320882226474765e+01,4.984753240992066736e+01,4.769532343979449251e+01,5.052250801147164339e+01,5.483957622274834875e+01,5.547011744375105735e+01,5.543611765332506991e+01,5.542982952438600108e+01
5.542526482273485300e+01,5.542496605565720813e+01,5.542442116483591974e+01,5.542343348564378402e+01,5.322799570717658924e+01,5.260985166339098384e+01,5.362893019496004854e+01,5.522305834118971291e+01,5.545640848237303544e+01,5.543405364708868888e+01,5.542935399342627534e+01
5.542531179871113522e+01,5.542505196835683279e+01,5.542457817487291294e+01,5.542371971433271227e+01,5.463844511328801445e+01,5.449057328876563844e+01,5.482853550288229627e+01,5.536034654359755791e+01,5.544512222889042619e+01,5.543226363179242355e+01,5.542908795424519042e+01
