9.797504710869876732e+00,9.797129265924569452e+00,9.796444066738043688e+00,9.795199475025206937e+00,-4.547963458243638968e+01,-4.260758419746896664e+01,-2.584737317315807203e+01,2.551591858471027763e+00,9.876185378489520161e+00,9.814167531130461697e+00,9.803175994221192013e+00
9.797341087397612114e+00,9.796829929240367107e+00,9.795896964267212681e+00,-5.695582346076588465e+01,-5.422191220600998207e+01,-4.611804888115466383e+01,-2.580038875523106157e+01,2.566412520653360563e+00,9.876166794434277918e+00,9.814147257739394448e+00,9.803168765373451166e+00
9.797342466262643157e+00,9.796832467918383358e+00,9.795901627480157359e+00,-5.661930106861013456e+01,-5.390848360339029455e+01,-4.589686836101519418e+01,-2.570397708868331677e+01,2.601902336826812157e+00,9.877475631563211067e+00,9.814443124413442021e+00,9.803265002578196885e+00
9.797330321957124610e+00,9.796810275132203927e+00,9.795861085403947399e+00,-5.576468101323867188e+01,-5.312916697736748972e+01,-4.533644921221456769e+01,-2.547166555950673228e+01,2.682932568936144957e+00,9.878198999922274126e+00,9.814346631159853729e+00,9.803233402119129636e+00
9.797334501773502069e+00,9.796817960335744147e+00,9.795875162367154942e+00,-5.384060640579842527e+01,-5.135945137110179104e+01,-4.396560010848452293e+01,-2.488709215881603143e+01,2.866410785448780363e+00,9.878799239208746030e+00,9.814330202158734195e+00,9.803222155260188586e+00
9.797340192720202623e+00,9.796828397390752841e+00,9.795894268024849083e+00,-1.832565808802015539e+01,-4.778079348619102262e+01,-4.115255180609253216e+01,-2.337671679193231355e+01,3.236612700351043426e+00,9.878870010051526762e+00,9.814374824635873296e+00,9.803227735279476107e+00
9.797345933165271248e+00,9.796838913124258141e+00,9.795913512613157792e+00,-1.507656009667692132e+01,-4.071468092507530656e+01,-3.527333866930274553e+01,-1.978571187168001089e+01,3.957041179439948486e+00,9.876784826408055551e+00,9.813991166804974853e+00,9.803096292904168507e+00
9.797367302603291250e+00,9.796877988097184797e+00,9.795984923236591868e+00,-9.962525806123926131e+00,-2.805570226626502972e+01,-2.422309534755041938e+01,-1.277560255476511486e+01,5.237542361686260861e+00,9.871076534617488463e+00,9.813309364826700687e+00,9.803069799024761721e+00
9.797376693787626323e+00,9.796895171152232962e+00,9.796016351333610928e+00,-2.939816965002219007e+00,-1.206766003835664947e+01,-9.796726531229371204e+00,-3.427381932141638998e+00,6.994563197357291706e+00,9.859667731651596156e+00,9.812037584489495146e+00,9.802837710517231073e+00
9.797408254261977589e+00,9.796952895088974600e+00,9.796121861475530324e+00,1.547889952400716140e-01,3.188746814343330627e-01,1.273136157852950312e+00,3.952271704107024330e+00,8.516102337807188505e+00,9.844335240149408861e+00,9.810022736467411519e+00,9.802516967689786753e+00
9.797447922591858926e+00,9.797025460933136642e+00,9.796254533394575859e+00,6.325414053170447914e+00,6.384258151150598692e+00,6.723289249678705559e+00,7.675207293092840999e+00,9.329875554058990161e+00,9.830022997016524045e+00,9.807851468487552182e+00,9.802057960438377293e+00
