1.385623453272575389e+01,1.385609245535139777e+01,1.385583364931972916e+01,1.385536641415570358e+01,1.385454729047344635e+01,-2.913739929255885386e+01,-4.523442720222483615e+00,1.365783860567881902e+01,1.390928504033012558e+01,1.386714827438114384e+01,1.386060231988198055e+01
1.385612825364384904e+01,1.385589815228408384e+01,1.385547879569427465e+01,1.385472047766230830e+01,-3.937696931431484870e+01,-3.048506954478540365e+01,-4.453784437304791233e+00,1.365538637384242548e+01,1.390883762874952723e+01,1.386705999229877939e+01,1.386056808607593460e+01
1.385613034930572596e+01,1.385590198469742873e+01,1.385548579547992887e+01,1.385473321025567373e+01,1.385340659871188507e+01,-2.834960772859307099e+01,-4.181177861308080779e+00,1.365852586946001779e+01,1.390835561130137776e+01,1.386696241953492148e+01,1.386053000785408784e+01
1.385613285351929314e+01,1.385590656346171201e+01,1.385549415516936556e+01,1.385474840786976358e+01,1.385343385185461784e+01,-2.702316803352113084e+01,-3.692670463612374832e+00,1.366657337140840944e+01,1.390813237078795694e+01,1.386713672757279880e+01,1.386059783831395720e+01
1.385612853933856670e+01,1.385589867666107722e+01,1.385547975668729315e+01,1.385472223461559693e+01,-3.343513730162430875e+01,-2.571524271115533722e+01,-2.780974966225444156e+00,1.368378735129396873e+01,1.390784221732629433e+01,1.386706211907138098e+01,1.386056746129734307e+01
1.385613149550279033e+01,1.385590407883558584e+01,1.385548961837622883e+01,1.385474017704992455e+01,1.385341925144317798e+01,-1.136945142540980225e+00,-1.130866073499570135e-01,1.372377179344719522e+01,1.390543300697860829e+01,1.386675675850277578e+01,1.386044603005170117e+01
1.385614123166964973e+01,1.385592187888690674e+01,1.385552212336941658e+01,1.385479932388028601e+01,1.385352565867735919e+01,-7.760738587332244975e+00,3.525527448266667641e+00,1.375717687391740363e+01,1.390103391043238723e+01,1.386624246766142043e+01,1.386043959317114016e+01
1.385614255753750079e+01,1.385592430437313460e+01,1.385552655919727449e+01,1.385480742788889508e+01,1.385354040839994916e+01,7.117061010258405318e+00,8.302814984073194182e+00,1.381800735831867577e+01,1.389293151842987051e+01,1.386521666984194567e+01,1.386020541578167276e+01
1.385616141263610857e+01,1.385595877761220862e+01,1.385558952008944900e+01,1.385492202505841064e+01,1.385374668745468085e+01,1.082555487337421951e+01,1.159231570755128260e+01,1.385175384014481992e+01,1.388278948240698618e+01,1.386363834663566408e+01,1.385987762329934725e+01
1.385618703649421946e+01,1.385600562779225342e+01,1.385567509150485677e+01,1.385507778718800154e+01,1.385402704684733166e+01,1.227914803758048201e+01,1.302923936646844894e+01,1.386300299667513869e+01,1.387413501298026297e+01,1.386222962909586975e+01,1.385954025186194905e+01
1.385621467973691523e+01,1.385605618023303620e+01,1.385576745708711677e+01,1.385524603793467691e+01,1.385433039070458605e+01,1.344472375924511809e+01,1.358774259892016545e+01,1.386394920921491547e+01,1.386719403629419389e+01,1.386100313697850694e+01,1.385938938228037642e+01
