9.797504710868958355e+00,9.797129265923672392e+00,9.796444066737208800e+00,9.795199475024579883e+00,-4.547963459035134548e+01,-4.260758421072166158e+01,-2.584737317317604521e+01,2.551591858480382058e+00,9.876185378583050678e+00,9.814167531432351765e+00,9.803175995178206037e+00
9.797341087396691961e+00,9.796829929239473600e+00,9.795896964266392004e+00,-5.695582347062514117e+01,-5.422191218648047339e+01,-4.611804889348769620e+01,-2.580038876000770642e+01,2.566412520746337300e+00,9.876166794563395968e+00,9.814147258046586941e+00,9.803168766331179285e+00
9.797342466261570237e+00,9.796832467917202081e+00,9.795901627478805551e+00,-5.661930107397356693e+01,-5.390848361732660265e+01,-4.589686836138827175e+01,-2.570397708948226878e+01,2.601902337152467659e+00,9.877475631691760682e+00,9.814443124720142464e+00,9.803265003534852084e+00
9.797330321956062349e+00,9.796810275131040413e+00,9.795861085402627566e+00,-5.576468101313864167e+01,-5.312916698053245312e+01,-4.533644921310462195e+01,-2.547166555985146275e+01,2.682932569839681758e+00,9.878199000080638115e+00,9.814346631470511895e+00,9.803233403076074381e+00
9.797334501772343884e+00,9.796817960334411879e+00,9.795875162365533129e+00,-5.384060640625508398e+01,-5.135945137154416784e+01,-4.396560010895998971e+01,-2.488709215881418757e+01,2.866410785486825485e+00,9.878799239303866386e+00,9.814330202459640162e+00,9.803222156213239558e+00
9.797340192719278917e+00,9.796828397389848675e+00,9.795894268024008866e+00,-1.832565808805102492e+01,-4.778079348619390743e+01,-4.115255180608868812e+01,-2.337671679192266083e+01,3.236612700380368413e+00,9.878870010145936575e+00,9.814374824936384911e+00,9.803227736231509226e+00
9.797345933164349319e+00,9.796838913123357528e+00,9.795913512612321128e+00,-1.507656009662735919e+01,-4.071468092517562098e+01,-3.527333866929355111e+01,-1.978571187167566947e+01,3.957041179468649084e+00,9.876784826502369441e+00,9.813991167105186264e+00,9.803096293855247723e+00
9.797367302602372874e+00,9.796877988096285961e+00,9.795984923235758757e+00,-9.962525806094383540e+00,-2.805570226633097519e+01,-2.422309534755854088e+01,-1.277560255473647643e+01,5.237542361715440187e+00,9.871076534711701100e+00,9.813309365126627881e+00,9.803069799974950982e+00
9.797376693786709723e+00,9.796895171151334125e+00,9.796016351332777816e+00,-2.939816964973797297e+00,-1.206766003834734491e+01,-9.796726531164283713e+00,-3.427381932172892220e+00,6.994563197382801079e+00,9.859667731745663133e+00,9.812037584789162992e+00,9.802837711466636961e+00
9.797408254261060989e+00,9.796952895088079316e+00,9.796121861474698989e+00,1.547889957441253017e-01,3.188746814599978663e-01,1.273136157927464041e+00,3.952271703990451801e+00,8.516102337808495903e+00,9.844335240242553908e+00,9.810022736766747187e+00,9.802516968638508743e+00
9.797447922590944103e+00,9.797025460932244911e+00,9.796254533393749853e+00,6.325414053712102636e+00,6.384258151343180643e+00,6.723289249651109856e+00,7.675207293130295483e+00,9.329875554103512769e+00,9.830022997111480976e+00,9.807851468787021076e+00,9.802057961386696050e+00
