1.385623453272679129e+01,1.385609245535237122e+01,1.385583364932049477e+01,1.385536641415581727e+01,1.385454729047150835e+01,-2.913739929300755094e+01,-4.523442720227669689e+00,1.365783860558433460e+01,1.390928504003182198e+01,1.386714827343576317e+01,1.386060231689108413e+01
1.385612825364488998e+01,1.385589815228505728e+01,1.385547879569504559e+01,1.385472047766243264e+01,-3.937696931405927359e+01,-3.048506954485831599e+01,-4.453784437318629941e+00,1.365538637374944386e+01,1.390883762845157889e+01,1.386705999135440770e+01,1.386056808308821608e+01
1.385613034930676335e+01,1.385590198469840573e+01,1.385548579548069625e+01,1.385473321025579807e+01,1.385340659870996127e+01,-2.834960772828711839e+01,-4.181177861316029976e+00,1.365852586936828672e+01,1.390835561100376694e+01,1.386696241859155165e+01,1.386053000486952591e+01
1.385613285352032875e+01,1.385590656346268190e+01,1.385549415517013294e+01,1.385474840786988260e+01,1.385343385185269405e+01,-2.702316803277192747e+01,-3.692670463633621836e+00,1.366657337131888994e+01,1.390813237049069073e+01,1.386713672663041663e+01,1.386059783533250567e+01
1.385612853933960409e+01,1.385589867666204711e+01,1.385547975668805876e+01,1.385472223461571772e+01,-3.343513730046333876e+01,-2.571524271133375450e+01,-2.780974966244020408e+00,1.368378735120159106e+01,1.390784221702926970e+01,1.386706211812996514e+01,1.386056745831897530e+01
1.385613149550382772e+01,1.385590407883655750e+01,1.385548961837699622e+01,1.385474017705004712e+01,1.385341925144126662e+01,-1.136945142618444926e+00,-1.130866073411973538e-01,1.372377179335816244e+01,1.390543300668199223e+01,1.386675675756234227e+01,1.386044602707638873e+01
1.385614123167068712e+01,1.385592187888787663e+01,1.385552212337018219e+01,1.385479932388040680e+01,1.385352565867544783e+01,-7.760738586932895089e+00,3.525527448223105154e+00,1.375717687382832644e+01,1.390103391013608203e+01,1.386624246672186089e+01,1.386043959019853133e+01
1.385614255753853463e+01,1.385592430437410627e+01,1.385552655919804010e+01,1.385480742788901587e+01,1.385354040839803424e+01,7.117061010203508786e+00,8.302814984052117708e+00,1.381800735823030202e+01,1.389293151813389926e+01,1.386521666890317306e+01,1.386020541281147800e+01
1.385616141263714596e+01,1.385595877761317851e+01,1.385558952009021283e+01,1.385492202505853143e+01,1.385374668745276949e+01,1.082555487335652700e+01,1.159231570750747231e+01,1.385175384005563615e+01,1.388278948211136665e+01,1.386363834569757181e+01,1.385987762033110826e+01
1.385618703649525330e+01,1.385600562779321976e+01,1.385567509150561882e+01,1.385507778718811878e+01,1.385402704684540964e+01,1.227914803762945795e+01,1.302923936643817449e+01,1.386300299658338631e+01,1.387413501268464344e+01,1.386222962815825532e+01,1.385954024889524128e+01
1.385621467973794552e+01,1.385605618023400254e+01,1.385576745708787527e+01,1.385524603793479415e+01,1.385433039070266403e+01,1.344472375923549734e+01,1.358774259889196045e+01,1.386394920912297302e+01,1.386719403599868983e+01,1.386100313604131529e+01,1.385938937931489079e+01
