1.385623621437641795e+01,1.385609552081626283e+01,1.385583924168421888e+01,1.385537660489034728e+01,1.385456575735078921e+01,-2.909679836363783423e+01,-4.559744333786117210e+00,1.365702220354705609e+01,1.390949868451651028e+01,1.386719263257328194e+01,1.386061972495393491e+01
1.385612702791183892e+01,1.385589590327439780e+01,1.385547468109767699e+01,1.385471298818482921e+01,-3.922501029773857795e+01,-3.033239887688158021e+01,-4.496033249689010525e+00,1.365487130631925794e+01,1.390873665460596165e+01,1.386704019125682308e+01,1.386056041051103094e+01
1.385613080433844502e+01,1.385590280818733255e+01,1.385548728997991574e+01,1.385473591762963608e+01,1.385341144176942052e+01,-2.824709135063382348e+01,-4.237803775012143781e+00,1.365791866721723480e+01,1.390850455443581168e+01,1.386699342972000792e+01,1.386054218386402326e+01
1.385613198727963180e+01,1.385590497136025867e+01,1.385549123987304654e+01,1.385474309952726735e+01,1.385342432287769299e+01,-2.698106816978066291e+01,-3.732346194049353194e+00,1.366557871854603334e+01,1.390805114762763672e+01,1.386712112051454149e+01,1.386059184380803444e+01
1.385612884788136867e+01,1.385589923172302207e+01,1.385548076041517263e+01,1.385472404775983257e+01,-3.334916030686676436e+01,-2.554229094984610526e+01,-2.823534152386757867e+00,1.368342683267548310e+01,1.390771265232743303e+01,1.386703620457932828e+01,1.386055741766241134e+01
1.385613209143701852e+01,1.385590515972284464e+01,1.385549158243734169e+01,1.385474373682008853e+01,1.385342561768398895e+01,-1.074999895417152906e+00,-1.825380154133102728e-01,1.372095784113322026e+01,1.390540302380589566e+01,1.386675488122546440e+01,1.386044566876803330e+01
1.385614095557776082e+01,1.385592136496527260e+01,1.385552117443899789e+01,1.385479758044851906e+01,1.385352246885421046e+01,-7.493950899018232192e+00,3.456322096865934057e+00,1.375818924229842821e+01,1.390107073653824443e+01,1.386624820704350114e+01,1.386044173451270467e+01
1.385614257031057406e+01,1.385592431772127142e+01,1.385552657466625881e+01,1.385480745273124370e+01,1.385354048218226453e+01,7.033987022674361711e+00,8.331524874525197077e+00,1.381584849268122639e+01,1.389286405820257286e+01,1.386520441353163591e+01,1.386020050267394765e+01
1.385616142672414242e+01,1.385595879273047792e+01,1.385558953588235553e+01,1.385492203388014154e+01,1.385374663539305118e+01,1.081386642143099941e+01,1.160884829629539539e+01,1.384875351993489012e+01,1.388225723922636945e+01,1.386349930401588892e+01,1.385981159817665187e+01
1.385619064385063481e+01,1.385601220931721933e+01,1.385568708938612481e+01,1.385509955471028043e+01,1.385406589605152483e+01,1.228891417634191896e+01,1.303299676597743328e+01,1.386355392793798202e+01,1.387410180033390539e+01,1.386220801253958612e+01,1.385952733371933299e+01
1.385621646830828801e+01,1.385605944049466132e+01,1.385577340235296617e+01,1.385525686081735230e+01,1.385434995940724612e+01,1.344268687603145551e+01,1.358859660874495034e+01,1.386436883962216271e+01,1.386717847177292029e+01,1.386098766318131936e+01,1.385937802540167674e+01
