1.385623572412871951e+01,1.385609463072630021e+01,1.385583760481873483e+01,1.385537351370116177e+01,1.385455949642017970e+01,-2.395983147862862950e+01,-3.871730968511831961e+00,1.365080222014485756e+01,1.390939963344694164e+01,1.386717895512256860e+01,1.386061491714745308e+01
1.385612694020131386e+01,1.385589575354578429e+01,1.385547441585806538e+01,1.385471250278898303e+01,-7.201290757518245655e+00,-2.461540919918705583e+01,-3.743940506478787178e+00,1.364812799862491843e+01,1.390893049857385755e+01,1.386708617592336701e+01,1.386057889991364078e+01
1.385612916424287988e+01,1.385589981944928262e+01,1.385548183895805252e+01,1.385472599596269205e+01,-3.152178290578545372e+01,-2.473831671532520105e+01,-3.640914923186811869e+00,1.365311040009646248e+01,1.390886865881988754e+01,1.386707053852885707e+01,1.386057253969739733e+01
1.385612978497490388e+01,1.385590095484099393e+01,1.385548391359708020e+01,1.385472977618706558e+01,1.385340037916578382e+01,-2.222976401230153698e+01,-3.301590206177422715e+00,1.366014646801657406e+01,1.390834585009047331e+01,1.386696211130706224e+01,1.386052999255822193e+01
1.385613275305768433e+01,1.385590637926048707e+01,1.385549381483248865e+01,1.385474777424029114e+01,1.385343266502579596e+01,-2.022776312526056586e+01,-2.447757226712233170e+00,1.367711220490365243e+01,1.390767254331562164e+01,1.386703534837074514e+01,1.386055770522959563e+01
1.385613159850404230e+01,1.385590426926069796e+01,1.385548996491651508e+01,1.385474079211910059e+01,1.385342026156286366e+01,-1.059474230755562019e+00,-2.064615171855241904e-01,1.372074215267986119e+01,1.390542428765129301e+01,1.386675778652140067e+01,1.386044666712995976e+01
1.385614100569772233e+01,1.385592146782558487e+01,1.385552137351398017e+01,1.385479795776055312e+01,1.385352318923273351e+01,-7.995261833778828375e+00,2.756908095108220991e+00,1.375754624205720233e+01,1.390149408798704300e+01,1.386633418336890244e+01,1.386047633386882794e+01
1.385614082498935318e+01,1.385592113998089303e+01,1.385552078748261806e+01,1.385479696152250106e+01,1.385352179628121583e+01,1.834896355396942180e+00,7.425024463947668352e+00,1.380759727224330113e+01,1.389385623591257080e+01,1.386522760283728495e+01,1.386021104133294024e+01
1.385616033505412759e+01,1.385595680786739692e+01,1.385558591842351106e+01,1.385491544655407736e+01,1.385373473026128721e+01,1.030411623298409651e+01,1.113644290001797721e+01,1.385160406490663121e+01,1.388404941036684548e+01,1.386376255686591286e+01,1.385993651789540237e+01
1.385618387431728493e+01,1.385599984868868972e+01,1.385566454178085216e+01,1.385505862005426714e+01,1.385399278603116535e+01,1.201316288349397610e+01,1.284406442529165027e+01,1.386176761873984553e+01,1.387542618543124995e+01,1.386245335082664454e+01,1.385966219472692273e+01
1.385620599057802238e+01,1.385604029398793635e+01,1.385573844367851137e+01,1.385519324631977867e+01,1.385423551129715669e+01,1.335067384160276482e+01,1.352439528405763980e+01,1.386393417731649080e+01,1.386817055795187237e+01,1.386122028966511621e+01,1.385933301232068260e+01
