9.797491258495130140e+00,9.797104385209403077e+00,9.796398290544482634e+00,9.795115530754770816e+00,-5.768497339656418887e+01,-4.943925704094041151e+01,-2.626963851441891862e+01,2.558865646888540457e+00,9.875056978278436759e+00,9.814228982878095309e+00,9.803198487526254112e+00
9.797336271941372132e+00,9.796820981245151216e+00,9.795880456801086211e+00,-5.950764017764018377e+01,-5.858493530499418966e+01,-4.946188553191402093e+01,-2.651201019883284715e+01,2.571081496017990631e+00,9.875623938519474621e+00,9.814116417110980706e+00,9.803162266545786707e+00
9.797340524287633912e+00,9.796828731202925411e+00,9.795894590825724890e+00,-5.917014609872035891e+01,-5.823649251274123628e+01,-4.919521102631021847e+01,-2.637866276915411845e+01,2.606621153802808788e+00,9.877245199765145145e+00,9.814429095997059704e+00,9.803261856658780360e+00
9.797329473075915729e+00,9.796808533116811546e+00,9.795857692966880137e+00,-5.814912235061446921e+01,-5.730946835372915871e+01,-4.851996299295053916e+01,-2.603627732279846185e+01,2.688950717443446603e+00,9.877694289802361638e+00,9.814498014202463594e+00,9.803282993085439045e+00
9.797327730061729412e+00,9.796805353895125634e+00,9.795851890898683578e+00,-5.592247983816778145e+01,-5.486685545598393787e+01,-4.653071170376141907e+01,-2.514537493370184862e+01,2.890389557604928328e+00,9.878088228082441802e+00,9.814453782019484152e+00,9.803263367949085705e+00
9.797333973878888713e+00,9.796816775177390468e+00,9.795872769401082536e+00,-1.791406538708573848e+01,-4.889820143431427368e+01,-4.188725300541667451e+01,-2.255345125932447559e+01,3.308926337504712212e+00,9.877886088866876690e+00,9.814211614539322781e+00,9.803176882069422504e+00
9.797350437486171515e+00,9.796846884044995818e+00,9.795927801204756591e+00,-1.414413674600954884e+01,-3.838864186219329611e+01,-3.274091999244535600e+01,-1.757979281841882013e+01,4.111568988427294791e+00,9.875660979861939026e+00,9.813987802219621415e+00,9.803094895077267168e+00
9.797367392342763992e+00,9.796877888721244432e+00,9.795984472405145027e+00,-8.548555134947980250e+00,-2.242271877046270845e+01,-1.915848837370769431e+01,-9.597006691433339398e+00,5.486732124660319343e+00,9.869100284566394876e+00,9.813165689008478410e+00,9.803023982137284875e+00
9.797380123134045604e+00,9.796901164536491180e+00,9.796027016410992161e+00,-1.292521515681775313e+00,-7.158529267327486068e+00,-5.435890568772322240e+00,-6.898709073852078433e-01,7.277876453631937359e+00,9.856169198682486865e+00,9.811695552444057000e+00,9.802730795644167827e+00
9.797411506191780362e+00,9.796958560212901901e+00,9.796131909253279701e+00,4.922025789676174767e+00,2.866566234847657046e+00,3.541728127463088516e+00,5.417766108027499250e+00,8.702102418939757555e+00,9.840456983623377951e+00,9.809728639171447995e+00,9.802421449933728326e+00
9.797446868702996525e+00,9.797023258231137177e+00,9.796250223700813109e+00,8.007960159004850809e+00,7.368213575181941088e+00,7.601154097598648463e+00,8.251082178286811342e+00,9.407845387157442119e+00,9.826246249779179820e+00,9.807355540685760431e+00,9.802067119769867887e+00
