9.797505869823003977e+00,9.797131384443838797e+00,9.796447920827745293e+00,9.795206369388862910e+00,-5.585062743609771019e+01,-4.795394391765606912e+01,-2.610124793030032109e+01,2.557070097384287699e+00,9.875424962690427577e+00,9.814334479251380472e+00,9.803233700901660796e+00
9.797331476990347454e+00,9.796812463815699701e+00,9.795865154858796942e+00,-5.737167738273036832e+01,-5.586557000993285271e+01,-4.766168112084214670e+01,-2.600840927317722517e+01,2.570628054090260850e+00,9.875627502629365395e+00,9.814299334604795533e+00,9.803219085737202576e+00
9.797335602624130502e+00,9.796819997347627762e+00,9.795878918630998911e+00,-5.701833489512303288e+01,-5.556095211060846850e+01,-4.783449950178300014e+01,-2.591773017918535515e+01,2.607962514418566968e+00,9.877264805569215156e+00,9.814434956465513338e+00,9.803263914491148867e+00
9.797329416482808639e+00,9.796808688076028560e+00,9.795858248164355686e+00,-5.756876417866016027e+01,-5.568967915805585278e+01,-4.732440451047970953e+01,-2.571394271171799062e+01,2.689379631807161442e+00,9.877828401682638315e+00,9.814548086060419507e+00,9.803300147268352305e+00
9.797325254451044074e+00,9.796801087567112987e+00,9.795844366370449308e+00,-5.591713539784586828e+01,-5.402637109434493823e+01,-4.599869850883994360e+01,-2.515572510447298171e+01,2.880779731034533331e+00,9.878455075919507777e+00,9.814558113296866892e+00,9.803298236575182401e+00
9.797329220128023763e+00,9.796808349100246005e+00,9.795857648859156441e+00,-1.810752643137452722e+01,-4.953082852237577782e+01,-4.270248264758700429e+01,-2.365650055460984547e+01,3.252689508304631882e+00,9.878619239678101849e+00,9.814390097456554329e+00,9.803235541854158797e+00
9.797342917244593608e+00,9.796833397061487148e+00,9.795903429976597465e+00,-1.496993944332437110e+01,-4.159503480479857274e+01,-3.584348667381522091e+01,-1.967644143417009417e+01,3.974921143321384243e+00,9.876348681529970364e+00,9.814008301516981447e+00,9.803106475074207182e+00
9.797362711424606019e+00,9.796869591019575552e+00,9.795969573637222538e+00,-9.504891662189089985e+00,-2.788292338317608454e+01,-2.395098358224254653e+01,-1.250398579738648763e+01,5.266792584011869671e+00,9.870419986605343254e+00,9.813310105657485849e+00,9.803076516327905665e+00
9.797371198246386470e+00,9.796885114802385885e+00,9.795997960831989815e+00,-2.380047221344375075e+00,-1.145193826340117660e+01,-9.394794013435742386e+00,-3.133388060944408693e+00,7.023915242251863589e+00,9.858454531986428293e+00,9.812016261629546321e+00,9.802842893358544529e+00
9.797398458909963637e+00,9.796934973082947806e+00,9.796089086132663937e+00,4.108692346898076941e+00,5.711648528775139511e-01,1.514862512823370366e+00,4.155488990239998515e+00,8.535519103782789330e+00,9.843286007852844577e+00,9.809988703790425646e+00,9.802517118936695084e+00
9.797438372066077150e+00,9.797007997028392978e+00,9.796222610717705948e+00,6.428803057277345800e+00,6.484200800771080075e+00,6.816449129700414389e+00,7.749499250197033895e+00,9.337305408901146464e+00,9.828976355278438604e+00,9.807668863759756661e+00,9.801990873083681777e+00
