1.385623424602183462e+01,1.385609207143549426e+01,1.385583308918383594e+01,1.385536552843484515e+01,1.385454577837844425e+01,-2.912114357549756249e+01,-4.329705357914474639e+00,1.366043748195723850e+01,1.390927912710268899e+01,1.386714475595634255e+01,1.386060080470933897e+01
1.385612862554960145e+01,1.385589896227915219e+01,1.385548041134704889e+01,1.385472355614147233e+01,-3.962405241725193861e+01,-3.078224112587009387e+01,-4.210135894084420016e+00,1.365644989657394603e+01,1.390879044683082455e+01,1.386704940832990829e+01,1.386056391841221824e+01
1.385613081148551196e+01,1.385590295888879098e+01,1.385548770958829223e+01,1.385473682674100182e+01,1.385341319549910466e+01,-2.838051440713005036e+01,-4.084860309871391593e+00,1.366022453293813044e+01,1.390847610519067246e+01,1.386698505433623296e+01,1.386053874099486904e+01
1.385613251392985745e+01,1.385590607132448326e+01,1.385549339198200869e+01,1.385474715755254493e+01,1.385343172685785618e+01,-2.752895865724251934e+01,-3.599704410084147987e+00,1.366791444308938175e+01,1.390807899392747515e+01,1.386712452910832027e+01,1.386059302049491393e+01
1.385612904886678542e+01,1.385589973197225433e+01,1.385548181380140775e+01,1.385472610442691632e+01,-3.502260886761931857e+01,-2.717803011268589941e+01,-2.935853164565642714e+00,1.368689486730775506e+01,1.390781156025153464e+01,1.386705279417963865e+01,1.386056361284603256e+01
1.385613205945347559e+01,1.385590523275856256e+01,1.385549185512756409e+01,1.385474437675768122e+01,1.385342690549979316e+01,-1.079102612880291634e+00,-1.267408735284154542e+00,1.371952690752268822e+01,1.390586430605903701e+01,1.386684846472986976e+01,1.386048190925923862e+01
1.385613895190707545e+01,1.385591783574762914e+01,1.385551487168035933e+01,1.385478626579921979e+01,1.385350231423769252e+01,2.255422488064419362e+00,2.358252091144999341e+00,1.377380867109680551e+01,1.390168505181029346e+01,1.386635373179457709e+01,1.386048241106787415e+01
1.385614209161830246e+01,1.385592357974181255e+01,1.385552537951135577e+01,1.385480548867007933e+01,1.385353747741501707e+01,-1.407736977805932099e+00,6.845914672815121449e+00,1.381495456421674817e+01,1.389422114967601374e+01,1.386529574083115435e+01,1.386023881309197492e+01
1.385615996123280880e+01,1.385595625703422762e+01,1.385558505578689115e+01,1.385491405298849621e+01,1.385373257120157220e+01,7.366054360747815721e+00,1.072092164236857847e+01,1.385092555291340233e+01,1.388463086123732637e+01,1.386391810336358965e+01,1.386001128622792145e+01
1.385617922076063024e+01,1.385599147345789106e+01,1.385564938827811687e+01,1.385503120611884853e+01,1.385394372040515520e+01,1.157843489378381108e+01,1.271029148061353986e+01,1.386690470010492149e+01,1.387579001212846208e+01,1.386252475203880152e+01,1.385969539543292939e+01
1.385620823218281217e+01,1.385604453140430792e+01,1.385574633596410088e+01,1.385520784740927525e+01,1.385426255764793169e+01,1.310974789411818264e+01,1.347538928777952449e+01,1.386641311296589585e+01,1.386900882825211845e+01,1.386132778821056100e+01,1.385939581768094442e+01
