1.385623424601607212e+01,1.385609207143001242e+01,1.385583308917925116e+01,1.385536552843308655e+01,1.385454577838562429e+01,-2.912114357489934235e+01,-4.329705357748521166e+00,1.366043748236591959e+01,1.390927912840178138e+01,1.386714476007460206e+01,1.386060081773113950e+01
1.385612862554382829e+01,1.385589896227366502e+01,1.385548041134245700e+01,1.385472355613970663e+01,-3.962405242858434917e+01,-3.078224112587612638e+01,-4.210135893563129450e+00,1.365644989697539913e+01,1.390879044812494492e+01,1.386704941243341871e+01,1.386056393138760612e+01
1.385613081147975478e+01,1.385590295888331624e+01,1.385548770958371279e+01,1.385473682673924145e+01,1.385341319550623496e+01,-2.838051441504565986e+01,-4.084860309199144446e+00,1.366022453333632036e+01,1.390847610648005883e+01,1.386698505842518969e+01,1.386053875392433099e+01
1.385613251392413048e+01,1.385590607131904051e+01,1.385549339197745766e+01,1.385474715755080410e+01,1.385343172686498292e+01,-2.752895867157447185e+01,-3.599704409277165951e+00,1.366791444346589124e+01,1.390807899521193391e+01,1.386712453318296134e+01,1.386059303337932924e+01
1.385612904886107977e+01,1.385589973196683289e+01,1.385548181379687449e+01,1.385472610442518615e+01,-3.502260889160187673e+01,-2.717803011220695453e+01,-2.935853163897559348e+00,1.368689486771710406e+01,1.390781156153250464e+01,1.386705279824030157e+01,1.386056362568587019e+01
1.385613205944776638e+01,1.385590523275313402e+01,1.385549185512301662e+01,1.385474437675592085e+01,1.385342690550682576e+01,-1.079102612262114125e+00,-1.267408735157174338e+00,1.371952690794096341e+01,1.390586430733611323e+01,1.386684846877699684e+01,1.386048192205610263e+01
1.385613895190139466e+01,1.385591783574222546e+01,1.385551487167583495e+01,1.385478626579746830e+01,1.385350231424470380e+01,2.255422488617386811e+00,2.358252090687431135e+00,1.377380867147860677e+01,1.390168505308197666e+01,1.386635373582849340e+01,1.386048242382412354e+01
1.385614209161263588e+01,1.385592357973642130e+01,1.385552537950684204e+01,1.385480548866833672e+01,1.385353747742201413e+01,-1.407736977311031978e+00,6.845914673025562891e+00,1.381495456461459170e+01,1.389422115094694377e+01,1.386529574485459371e+01,1.386023882581393529e+01
1.385615996122714400e+01,1.385595625702882927e+01,1.385558505578234723e+01,1.385491405298667544e+01,1.385373257120840762e+01,7.366054360731340012e+00,1.072092164248716095e+01,1.385092555331479147e+01,1.388463086250341760e+01,1.386391810737733721e+01,1.386001129892140149e+01
1.385617922075499209e+01,1.385599147345252646e+01,1.385564938827361914e+01,1.385503120611710415e+01,1.385394372041209721e+01,1.157843489388365121e+01,1.271029148073614223e+01,1.386690470050211310e+01,1.387579001339223872e+01,1.386252475604513634e+01,1.385969540810376799e+01
1.385620823217720243e+01,1.385604453139896997e+01,1.385574633595962801e+01,1.385520784740753797e+01,1.385426255765485948e+01,1.310974789416026454e+01,1.347538928790081947e+01,1.386641311336132532e+01,1.386900882951371372e+01,1.386132779221074074e+01,1.385939583033335332e+01
