1.385623395241576006e+01,1.385609139745325180e+01,1.385583169062148201e+01,1.385536264933805484e+01,1.385453930513517662e+01,-2.779828416595080753e+01,-4.486410663946282185e+00,1.365629357462591109e+01,1.390929112781838839e+01,1.386715184711262872e+01,1.386060391838535466e+01
1.385612800609370332e+01,1.385589771170792162e+01,1.385547800273137042e+01,1.385471904622512618e+01,-7.598854904520786491e+00,-2.903161352323964195e+01,-4.400463064696314319e+00,1.365287827721316560e+01,1.390902113002230145e+01,1.386710035688310327e+01,1.386058409956868687e+01
1.385612909997615816e+01,1.385589971151252264e+01,1.385548165387682928e+01,1.385472568143534211e+01,-3.726077371984545294e+01,-2.907350854439354748e+01,-4.343439524558606379e+00,1.365719918770037289e+01,1.390868793527453917e+01,1.386702960380447180e+01,1.386055620975321645e+01
1.385613114794116996e+01,1.385590345449735317e+01,1.385548848767339081e+01,1.385473811131040733e+01,1.385341539201643535e+01,-2.624537575135078527e+01,-3.833672447184261145e+00,1.366686380192155958e+01,1.390834284273236676e+01,1.386695526550041535e+01,1.386052680549272509e+01
1.385613337525565925e+01,1.385590752442729823e+01,1.385549591603931141e+01,1.385475161656525955e+01,1.385343964286682450e+01,-2.305514050690081618e+01,-2.812926170547265237e+00,1.368298063907038653e+01,1.390779804165108757e+01,1.386705525164625108e+01,1.386056497266178589e+01
1.385613151979271507e+01,1.385590413231620133e+01,1.385548972465098139e+01,1.385474037645286671e+01,1.385341959930045164e+01,-9.822492744960369393e-01,-3.273289782004180637e-01,1.372432097630919401e+01,1.390548077623028256e+01,1.386676608503805852e+01,1.386044960652472113e+01
1.385614105237378801e+01,1.385592155740288334e+01,1.385552154318746965e+01,1.385479827896579508e+01,1.385352381170384284e+01,-7.998907625495323970e+00,3.126360927372823006e+00,1.375840278189113342e+01,1.390131450129395496e+01,1.386629669463096270e+01,1.386046115266678314e+01
1.385614168238925714e+01,1.385592271573836243e+01,1.385552367217995240e+01,1.385480220823176900e+01,1.385353117310989646e+01,6.570569521151013781e+00,7.797298124381893736e+00,1.381548913274775714e+01,1.389377438207378290e+01,1.386519433495718090e+01,1.386019539675458745e+01
1.385616237261608319e+01,1.385596054234872909e+01,1.385559275094772502e+01,1.385492791031698800e+01,1.385375728753658464e+01,1.036591092919453772e+01,1.123004909565931797e+01,1.384632136679615044e+01,1.388412361431391240e+01,1.386380212837326908e+01,1.385995759197617971e+01
1.385618092150560798e+01,1.385599445710879785e+01,1.385565469899436941e+01,1.385504068282942569e+01,1.385396030442132442e+01,1.246534354429872593e+01,1.290539230794744441e+01,1.386110977123361465e+01,1.387475751705762406e+01,1.386244052605308141e+01,1.385965446169279858e+01
1.385620712755579476e+01,1.385604238091693929e+01,1.385574226525136510e+01,1.385520022107588289e+01,1.385424813975669878e+01,1.335873851695064118e+01,1.353771487142206809e+01,1.386204040488358480e+01,1.386798979214977479e+01,1.386117517323455317e+01,1.385930958397103296e+01
