1.385623395241576716e+01,1.385609139745325535e+01,1.385583169062148734e+01,1.385536264933805661e+01,1.385453930513516596e+01,-2.779828416595107754e+01,-4.486410663946347022e+00,1.365629357462537463e+01,1.390929112781669197e+01,1.386715184710725168e+01,1.386060391836833716e+01
1.385612800609371043e+01,1.385589771170792872e+01,1.385547800273137398e+01,1.385471904622512795e+01,-7.598854904521488152e+00,-2.903161352323969879e+01,-4.400463064696621629e+00,1.365287827721264335e+01,1.390902113002060503e+01,1.386710035687772979e+01,1.386058409955168003e+01
1.385612909997616349e+01,1.385589971151252975e+01,1.385548165387683639e+01,1.385472568143534389e+01,-3.726077371984267472e+01,-2.907350854439377841e+01,-4.343439524558769804e+00,1.365719918769984531e+01,1.390868793527284453e+01,1.386702960379910365e+01,1.386055620973622382e+01
1.385613114794117706e+01,1.385590345449736205e+01,1.385548848767339791e+01,1.385473811131040911e+01,1.385341539201642647e+01,-2.624537575134999301e+01,-3.833672447184389043e+00,1.366686380192103556e+01,1.390834284273067567e+01,1.386695526549505075e+01,1.386052680547574134e+01
1.385613337525566635e+01,1.385590752442730533e+01,1.385549591603931674e+01,1.385475161656525955e+01,1.385343964286681562e+01,-2.305514050689885153e+01,-2.812926170547428661e+00,1.368298063906987672e+01,1.390779804164939648e+01,1.386705525164088471e+01,1.386056497264481280e+01
1.385613151979272217e+01,1.385590413231620666e+01,1.385548972465098672e+01,1.385474037645286671e+01,1.385341959930044098e+01,-9.822492744965933831e-01,-3.273289782005304183e-01,1.372432097630867176e+01,1.390548077622859147e+01,1.386676608503269925e+01,1.386044960650775515e+01
1.385614105237379512e+01,1.385592155740289044e+01,1.385552154318747498e+01,1.385479827896579685e+01,1.385352381170383396e+01,-7.998907625494224405e+00,3.126360927372766163e+00,1.375840278189061472e+01,1.390131450129226565e+01,1.386629669462560521e+01,1.386046115264982959e+01
1.385614168238926425e+01,1.385592271573836598e+01,1.385552367217995595e+01,1.385480220823177078e+01,1.385353117310988580e+01,6.570569521150951608e+00,7.797298124382342266e+00,1.381548913274722779e+01,1.389377438207209181e+01,1.386519433495182696e+01,1.386019539673764100e+01
1.385616237261609029e+01,1.385596054234873620e+01,1.385559275094772858e+01,1.385492791031698978e+01,1.385375728753657221e+01,1.036591092919505463e+01,1.123004909565903731e+01,1.384632136679562109e+01,1.388412361431222308e+01,1.386380212836791515e+01,1.385995759195924215e+01
1.385618092150561509e+01,1.385599445710880318e+01,1.385565469899437474e+01,1.385504068282942569e+01,1.385396030442131377e+01,1.246534354429867442e+01,1.290539230794729342e+01,1.386110977123308174e+01,1.387475751705593829e+01,1.386244052604773103e+01,1.385965446167586634e+01
1.385620712755580186e+01,1.385604238091694640e+01,1.385574226525136865e+01,1.385520022107588467e+01,1.385424813975668812e+01,1.335873851695060388e+01,1.353771487142190821e+01,1.386204040488305012e+01,1.386798979214808902e+01,1.386117517322920278e+01,1.385930958395410251e+01
