9.797500687360102489e+00,9.797121666926129180e+00,9.796429898436704420e+00,9.795173146905304051e+00,-3.844455830829606668e+01,-3.673035619548405606e+01,-2.205284549588964893e+01,2.546250675960587628e+00,9.876169937892807837e+00,9.814220595995909235e+00,9.803195401056518321e+00
9.797336939046216386e+00,9.796822228540579047e+00,9.795882758682365576e+00,-3.821988112077543320e+01,-4.397861376118934373e+01,-3.788206647188082599e+01,-2.120114418769904319e+01,2.558877827450818820e+00,9.875200449494592192e+00,9.814130540485034970e+00,9.803171173291424623e+00
9.797336351624004180e+00,9.796821150691629398e+00,9.795880780862722403e+00,-3.933038795112528874e+01,-4.382551694513198015e+01,-3.776644472600943914e+01,-2.118712248965471545e+01,2.593396762634769814e+00,9.876720092501136250e+00,9.814411137239648752e+00,9.803259967969701449e+00
9.797326904062535036e+00,9.796803867270408972e+00,9.795849192872857714e+00,-3.896465944144360094e+01,-4.342945866282597223e+01,-3.747011808431641100e+01,-2.115587910334914667e+01,2.674400299955609128e+00,9.877298860140760084e+00,9.814523595426971170e+00,9.803295823364807760e+00
9.797322912035081544e+00,9.796796586128094120e+00,9.795835903400995193e+00,-3.793295747643295357e+01,-4.237221599034756991e+01,-3.662174592140760865e+01,-2.086522648348013576e+01,2.884267952576122340e+00,9.877419131677493525e+00,9.814503315179324616e+00,9.803287359394571965e+00
9.797325323469102898e+00,9.796801000185114461e+00,9.795843973244233283e+00,-3.643569178323160429e+01,-3.961426103463502812e+01,-3.432525362617240461e+01,-1.952957786547806052e+01,3.329403904573109862e+00,9.877442459015151499e+00,9.814308173195341212e+00,9.803216027592638326e+00
9.797339979562689649e+00,9.796827805197320771e+00,9.795892967946272734e+00,-1.413472135645381300e+01,-3.178350378763970596e+01,-2.904471326027992362e+01,-1.661157685330080724e+01,4.150946651528849785e+00,9.875622317631830072e+00,9.814077458943826215e+00,9.803127954684276446e+00
9.797360467703070341e+00,9.796865272419209347e+00,9.795961455714024879e+00,-9.009751621895020435e+00,-2.197541152004136933e+01,-1.890181948278829083e+01,-9.752523927287960248e+00,5.494685000332689029e+00,9.868697959483315074e+00,9.813264217926022326e+00,9.803065377951146075e+00
9.797369176013820180e+00,9.796881205040225638e+00,9.795990586639149456e+00,-1.489545252387282304e+00,-7.956315318156006455e+00,-6.311712900038246588e+00,-1.364397270471238599e+00,7.220696318711496531e+00,9.856666460100521832e+00,9.811927365251023048e+00,9.802816848649097636e+00
9.797397646750102496e+00,9.796933276389919953e+00,9.796085758145068212e+00,4.594882495125020228e+00,2.184574552824653182e+00,2.912779888192007505e+00,4.972915298730211653e+00,8.640979579083786888e+00,9.841379917660258769e+00,9.809796225060921415e+00,9.802449211258174699e+00
9.797442180264145151e+00,9.797014737042466948e+00,9.796234691884015078e+00,7.136041538640705895e+00,7.089851840247193948e+00,7.333693946403800012e+00,8.062530190288422105e+00,9.376294138990452609e+00,9.827627185435009238e+00,9.807609965906349814e+00,9.801975416474842717e+00
