1.385623395241550959e+01,1.385609139745301199e+01,1.385583169062128661e+01,1.385536264933799977e+01,1.385453930513556031e+01,-2.779828416594154916e+01,-4.486410663943765087e+00,1.365629357464622018e+01,1.390929112788241184e+01,1.386715184731560235e+01,1.386060391902761779e+01
1.385612800609345285e+01,1.385589771170768358e+01,1.385547800273117502e+01,1.385471904622507289e+01,-7.598854904494670492e+00,-2.903161352323702715e+01,-4.400463064685146364e+00,1.365287827723290981e+01,1.390902113008626273e+01,1.386710035708592059e+01,1.386058410021045972e+01
1.385612909997590592e+01,1.385589971151228639e+01,1.385548165387663744e+01,1.385472568143528704e+01,-3.726077371995026510e+01,-2.907350854438479359e+01,-4.343439524552627162e+00,1.365719918772041908e+01,1.390868793533846670e+01,1.386702960400713636e+01,1.386055621039449903e+01
1.385613114794091771e+01,1.385590345449711513e+01,1.385548848767319896e+01,1.385473811131035049e+01,1.385341539201681726e+01,-2.624537575138009160e+01,-3.833672447179757192e+00,1.366686380194130734e+01,1.390834284279623922e+01,1.386695526570292358e+01,1.386052680613352095e+01
1.385613337525540878e+01,1.385590752442706020e+01,1.385549591603911779e+01,1.385475161656520271e+01,1.385343964286720819e+01,-2.305514050697411221e+01,-2.812926170541301119e+00,1.368298063908973461e+01,1.390779804171489786e+01,1.386705525184860477e+01,1.386056497330210036e+01
1.385613151979246283e+01,1.385590413231596330e+01,1.385548972465078776e+01,1.385474037645280987e+01,1.385341959930083533e+01,-9.822492744749746763e-01,-3.273289781961796763e-01,1.372432097632905723e+01,1.390548077629406087e+01,1.386676608524026655e+01,1.386044960716455776e+01
1.385614105237353755e+01,1.385592155740264531e+01,1.385552154318727780e+01,1.385479827896574001e+01,1.385352381170422476e+01,-7.998907625536075372e+00,3.126360927375027465e+00,1.375840278191064314e+01,1.390131450135767466e+01,1.386629669483303040e+01,1.386046115330619699e+01
1.385614168238900668e+01,1.385592271573812440e+01,1.385552367217975700e+01,1.385480220823171393e+01,1.385353117311028015e+01,6.570569521153680981e+00,7.797298124365344307e+00,1.381548913276767543e+01,1.389377438213752747e+01,1.386519433515914024e+01,1.386019539739362649e+01
1.385616237261583095e+01,1.385596054234849106e+01,1.385559275094752962e+01,1.385492791031693116e+01,1.385375728753696123e+01,1.036591092917557333e+01,1.123004909566977716e+01,1.384632136681617354e+01,1.388412361437761255e+01,1.386380212857512717e+01,1.385995759261491322e+01
1.385618092150535574e+01,1.385599445710855804e+01,1.385565469899417579e+01,1.385504068282936885e+01,1.385396030442170101e+01,1.246534354430055558e+01,1.290539230795320869e+01,1.386110977125361643e+01,1.387475751712127625e+01,1.386244052625485423e+01,1.385965446233129050e+01
1.385620712755554251e+01,1.385604238091670481e+01,1.385574226525117147e+01,1.385520022107582783e+01,1.385424813975707892e+01,1.335873851695199654e+01,1.353771487142813257e+01,1.386204040490366651e+01,1.386798979221342165e+01,1.386117517343626737e+01,1.385930958460932771e+01
