9.797510475020853704e+00,9.797139610542194177e+00,9.796462731635031673e+00,9.795233016531351922e+00,-5.744360021497182345e+01,-4.938753209354331375e+01,-2.620913536990115844e+01,2.559940176489390762e+00,9.875237212589791369e+00,9.814296129386065104e+00,9.803221362708864461e+00
9.797332749043549782e+00,9.796814634840421476e+00,9.795868956486611268e+00,-5.939231492412202584e+01,-5.874788890016245091e+01,-4.950102587545962507e+01,-2.648655194211351471e+01,2.570938206146804905e+00,9.875544223146871303e+00,9.814326204635420936e+00,9.803229554419390368e+00
9.797332808836063833e+00,9.796814703210388942e+00,9.795869049306771714e+00,-5.921438189574641342e+01,-5.841083282237144658e+01,-4.925613690191217131e+01,-2.635740048844307637e+01,2.606388288135949693e+00,9.877430761918173374e+00,9.814459138966661556e+00,9.803271194033086999e+00
9.797328702543842027e+00,9.796807206384587019e+00,9.795855358361189147e+00,-5.817011001523166414e+01,-5.753682637413747614e+01,-4.863470018064913347e+01,-2.573404879527684130e+01,2.691440298621306404e+00,9.877921542361653096e+00,9.814331990024449226e+00,9.803230447523331392e+00
9.797333430131780929e+00,9.796815876593427674e+00,9.795871215982351998e+00,-5.622033421382054996e+01,-5.524101210315200916e+01,-4.678744428850605885e+01,-2.505244564282203612e+01,2.873318763388598374e+00,9.878757636334588810e+00,9.814349780415897229e+00,9.803229616732483720e+00
9.797338288212602109e+00,9.796824759737301491e+00,9.795887455622562356e+00,-1.811106464203897204e+01,-4.958906813764029664e+01,-4.249226567069801774e+01,-2.282389064954797675e+01,3.248760623206762954e+00,9.878048194521035441e+00,9.814301874045396445e+00,9.803208367290208614e+00
9.797345040590904830e+00,9.796837108529283356e+00,9.795910032354244734e+00,-1.434033249609269056e+01,-4.006793476974083035e+01,-3.423493522367964204e+01,-1.875776484089184493e+01,4.021556390629489108e+00,9.876337718709754299e+00,9.814120027440017324e+00,9.803136953778476936e+00
9.797362872338855055e+00,9.796869709171206253e+00,9.795969615067081193e+00,-9.226900139486920338e+00,-2.497009132167879386e+01,-2.116720852773152473e+01,-1.071848542111754909e+01,5.383213997653162330e+00,9.869367494981853284e+00,9.813316564160571076e+00,9.803078596204205297e+00
9.797370800187394480e+00,9.796884216123546096e+00,9.795996144932779259e+00,-1.507265267023054633e+00,-8.647219586494497179e+00,-6.849569126269301478e+00,-1.546553046125055175e+00,7.202255136149798176e+00,9.856656838147671351e+00,9.811878590652431953e+00,9.802797666132546439e+00
9.797401531221979099e+00,9.796940409907149316e+00,9.796098833197028455e+00,4.728975086492170021e+00,2.140685745745000368e+00,2.902907731006049374e+00,5.042339522939437657e+00,8.665653576673348013e+00,9.840872422590010160e+00,9.809665417538283805e+00,9.802400035050503391e+00
9.797447577297525356e+00,9.797024645005011578e+00,9.796252841043511239e+00,7.058869285202655774e+00,7.104402858394144538e+00,7.369576703561723008e+00,8.112149481255087835e+00,9.393510814793970098e+00,9.826903935344178720e+00,9.807388895707394028e+00,9.801884344375997316e+00
