1.385623424597404352e+01,1.385609207138982413e+01,1.385583308914492306e+01,1.385536552841735514e+01,1.385454577842880575e+01,-2.912114356671774473e+01,-4.329705355872797590e+00,1.366043748507010491e+01,1.390927913687783146e+01,1.386714478684366370e+01,1.386060090184198046e+01
1.385612862550266122e+01,1.385589896223431694e+01,1.385548041130887498e+01,1.385472355612435180e+01,-3.962405247911764405e+01,-3.078224113131218687e+01,-4.210135888764848566e+00,1.365644989958999744e+01,1.390879045639237432e+01,1.386704943855257000e+01,1.386056401346905531e+01
1.385613081143958780e+01,1.385590295884493095e+01,1.385548770955096032e+01,1.385473682672428453e+01,1.385341319554750683e+01,-2.838051444687655689e+01,-4.084860302466336357e+00,1.366022453593176067e+01,1.390847611455046007e+01,1.386698508392438356e+01,1.386053883406836107e+01
1.385613251388498313e+01,1.385590607128163754e+01,1.385549339194557206e+01,1.385474715753632857e+01,1.385343172690546609e+01,-2.752895873733920240e+01,-3.599704401997904313e+00,1.366791444592298177e+01,1.390807900309245149e+01,1.386712455809502842e+01,1.386059311168937747e+01
1.385612904882287566e+01,1.385589973193034297e+01,1.385548181376579002e+01,1.385472610441113517e+01,-3.502260901319578323e+01,-2.717803012221824233e+01,-2.935853157694053195e+00,1.368689487024102291e+01,1.390781156924037454e+01,1.386705282259169714e+01,1.386056370224009981e+01
1.385613205941033499e+01,1.385590523271736174e+01,1.385549185509248815e+01,1.385474437674197645e+01,1.385342690554530165e+01,-1.079102610487590486e+00,-1.267408734075950338e+00,1.371952691042173633e+01,1.390586431487865937e+01,1.386684849260493024e+01,1.386048199697223815e+01
1.385613895186484257e+01,1.385591783570729163e+01,1.385551487164603301e+01,1.385478626578388806e+01,1.385350231428240697e+01,2.255422491268849861e+00,2.358252087899826321e+00,1.377380867382785823e+01,1.390168506046553176e+01,1.386635375917161639e+01,1.386048249724359316e+01
1.385614209157683341e+01,1.385592357970221400e+01,1.385552537947767604e+01,1.385480548865508688e+01,1.385353747745906006e+01,-1.407736969677895189e+00,6.845914673183513877e+00,1.381495456676587352e+01,1.389422115818208603e+01,1.386529576779149409e+01,1.386023889799029618e+01
1.385615996119210891e+01,1.385595625699543909e+01,1.385558505575405341e+01,1.385491405297429068e+01,1.385373257124591539e+01,7.366054360750920793e+00,1.072092164321442809e+01,1.385092555562188466e+01,1.388463086965812110e+01,1.386391812999207573e+01,1.386001137010651263e+01
1.385617922072044372e+01,1.385599147341950399e+01,1.385564938824544257e+01,1.385503120610428063e+01,1.385394372044790678e+01,1.157843489481546406e+01,1.271029148143233201e+01,1.386690470273614473e+01,1.387579002045914578e+01,1.386252477839947872e+01,1.385969547850615058e+01
1.385620823214325270e+01,1.385604453136653014e+01,1.385574633593198612e+01,1.385520784739509637e+01,1.385426255769053761e+01,1.310974789447640987e+01,1.347538928857324869e+01,1.386641311555995770e+01,1.386900883651039607e+01,1.386132781435520656e+01,1.385939590010938716e+01
