5.542535787594171381e+01,5.542513607784928809e+01,5.542473157969260456e+01,5.542399857589040835e+01,5.542269746233004923e+01,2.051718043361222499e+01,2.658331440346418617e+01,5.368456289639105705e+01,5.550722007562181659e+01,5.543953962280629355e+01,5.543040305825387293e+01
5.542527342368779841e+01,5.542498172215140073e+01,5.542444990477268618e+01,5.542348713564091156e+01,7.572820311552311168e+00,1.120041739754435994e+01,2.641949884007162908e+01,5.364544166639747402e+01,5.550764922368978915e+01,5.543961185768821309e+01,5.543042777722215675e+01
5.542527165835168290e+01,5.542497849474968064e+01,5.542444401124141962e+01,5.542347641447157258e+01,8.862638079705781990e+00,1.131294440337989826e+01,2.658329427892461894e+01,5.364128834292191073e+01,5.550727832425712904e+01,5.543955586044907591e+01,5.543040905256275153e+01
5.542527265229887234e+01,5.542498031137122894e+01,5.542444732597275703e+01,5.542348243094062354e+01,9.598284398912030113e+00,1.208422581146229824e+01,2.700631170894834554e+01,5.363833745582867607e+01,5.550662724979287077e+01,5.543946341616705809e+01,5.543037859636838505e+01
5.542527390747946470e+01,5.542498260490559403e+01,5.542445150789687602e+01,5.542349000436878725e+01,1.133286832911964126e+01,1.413673034704671494e+01,2.830202754529931752e+01,5.189008307436614587e+01,5.550641381471780278e+01,5.544022695451263871e+01,5.543052645674630696e+01
5.542518856040145181e+01,5.542482651583704722e+01,5.542416610248884012e+01,5.542296848624181393e+01,2.679564030334115898e+01,1.903925414269367522e+01,3.181482425667841341e+01,5.230725795771606101e+01,5.550419122076816336e+01,5.543997976289787744e+01,5.543043908242464823e+01
5.542519968878092129e+01,5.542484686352254641e+01,5.542420327982742378e+01,5.542303625683717883e+01,3.390626788302194683e+01,2.833806509970961685e+01,3.754103915730114238e+01,5.306267317172390108e+01,5.549840582445415293e+01,5.543947801712618428e+01,5.543026384855259181e+01
5.542522049541840090e+01,5.542488490762724496e+01,5.542427278936824564e+01,5.542316295053095132e+01,4.171289485589564094e+01,4.124744045246478663e+01,4.494266321095702210e+01,5.401961922007262729e+01,5.548676876992013263e+01,5.543823340907075448e+01,5.543022660185420136e+01
5.542522856092230654e+01,5.542489966118426992e+01,5.542429977081927461e+01,5.542321224592664208e+01,4.904693918679826226e+01,4.903815116131637808e+01,5.079798820032261375e+01,5.480456076773309348e+01,5.547126581511503929e+01,5.543637869076050606e+01,5.542973204251365615e+01
5.542527366040138759e+01,5.542498212286905357e+01,5.542445041208850398e+01,5.542348662414224236e+01,5.309643534316901992e+01,5.307325301380937788e+01,5.374853822642378987e+01,5.520548946745057606e+01,5.545676012291143309e+01,5.543421553269048729e+01,5.542943106217360594e+01
5.542530109999368904e+01,5.542503231697623534e+01,5.542454218189966753e+01,5.542365402546498387e+01,5.463351933111395908e+01,5.462682442131279004e+01,5.486943961696540839e+01,5.536343786038941062e+01,5.544365708595366016e+01,5.543191453697980364e+01,5.542890044233291746e+01
