1.385623053087428858e+01,1.385608514354227694e+01,1.385582027769846647e+01,1.385534192413252796e+01,1.385450226197909274e+01,-2.846878891693863167e+01,-4.529121685873375824e+00,1.365633965669180938e+01,1.390935674002055933e+01,1.386716441234707275e+01,1.386060882138379391e+01
1.385612773307422074e+01,1.385589721029368349e+01,1.385547708602665296e+01,1.385471737943008463e+01,-3.899067476477110006e+01,-3.026104448011126635e+01,-4.473147958784034373e+00,1.365475502829325549e+01,1.390869725884068586e+01,1.386703210992336821e+01,1.386055731053274620e+01
1.385613103808741009e+01,1.385590325367870435e+01,1.385548812205895608e+01,1.385473744949239361e+01,1.385341420734242490e+01,-2.802374695155619122e+01,-4.211107530371315022e+00,1.365816752417801361e+01,1.390849890587484872e+01,1.386699198642938313e+01,1.386054165719998110e+01
1.385613206464797464e+01,1.385590513110096822e+01,1.385549155036004798e+01,1.385474368340170415e+01,1.385342539040727061e+01,-2.673712874145946827e+01,-3.702857056474694097e+00,1.366595000968460738e+01,1.390803230713880723e+01,1.386711687332882903e+01,1.386059021818468473e+01
1.385612900036923101e+01,1.385589952842897077e+01,1.385548132076432637e+01,1.385472508592182450e+01,-3.326921053890951185e+01,-2.569476413689768179e+01,-2.832847174124706768e+00,1.368401972004339839e+01,1.390781653904857151e+01,1.386705652407416167e+01,1.386056531154943805e+01
1.385613167086463271e+01,1.385590440917546928e+01,1.385549023132665525e+01,1.385474130185272124e+01,1.385342128288123575e+01,-1.180477422853361436e+00,-2.112334059868539171e-01,1.372391800259564221e+01,1.390549953820182338e+01,1.386677023909599704e+01,1.386045130106035117e+01
1.385614093762648125e+01,1.385592135125133595e+01,1.385552117017812179e+01,1.385479760239914881e+01,1.385352259053896518e+01,-8.305066120603681767e+00,3.209874612287089590e+00,1.376004349229521040e+01,1.390128442261281094e+01,1.386628831185722710e+01,1.386045761806694010e+01
1.385614203912507136e+01,1.385592336746348963e+01,1.385552486222319146e+01,1.385480437449650815e+01,1.385353507504164838e+01,6.599601834672153444e+00,7.985969117243504556e+00,1.381531700521490791e+01,1.389372354732944714e+01,1.386518501026572281e+01,1.386019167977434563e+01
1.385616242351841620e+01,1.385596063449036386e+01,1.385559291770796619e+01,1.385492820618486576e+01,1.385375777271874753e+01,1.050562482285645061e+01,1.139639650908011603e+01,1.384724531219290355e+01,1.388351352633527114e+01,1.386385096877024026e+01,1.385998119895209513e+01
1.385617934650486482e+01,1.385599157884917787e+01,1.385564944806006515e+01,1.385503114876307862e+01,1.385394324126990284e+01,1.257878177062521097e+01,1.297555890651574728e+01,1.386155592192869612e+01,1.387443281504293680e+01,1.386232862808416932e+01,1.385959368609677966e+01
1.385621133547802408e+01,1.385605007267967537e+01,1.385575630905980482e+01,1.385522576098155945e+01,1.385429398587553251e+01,1.339637133549649306e+01,1.356241512979178410e+01,1.386186543013090855e+01,1.386747854109474432e+01,1.386096311995469321e+01,1.385936998226548056e+01
