1.385623572412851878e+01,1.385609463072610481e+01,1.385583760481856785e+01,1.385537351370106762e+01,1.385455949642032181e+01,-2.395983147861466023e+01,-3.871730968507506532e+00,1.365080222015558142e+01,1.390939963348109742e+01,1.386717895523099742e+01,1.386061491749071273e+01
1.385612694020111135e+01,1.385589575354559067e+01,1.385547441585789663e+01,1.385471250278888888e+01,-7.201290757511726426e+00,-2.461540919921223036e+01,-3.743940506473616203e+00,1.364812799863559434e+01,1.390893049860799024e+01,1.386708617603172833e+01,1.386057890025668726e+01
1.385612916424267915e+01,1.385589981944908899e+01,1.385548183895788199e+01,1.385472599596259613e+01,-3.152178290585425913e+01,-2.473831671533553589e+01,-3.640914923182670293e+00,1.365311040010712595e+01,1.390886865885400070e+01,1.386707053863715267e+01,1.386057254004023065e+01
1.385612978497470316e+01,1.385590095484080031e+01,1.385548391359690967e+01,1.385472977618697143e+01,1.385340037916592237e+01,-2.222976401235524690e+01,-3.301590206171751696e+00,1.366014646802711319e+01,1.390834585012456159e+01,1.386696211141529034e+01,1.386052999290084387e+01
1.385613275305748360e+01,1.385590637926029345e+01,1.385549381483231990e+01,1.385474777424019521e+01,1.385343266502593451e+01,-2.022776312531045306e+01,-2.447757226705880917e+00,1.367711220491412760e+01,1.390767254334968328e+01,1.386703534847890573e+01,1.386055770557200795e+01
1.385613159850384335e+01,1.385590426926050611e+01,1.385548996491634455e+01,1.385474079211900644e+01,1.385342026156300577e+01,-1.059474230745146794e+00,-2.064615171837642649e-01,1.372074215269047137e+01,1.390542428768533867e+01,1.386675778662949554e+01,1.386044666747216425e+01
1.385614100569751983e+01,1.385592146782539125e+01,1.385552137351380964e+01,1.385479795776045897e+01,1.385352318923287029e+01,-7.995261833794568673e+00,2.756908095112377666e+00,1.375754624206783383e+01,1.390149408802107089e+01,1.386633418347693691e+01,1.386047633421084768e+01
1.385614082498915423e+01,1.385592113998069941e+01,1.385552078748244931e+01,1.385479696152240692e+01,1.385352179628135616e+01,1.834896355391815170e+00,7.425024463951219289e+00,1.380759727225392552e+01,1.389385623594658270e+01,1.386522760294527146e+01,1.386021104167479479e+01
1.385616033505392863e+01,1.385595680786720330e+01,1.385558591842334231e+01,1.385491544655398144e+01,1.385373473026142754e+01,1.030411623298533463e+01,1.113644290002118176e+01,1.385160406491725560e+01,1.388404941040083962e+01,1.386376255697385140e+01,1.385993651823712369e+01
1.385618387431708420e+01,1.385599984868849788e+01,1.385566454178068341e+01,1.385505862005417299e+01,1.385399278603130568e+01,1.201316288349612549e+01,1.284406442529482817e+01,1.386176761875048058e+01,1.387542618546523876e+01,1.386245335093455111e+01,1.385966219506853392e+01
1.385620599057782343e+01,1.385604029398774450e+01,1.385573844367834440e+01,1.385519324631968274e+01,1.385423551129729702e+01,1.335067384160356774e+01,1.352439528406086566e+01,1.386393417732711342e+01,1.386817055798585407e+01,1.386122028977299436e+01,1.385933301266220852e+01
