1.385623424602149356e+01,1.385609207143516919e+01,1.385583308918356771e+01,1.385536552843474567e+01,1.385454577837887769e+01,-2.912114357546520438e+01,-4.329705357904915175e+00,1.366043748198160657e+01,1.390927912718025183e+01,1.386714475620232889e+01,1.386060080548776341e+01
1.385612862554926039e+01,1.385589896227882889e+01,1.385548041134677888e+01,1.385472355614137285e+01,-3.962405241795575961e+01,-3.078224112586489269e+01,-4.210135894054416461e+00,1.365644989659791975e+01,1.390879044690829147e+01,1.386704940857566726e+01,1.386056391918992681e+01
1.385613081148516912e+01,1.385590295888846768e+01,1.385548770958802223e+01,1.385473682674090234e+01,1.385341319549953809e+01,-2.838051440762641775e+01,-4.084860309833427294e+00,1.366022453296191053e+01,1.390847610526805944e+01,1.386698505458176811e+01,1.386053874177186884e+01
1.385613251392951817e+01,1.385590607132415997e+01,1.385549339198173868e+01,1.385474715755244368e+01,1.385343172685828961e+01,-2.752895865813234266e+01,-3.599704410037810831e+00,1.366791444311186687e+01,1.390807899400476799e+01,1.386712452935363160e+01,1.386059302127121384e+01
1.385612904886644614e+01,1.385589973197193281e+01,1.385548181380114130e+01,1.385472610442681685e+01,-3.502260886909726878e+01,-2.717803011264272328e+01,-2.935853164527623349e+00,1.368689486733238247e+01,1.390781156032881860e+01,1.386705279442473682e+01,1.386056361362163969e+01
1.385613205945313453e+01,1.385590523275823926e+01,1.385549185512729409e+01,1.385474437675757997e+01,1.385342690550022482e+01,-1.079102612840202369e+00,-1.267408735276882137e+00,1.371952690754798354e+01,1.390586430613628011e+01,1.386684846497475831e+01,1.386048191003417429e+01
1.385613895190673794e+01,1.385591783574730584e+01,1.385551487168008933e+01,1.385478626579912032e+01,1.385350231423812062e+01,2.255422488098846934e+00,2.358252091117249094e+00,1.377380867111977736e+01,1.390168505188739090e+01,1.386635373203924892e+01,1.386048241184216856e+01
1.385614209161796495e+01,1.385592357974148925e+01,1.385552537951108576e+01,1.385480548866997808e+01,1.385353747741544694e+01,-1.407736977781169685e+00,6.845914672829136016e+00,1.381495456424105051e+01,1.389422114975326394e+01,1.386529574107569829e+01,1.386023881386574175e+01
1.385615996123246774e+01,1.385595625703390432e+01,1.385558505578661936e+01,1.385491405298838785e+01,1.385373257120199142e+01,7.366054360746616680e+00,1.072092164237572121e+01,1.385092555293778815e+01,1.388463086131437763e+01,1.386391810360795063e+01,1.386001128700122464e+01
1.385617922076029096e+01,1.385599147345757132e+01,1.385564938827784687e+01,1.385503120611874728e+01,1.385394372040558153e+01,1.157843489378944213e+01,1.271029148062099878e+01,1.386690470012911192e+01,1.387579001220548491e+01,1.386252475228304881e+01,1.385969539620587376e+01
1.385620823218247644e+01,1.385604453140398462e+01,1.385574633596383087e+01,1.385520784740917222e+01,1.385426255764835979e+01,1.310974789412063579e+01,1.347538928778692835e+01,1.386641311299001700e+01,1.386900882832909865e+01,1.386132778845470881e+01,1.385939581845359569e+01
