1.385623621437693487e+01,1.385609552081673712e+01,1.385583924168455994e+01,1.385537660489026379e+01,1.385456575734936635e+01,-2.909679836362522920e+01,-4.559744333804736094e+00,1.365702220348570251e+01,1.390949868432119985e+01,1.386719263195461593e+01,1.386061972299699718e+01
1.385612702791235584e+01,1.385589590327487208e+01,1.385547468109801983e+01,1.385471298818474750e+01,-3.922501029749995638e+01,-3.033239887694204384e+01,-4.496033249709618040e+00,1.365487130625822942e+01,1.390873665441085549e+01,1.386704019063880367e+01,1.386056040855613958e+01
1.385613080433896016e+01,1.385590280818780684e+01,1.385548728998025680e+01,1.385473591762955436e+01,1.385341144176800299e+01,-2.824709135048239261e+01,-4.237803775028139874e+00,1.365791866715696123e+01,1.390850455424091869e+01,1.386699342910263155e+01,1.386054218191115694e+01
1.385613198728014872e+01,1.385590497136073296e+01,1.385549123987338405e+01,1.385474309952718386e+01,1.385342432287627545e+01,-2.698106816956730825e+01,-3.732346194075779167e+00,1.366557871848642947e+01,1.390805114743294268e+01,1.386712111989779572e+01,1.386059184185716830e+01
1.385612884788188381e+01,1.385589923172349458e+01,1.385548076041551191e+01,1.385472404775975264e+01,-3.334916030661032238e+01,-2.554229094987582016e+01,-2.823534152398290864e+00,1.368342683261457182e+01,1.390771265213292196e+01,1.386703620396320957e+01,1.386055741571353472e+01
1.385613209143753544e+01,1.385590515972331715e+01,1.385549158243768275e+01,1.385474373682000859e+01,1.385342561768257497e+01,-1.074999895442056541e+00,-1.825380154190114901e-01,1.372095784107329308e+01,1.390540302361161196e+01,1.386675488060997274e+01,1.386044566682111778e+01
1.385614095557827952e+01,1.385592136496574511e+01,1.385552117443933895e+01,1.385479758044843734e+01,1.385352246885279826e+01,-7.493950898931545979e+00,3.456322096845282132e+00,1.375818924223754713e+01,1.390107073634412416e+01,1.386624820642856726e+01,1.386044173256754419e+01
1.385614257031108920e+01,1.385592431772174393e+01,1.385552657466659987e+01,1.385480745273116199e+01,1.385354048218085588e+01,7.033987022667494315e+00,8.331524874506278877e+00,1.381584849262063130e+01,1.389286405800862312e+01,1.386520441291719941e+01,1.386020050073032905e+01
1.385616142672465756e+01,1.385595879273095221e+01,1.385558953588269659e+01,1.385492203388006160e+01,1.385374663539164075e+01,1.081386642142521737e+01,1.160884829627621784e+01,1.384875351987405168e+01,1.388225723903254050e+01,1.386349930340185566e+01,1.385981159623426606e+01
1.385619064385114996e+01,1.385601220931769362e+01,1.385568708938646409e+01,1.385509955471020049e+01,1.385406589605011618e+01,1.228891417634136829e+01,1.303299676595843337e+01,1.386355392787725904e+01,1.387410180014018835e+01,1.386220801192587970e+01,1.385952733177793661e+01
1.385621646830880138e+01,1.385605944049513205e+01,1.385577340235330723e+01,1.385525686081727059e+01,1.385434995940583747e+01,1.344268687602531642e+01,1.358859660872608544e+01,1.386436883956136867e+01,1.386717847157929384e+01,1.386098766256787940e+01,1.385937802346106196e+01
