5.542533915057228455e+01,5.542510180377779960e+01,5.542466888861130769e+01,5.542388403588486057e+01,1.718643882552656166e+01,1.121119584151364457e+01,2.653351098538832176e+01,5.347965968591680763e+01,5.550815326082502565e+01,5.543954845893698291e+01,5.543041146722543999e+01
5.542526854070631259e+01,5.542497276256463579e+01,5.542443349262806862e+01,5.542345711549798182e+01,7.329879604245343572e+00,1.141441709145091465e+01,2.642610160378828255e+01,5.342140663432405745e+01,5.550807299657090965e+01,5.543956562353426420e+01,5.543041947536433156e+01
5.542526631571401197e+01,5.542496869348186550e+01,5.542442605357072694e+01,5.542344353035894500e+01,8.099467168473818646e+00,1.159276849315745572e+01,2.658655187084324822e+01,5.343708846084250297e+01,5.550788472049543998e+01,5.543953071842699387e+01,5.543040726199427581e+01
5.542526739410387648e+01,5.542497066502151881e+01,5.542442965434953805e+01,5.542345008562254804e+01,8.989516869400226540e+00,1.241002062667573291e+01,2.706118427899752987e+01,5.344310771097950408e+01,5.550688348449328657e+01,5.543960852532461558e+01,5.543043535100041197e+01
5.542526425916319965e+01,5.542496493321374373e+01,5.542441918314871430e+01,5.542343100588585258e+01,1.197566114660237702e+01,1.470264920294099298e+01,2.846771997762187567e+01,5.188444828355069660e+01,5.550649326836632724e+01,5.544024225627741487e+01,5.543053155822974531e+01
5.542518802443994730e+01,5.542482550722238699e+01,5.542416423132296188e+01,5.542296504971217530e+01,2.679121267374140203e+01,2.004377893916417008e+01,3.222645532891349518e+01,5.230010671378261833e+01,5.550411120899667594e+01,5.543998284030918455e+01,5.543044109158772415e+01
5.542519866613163515e+01,5.542484496456282983e+01,5.542419977947673004e+01,5.542302983543731898e+01,3.389874776888602526e+01,3.041489019474610700e+01,3.878828481782190352e+01,5.309385777583371890e+01,5.549668716428006121e+01,5.543925668441352173e+01,5.543039660105945643e+01
5.542520377076823479e+01,5.542485429992102297e+01,5.542421684142795613e+01,5.542306095091181106e+01,4.375978795022933809e+01,4.387765678814567138e+01,4.649232999582715564e+01,5.413721814792356213e+01,5.548319927166137688e+01,5.543787509364904054e+01,5.543010619262220473e+01
5.542523100531967373e+01,5.542490409711672328e+01,5.542430781379802340e+01,5.542322666540451337e+01,5.067351686084268181e+01,5.056512923946390003e+01,5.176044398991960804e+01,5.489652196286942853e+01,5.546710776370483842e+01,5.543574660089270623e+01,5.542969023051921340e+01
5.542526953148480118e+01,5.542497454609964080e+01,5.542443653210145271e+01,5.542346119312463770e+01,5.372663395285285048e+01,5.369155030457656608e+01,5.414343029124584206e+01,5.524834138138636774e+01,5.545396872036889135e+01,5.543393172529523838e+01,5.542931118562597703e+01
5.542530678415645440e+01,5.542504268914744614e+01,5.542456111751229741e+01,5.542368848366959355e+01,5.485071558676526138e+01,5.481012900892920925e+01,5.501121850884555897e+01,5.536796197694721400e+01,5.544330317730052116e+01,5.543197554504003222e+01,5.542895109450172697e+01
