1.385623453272578764e+01,1.385609245535143330e+01,1.385583364931975758e+01,1.385536641415570713e+01,1.385454729047338063e+01,-2.913739929257435435e+01,-4.523442720222644375e+00,1.365783860567555941e+01,1.390928504031983515e+01,1.386714827434853348e+01,1.386060231977882928e+01
1.385612825364388634e+01,1.385589815228411581e+01,1.385547879569430130e+01,1.385472047766231363e+01,-3.937696931430608771e+01,-3.048506954478790476e+01,-4.453784437305269073e+00,1.365538637383921916e+01,1.390883762873925455e+01,1.386705999226621699e+01,1.386056808597293433e+01
1.385613034930576148e+01,1.385590198469746426e+01,1.385548579547995374e+01,1.385473321025567728e+01,1.385340659871181757e+01,-2.834960772858257272e+01,-4.181177861308351673e+00,1.365852586945685587e+01,1.390835561129112108e+01,1.386696241950240704e+01,1.386053000775124033e+01
1.385613285351933044e+01,1.385590656346174399e+01,1.385549415516939398e+01,1.385474840786976714e+01,1.385343385185455034e+01,-2.702316803349535945e+01,-3.692670463613099585e+00,1.366657337140532569e+01,1.390813237077771447e+01,1.386713672754033233e+01,1.386059783821125535e+01
1.385612853933860578e+01,1.385589867666110919e+01,1.385547975668731979e+01,1.385472223461560048e+01,-3.343513730158437625e+01,-2.571524271116146920e+01,-2.780974966226080980e+00,1.368378735129078372e+01,1.390784221731606252e+01,1.386706211903896069e+01,1.386056746119479222e+01
1.385613149550282586e+01,1.385590407883561781e+01,1.385548961837625370e+01,1.385474017704992633e+01,1.385341925144311226e+01,-1.136945142543641651e+00,-1.130866073496559210e-01,1.372377179344413278e+01,1.390543300696839779e+01,1.386675675847040345e+01,1.386044602994929598e+01
1.385614123166968703e+01,1.385592187888694049e+01,1.385552212336944322e+01,1.385479932388028956e+01,1.385352565867729346e+01,-7.760738587318556370e+00,3.525527448265163066e+00,1.375717687391433586e+01,1.390103391042219094e+01,1.386624246762908896e+01,1.386043959306886464e+01
1.385614255753753632e+01,1.385592430437316835e+01,1.385552655919730114e+01,1.385480742788890041e+01,1.385354040839988343e+01,7.117061010256517051e+00,8.302814984072467652e+00,1.381800735831563642e+01,1.389293151841969021e+01,1.386521666980965151e+01,1.386020541567951092e+01
1.385616141263614587e+01,1.385595877761224415e+01,1.385558952008947387e+01,1.385492202505841419e+01,1.385374668745461335e+01,1.082555487337360489e+01,1.159231570754977625e+01,1.385175384014175570e+01,1.388278948239681831e+01,1.386363834660340189e+01,1.385987762319727779e+01
1.385618703649425498e+01,1.385600562779228540e+01,1.385567509150488164e+01,1.385507778718800509e+01,1.385402704684726594e+01,1.227914803758216067e+01,1.302923936646740799e+01,1.386300299667198388e+01,1.387413501297009688e+01,1.386222962906363065e+01,1.385954025175995241e+01
1.385621467973695076e+01,1.385605618023306818e+01,1.385576745708714341e+01,1.385524603793468046e+01,1.385433039070451855e+01,1.344472375924478413e+01,1.358774259891919733e+01,1.386394920921175355e+01,1.386719403628403313e+01,1.386100313694628738e+01,1.385938938217843841e+01
