1.385622978770656211e+01,1.385608374793912390e+01,1.385581769368746130e+01,1.385533719857413715e+01,1.385449380873814462e+01,-1.695449092830067883e+01,-4.756133235635149337e-01,1.364730712325533446e+01,1.390931474910664356e+01,1.386716654919162295e+01,1.386061045286074922e+01
1.385612689694803557e+01,1.385589564522633665e+01,1.385547418577840872e+01,1.385471203913346372e+01,-6.381794541509991703e+00,-1.787855028219580689e+01,-4.357826832897140346e-01,1.364617729103065003e+01,1.390919051587930078e+01,1.386714296507579824e+01,1.386060139226789545e+01
1.385612738788500842e+01,1.385589654337166721e+01,1.385547582674397837e+01,1.385471502446234382e+01,-6.879681523245590569e+00,-1.768672887406531657e+01,-3.319733046110506791e-01,1.364823531644044863e+01,1.390896112648693617e+01,1.386709578939397325e+01,1.386058291659012554e+01
1.385612865122346804e+01,1.385589885260314347e+01,1.385548004231119634e+01,1.385472268824008601e+01,-6.663413273693057803e+00,-1.706117411384909843e+01,-6.052938602502777599e-02,1.365543073955590714e+01,1.390846003411559906e+01,1.386699021638664320e+01,1.386054135598559611e+01
1.385613165587596818e+01,1.385590434461514064e+01,1.385549006811285366e+01,1.385474091727429169e+01,1.385342025719616466e+01,-2.796182065199329880e+00,8.312253578650246055e-01,1.367995771198160782e+01,1.390766904188396147e+01,1.386703396972304247e+01,1.386055710654815698e+01
1.385613165181593232e+01,1.385590433907156260e+01,1.385549006471220146e+01,1.385474094822998659e+01,1.385342053020223929e+01,-5.602654289402966281e-01,1.696043932743390492e+00,1.371007728557991534e+01,1.390566488244206766e+01,1.386681778270373044e+01,1.386047083668457347e+01
1.385613879094798762e+01,1.385591739027457336e+01,1.385551389677910983e+01,1.385478431417061884e+01,1.385349856676388214e+01,2.382376465289761214e+00,4.621221881331778469e+00,1.376037930491303740e+01,1.390125700021181743e+01,1.386628286777777319e+01,1.386045537103650105e+01
1.385614210304524008e+01,1.385592344825405675e+01,1.385552497292384189e+01,1.385480454052396659e+01,1.385353535059628527e+01,6.671752583772977196e+00,8.341602088082764155e+00,1.380891279650482772e+01,1.389318363394148648e+01,1.386507338020034830e+01,1.386014491605583743e+01
1.385616427792542282e+01,1.385596398694273468e+01,1.385559899380604065e+01,1.385493917458009250e+01,1.385377717487211413e+01,1.055377088249997186e+01,1.149923089511652030e+01,1.384479546333662725e+01,1.388345218818708204e+01,1.386384262124099465e+01,1.385997801215873793e+01
1.385617881251541839e+01,1.385599056611969360e+01,1.385564755848504959e+01,1.385502765489671972e+01,1.385393681549703970e+01,1.258723823137967734e+01,1.299897710931815098e+01,1.385870044403009160e+01,1.387449570406416299e+01,1.386237735681632799e+01,1.385962320575617568e+01
1.385620684689432203e+01,1.385604183158303826e+01,1.385574122009775522e+01,1.385519823269125439e+01,1.385424416681421889e+01,1.341060576452268194e+01,1.356966240476712571e+01,1.386197677840119624e+01,1.386752862760932459e+01,1.386098311827997875e+01,1.385938283999078635e+01
