5.542534227161367966e+01,5.542510753420226877e+01,5.542467940411692950e+01,5.542390337523468702e+01,6.061610791796127273e+00,1.093083881144591984e+01,2.656195802561857988e+01,5.154252114366114057e+01,5.550649608346513020e+01,5.544031396689516100e+01,5.543055993646144941e+01
5.542518226835910866e+01,5.542481500083236767e+01,5.542414505188354212e+01,5.542293008248137198e+01,2.059331498365488855e+01,1.129796214338266047e+01,2.667111677309937789e+01,5.155287323975886693e+01,5.550598868942486064e+01,5.544022124063413770e+01,5.543052876753517921e+01
5.542518509054481513e+01,5.542482016121105914e+01,5.542415447833150210e+01,5.542294724903791803e+01,2.020968377261893423e+01,1.160750035047669293e+01,2.688215805879878673e+01,5.158621960424965636e+01,5.550608634473405800e+01,5.544023451089128685e+01,5.543053294762110284e+01
5.542518492083362958e+01,5.542481985064843286e+01,5.542415391083455489e+01,5.542294621742381366e+01,2.079486161470501315e+01,1.239642048214123271e+01,2.736557021188545136e+01,5.167812548137325734e+01,5.550643802507664759e+01,5.544028314280478753e+01,5.543054835595516749e+01
5.542518422982638526e+01,5.542481858726917210e+01,5.542415160438521582e+01,5.542294202943516268e+01,2.302345129997706863e+01,1.415526787210042414e+01,2.849044760208313676e+01,5.188798775119308004e+01,5.550622729714262249e+01,5.544020524509427617e+01,5.543051980703044990e+01
5.542518858766352707e+01,5.542482655511496858e+01,5.542416616220172898e+01,5.542296857159404055e+01,2.744308815209163299e+01,1.860484377163089320e+01,3.149171145713062359e+01,5.230415263515384083e+01,5.550415604964025817e+01,5.543998820687362183e+01,5.543044272460592481e+01
5.542519866756363456e+01,5.542484498566466300e+01,5.542419983723939936e+01,5.542302996180995933e+01,3.390111480041297654e+01,2.850056067340750232e+01,3.787755332516243811e+01,5.309931806540419785e+01,5.549678391336053096e+01,5.543926968812144196e+01,5.543040080759129751e+01
5.542520367993704156e+01,5.542485415259565684e+01,5.542421659230132036e+01,5.542306052234246749e+01,4.375028832437936899e+01,4.385358904874669150e+01,4.578066578131625164e+01,5.414364064421978640e+01,5.548337343898538165e+01,5.543790120406824684e+01,5.543011502738189478e+01
5.542523078964362071e+01,5.542490372207380744e+01,5.542430715027944643e+01,5.542322549028608591e+01,5.066056749597673559e+01,5.053406565129730410e+01,5.147428344759335062e+01,5.490288994646185472e+01,5.546714936128587681e+01,5.543573465798564825e+01,5.542968383143885092e+01
5.542527132954899116e+01,5.542497785297375401e+01,5.542444259509827020e+01,5.542347227765574758e+01,5.371101979048391684e+01,5.366319533797946661e+01,5.403989499808197650e+01,5.525049875150092760e+01,5.545374510552942127e+01,5.543383993938999055e+01,5.542926830892466938e+01
5.542531215326248883e+01,5.542505252292811946e+01,5.542457909558163465e+01,5.542372124508369780e+01,5.484165270721639729e+01,5.473985537984030714e+01,5.497693667972804832e+01,5.537318009562146415e+01,5.544379606244831393e+01,5.543206555620601250e+01,5.542898977290295193e+01
