9.797500687360580329e+00,9.797121666926599914e+00,9.796429898437153838e+00,9.795173146905689521e+00,-3.844455830819452302e+01,-3.673035619540707586e+01,-2.205284549589592658e+01,2.546250675951253317e+00,9.876169937863020110e+00,9.814220595900698285e+00,9.803195400754487920e+00
9.797336939046699555e+00,9.796822228541055111e+00,9.795882758682822100e+00,-3.821988112071678501e+01,-4.397861376118998322e+01,-3.788206647188194154e+01,-2.120114418770149456e+01,2.558877827441691899e+00,9.875200449464802688e+00,9.814130540389921720e+00,9.803171172989713966e+00
9.797336351624487349e+00,9.796821150692107238e+00,9.795880780863178927e+00,-3.933038795106389074e+01,-4.382551694513244911e+01,-3.776644472601039126e+01,-2.118712248965728762e+01,2.593396762625654883e+00,9.876720092471419576e+00,9.814411137144645636e+00,9.803259967668322972e+00
9.797326904063016428e+00,9.796803867270885036e+00,9.795849192873314237e+00,-3.896465944137383985e+01,-4.342945866282659040e+01,-3.747011808431837920e+01,-2.115587910335329624e+01,2.674400299946449788e+00,9.877298860111077161e+00,9.814523595332071082e+00,9.803295823063754355e+00
9.797322912035562936e+00,9.796796586128570183e+00,9.795835903401449940e+00,-3.793295747634671500e+01,-4.237221599034657515e+01,-3.662174592140888763e+01,-2.086522648348114473e+01,2.884267952567013182e+00,9.877419131647840800e+00,9.814503315084527557e+00,9.803287359093841857e+00
9.797325323469584291e+00,9.796801000185588748e+00,9.795843973244688030e+00,-3.643569178315188140e+01,-3.961426103461641901e+01,-3.432525362616477338e+01,-1.952957786548233798e+01,3.329403904564220529e+00,9.877442458985546736e+00,9.814308173100645405e+00,9.803216027292227963e+00
9.797339979563169265e+00,9.796827805197795058e+00,9.795892967946725705e+00,-1.413472135645077543e+01,-3.178350378757374628e+01,-2.904471326026546762e+01,-1.661157685330461931e+01,4.150946651519685560e+00,9.875622317602230638e+00,9.814077458849226332e+00,9.803127954384173393e+00
9.797360467703549958e+00,9.796865272419681858e+00,9.795961455714477850e+00,-9.009751621890938367e+00,-2.197541152002414577e+01,-1.890181948278910085e+01,-9.752523927294085127e+00,5.494685000323601187e+00,9.868697959453754720e+00,9.813264217831513037e+00,9.803065377651329015e+00
9.797369176014299796e+00,9.796881205040698148e+00,9.795990586639600650e+00,-1.489545252386561103e+00,-7.956315318150682714e+00,-6.311712900037923291e+00,-1.364397270472948343e+00,7.220696318702487737e+00,9.856666460070982794e+00,9.811927365156591918e+00,9.802816848349525714e+00
9.797397646750578559e+00,9.796933276390387135e+00,9.796085758145517630e+00,4.594882495123112420e+00,2.184574552825696792e+00,2.912779888191550981e+00,4.972915298727508038e+00,8.640979579074679506e+00,9.841379917630735719e+00,9.809796224966552458e+00,9.802449210958805281e+00
9.797442180264619438e+00,9.797014737042934129e+00,9.796234691884460943e+00,7.136041538646115789e+00,7.089851840246280013e+00,7.333693946402884301e+00,8.062530190285995602e+00,9.376294138981464243e+00,9.827627185405502175e+00,9.807609965812032371e+00,9.801975416175636724e+00
