1.385622978770629388e+01,1.385608374793886455e+01,1.385581769368722327e+01,1.385533719857397550e+01,1.385449380873822101e+01,-1.695449092826928705e+01,-4.756133235609514287e-01,1.364730712326635675e+01,1.390931474914139088e+01,1.386716654930204307e+01,1.386061045321039842e+01
1.385612689694776911e+01,1.385589564522607731e+01,1.385547418577817247e+01,1.385471203913330385e+01,-6.381794541517658459e+00,-1.787855028220167952e+01,-4.357826832851368071e-01,1.364617729104164212e+01,1.390919051591401256e+01,1.386714296518610645e+01,1.386060139261719115e+01
1.385612738788474196e+01,1.385589654337140963e+01,1.385547582674374212e+01,1.385471502446218395e+01,-6.879681523249882247e+00,-1.768672887407704408e+01,-3.319733046052233405e-01,1.364823531645140164e+01,1.390896112652161065e+01,1.386709578950417132e+01,1.386058291693906952e+01
1.385612865122320159e+01,1.385589885260288412e+01,1.385548004231096186e+01,1.385472268823992614e+01,-6.663413273697317507e+00,-1.706117411386260230e+01,-6.052938601879187530e-02,1.365543073956680864e+01,1.390846003415023802e+01,1.386699021649672936e+01,1.386054135633419193e+01
1.385613165587570172e+01,1.385590434461488485e+01,1.385549006811261741e+01,1.385474091727413182e+01,1.385342025719624459e+01,-2.796182065200135458e+00,8.312253578725492531e-01,1.367995771199262833e+01,1.390766904191857023e+01,1.386703396983301850e+01,1.386055710689640286e+01
1.385613165181566586e+01,1.385590433907130503e+01,1.385549006471196876e+01,1.385474094822982671e+01,1.385342053020231745e+01,-5.602654289434996215e-01,1.696043932746412741e+00,1.371007728559057171e+01,1.390566488247663024e+01,1.386681778281359989e+01,1.386047083703248362e+01
1.385613879094772294e+01,1.385591739027431579e+01,1.385551389677887535e+01,1.385478431417045897e+01,1.385349856676396207e+01,2.382376465289900658e+00,4.621221881335530135e+00,1.376037930492384476e+01,1.390125700024635158e+01,1.386628286788754139e+01,1.386045537138409678e+01
1.385614210304497362e+01,1.385592344825379918e+01,1.385552497292360741e+01,1.385480454052380850e+01,1.385353535059636343e+01,6.671752583772033951e+00,8.341602088086052191e+00,1.380891279651558889e+01,1.389318363397599221e+01,1.386507338031002945e+01,1.386014491640316493e+01
1.385616427792515992e+01,1.385596398694247711e+01,1.385559899380580617e+01,1.385493917457993263e+01,1.385377717487219229e+01,1.055377088250013173e+01,1.149923089511951879e+01,1.384479546334742217e+01,1.388345218822157001e+01,1.386384262135060652e+01,1.385997801250584516e+01
1.385617881251515371e+01,1.385599056611943425e+01,1.385564755848481511e+01,1.385502765489655985e+01,1.385393681549711786e+01,1.258723823138004327e+01,1.299897710932113526e+01,1.385870044404090429e+01,1.387449570409864208e+01,1.386237735692588657e+01,1.385962320610311238e+01
1.385620684689405735e+01,1.385604183158278246e+01,1.385574122009752074e+01,1.385519823269109452e+01,1.385424416681429882e+01,1.341060576452318287e+01,1.356966240477037999e+01,1.386197677841203912e+01,1.386752862764380367e+01,1.386098311838949471e+01,1.385938284033758450e+01
