5.542533750418399308e+01,5.542509880294309710e+01,5.542466341472655245e+01,5.542387406404273520e+01,1.901966979312279094e+01,1.098350877156423344e+01,2.647191883108483523e+01,5.355191652533127211e+01,5.550808518174892470e+01,5.543973025880892180e+01,5.543026783170424920e+01
5.542528118286200822e+01,5.542499588450068870e+01,5.542447573006211314e+01,5.542353401262225532e+01,7.585759221937783181e+00,1.115952818257650492e+01,2.634047600738333017e+01,5.352647274065759575e+01,5.550816385065918723e+01,5.543952587027872880e+01,5.543040212411509060e+01
5.542527055569607342e+01,5.542497645687788577e+01,5.542444025443889899e+01,5.542346946509718464e+01,8.279871332753026891e+00,1.137256860816286519e+01,2.651567484047974688e+01,5.353294731909342374e+01,5.550781714589251692e+01,5.543969959648200074e+01,5.543025873703054174e+01
5.542528108500169282e+01,5.542499570479510851e+01,5.542447539739305284e+01,5.542353338165732168e+01,9.074174598655622148e+00,1.214421744956898230e+01,2.698142417617891908e+01,5.354318574654691076e+01,5.550701092110023183e+01,5.543957619569660267e+01,5.543042060786549996e+01
5.542526825708232252e+01,5.542497225402508576e+01,5.542443257553757974e+01,5.542345546814826207e+01,1.113013883377329449e+01,1.432025135128554183e+01,2.834068239688569335e+01,5.188707441509245655e+01,5.550663459535781641e+01,5.544026533841478255e+01,5.543053925600116827e+01
5.542518747009658142e+01,5.542482450345575273e+01,5.542416240809659200e+01,5.542296174260535935e+01,2.676100645244165221e+01,1.959363692331857010e+01,3.197667416336341972e+01,5.228922502794485183e+01,5.550463107948766606e+01,5.544005700628228794e+01,5.543046480028436918e+01
5.542519753762685752e+01,5.542484291157843046e+01,5.542419604317318260e+01,5.542302306592890204e+01,3.306771073033768005e+01,2.956235755278214228e+01,3.822823494377161779e+01,5.302363801147040334e+01,5.549801635760506713e+01,5.543947833673827574e+01,5.543026847326811435e+01
5.542521665363980787e+01,5.542487786231149016e+01,5.542425988787341851e+01,5.542313935494648547e+01,4.293588407452944011e+01,4.280325520284812768e+01,4.582444956329312902e+01,5.404118875463886695e+01,5.548511928257467218e+01,5.543802371580785859e+01,5.543015880026789688e+01
5.542522778534360839e+01,5.542489821984321452e+01,5.542429709187391040e+01,5.542320718044091876e+01,4.992578554827903048e+01,4.999019645708066406e+01,5.136894352064048519e+01,5.483749658478728861e+01,5.546898515565253263e+01,5.543596302579116752e+01,5.542977592058765879e+01
5.542526303341164606e+01,5.542496267435998902e+01,5.542441485670249790e+01,5.542342174525749954e+01,5.351333377934295044e+01,5.345433127061662049e+01,5.398773509251404334e+01,5.522263858984922535e+01,5.545528158698523669e+01,5.543409801492525446e+01,5.542938554259180250e+01
5.542529999733307022e+01,5.542503028577544200e+01,5.542453845607847995e+01,5.542364717520987938e+01,5.477767635103921862e+01,5.475665098079457493e+01,5.495178888745722645e+01,5.535945619411255336e+01,5.544392364888290103e+01,5.543199775256391604e+01,5.542896360191612359e+01
