9.797504710868922828e+00,9.797129265923636865e+00,9.796444066737176826e+00,9.795199475024555014e+00,-4.547963459064393277e+01,-4.260758421121164474e+01,-2.584737317317668115e+01,2.551591858480734221e+00,9.876185378586487928e+00,9.814167531443450443e+00,9.803175995213386784e+00
9.797341087396658210e+00,9.796829929239441626e+00,9.795896964266361806e+00,-5.695582347098769560e+01,-5.422191218576220706e+01,-4.611804889394129958e+01,-2.580038876018336680e+01,2.566412520749765225e+00,9.876166794568144169e+00,9.814147258057877465e+00,9.803168766366381348e+00
9.797342466261529381e+00,9.796832467917159448e+00,9.795901627478755813e+00,-5.661930107417477132e+01,-5.390848361784918552e+01,-4.589686836140203496e+01,-2.570397708951202986e+01,2.601902337162755430e+00,9.877475631696338354e+00,9.814443124731392132e+00,9.803265003569997305e+00
9.797330321956023269e+00,9.796810275130997780e+00,9.795861085402581381e+00,-5.576468101313393078e+01,-5.312916698065303933e+01,-4.533644921313715059e+01,-2.547166555986442305e+01,2.682932569873420103e+00,9.878199000086498316e+00,9.814346631481932093e+00,9.803233403111232036e+00
9.797334501772301252e+00,9.796817960334362141e+00,9.795875162365472733e+00,-5.384060640627215832e+01,-5.135945137156073059e+01,-4.396560010897778170e+01,-2.488709215881412717e+01,2.866410785488225699e+00,9.878799239307362257e+00,9.814330202470690878e+00,9.803222156248244445e+00
9.797340192719246943e+00,9.796828397389816701e+00,9.795894268023978668e+00,-1.832565808805222929e+01,-4.778079348619399980e+01,-4.115255180608853181e+01,-2.337671679192233043e+01,3.236612700381440000e+00,9.878870010149404024e+00,9.814374824947421416e+00,9.803227736266469705e+00
9.797345933164315568e+00,9.796838913123323778e+00,9.795913512612290930e+00,-1.507656009662554375e+01,-4.071468092517933712e+01,-3.527333866929318873e+01,-1.978571187167550960e+01,3.957041179469717562e+00,9.876784826505833337e+00,9.813991167116208558e+00,9.803096293890165569e+00
9.797367302602339123e+00,9.796877988096253986e+00,9.795984923235726782e+00,-9.962525806093303515e+00,-2.805570226633340525e+01,-2.422309534755886773e+01,-1.277560255473541950e+01,5.237542361716517547e+00,9.871076534715159667e+00,9.813309365137637741e+00,9.803069800009829748e+00
9.797376693786674196e+00,9.796895171151302151e+00,9.796016351332747618e+00,-2.939816964972759905e+00,-1.206766003834699319e+01,-9.796726531161910501e+00,-3.427381932174033530e+00,6.994563197383737219e+00,9.859667731749116371e+00,9.812037584800162193e+00,9.802837711501480200e+00
9.797408254261027238e+00,9.796952895088045565e+00,9.796121861474668790e+00,1.547889957626136237e-01,3.188746814609304536e-01,1.273136157930206736e+00,3.952271703986181883e+00,8.516102337808547418e+00,9.844335240245973395e+00,9.810022736777730401e+00,9.802516968673321784e+00
9.797447922590910352e+00,9.797025460932212937e+00,9.796254533393719655e+00,6.325414053731952535e+00,6.384258151350239885e+00,6.723289249650090227e+00,7.675207293131674824e+00,9.329875554105148794e+00,9.830022997114964411e+00,9.807851468798009620e+00,9.802057961421491328e+00
