9.797496385219073289e+00,9.797114252669645751e+00,9.796416863214773230e+00,9.795150176347641846e+00,-4.926534853390241864e+01,-4.369800870309813234e+01,-2.453918346029794151e+01,2.547045655120518060e+00,9.874650849848132239e+00,9.814254172758877459e+00,9.803211434134395219e+00
9.797331708295585528e+00,9.796813062905870950e+00,9.795866432884492880e+00,-4.740281418407622027e+01,-4.848200089101024446e+01,-4.390356383151394226e+01,-2.432192172437935440e+01,2.563782599728308575e+00,9.874721991554434197e+00,9.814259667290219369e+00,9.803212789210492772e+00
9.797331824511880782e+00,9.796813257656140195e+00,9.795866776070841553e+00,-5.252347628985153705e+01,-5.098725750950801228e+01,-4.382558489566849858e+01,-2.420081200608094463e+01,2.599115324269276606e+00,9.876438768175486160e+00,9.814375621571343800e+00,9.803249630275880477e+00
9.797327786260957794e+00,9.796805870983387621e+00,9.795853271130205542e+00,-5.050559716005965072e+01,-5.065615353664698262e+01,-4.359568659090949438e+01,-2.433212751742509639e+01,2.680572586039319471e+00,9.877231219006104013e+00,9.814534805324454325e+00,9.803300630285930239e+00
9.797321910007370960e+00,9.796795133074869710e+00,9.795833655204051027e+00,-5.174157502678065157e+01,-4.984214888760045881e+01,-4.296577921494933605e+01,-2.417621975615367447e+01,2.872601862479970070e+00,9.878092052756906938e+00,9.814346723065010991e+00,9.803234410185323711e+00
9.797333902499101299e+00,9.796817074530677516e+00,9.795873760520326101e+00,-1.734755754491311919e+01,-4.762421252432221053e+01,-4.117346205761385391e+01,-2.313560892623215182e+01,3.242126533086342022e+00,9.878166287799597711e+00,9.814369612442551016e+00,9.803232114007233378e+00
9.797341206015703463e+00,9.796830439317940176e+00,9.795898204096562978e+00,-1.453053747118743289e+01,-4.212167262138466128e+01,-3.654646815157414608e+01,-2.048609281395288306e+01,3.934585055742642723e+00,9.876872896268434232e+00,9.814035532498055048e+00,9.803111727624282068e+00
9.797364838527084174e+00,9.796873659481377672e+00,9.795977201790089239e+00,-1.027519243880961319e+01,-3.081528473467762552e+01,-2.655304444391504859e+01,-1.420863184262368684e+01,5.118130710507266201e+00,9.872187131091461509e+00,9.813464850295190445e+00,9.803117989273093968e+00
9.797374022738518207e+00,9.796890467904372457e+00,9.796007958408857519e+00,-3.894034170655491067e+00,-1.462127925263008521e+01,-1.220799913574765938e+01,-4.950767174706833806e+00,6.796037337639088349e+00,9.861664051716996227e+00,9.812167180292535207e+00,9.802878081643086716e+00
9.797407234508954232e+00,9.796951216475703106e+00,9.796118997513861615e+00,-1.477998467864868104e+00,-1.318469075812936708e+00,-1.713201719641901377e-01,3.068478384058669128e+00,8.364708384729039992e+00,9.846541989675477780e+00,9.810288034104321042e+00,9.802410317432748599e+00
9.797463104551168200e+00,9.797053409386343503e+00,9.796305782524129313e+00,9.794948007592834571e+00,5.768411916684966556e+00,6.132798692632571047e+00,7.309821642190629909e+00,9.260445747233765346e+00,9.831772092023618015e+00,9.808103990434975827e+00,9.802159011287420398e+00
