1.385622978770694047e+01,1.385608374793949338e+01,1.385581769368779526e+01,1.385533719857436452e+01,1.385449380873803449e+01,-1.695449092834479288e+01,-4.756133235671216042e-01,1.364730712323976825e+01,1.390931474905756460e+01,1.386716654903564105e+01,1.386061045236677103e+01
1.385612689694841215e+01,1.385589564522669903e+01,1.385547418577873913e+01,1.385471203913368754e+01,-6.381794541499219875e+00,-1.787855028218753262e+01,-4.357826832962041763e-01,1.364617729101511578e+01,1.390919051583025379e+01,1.386714296491991760e+01,1.386060139177424233e+01
1.385612738788538323e+01,1.385589654337203314e+01,1.385547582674430878e+01,1.385471502446256764e+01,-6.879681523239579377e+00,-1.768672887404875382e+01,-3.319733046192796522e-01,1.364823531642497123e+01,1.390896112643791938e+01,1.386709578923819564e+01,1.386058291609679394e+01
1.385612865122384463e+01,1.385589885260350940e+01,1.385548004231152674e+01,1.385472268824030984e+01,-6.663413273687115002e+00,-1.706117411383006655e+01,-6.052938603385094041e-02,1.365543073954049191e+01,1.390846003406661424e+01,1.386699021623096684e+01,1.386054135549258604e+01
1.385613165587634477e+01,1.385590434461550657e+01,1.385549006811318407e+01,1.385474091727451551e+01,1.385342025719605275e+01,-2.796182065198225430e+00,8.312253578544017696e-01,1.367995771196602206e+01,1.390766904183500685e+01,1.386703396956746559e+01,1.386055710605546665e+01
1.385613165181630890e+01,1.385590433907192676e+01,1.385549006471253364e+01,1.385474094823021218e+01,1.385342053020212738e+01,-5.602654289357806849e-01,1.696043932739109472e+00,1.371007728556483940e+01,1.390566488239316101e+01,1.386681778254825659e+01,1.386047083619219755e+01
1.385613879094836420e+01,1.385591739027493929e+01,1.385551389677944201e+01,1.385478431417084266e+01,1.385349856676376845e+01,2.382376465289544498e+00,4.621221881326479597e+00,1.376037930489774652e+01,1.390125700016293386e+01,1.386628286762238815e+01,1.386045537054441290e+01
1.385614210304561489e+01,1.385592344825442090e+01,1.385552497292417407e+01,1.385480454052419041e+01,1.385353535059617336e+01,6.671752583774309464e+00,8.341602088078118982e+00,1.380891279648959369e+01,1.389318363389262956e+01,1.386507338004504319e+01,1.386014491556399975e+01
1.385616427792579941e+01,1.385596398694309883e+01,1.385559899380637106e+01,1.385493917458031632e+01,1.385377717487200044e+01,1.055377088249974804e+01,1.149923089511227126e+01,1.384479546332133992e+01,1.388345218813823934e+01,1.386384262108575527e+01,1.385997801166709920e+01
1.385617881251579320e+01,1.385599056612005597e+01,1.385564755848537999e+01,1.385502765489694532e+01,1.385393681549692957e+01,1.258723823137916042e+01,1.299897710931392858e+01,1.385870044401477941e+01,1.387449570401532739e+01,1.386237735666114013e+01,1.385962320526469682e+01
1.385620684689469684e+01,1.385604183158340419e+01,1.385574122009808562e+01,1.385519823269148176e+01,1.385424416681410875e+01,1.341060576452197495e+01,1.356966240476251251e+01,1.386197677838583608e+01,1.386752862756048010e+01,1.386098311812482642e+01,1.385938283949943184e+01
