9.797500687358523308e+00,9.797121666924571315e+00,9.796429898435214056e+00,9.795173146904030403e+00,-3.844455830863119417e+01,-3.673035619573843036e+01,-2.205284549586885845e+01,2.546250675991390988e+00,9.876169937991093661e+00,9.814220596310034850e+00,9.803195402052871543e+00
9.797336939044619442e+00,9.796822228539003419e+00,9.795882758680859226e+00,-3.821988112096855161e+01,-4.397861376118735421e+01,-3.788206647187715248e+01,-2.120114418769093234e+01,2.558877827480938727e+00,9.875200449592838936e+00,9.814130540798691626e+00,9.803171174286230638e+00
9.797336351622409012e+00,9.796821150690053770e+00,9.795880780861212500e+00,-3.933038795132692655e+01,-4.382551694513048091e+01,-3.776644472600631985e+01,-2.118712248964621381e+01,2.593396762664829769e+00,9.876720092599098777e+00,9.814411137552786712e+00,9.803259968962942494e+00
9.797326904060941644e+00,9.796803867268836896e+00,9.795849192871354916e+00,-3.896465944167299256e+01,-4.342945866282396139e+01,-3.747011808431001612e+01,-2.115587910333546162e+01,2.674400299985816520e+00,9.877298860238564515e+00,9.814523595739617079e+00,9.803295824356496269e+00
9.797322912033491704e+00,9.796796586126525597e+00,9.795835903399494171e+00,-3.793295747671699303e+01,-4.237221599035072472e+01,-3.662174592140335960e+01,-2.086522648347686015e+01,2.884267952606139662e+00,9.877419131775145189e+00,9.814503315491483804e+00,9.803287360384718596e+00
9.797325323467516611e+00,9.796801000183545938e+00,9.795843973242732261e+00,-3.643569178349423510e+01,-3.961426103469643323e+01,-3.432525362619775677e+01,-1.952957786546387808e+01,3.329403904602397102e+00,9.877442459112604212e+00,9.814308173507017230e+00,9.803216028581271502e+00
9.797339979561103362e+00,9.796827805195757577e+00,9.795892967944777041e+00,-1.413472135646406436e+01,-3.178350378785734165e+01,-2.904471326032770406e+01,-1.661157685328828393e+01,4.150946651559006106e+00,9.875622317729209954e+00,9.814077459255051039e+00,9.803127955671435245e+00
9.797360467701492936e+00,9.796865272417653259e+00,9.795961455712534516e+00,-9.009751621908748120e+00,-2.197541152009789656e+01,-1.890181948278561919e+01,-9.752523927267818138e+00,5.494685000362563798e+00,9.868697959580536860e+00,9.813264218236815495e+00,9.803065378936953067e+00
9.797369176012248104e+00,9.796881205038673102e+00,9.795990586637666198e+00,-1.489545252389817165e+00,-7.956315318173601270e+00,-6.311712900039385232e+00,-1.364397270465629752e+00,7.220696318741116393e+00,9.856666460197626378e+00,9.811927365561444958e+00,9.802816849633730456e+00
9.797397646748537525e+00,9.796933276388374523e+00,9.796085758143590283e+00,4.594882495131194844e+00,2.184574552821184845e+00,2.912779888193495204e+00,4.972915298739079226e+00,8.640979579113713172e+00,9.841379917757283380e+00,9.809796225371034240e+00,9.802449212241844734e+00
9.797442180262587286e+00,9.797014737040928622e+00,9.796234691882544254e+00,7.136041538622950320e+00,7.089851840250190662e+00,7.333693946406803832e+00,8.062530190296387289e+00,9.376294139019979212e+00,9.827627185531959242e+00,9.807609966216219277e+00,9.801975417457738260e+00
