5.542534227161398519e+01,5.542510753420256009e+01,5.542467940411719241e+01,5.542390337523481492e+01,6.061610791783106578e+00,1.093083881144602998e+01,2.656195802561865804e+01,5.154252114364325621e+01,5.550649608340806651e+01,5.544031396671405787e+01,5.543055993588824037e+01
5.542518226835940709e+01,5.542481500083266610e+01,5.542414505188379792e+01,5.542293008248150699e+01,2.059331498367105340e+01,1.129796214335031657e+01,2.667111677308761486e+01,5.155287323974053493e+01,5.550598868936785379e+01,5.544022124045325484e+01,5.543052876696269493e+01
5.542518509054512066e+01,5.542482016121135047e+01,5.542415447833175079e+01,5.542294724903805303e+01,2.020968377264849281e+01,1.160750035045091089e+01,2.688215805878597209e+01,5.158621960423138830e+01,5.550608634467712932e+01,5.544023451071063846e+01,5.543053294704933620e+01
5.542518492083394221e+01,5.542481985064873129e+01,5.542415391083481779e+01,5.542294621742394156e+01,2.079486161472537020e+01,1.239642048211769065e+01,2.736557021187094563e+01,5.167812548135509587e+01,5.550643802501978286e+01,5.544028314262435231e+01,5.543054835538410430e+01
5.542518422982669790e+01,5.542481858726946342e+01,5.542415160438547161e+01,5.542294202943529058e+01,2.302345129998717965e+01,1.415526787208093751e+01,2.849044760207085858e+01,5.188798775117496831e+01,5.550622729708584302e+01,5.544020524491406121e+01,5.543051980646009724e+01
5.542518858766383261e+01,5.542482655511525991e+01,5.542416616220197056e+01,5.542296857159416845e+01,2.744308815209677377e+01,1.860484377162055480e+01,3.149171145712409015e+01,5.230415263513572199e+01,5.550415604958353555e+01,5.543998820669362715e+01,5.543044272403626849e+01
5.542519866756394009e+01,5.542484498566496143e+01,5.542419983723965515e+01,5.542302996181008012e+01,3.390111480041585423e+01,2.850056067339824750e+01,3.787755332515929751e+01,5.309931806538609322e+01,5.549678391330387228e+01,5.543926968794166044e+01,5.543040080702226646e+01
5.542520367993735420e+01,5.542485415259595527e+01,5.542421659230157616e+01,5.542306052234259539e+01,4.375028832438090376e+01,4.385358904874871655e+01,4.578066578130441400e+01,5.414364064420080069e+01,5.548337343892875140e+01,5.543790120388862874e+01,5.543011502681343217e+01
5.542523078964392624e+01,5.542490372207409166e+01,5.542430715027970223e+01,5.542322549028621381e+01,5.066056749598012487e+01,5.053406565130315187e+01,5.147428344757467045e+01,5.490288994644205900e+01,5.546714936122921813e+01,5.543573465780616516e+01,5.542968383087083595e+01
5.542527132954928959e+01,5.542497785297405244e+01,5.542444259509852600e+01,5.542347227765587547e+01,5.371101979048847852e+01,5.366319533798719021e+01,5.403989499807211416e+01,5.525049875148121714e+01,5.545374510547270575e+01,5.543383993921060693e+01,5.542926830835700969e+01
5.542531215326279437e+01,5.542505252292841789e+01,5.542457909558189044e+01,5.542372124508383990e+01,5.484165270722063212e+01,5.473985537983811867e+01,5.497693667972210108e+01,5.537318009560345899e+01,5.544379606239175473e+01,5.543206555602674257e+01,5.542898977233557645e+01
