9.797505869833907255e+00,9.797131384454443648e+00,9.796447920837426437e+00,9.795206369395630830e+00,-5.585062743486882653e+01,-4.795394391727676009e+01,-2.610124793018204770e+01,2.557070096960071925e+00,9.875424961372214483e+00,9.814334475055341400e+00,9.803233687620513948e+00
9.797331477001391065e+00,9.796812463826448436e+00,9.795865154868621971e+00,-5.737167737920183441e+01,-5.586557000790653404e+01,-4.766168112052894656e+01,-2.600840927395287494e+01,2.570628053670121371e+00,9.875627501316184720e+00,9.814299330423162715e+00,9.803219072501631715e+00
9.797335602635140361e+00,9.796819997358348076e+00,9.795878918640806177e+00,-5.701833489364331342e+01,-5.556095210917866467e+01,-4.783449950182649957e+01,-2.591773017943823376e+01,2.607962514013189015e+00,9.877264804258279796e+00,9.814434952298171311e+00,9.803263901301566108e+00
9.797329416493791854e+00,9.796808688086725780e+00,9.795858248174145189e+00,-5.756876417938941870e+01,-5.568967915808541136e+01,-4.732440451057400566e+01,-2.571394271186448677e+01,2.689379631408835181e+00,9.877828400376653661e+00,9.814548081907625843e+00,9.803300134124558696e+00
9.797325254461989985e+00,9.796801087577771128e+00,9.795844366380197954e+00,-5.591713539922709231e+01,-5.402637109439563545e+01,-4.599869850888546097e+01,-2.515572510450596511e+01,2.880779730628790336e+00,9.878455074617621179e+00,9.814558109158355137e+00,9.803298223476742734e+00
9.797329220138932371e+00,9.796808349110868619e+00,9.795857648868878442e+00,-1.810752643218931013e+01,-4.953082852997410157e+01,-4.270248264616760991e+01,-2.365650055421611242e+01,3.252689507959934279e+00,9.878619238381617151e+00,9.814390093332232112e+00,9.803235528800328780e+00
9.797342917255459582e+00,9.796833397072067129e+00,9.795903429986278610e+00,-1.496993944423672929e+01,-4.159503481049758733e+01,-3.584348667578189662e+01,-1.967644143441668092e+01,3.974921142959303211e+00,9.876348680237406086e+00,9.814008297406090264e+00,9.803106462062968873e+00
9.797362711435425808e+00,9.796869591030111124e+00,9.795969573646862827e+00,-9.504891662708068623e+00,-2.788292338078426269e+01,-2.395098358341136446e+01,-1.250398579684991951e+01,5.266792583681130679e+00,9.870419985317054667e+00,9.813310101559183707e+00,9.803076503356072280e+00
9.797371198257147640e+00,9.796885114812866391e+00,9.795997960841575036e+00,-2.380047221644321809e+00,-1.145193826648404212e+01,-9.394794013318723103e+00,-3.133388061244767542e+00,7.023915241828980527e+00,9.858454530700006657e+00,9.812016257541994690e+00,9.802842880421005489e+00
9.797398458920651976e+00,9.796934973093355481e+00,9.796089086142178104e+00,4.108692346731045220e+00,5.711648529136850172e-01,1.514862512806832484e+00,4.155488990129168059e+00,8.535519103388452322e+00,9.843286006569936575e+00,9.809988699712031135e+00,9.802517106027282878e+00
9.797438372076687330e+00,9.797007997038720717e+00,9.796222610727143731e+00,6.428803057244246943e+00,6.484200800766481088e+00,6.816449129676446006e+00,7.749499250069778356e+00,9.337305408505185866e+00,9.828976353998116977e+00,9.807668859688728702e+00,9.801990860196756472e+00
