1.385623453272241079e+01,1.385609245534826783e+01,1.385583364931726180e+01,1.385536641415531989e+01,1.385454729047965117e+01,-2.913739929111260452e+01,-4.523442720204980283e+00,1.365783860598186195e+01,1.390928504128624610e+01,1.386714827741026568e+01,1.386060232945999360e+01
1.385612825364050593e+01,1.385589815228094679e+01,1.385547879569179486e+01,1.385472047766190329e+01,-3.937696931511318610e+01,-3.048506954455910645e+01,-4.453784437258863527e+00,1.365538637414011802e+01,1.390883762970278781e+01,1.386705999531920419e+01,1.386056809562652603e+01
1.385613034930238996e+01,1.385590198469430234e+01,1.385548579547745618e+01,1.385473321025526872e+01,1.385340659871801527e+01,-2.834960772955189512e+01,-4.181177861280992225e+00,1.365852586975326766e+01,1.390835561225186190e+01,1.386696242254674516e+01,1.386053001737751167e+01
1.385613285351597490e+01,1.385590656345859983e+01,1.385549415516690885e+01,1.385474840786936923e+01,1.385343385186074272e+01,-2.702316803589343053e+01,-3.692670463543163528e+00,1.366657337169409558e+01,1.390813237173564687e+01,1.386713673057615637e+01,1.386059784781067528e+01
1.385612853933525557e+01,1.385589867665797037e+01,1.385547975668484000e+01,1.385472223461519903e+01,-3.343513730529669203e+01,-2.571524271059004718e+01,-2.780974966165090656e+00,1.368378735158814052e+01,1.390784221827155243e+01,1.386706212206641631e+01,1.386056747076768936e+01
1.385613149549947920e+01,1.385590407883247543e+01,1.385548961837376858e+01,1.385474017704951422e+01,1.385341925144924957e+01,-1.136945142299243816e+00,-1.130866073744818401e-01,1.372377179373045486e+01,1.390543300792094605e+01,1.386675676148952618e+01,1.386044603949601139e+01
1.385614123166634570e+01,1.385592187888380877e+01,1.385552212336696343e+01,1.385479932387987745e+01,1.385352565868341657e+01,-7.760738588577671848e+00,3.525527448404370823e+00,1.375717687420026536e+01,1.390103391137226829e+01,1.386624247064078475e+01,1.386043960259246077e+01
1.385614255753420920e+01,1.385592430437004907e+01,1.385552655919483556e+01,1.385480742788849717e+01,1.385354040840600476e+01,7.117061010430299817e+00,8.302814984140280075e+00,1.381800735859881968e+01,1.389293151936738013e+01,1.386521667281470194e+01,1.386020542518257770e+01
1.385616141263282231e+01,1.385595877760912664e+01,1.385558952008701183e+01,1.385492202505801274e+01,1.385374668746072047e+01,1.082555487342966494e+01,1.159231570768966080e+01,1.385175384042719138e+01,1.388278948334228957e+01,1.386363834960291008e+01,1.385987763268376582e+01
1.385618703649094385e+01,1.385600562778918388e+01,1.385567509150243737e+01,1.385507778718762495e+01,1.385402704685339614e+01,1.227914803742715222e+01,1.302923936656413417e+01,1.386300299696523908e+01,1.387413501391468529e+01,1.386222963205890224e+01,1.385954026123336646e+01
1.385621467973364851e+01,1.385605618022997731e+01,1.385576745708470447e+01,1.385524603793430387e+01,1.385433039071063988e+01,1.344472375927534813e+01,1.358774259900925863e+01,1.386394920950535337e+01,1.386719403722752020e+01,1.386100313993800981e+01,1.385938939164149986e+01
