9.797494704129183773e+00,9.797110709382677030e+00,9.796409865814778684e+00,9.795136618571779863e+00,-5.504250748137116744e+01,-4.789829019470519000e+01,-2.559838274863783525e+01,2.552276478919515146e+00,9.874554780946947830e+00,9.814297323625984504e+00,9.803227904907583223e+00
9.797327403348418784e+00,9.796804783116131787e+00,9.795850869884597856e+00,-5.238473558178289835e+01,-5.467744408603300599e+01,-4.816086485177151388e+01,-2.553067974162371456e+01,2.569142527114235186e+00,9.874903258021626939e+00,9.814117629628867689e+00,9.803169088490674810e+00
9.797335069339156988e+00,9.796818786123628442e+00,9.795876442210781576e+00,-5.417093050237793506e+01,-5.490637834347239732e+01,-4.798500745361527464e+01,-2.549358729159446568e+01,2.604449297571227895e+00,9.876164977362590136e+00,9.814376065973190677e+00,9.803252092266319551e+00
9.797325344825852156e+00,9.796801007538457284e+00,9.795843957514472677e+00,-1.955375136184788332e+01,-5.303044441008750454e+01,-4.684292399395708628e+01,-2.512250862317418054e+01,2.684649514811186410e+00,9.876759999824033187e+00,9.814477371918920667e+00,9.803283752544015073e+00
9.797322276166779531e+00,9.796795398135094146e+00,9.795833709924441024e+00,-1.898331845299612297e+01,-5.040356834101554284e+01,-4.496449680687548778e+01,-2.463542536366161073e+01,2.899918040421693100e+00,9.877592303281280905e+00,9.814471003966742657e+00,9.803274051823978041e+00
9.797328983566799820e+00,9.796807661975275749e+00,9.795856126760066118e+00,-1.750547140752547293e+01,-4.809436112612322489e+01,-4.159542778354962422e+01,-2.237406926763237180e+01,3.320931962706708429e+00,9.877309409906485982e+00,9.814229420465709453e+00,9.803188487647505056e+00
9.797344807958655366e+00,9.796836607077493042e+00,9.795909034291343076e+00,-1.353886558084237635e+01,-3.644629958533947445e+01,-3.261174074577939308e+01,-1.769683441232221099e+01,4.134685667422433930e+00,9.875329713498731010e+00,9.813982830291944737e+00,9.803096112438046461e+00
9.797365212296249126e+00,9.796873912469411749e+00,9.795977215591062048e+00,-8.684382135947400272e+00,-2.265120745188183804e+01,-1.929449784097488063e+01,-9.455163456103878872e+00,5.490351643527437098e+00,9.868852324264333120e+00,9.813208549893369437e+00,9.803042719349550183e+00
9.797374738408045403e+00,9.796891340087395150e+00,9.796009084678052758e+00,-1.303560739258506018e+00,-7.158670070727373158e+00,-5.487526095783060498e+00,-6.234158979152333302e-01,7.268472719240326896e+00,9.855985978656159219e+00,9.811722766060706036e+00,9.802743659002436161e+00
9.797407556323269873e+00,9.796951356762679808e+00,9.796118765451931054e+00,4.899992938985072044e+00,2.853844360914255418e+00,3.511599160485416427e+00,5.439144880392633219e+00,8.694822873158111420e+00,9.840450847733814399e+00,9.809777867303312249e+00,9.802442821919360227e+00
9.797442461923424162e+00,9.797015226813860167e+00,9.796235576106088416e+00,8.010322610715251201e+00,7.357349169776833619e+00,7.589333146290588417e+00,8.253665495003025043e+00,9.404405244212465931e+00,9.826502530132767532e+00,9.807251795871055222e+00,9.802023838137294831e+00
