9.797510475015469567e+00,9.797139610536923726e+00,9.796462731630150245e+00,9.795233016527749470e+00,-5.744360017836355325e+01,-4.938753210785848324e+01,-2.620913536702635227e+01,2.559940176518800570e+00,9.875237213066192510e+00,9.814296131318242189e+00,9.803221368898217492e+00
9.797332749038968558e+00,9.796814634836643165e+00,9.795868956484481416e+00,-5.939231493140915319e+01,-5.874788889992170482e+01,-4.950102587538259513e+01,-2.648655194207571739e+01,2.570938206262752601e+00,9.875544223750690520e+00,9.814326206586450496e+00,9.803229560601691261e+00
9.797332808830736539e+00,9.796814703205235730e+00,9.795869049302115883e+00,-5.921438189516810269e+01,-5.841083282236036212e+01,-4.925613690192599137e+01,-2.635740048838746574e+01,2.606388288327148306e+00,9.877430762530837072e+00,9.814459140914836510e+00,9.803271200201498559e+00
9.797328702538473877e+00,9.796807206379355648e+00,9.795855358356378773e+00,-5.817011001363976419e+01,-5.753682637414375733e+01,-4.863470018062854194e+01,-2.573404879519578969e+01,2.691440298812949106e+00,9.877921542973098212e+00,9.814331991968133551e+00,9.803230453677459266e+00
9.797333430126423437e+00,9.796815876588201633e+00,9.795871215977546953e+00,-5.622033421829687683e+01,-5.524101210312280585e+01,-4.678744428832060009e+01,-2.505244564264632245e+01,2.873318763572721313e+00,9.878757636944124343e+00,9.814349782355039409e+00,9.803229622872430937e+00
9.797338288207255275e+00,9.796824759732091437e+00,9.795887455617771522e+00,-1.811106464185548504e+01,-4.958906813781567990e+01,-4.249226567073031191e+01,-2.282389064933932588e+01,3.248760623387310087e+00,9.878048195129322195e+00,9.814301875980202539e+00,9.803208373416390842e+00
9.797345040585572207e+00,9.796837108524083959e+00,9.795910032349464558e+00,-1.434033249596144266e+01,-4.006793476968519485e+01,-3.423493522367013497e+01,-1.875776484085498197e+01,4.021556390816114046e+00,9.876337719316753194e+00,9.814120029370604570e+00,9.803136959891295632e+00
9.797362872333534867e+00,9.796869709166017515e+00,9.795969615062313451e+00,-9.226900139495679554e+00,-2.497009132169064216e+01,-2.116720852768641592e+01,-1.071848542101338708e+01,5.383213997848264043e+00,9.869367495587820116e+00,9.813316566087300075e+00,9.803078602304848843e+00
9.797370800182086725e+00,9.796884216118373345e+00,9.795996144928023952e+00,-1.507265267019239019e+00,-8.647219586896312649e+00,-6.849569126512218276e+00,-1.546553045963784179e+00,7.202255136359406507e+00,9.856656838752984484e+00,9.811878592575864033e+00,9.802797672222686387e+00
9.797401531216697990e+00,9.796940409901997882e+00,9.796098833192292687e+00,4.728975086487855251e+00,2.140685745830461784e+00,2.902907730980486267e+00,5.042339523019342629e+00,8.665653576872449193e+00,9.840872423194397811e+00,9.809665419458951874e+00,9.802400041132081299e+00
9.797447577292262011e+00,9.797024644999883236e+00,9.796252841038800341e+00,7.058869285054843346e+00,7.104402858280608690e+00,7.369576703574888477e+00,8.112149481495261938e+00,9.393510815127752878e+00,9.826903935960222825e+00,9.807388897628175783e+00,9.801884350451597783e+00
