1.385622978770670599e+01,1.385608374793926423e+01,1.385581769368758742e+01,1.385533719857422241e+01,1.385449380873810199e+01,-1.695449092831744053e+01,-4.756133235648762891e-01,1.364730712324943696e+01,1.390931474908805043e+01,1.386716654913252711e+01,1.386061045267360825e+01
1.385612689694817945e+01,1.385589564522647166e+01,1.385547418577853307e+01,1.385471203913354898e+01,-6.381794541505898977e+00,-1.787855028219267695e+01,-4.357826832921822824e-01,1.364617729102476318e+01,1.390919051586072008e+01,1.386714296501674681e+01,1.386060139208089836e+01
1.385612738788515053e+01,1.385589654337180576e+01,1.385547582674410449e+01,1.385471502446242908e+01,-6.879681523243306174e+00,-1.768672887405903538e+01,-3.319733046141646327e-01,1.364823531643458665e+01,1.390896112646836968e+01,1.386709578933497156e+01,1.386058291640327411e+01
1.385612865122361015e+01,1.385589885260328202e+01,1.385548004231132246e+01,1.385472268824016950e+01,-6.663413273690803607e+00,-1.706117411384187221e+01,-6.052938602836466231e-02,1.365543073955007181e+01,1.390846003409704679e+01,1.386699021632768414e+01,1.386054135579889035e+01
1.385613165587611029e+01,1.385590434461527920e+01,1.385549006811297801e+01,1.385474091727437695e+01,1.385342025719612202e+01,-2.796182065198903111e+00,8.312253578609967164e-01,1.367995771197570676e+01,1.390766904186542341e+01,1.386703396966412782e+01,1.386055710636159688e+01
1.385613165181607442e+01,1.385590433907169938e+01,1.385549006471232758e+01,1.385474094823007007e+01,1.385342053020219666e+01,-5.602654289385913255e-01,1.696043932741765348e+00,1.371007728557420613e+01,1.390566488242355092e+01,1.386681778264486553e+01,1.386047083649815548e+01
1.385613879094813150e+01,1.385591739027471192e+01,1.385551389677923595e+01,1.385478431417070233e+01,1.385349856676383951e+01,2.382376465289675060e+00,4.621221881329767633e+00,1.376037930490725003e+01,1.390125700019331134e+01,1.386628286771894736e+01,1.386045537085021095e+01
1.385614210304538219e+01,1.385592344825419353e+01,1.385552497292396801e+01,1.385480454052405186e+01,1.385353535059624264e+01,6.671752583773477241e+00,8.341602088081002009e+00,1.380891279649906167e+01,1.389318363392299105e+01,1.386507338014155799e+01,1.386014491586966457e+01
1.385616427792556671e+01,1.385596398694287146e+01,1.385559899380616500e+01,1.385493917458017776e+01,1.385377717487207150e+01,1.055377088249988304e+01,1.149923089511491092e+01,1.384479546333083988e+01,1.388345218816859372e+01,1.386384262118223454e+01,1.385997801197265389e+01
1.385617881251556049e+01,1.385599056611982860e+01,1.385564755848517393e+01,1.385502765489680499e+01,1.385393681549699885e+01,1.258723823137948017e+01,1.299897710931655403e+01,1.385870044402429713e+01,1.387449570404567822e+01,1.386237735675759097e+01,1.385962320557016270e+01
1.385620684689446591e+01,1.385604183158317859e+01,1.385574122009788134e+01,1.385519823269133965e+01,1.385424416681417625e+01,1.341060576452241548e+01,1.356966240476537955e+01,1.386197677839538045e+01,1.386752862759083804e+01,1.386098311822125950e+01,1.385938283980483021e+01
