1.385623572412633742e+01,1.385609463072400516e+01,1.385583760481672044e+01,1.385537351370002668e+01,1.385455949642183526e+01,-2.395983147846037298e+01,-3.871730968460626698e+00,1.365080222027226498e+01,1.390939963385248213e+01,1.386717895640979847e+01,1.386061492122116690e+01
1.385612694019892643e+01,1.385589575354348568e+01,1.385547441585604389e+01,1.385471250278784439e+01,-7.201290757442166957e+00,-2.461540919948660999e+01,-3.743940506417578362e+00,1.364812799875157800e+01,1.390893049897870704e+01,1.386708617720844217e+01,1.386057890398054937e+01
1.385612916424049601e+01,1.385589981944698401e+01,1.385548183895603280e+01,1.385472599596155518e+01,-3.152178290660190640e+01,-2.473831671544935418e+01,-3.640914923137763104e+00,1.365311040022284850e+01,1.390886865922408688e+01,1.386707053981179527e+01,1.386057254375752024e+01
1.385612978497252357e+01,1.385590095483869888e+01,1.385548391359506226e+01,1.385472977618592871e+01,1.385340037916742517e+01,-2.222976401293862736e+01,-3.301590206110396331e+00,1.366014646814139510e+01,1.390834585049395322e+01,1.386696211258787059e+01,1.386052999661163199e+01
1.385613275305530578e+01,1.385590637925819735e+01,1.385549381483047782e+01,1.385474777423915427e+01,1.385343266502743376e+01,-2.022776312585129688e+01,-2.447757226637152783e+00,1.367711220502758351e+01,1.390767254371838391e+01,1.386703534964945206e+01,1.386055770927639941e+01
1.385613159850166731e+01,1.385590426925841001e+01,1.385548996491450602e+01,1.385474079211796905e+01,1.385342026156450146e+01,-1.059474230633243863e+00,-2.064615171643144897e-01,1.372074215280519738e+01,1.390542428805343533e+01,1.386675778779802748e+01,1.386044667117016793e+01
1.385614100569534912e+01,1.385592146782329870e+01,1.385552137351197111e+01,1.385479795775941980e+01,1.385352318923436243e+01,-7.995261833963168030e+00,2.756908095157545979e+00,1.375754624218273214e+01,1.390149408838860268e+01,1.386633418464364098e+01,1.386047633790313149e+01
1.385614082498698529e+01,1.385592113997861041e+01,1.385552078748061433e+01,1.385479696152136775e+01,1.385352179628284475e+01,1.834896355337424012e+00,7.425024463989485568e+00,1.380759727236861245e+01,1.389385623631361000e+01,1.386522760411037147e+01,1.386021104536207815e+01
1.385616033505176148e+01,1.385595680786511785e+01,1.385558591842150733e+01,1.385491544655294760e+01,1.385373473026291435e+01,1.030411623299851698e+01,1.113644290005576387e+01,1.385160406503183950e+01,1.388404941076741750e+01,1.386376255813758007e+01,1.385993652192021131e+01
1.385618387431492415e+01,1.385599984868641599e+01,1.385566454177885376e+01,1.385505862005313915e+01,1.385399278603279249e+01,1.201316288351942774e+01,1.284406442532905501e+01,1.386176761886507691e+01,1.387542618583152176e+01,1.386245335209720508e+01,1.385966219874832461e+01
1.385620599057566338e+01,1.385604029398566794e+01,1.385573844367651475e+01,1.385519324631865246e+01,1.385423551129878028e+01,1.335067384161215642e+01,1.352439528409561120e+01,1.386393417744153567e+01,1.386817055835184931e+01,1.386122029093477259e+01,1.385933301633933468e+01
