5.542533915057116189e+01,5.542510180377682616e+01,5.542466888861076768e+01,5.542388403588568480e+01,1.718643882529759281e+01,1.121119584156334703e+01,2.653351098545163467e+01,5.347965968612079024e+01,5.550815326145600181e+01,5.543954846093335931e+01,5.543041147353730480e+01
5.542526854070522546e+01,5.542497276256368366e+01,5.542443349262754282e+01,5.542345711549882026e+01,7.329879604255244985e+00,1.141441709147203554e+01,2.642610160385013174e+01,5.342140663452325100e+01,5.550807299720044341e+01,5.543956562552676104e+01,5.543041948166408872e+01
5.542526631571290352e+01,5.542496869348089916e+01,5.542442605357018692e+01,5.542344353035976923e+01,8.099467168513278637e+00,1.159276849316734470e+01,2.658655187090880290e+01,5.343708846104303234e+01,5.550788472112374450e+01,5.543953072041567509e+01,5.543040726828199638e+01
5.542526739410277514e+01,5.542497066502055247e+01,5.542442965434899804e+01,5.542345008562337227e+01,8.989516869425944634e+00,1.241002062668800932e+01,2.706118427906240953e+01,5.344310771117888237e+01,5.550688348512038317e+01,5.543960852730953093e+01,5.543043535727620963e+01
5.542526425916209121e+01,5.542496493321277740e+01,5.542441918314817428e+01,5.542343100588667681e+01,1.197566114662254577e+01,1.470264920295506883e+01,2.846771997768635742e+01,5.188444828374811379e+01,5.550649326899217328e+01,5.544024225825822327e+01,5.543053156449241214e+01
5.542518802443886017e+01,5.542482550722142776e+01,5.542416423132243608e+01,5.542296504971300664e+01,2.679121267370735637e+01,2.004377893922283604e+01,3.222645532897276155e+01,5.230010671398069633e+01,5.550411120962125722e+01,5.543998284228594287e+01,5.543044109783761542e+01
5.542519866613054802e+01,5.542484496456187060e+01,5.542419977947619714e+01,5.542302983543812900e+01,3.389874776885858410e+01,3.041489019482193257e+01,3.878828481788778504e+01,5.309385777603013423e+01,5.549668716490342035e+01,5.543925668638654258e+01,5.543039660729763796e+01
5.542520377076714055e+01,5.542485429992007084e+01,5.542421684142742322e+01,5.542306095091262108e+01,4.375978795022344059e+01,4.387765678814433556e+01,4.649232999589897730e+01,5.413721814812084432e+01,5.548319927228374127e+01,5.543787509561879290e+01,5.543010619885018286e+01
5.542523100531857949e+01,5.542490409711575694e+01,5.542430781379749050e+01,5.542322666540533049e+01,5.067351686083885909e+01,5.056512923946636562e+01,5.176044398998584484e+01,5.489652196306643361e+01,5.546710776432635726e+01,5.543574660285978695e+01,5.542969023673894924e+01
5.542526953148369984e+01,5.542497454609868157e+01,5.542443653210091270e+01,5.542346119312544772e+01,5.372663395285287891e+01,5.369155030458664157e+01,5.414343029130875351e+01,5.524834138158306018e+01,5.545396872098972096e+01,5.543393172726019458e+01,5.542931119183919009e+01
5.542530678415535306e+01,5.542504268914649401e+01,5.542456111751175740e+01,5.542368848367039647e+01,5.485071558676695247e+01,5.481012900894877760e+01,5.501121850890632459e+01,5.536796197714269141e+01,5.544330317792062601e+01,5.543197554700320495e+01,5.542895110070978149e+01
