9.797491258493867150e+00,9.797104385208184496e+00,9.796398290543395504e+00,9.795115530754097577e+00,-5.768497339668434876e+01,-4.943925704088983508e+01,-2.626963851440009279e+01,2.558865646948269124e+00,9.875056978469416435e+00,9.814228983484849067e+00,9.803198489447137121e+00
9.797336271940102037e+00,9.796820981243921977e+00,9.795880456799990199e+00,-5.950764017808904072e+01,-5.858493530498990509e+01,-4.946188553190632575e+01,-2.651201019881112941e+01,2.571081496077685991e+00,9.875623938710308636e+00,9.814116417717000829e+00,9.803162268464301832e+00
9.797340524286365593e+00,9.796828731201699725e+00,9.795894590824628878e+00,-5.917014609805985259e+01,-5.823649251273941019e+01,-4.919521102631931342e+01,-2.637866276913931429e+01,2.606621153862267448e+00,9.877245199955687838e+00,9.814429096602317770e+00,9.803261858574922272e+00
9.797329473074649187e+00,9.796808533115585860e+00,9.795857692965785901e+00,-5.814912235012972275e+01,-5.730946835372375858e+01,-4.851996299293669068e+01,-2.603627732277955076e+01,2.688950717502985199e+00,9.877694289992710708e+00,9.814498014806989801e+00,9.803282994999234390e+00
9.797327730060464646e+00,9.796805353893901724e+00,9.795851890897589342e+00,-5.592247983767801855e+01,-5.486685545598540159e+01,-4.653071170380398058e+01,-2.514537493368004561e+01,2.890389557668006759e+00,9.878088228272684290e+00,9.814453782623289158e+00,9.803263369860561127e+00
9.797333973877622171e+00,9.796816775176168335e+00,9.795872769399988300e+00,-1.791406538707862950e+01,-4.889820143293472654e+01,-4.188725300533280915e+01,-2.255345125922982774e+01,3.308926337565044395e+00,9.877886089056850949e+00,9.814211615142406586e+00,9.803176883978625966e+00
9.797350437484912078e+00,9.796846884043775461e+00,9.795927801203665908e+00,-1.414413674602503335e+01,-3.838864186221806563e+01,-3.274091999246562068e+01,-1.757979281839550723e+01,4.111568988486850706e+00,9.875660980051598870e+00,9.813987802822003559e+00,9.803094896984285711e+00
9.797367392341504555e+00,9.796877888720025851e+00,9.795984472404057897e+00,-8.548555134923923049e+00,-2.242271877041511274e+01,-1.915848837363115109e+01,-9.597006691402823364e+00,5.486732124717263126e+00,9.869100284755823793e+00,9.813165689610219289e+00,9.803023984042299688e+00
9.797380123132787944e+00,9.796901164535274376e+00,9.796027016409905031e+00,-1.292521515671378296e+00,-7.158529267320803413e+00,-5.435890568762177466e+00,-6.898709073740176834e-01,7.277876453689599678e+00,9.856169198871738146e+00,9.811695553045245433e+00,9.802730797547450692e+00
9.797411506190526254e+00,9.796958560211688649e+00,9.796131909252199677e+00,4.922025789683758035e+00,2.866566234841530836e+00,3.541728127464879528e+00,5.417766108049290708e+00,8.702102419000590672e+00,9.840456983812593705e+00,9.809728639772199443e+00,9.802421451835613198e+00
9.797446868701745970e+00,9.797023258229927478e+00,9.796250223699734860e+00,8.007960159007030398e+00,7.368213575184876518e+00,7.601154097602700332e+00,8.251082178303349224e+00,9.407845387215596489e+00,9.826246249968143331e+00,9.807355541286122858e+00,9.802067121670644312e+00
