5.542535292168734884e+01,5.542512700340174092e+01,5.542471495847604501e+01,5.542396808598216751e+01,5.542264122259729220e+01,2.100673681530389558e+01,2.542885019570283589e+01,5.155638969726054199e+01,5.550626471999785849e+01,5.544026773766148608e+01,5.543054419071502537e+01
5.542518387543630354e+01,5.542481793973682613e+01,5.542415042094859245e+01,5.542293986342087919e+01,2.072526387558744077e+01,4.676561620505927941e+00,2.556926175962938430e+01,5.156554514562592573e+01,5.550608121925505145e+01,5.544023047547320004e+01,5.543053144104420937e+01
5.542518519770054297e+01,5.542482035723517697e+01,5.542415483714109570e+01,5.542294790860248099e+01,2.040307783822162335e+01,5.253922561665052449e+00,2.585236421289891950e+01,5.159969453641340209e+01,5.550650778089141824e+01,5.544030180251535711e+01,5.543055502489971786e+01
5.542518335662010998e+01,5.542481699048568800e+01,5.542414868792333493e+01,5.542293671705499492e+01,2.117216535110160081e+01,6.961414336120689939e+00,2.670273318101498461e+01,5.168965191494196887e+01,5.550664429627066454e+01,5.544031365336034867e+01,5.543055821585065956e+01
5.542518365979841377e+01,5.542481754440265718e+01,5.542414970010388231e+01,5.542293856866450596e+01,2.326633343692567735e+01,1.108439844045592260e+01,2.867627530900785615e+01,5.189961681407281446e+01,5.550613736097153605e+01,5.544018357826578836e+01,5.543051223851061593e+01
5.542518951228920798e+01,5.542482824582411638e+01,5.542416925101294822e+01,5.542297420047457734e+01,2.701476098317602492e+01,1.880302280410035110e+01,3.265239003310536248e+01,5.230203658241072873e+01,5.550453310618962632e+01,5.544004432082550693e+01,5.543046079484958000e+01
5.542519765480667360e+01,5.542484313432333920e+01,5.542419645780766047e+01,5.542302382221834023e+01,3.324633644488626771e+01,3.005368364460357000e+01,3.896683549662925827e+01,5.302761957402299231e+01,5.549772561964931583e+01,5.543943100767945964e+01,5.543025304680908505e+01
5.542521763500626264e+01,5.542487966449519377e+01,5.542426318611078528e+01,5.542314535621520122e+01,4.300605940462741472e+01,4.291618958700938435e+01,4.614114119343808795e+01,5.403660717274768643e+01,5.548491275457350014e+01,5.543799410004522343e+01,5.543014879420775287e+01
5.542522799366472697e+01,5.542489860806583835e+01,5.542429780610487455e+01,5.542320846952305402e+01,4.994940817414172329e+01,5.003175688985023584e+01,5.147440026539887015e+01,5.483256226109219966e+01,5.546876830374033318e+01,5.543592797610453715e+01,5.542976299861911826e+01
5.542526324558706108e+01,5.542496306912072157e+01,5.542441558151838876e+01,5.542342304664977348e+01,5.352487216040468354e+01,5.347337746662179825e+01,5.401917858244819115e+01,5.521754914657408619e+01,5.545486241170591057e+01,5.543401367315760098e+01,5.542935092781727491e+01
5.542530081763584349e+01,5.542503179099340116e+01,5.542454120310395638e+01,5.542365212390249241e+01,5.478747599578763783e+01,5.477387407423746879e+01,5.496171875148931463e+01,5.536579811233424664e+01,5.544253631760889078e+01,5.543182657447527362e+01,5.542886483873987657e+01
