9.797494704129547927e+00,9.797110709383032301e+00,9.796409865815100204e+00,9.795136618572003684e+00,-5.504250748136684024e+01,-4.789829019468048443e+01,-2.559838274862282859e+01,2.552276478905211921e+00,9.874554780901032558e+00,9.814297323480152713e+00,9.803227904445785512e+00
9.797327403348788266e+00,9.796804783116490611e+00,9.795850869884924705e+00,-5.238473558437595301e+01,-5.467744408628607999e+01,-4.816086485178148280e+01,-2.553067974157330156e+01,2.569142527101121676e+00,9.874903257975807591e+00,9.814117629483209981e+00,9.803169088029401124e+00
9.797335069339521141e+00,9.796818786123981937e+00,9.795876442211101320e+00,-5.417093050900157891e+01,-5.490637834034551901e+01,-4.798500745357538477e+01,-2.549358729122371159e+01,2.604449297484470627e+00,9.876164977312754445e+00,9.814376065827195461e+00,9.803252091805426005e+00
9.797325344826221638e+00,9.796801007538824990e+00,9.795843957514817291e+00,-1.955375136143054249e+01,-5.303044442063954023e+01,-4.684292399052779388e+01,-2.512250862378346383e+01,2.684649514785397262e+00,9.876759999778709442e+00,9.814477371773609349e+00,9.803283752083791214e+00
9.797322276167147237e+00,9.796795398135454747e+00,9.795833709924773203e+00,-1.898331845460192824e+01,-5.040356833322324803e+01,-4.496449680634788137e+01,-2.463542536301470776e+01,2.899918040424205312e+00,9.877592303236371052e+00,9.814471003821630291e+00,9.803274051364288866e+00
9.797328983567169303e+00,9.796807661975634574e+00,9.795856126760398297e+00,-1.750547140881074171e+01,-4.809436112889944326e+01,-4.159542778427096010e+01,-2.237406926760718306e+01,3.320931962703643325e+00,9.877309409861187106e+00,9.814229420320742747e+00,9.803188487188323919e+00
9.797344807959023072e+00,9.796836607077850090e+00,9.795909034291666373e+00,-1.353886558096906789e+01,-3.644629958646987689e+01,-3.261174074563224679e+01,-1.769683441220625753e+01,4.134685667407464571e+00,9.875329713452833502e+00,9.813982830147054415e+00,9.803096111979341387e+00
9.797365212296615056e+00,9.796873912469768797e+00,9.795977215591387122e+00,-8.684382135814287196e+00,-2.265120745334341024e+01,-1.929449784101219478e+01,-9.455163456075881712e+00,5.490351643514629565e+00,9.868852324218741146e+00,9.813208549748656750e+00,9.803042718891308738e+00
9.797374738408411332e+00,9.796891340087750422e+00,9.796009084678376055e+00,-1.303560739225856580e+00,-7.158670070754022063e+00,-5.487526095786561697e+00,-6.234158979080293150e-01,7.268472719225680834e+00,9.855985978610597442e+00,9.811722765916117694e+00,9.802743658544589067e+00
9.797407556323632249e+00,9.796951356763033303e+00,9.796118765452252575e+00,4.899992938996575731e+00,2.853844360779139500e+00,3.511599160495497252e+00,5.439144880389211956e+00,8.694822873142857844e+00,9.840450847688348546e+00,9.809777867158837594e+00,9.802442821461831102e+00
9.797442461923786539e+00,9.797015226814211886e+00,9.796235576106409937e+00,8.010322610715505220e+00,7.357349169770216690e+00,7.589333146289567011e+00,8.253665494998926988e+00,9.404405244198343894e+00,9.826502530087356746e+00,9.807251795726667609e+00,9.802023837680021501e+00
