1.385623572412775317e+01,1.385609463072536940e+01,1.385583760481791948e+01,1.385537351370070347e+01,1.385455949642085471e+01,-2.395983147856073714e+01,-3.871730968490989966e+00,1.365080222019666323e+01,1.390939963361188703e+01,1.386717895564619241e+01,1.386061491880491658e+01
1.385612694020034397e+01,1.385589575354485170e+01,1.385547441585724471e+01,1.385471250278852295e+01,-7.201290757486939142e+00,-2.461540919930879667e+01,-3.743940506453865780e+00,1.364812799867645943e+01,1.390893049873863774e+01,1.386708617644647035e+01,1.386057890156946115e+01
1.385612916424191354e+01,1.385589981944835003e+01,1.385548183895723184e+01,1.385472599596223020e+01,-3.152178290611767153e+01,-2.473831671537531207e+01,-3.640914923166833184e+00,1.365311040014792709e+01,1.390886865898450964e+01,1.386707053905144704e+01,1.386057254135157990e+01
1.385612978497393755e+01,1.385590095484006312e+01,1.385548391359626130e+01,1.385472977618660551e+01,1.385340037916645528e+01,-2.222976401256087797e+01,-3.301590206150105011e+00,1.366014646806743293e+01,1.390834585025491776e+01,1.386696211182913530e+01,1.386052999421078269e+01
1.385613275305671976e+01,1.385590637925955448e+01,1.385549381483167153e+01,1.385474777423983106e+01,1.385343266502646387e+01,-2.022776312550127287e+01,-2.447757226681621212e+00,1.367711220495418267e+01,1.390767254347988136e+01,1.386703534889230482e+01,1.386055770688055233e+01
1.385613159850307774e+01,1.385590426925976715e+01,1.385548996491569795e+01,1.385474079211864051e+01,1.385342026156353512e+01,-1.059474230705495845e+00,-2.064615171770016744e-01,1.372074215273099895e+01,1.390542428781540885e+01,1.386675778704245943e+01,1.386044666877931775e+01
1.385614100569675600e+01,1.385592146782465406e+01,1.385552137351316304e+01,1.385479795776009482e+01,1.385352318923340142e+01,-7.995261833854472755e+00,2.756908095128316027e+00,1.375754624210844845e+01,1.390149408815102028e+01,1.386633418388950290e+01,1.386047633551675240e+01
1.385614082498838862e+01,1.385592113997996222e+01,1.385552078748180094e+01,1.385479696152204099e+01,1.385352179628188551e+01,1.834896355372360066e+00,7.425024463964753352e+00,1.380759727229449041e+01,1.389385623607642373e+01,1.386522760335748572e+01,1.386021104297960882e+01
1.385616033505316480e+01,1.385595680786646788e+01,1.385558591842269571e+01,1.385491544655361551e+01,1.385373473026195512e+01,1.030411623299004376e+01,1.113644290003340487e+01,1.385160406495780450e+01,1.388404941053058295e+01,1.386376255738576546e+01,1.385993651954101757e+01
1.385618387431632215e+01,1.385599984868776247e+01,1.385566454178003681e+01,1.385505862005380706e+01,1.385399278603183326e+01,1.201316288350434824e+01,1.284406442530694825e+01,1.386176761879105435e+01,1.387542618559492524e+01,1.386245335134623247e+01,1.385966219637170838e+01
1.385620599057705959e+01,1.385604029398701087e+01,1.385573844367769780e+01,1.385519324631932037e+01,1.385423551129782282e+01,1.335067384160661952e+01,1.352439528407317226e+01,1.386393417736763745e+01,1.386817055811547839e+01,1.386122029018448387e+01,1.385933301396480211e+01
