9.797483237166954240e+00,9.797089704398372234e+00,9.796371406473243226e+00,9.795066209735077578e+00,-1.153896382960003919e+01,-2.683474679281739128e+01,-1.520909083327145872e+01,3.864578033367374488e+00,9.869704710972298400e+00,9.814094130741311872e+00,9.803197489508583828e+00
9.797305494774214196e+00,9.796764658561654571e+00,9.795777422482595753e+00,-2.837666341768429490e+01,-3.332566872640381916e+01,-2.840447227379722861e+01,-1.490678721143009611e+01,3.877178097878902108e+00,9.869271937336211664e+00,9.814022653852497058e+00,9.803175340768794044e+00
9.797307508883184468e+00,9.796768350676451576e+00,9.795784180254040407e+00,-2.923777028173596904e+01,-3.322019938526941019e+01,-2.832553040215923446e+01,-1.489916144822985977e+01,3.900352479337412692e+00,9.869734754605959282e+00,9.814220088191229152e+00,9.803243140269852773e+00
9.797296360944628191e+00,9.796747961508053493e+00,9.795746911109416644e+00,-2.891055389659184627e+01,-3.294799863462753109e+01,-2.812067377535196044e+01,-1.485368669779531281e+01,3.959543981433992332e+00,9.869956134332202424e+00,9.814306366269342163e+00,9.803272589004915716e+00
9.797291652464693357e+00,9.796739361579449579e+00,9.795731198734658918e+00,-2.749504686014651966e+01,-3.223588077842434529e+01,-2.755112603434858443e+01,-1.462980253369481431e+01,4.088479144454199243e+00,9.870140804281652080e+00,9.814279447825798641e+00,9.803261087074922386e+00
9.797295075455632940e+00,9.796745625287600845e+00,9.795742647075602605e+00,-3.184631658557231759e+01,-3.038004967466918416e+01,-2.598166990632041617e+01,-1.390647049885362030e+01,4.380881817447521698e+00,9.869581522947864727e+00,9.813997926178258169e+00,9.803163477013937310e+00
9.797311736861447073e+00,9.796776093460563217e+00,9.795798327770926406e+00,-9.510620882060781156e+00,-2.580737408989187287e+01,-2.207971334522709128e+01,-1.157642715148294954e+01,4.944240004038849889e+00,9.867649236534784762e+00,9.813798454096437140e+00,9.803089587232243218e+00
9.797327543711281450e+00,9.796805004405124251e+00,9.795851176396936921e+00,-5.008507960598802100e+00,-1.696359858866416204e+01,-1.435865490874736317e+01,-6.612035478804917155e+00,5.946189553376056480e+00,9.862745648296677103e+00,9.813115212166314549e+00,9.803058086235768798e+00
9.797338976822709711e+00,9.796825924848429068e+00,9.795889444492848597e+00,2.299899672286827013e-01,-5.704921807441996506e+00,-4.276090191168249177e+00,3.219387595680878178e-02,7.375666854921753668e+00,9.853087972625086621e+00,9.811713745941711196e+00,9.802773178641269070e+00
9.797380274308064685e+00,9.796901453858829711e+00,9.796027504987414147e+00,5.241961394142528263e+00,3.008122131926493026e+00,3.622854976265887039e+00,5.464774034274867631e+00,8.676474955016288959e+00,9.839493234828941226e+00,9.809728093993168585e+00,9.802447003468840236e+00
9.797425097730057431e+00,9.796983451838292112e+00,9.796177452360748106e+00,8.085453503885915438e+00,7.338151350281985508e+00,7.558727039128353198e+00,8.217011623388252417e+00,9.384375082179689187e+00,9.826649740825660118e+00,9.807623394566686414e+00,9.802000780096454591e+00
