9.797496385219485404e+00,9.797114252670045431e+00,9.796416863215139159e+00,9.795150176347901194e+00,-4.926534853389259894e+01,-4.369800870310139373e+01,-2.453918346029894693e+01,2.547045655105919959e+00,9.874650849799694541e+00,9.814254172604867321e+00,9.803211433646573880e+00
9.797331708295999420e+00,9.796813062906274183e+00,9.795866432884864139e+00,-4.740281418351582943e+01,-4.848200089053095496e+01,-4.390356383149286756e+01,-2.432192172452450052e+01,2.563782599713699817e+00,9.874721991505888141e+00,9.814259667136299825e+00,9.803212788723037363e+00
9.797331824512298226e+00,9.796813257656546980e+00,9.795866776071214588e+00,-5.252347628978530025e+01,-5.098725750951111024e+01,-4.382558489566545035e+01,-2.420081200605803673e+01,2.599115324254996917e+00,9.876438768127208334e+00,9.814375621417584128e+00,9.803249629788812314e+00
9.797327786261371685e+00,9.796805870983790854e+00,9.795853271130575024e+00,-5.050559715971643726e+01,-5.065615353664746578e+01,-4.359568659090948728e+01,-2.433212751743390001e+01,2.680572586024381199e+00,9.877231218957792436e+00,9.814534805170799459e+00,9.803300629799235111e+00
9.797321910007784851e+00,9.796795133075272943e+00,9.795833655204420509e+00,-5.174157502675419806e+01,-4.984214888759949247e+01,-4.296577921494435515e+01,-2.417621975615664454e+01,2.872601862465040679e+00,9.878092052708632664e+00,9.814346722911476917e+00,9.803234409699003393e+00
9.797333902499515190e+00,9.796817074531078973e+00,9.795873760520695583e+00,-1.734755754496383418e+01,-4.762421252427835583e+01,-4.117346205760090072e+01,-2.313560892622777132e+01,3.242126533071290506e+00,9.878166287751371399e+00,9.814369612289134182e+00,9.803232113521286095e+00
9.797341206016117354e+00,9.796830439318341632e+00,9.795898204096930684e+00,-1.453053747123213491e+01,-4.212167262128421186e+01,-3.654646815156237949e+01,-2.048609281396676707e+01,3.934585055728384351e+00,9.876872896220245224e+00,9.814035532344751900e+00,9.803111727138695386e+00
9.797364838527496289e+00,9.796873659481780905e+00,9.795977201790456945e+00,-1.027519243883797984e+01,-3.081528473466410745e+01,-2.655304444391577690e+01,-1.420863184262298695e+01,5.118130710492089896e+00,9.872187131043297370e+00,9.813464850141993878e+00,9.803117988787848347e+00
9.797374022738930321e+00,9.796890467904773914e+00,9.796007958409227001e+00,-3.894034170674476769e+00,-1.462127925262019801e+01,-1.220799913576430562e+01,-4.950767174707575435e+00,6.796037337624483143e+00,9.861664051668867614e+00,9.812167180139438116e+00,9.802878081158143075e+00
9.797407234509366347e+00,9.796951216476102786e+00,9.796118997514229321e+00,-1.477998467826763473e+00,-1.318469075809606039e+00,-1.713201719644406040e-01,3.068478384052724550e+00,8.364708384714301559e+00,9.846541989627379365e+00,9.810288033951305664e+00,9.802410316948058977e+00
9.797463104551578539e+00,9.797053409386743184e+00,9.796305782524497019e+00,9.794948007593095696e+00,5.768411916687336216e+00,6.132798692631268089e+00,7.309821642186330237e+00,9.260445747218792434e+00,9.831772091975524930e+00,9.808103990282019069e+00,9.802159010802927952e+00
