9.797510475018219367e+00,9.797139610539613130e+00,9.796462731632642473e+00,9.795233016529589776e+00,-5.744360019700205555e+01,-4.938753210052727383e+01,-2.620913536849148429e+01,2.559940176504052367e+00,9.875237212823524402e+00,9.814296130333117318e+00,9.803221365742855298e+00
9.797332749041304467e+00,9.796814634838568736e+00,9.795868956485564993e+00,-5.939231492774294452e+01,-5.874788890004516162e+01,-4.950102587542184551e+01,-2.648655194209466046e+01,2.570938206203800647e+00,9.875544223442959790e+00,9.814326205592166730e+00,9.803229557451487608e+00
9.797332808833452589e+00,9.796814703207862962e+00,9.795869049304490872e+00,-5.921438189547880171e+01,-5.841083282236610330e+01,-4.925613690191881489e+01,-2.635740048841579153e+01,2.606388288229735561e+00,9.877430762218738280e+00,9.814459139922501407e+00,9.803271197059947539e+00
9.797328702541211243e+00,9.796807206382021960e+00,9.795855358358830145e+00,-5.817011001448243235e+01,-5.753682637414044621e+01,-4.863470018063905798e+01,-2.573404879523706867e+01,2.691440298715343182e+00,9.877921542661773913e+00,9.814331990978580222e+00,9.803230450544745622e+00
9.797333430129151921e+00,9.796815876590864391e+00,9.795871215979996549e+00,-5.622033421603424586e+01,-5.524101210313761356e+01,-4.678744428841429226e+01,-2.505244564273524688e+01,2.873318763478956761e+00,9.878757636633924477e+00,9.814349781368287395e+00,9.803229619748481838e+00
9.797338288209978430e+00,9.796824759734745314e+00,9.795887455620212236e+00,-1.811106464194753585e+01,-4.958906813776659561e+01,-4.249226567071086436e+01,-2.282389064944835866e+01,3.248760623295265049e+00,9.878048194819902150e+00,9.814301874996131048e+00,9.803208370300945163e+00
9.797345040588288256e+00,9.796837108526730731e+00,9.795910032351896390e+00,-1.434033249602615001e+01,-4.006793476971321866e+01,-3.423493522367508035e+01,-1.875776484087385043e+01,4.021556390721205076e+00,9.876337719008141391e+00,9.814120028389138994e+00,9.803136956784102907e+00
9.797362872336242035e+00,9.796869709168657181e+00,9.795969615064739955e+00,-9.226900139490767927e+00,-2.497009132168460610e+01,-2.116720852770929184e+01,-1.071848542106630475e+01,5.383213997749139779e+00,9.869367495279867342e+00,9.813316565108220146e+00,9.803078599205173660e+00
9.797370800184786788e+00,9.796884216121004130e+00,9.795996144930443350e+00,-1.507265267020928334e+00,-8.647219586692930449e+00,-6.849569126389591034e+00,-1.546553046045012536e+00,7.202255136253000956e+00,9.856656838445482904e+00,9.811878591598825139e+00,9.802797669129491354e+00
9.797401531219382065e+00,9.796940409904616232e+00,9.796098833194699651e+00,4.728975086490120106e+00,2.140685745787197725e+00,2.902907730993478985e+00,5.042339522978837252e+00,8.665653576771351396e+00,9.840872422887464666e+00,9.809665418483620059e+00,9.802400038044169150e+00
9.797447577294937204e+00,9.797024645002487375e+00,9.796252841041194870e+00,7.058869285131830651e+00,7.104402858338254134e+00,7.369576703567972231e+00,8.112149481373236881e+00,9.393510814958167643e+00,9.826903935647438360e+00,9.807388896653026933e+00,9.801884347367467498e+00
