5.542535292169654326e+01,5.542512700341050902e+01,5.542471495848332097e+01,5.542396808598458335e+01,5.542264122258399084e+01,2.100673686876967494e+01,2.542885019799772550e+01,5.155638969740528665e+01,5.550626471771019510e+01,5.544026773031377786e+01,5.543054416751438396e+01
5.542518387544527059e+01,5.542481793974516791e+01,5.542415042095514366e+01,5.542293986342203027e+01,2.072526387393146052e+01,4.676561620356455506e+00,2.556926175967923243e+01,5.156554514496914976e+01,5.550608121696419772e+01,5.544023046820362310e+01,5.543053141810280238e+01
5.542518519770953844e+01,5.542482035724364664e+01,5.542415483714794533e+01,5.542294790860427156e+01,2.040307784053034723e+01,5.253922561070790032e+00,2.585236421274593965e+01,5.159969453570865028e+01,5.550650777862034602e+01,5.544030179532585123e+01,5.543055500221349519e+01
5.542518335662904860e+01,5.542481699049413635e+01,5.542414868793022720e+01,5.542293671705697022e+01,2.117216535219751705e+01,6.961414335915103280e+00,2.670273318078454139e+01,5.168965191423286853e+01,5.550664429402408473e+01,5.544031364625016067e+01,5.543055819341465451e+01
5.542518365980727424e+01,5.542481754441102737e+01,5.542414970011071773e+01,5.542293856866648838e+01,2.326633343737861281e+01,1.108439844012835351e+01,2.867627530861405916e+01,5.189961681336851029e+01,5.550613735874951971e+01,5.544018357123313478e+01,5.543051221631887415e+01
5.542518951229800450e+01,5.542482824583242973e+01,5.542416925101973391e+01,5.542297420047655976e+01,2.701476098341393239e+01,1.880302280336517740e+01,3.265239003262649931e+01,5.230203658169564562e+01,5.550453310399031182e+01,5.544004431386657217e+01,5.543046077289042728e+01
5.542519765481538485e+01,5.542484313433158150e+01,5.542419645781439641e+01,5.542302382222032975e+01,3.324633644542240773e+01,3.005368364287738103e+01,3.896683549581791794e+01,5.302761957326982412e+01,5.549772561747084154e+01,5.543943100078782038e+01,5.543025302506225671e+01
5.542521763501489573e+01,5.542487966450335080e+01,5.542426318611747149e+01,5.542314535621719074e+01,4.300605940518924797e+01,4.291618958793191041e+01,4.614114119312591811e+01,5.403660717202028252e+01,5.548491275241442366e+01,5.543799409321235316e+01,5.543014877264189977e+01
5.542522799367327480e+01,5.542489860807392432e+01,5.542429780611148260e+01,5.542320846952502222e+01,4.994940817431410096e+01,5.003175689007463234e+01,5.147440026522633616e+01,5.483256226030411540e+01,5.546876830159354910e+01,5.543592796931842059e+01,5.542976297719816614e+01
5.542526324559554496e+01,5.542496306912875070e+01,5.542441558152495418e+01,5.542342304665173458e+01,5.352487216052871588e+01,5.347337746678709891e+01,5.401917858231875869e+01,5.521754914579872064e+01,5.545486240956844881e+01,5.543401366640836159e+01,5.542935090651064911e+01
5.542530081764428473e+01,5.542503179100137345e+01,5.542454120311050758e+01,5.542365212390448193e+01,5.478747599586203876e+01,5.477387407432718192e+01,5.496171875131850015e+01,5.536579811149101715e+01,5.544253631546276040e+01,5.543182656774992267e+01,5.542886481751659744e+01
