1.385623453272559402e+01,1.385609245535125034e+01,1.385583364931961192e+01,1.385536641415568582e+01,1.385454729047374300e+01,-2.913739929248998806e+01,-4.523442720221671820e+00,1.365783860569329633e+01,1.390928504037582591e+01,1.386714827452596310e+01,1.386060232034008166e+01
1.385612825364369094e+01,1.385589815228393284e+01,1.385547879569415741e+01,1.385472047766229053e+01,-3.937696931435371539e+01,-3.048506954477434761e+01,-4.453784437302647170e+00,1.365538637385666298e+01,1.390883762879515118e+01,1.386705999244337306e+01,1.386056808653332162e+01
1.385613034930556609e+01,1.385590198469727952e+01,1.385548579547981163e+01,1.385473321025565596e+01,1.385340659871217639e+01,-2.834960772863965772e+01,-4.181177861306826671e+00,1.365852586947406522e+01,1.390835561134692888e+01,1.386696241967928955e+01,1.386053000831076787e+01
1.385613285351913504e+01,1.385590656346156280e+01,1.385549415516925009e+01,1.385474840786974582e+01,1.385343385185491272e+01,-2.702316803363553177e+01,-3.692670463609093012e+00,1.366657337142210871e+01,1.390813237083343168e+01,1.386713672771694661e+01,1.386059783876993379e+01
1.385612853933841038e+01,1.385589867666092800e+01,1.385547975668717768e+01,1.385472223461557917e+01,-3.343513730180155363e+01,-2.571524271112808435e+01,-2.780974966222581557e+00,1.368378735130809609e+01,1.390784221737170867e+01,1.386706211921531029e+01,1.386056746175263221e+01
1.385613149550263046e+01,1.385590407883543662e+01,1.385548961837611159e+01,1.385474017704990501e+01,1.385341925144347108e+01,-1.136945142529202979e+00,-1.130866073512488690e-01,1.372377179346080922e+01,1.390543300702394092e+01,1.386675675864648838e+01,1.386044603050630641e+01
1.385614123166949341e+01,1.385592187888675930e+01,1.385552212336929756e+01,1.385479932388026469e+01,1.385352565867765051e+01,-7.760738587392962629e+00,3.525527448273312991e+00,1.375717687393101230e+01,1.390103391047765413e+01,1.386624246780493763e+01,1.386043959362514144e+01
1.385614255753734270e+01,1.385592430437298717e+01,1.385552655919715903e+01,1.385480742788887731e+01,1.385354040840024048e+01,7.117061010266757748e+00,8.302814984076414717e+00,1.381800735833217253e+01,1.389293151847506635e+01,1.386521666998528701e+01,1.386020541623513580e+01
1.385616141263595225e+01,1.385595877761206296e+01,1.385558952008933176e+01,1.385492202505839288e+01,1.385374668745497218e+01,1.082555487337690892e+01,1.159231570755796881e+01,1.385175384015843925e+01,1.388278948245211453e+01,1.386363834677885798e+01,1.385987762375237153e+01
1.385618703649406314e+01,1.385600562779210421e+01,1.385567509150474130e+01,1.385507778718798377e+01,1.385402704684762476e+01,1.227914803757302664e+01,1.302923936647306746e+01,1.386300299668914349e+01,1.387413501302537888e+01,1.386222962923895352e+01,1.385954025231463049e+01
1.385621467973675713e+01,1.385605618023288876e+01,1.385576745708700130e+01,1.385524603793465914e+01,1.385433039070487737e+01,1.344472375924658003e+01,1.358774259892447134e+01,1.386394920922894514e+01,1.386719403633928138e+01,1.386100313712149656e+01,1.385938938273278609e+01
