5.542535292169708327e+01,5.542512700341096377e+01,5.542471495848354834e+01,5.542396808598402913e+01,5.542264122258099235e+01,2.100673687191201822e+01,2.542885019811093983e+01,5.155638969734342680e+01,5.550626471735255052e+01,5.544026772917564472e+01,5.543054416391541395e+01
5.542518387544579639e+01,5.542481793974560844e+01,5.542415042095532840e+01,5.542293986342140499e+01,2.072526387383154756e+01,4.676561620342566172e+00,2.556926175966001580e+01,5.156554514485982565e+01,5.550608121660566496e+01,5.544023046706791291e+01,5.543053141451223098e+01
5.542518519771007135e+01,5.542482035724410139e+01,5.542415483714814428e+01,5.542294790860368892e+01,2.040307784066430230e+01,5.253922561029981786e+00,2.585236421271468288e+01,5.159969453559631347e+01,5.550650777826231774e+01,5.544030179419274873e+01,5.543055499863133662e+01
5.542518335662957440e+01,5.542481699049459110e+01,5.542414868793044036e+01,5.542293671705640179e+01,2.117216535226008034e+01,6.961414335896829897e+00,2.670273318074854529e+01,5.168965191412006277e+01,5.550664429366684516e+01,5.544031364511968718e+01,5.543055818984085192e+01
5.542518365980780004e+01,5.542481754441148212e+01,5.542414970011093089e+01,5.542293856866592705e+01,2.326633343740343562e+01,1.108439844010209541e+01,2.867627530856820428e+01,5.189961681325576137e+01,5.550613735839311857e+01,5.544018357010527609e+01,5.543051221275332807e+01
5.542518951229853030e+01,5.542482824583287027e+01,5.542416925101993286e+01,5.542297420047599132e+01,2.701476098342639176e+01,1.880302280331318698e+01,3.265239003257494232e+01,5.230203658158204405e+01,5.550453310363467097e+01,5.544004431274122879e+01,5.543046076933283928e+01
5.542519765481591065e+01,5.542484313433202203e+01,5.542419645781460247e+01,5.542302382221977552e+01,3.324633644545308897e+01,3.005368364276415605e+01,3.896683549574571259e+01,5.302761957315367169e+01,5.549772561711588281e+01,5.543943099966479338e+01,5.543025302151201572e+01
5.542521763501542154e+01,5.542487966450380554e+01,5.542426318611767755e+01,5.542314535621663651e+01,4.300605940522175530e+01,4.291618958798190420e+01,4.614114119308462847e+01,5.403660717190557961e+01,5.548491275206015416e+01,5.543799409209137963e+01,5.543014876909798261e+01
5.542522799367378639e+01,5.542489860807437196e+01,5.542429780611168155e+01,5.542320846952445379e+01,4.994940817432256353e+01,5.003175689008153881e+01,5.147440026519365119e+01,5.483256226018545476e+01,5.546876830123963487e+01,5.543592796819908131e+01,5.542976297365935068e+01
5.542526324559607076e+01,5.542496306912919124e+01,5.542441558152516023e+01,5.542342304665116615e+01,5.352487216053424390e+01,5.347337746679041004e+01,5.401917858228868852e+01,5.521754914568070660e+01,5.545486240921477616e+01,5.543401366529029417e+01,5.542935090297588374e+01
5.542530081764479633e+01,5.542503179100182820e+01,5.542454120311070653e+01,5.542365212390392060e+01,5.478747599586449724e+01,5.477387407432584610e+01,5.496171875128580808e+01,5.536579811136863327e+01,5.544253631510827773e+01,5.543182656663256580e+01,5.542886481398473819e+01
