1.385623621437490982e+01,1.385609552081487905e+01,1.385583924168322412e+01,1.385537660489058354e+01,1.385456575735492990e+01,-2.909679836366936456e+01,-4.559744333731633681e+00,1.365702220372569187e+01,1.390949868508495335e+01,1.386719263437360894e+01,1.386061973064724029e+01
1.385612702791032902e+01,1.385589590327301046e+01,1.385547468109668223e+01,1.385471298818506369e+01,-3.922501029842781861e+01,-3.033239887670985979e+01,-4.496033249628470507e+00,1.365487130649679060e+01,1.390873665517334956e+01,1.386704019305378743e+01,1.386056041619369594e+01
1.385613080433693867e+01,1.385590280818594877e+01,1.385548728997892098e+01,1.385473591762987056e+01,1.385341144177354344e+01,-2.824709135107063318e+01,-4.237803774965107628e+00,1.365791866739245464e+01,1.390850455500211069e+01,1.386699343151363983e+01,1.386054218953616157e+01
1.385613198727813256e+01,1.385590497135888199e+01,1.385549123987205533e+01,1.385474309952750360e+01,1.385342432288181058e+01,-2.698106817039733585e+01,-3.732346193972283288e+00,1.366557871871915886e+01,1.390805114819290011e+01,1.386712112230489424e+01,1.386059184946980238e+01
1.385612884787986943e+01,1.385589923172164362e+01,1.385548076041418142e+01,1.385472404776006528e+01,-3.334916030760714989e+01,-2.554229094976102132e+01,-2.823534152352856985e+00,1.368342683285223416e+01,1.390771265289170699e+01,1.386703620636642320e+01,1.386055742331387819e+01
1.385613209143551927e+01,1.385590515972146264e+01,1.385549158243635048e+01,1.385474373682032123e+01,1.385342561768808523e+01,-1.074999895345958301e+00,-1.825380153960676211e-01,1.372095784130704033e+01,1.390540302436905762e+01,1.386675488300933523e+01,1.386044567440935182e+01
1.385614095557626513e+01,1.385592136496389593e+01,1.385552117443800668e+01,1.385479758044874821e+01,1.385352246885830141e+01,-7.493950899264417487e+00,3.456322096925693366e+00,1.375818924247482045e+01,1.390107073710054664e+01,1.386624820882447651e+01,1.386044174014496200e+01
1.385614257030907481e+01,1.385592431771989652e+01,1.385552657466526938e+01,1.385480745273147107e+01,1.385354048218634659e+01,7.033987022693882096e+00,8.331524874579999462e+00,1.381584849285670025e+01,1.389286405876401176e+01,1.386520441531005154e+01,1.386020050829824868e+01
1.385616142672264672e+01,1.385595879272910480e+01,1.385558953588136788e+01,1.385492203388037069e+01,1.385374663539712969e+01,1.081386642144743071e+01,1.160884829635063298e+01,1.384875352011097505e+01,1.388225723978716175e+01,1.386349930579222800e+01,1.385981160379459354e+01
1.385619064384914445e+01,1.385601220931584976e+01,1.385568708938514071e+01,1.385509955471050958e+01,1.385406589605559802e+01,1.228891417634423533e+01,1.303299676603238311e+01,1.386355392811363174e+01,1.387410180089412748e+01,1.386220801431423766e+01,1.385952733933217473e+01
1.385621646830679765e+01,1.385605944049329352e+01,1.385577340235198207e+01,1.385525686081757968e+01,1.385434995941131398e+01,1.344268687604910184e+01,1.358859660879950582e+01,1.386436883979794388e+01,1.386717847233269651e+01,1.386098766495459600e+01,1.385937803101049326e+01
