9.797510475019659992e+00,9.797139610541025334e+00,9.796462731633948096e+00,9.795233016530554337e+00,-5.744360020682051982e+01,-4.938753209670111488e+01,-2.620913536926202525e+01,2.559940176496084518e+00,9.875237212695786582e+00,9.814296129815327063e+00,9.803221364084123479e+00
9.797332749042531930e+00,9.796814634839581259e+00,9.795868956486136980e+00,-5.939231492577503957e+01,-5.874788890010944442e+01,-4.950102587544249388e+01,-2.648655194210489583e+01,2.570938206172709073e+00,9.875544223281108813e+00,9.814326205069184184e+00,9.803229555794162664e+00
9.797332808834880780e+00,9.796814703209243191e+00,9.795869049305737875e+00,-5.921438189562919518e+01,-5.841083282236903784e+01,-4.925613690191516270e+01,-2.635740048843068450e+01,2.606388288178482782e+00,9.877430762054471458e+00,9.814459139400131704e+00,9.803271195405860894e+00
9.797328702542648315e+00,9.796807206383425282e+00,9.795855358360119780e+00,-5.817011001489949251e+01,-5.753682637413880485e+01,-4.863470018064460021e+01,-2.573404879525877931e+01,2.691440298663949182e+00,9.877921542497787755e+00,9.814331990457262123e+00,9.803230448894007409e+00
9.797333430130588994e+00,9.796815876592265937e+00,9.795871215981284408e+00,-5.622033421482865378e+01,-5.524101210314547217e+01,-4.678744428846424341e+01,-2.505244564278252994e+01,2.873318763429591804e+00,9.878757636470401948e+00,9.814349780848040439e+00,9.803229618101074294e+00
9.797338288211410173e+00,9.796824759736143307e+00,9.795887455621494766e+00,-1.811106464199716015e+01,-4.958906813770720845e+01,-4.249226567070314076e+01,-2.282389064950344704e+01,3.248760623246869095e+00,9.878048194656672720e+00,9.814301874476898391e+00,9.803208368656768812e+00
9.797345040589716447e+00,9.796837108528126947e+00,9.795910032353178920e+00,-1.434033249606199334e+01,-4.006793476972825374e+01,-3.423493522367759567e+01,-1.875776484088371632e+01,4.021556390671110037e+00,9.876337718845206837e+00,9.814120027870897545e+00,9.803136955143068931e+00
9.797362872337670225e+00,9.796869709170049845e+00,9.795969615066018932e+00,-9.226900139488556363e+00,-2.497009132168141576e+01,-2.116720852772142081e+01,-1.071848542109428237e+01,5.383213997696744357e+00,9.869367495117169042e+00,9.813316564590884639e+00,9.803078597566999619e+00
9.797370800186209649e+00,9.796884216122391464e+00,9.795996144931718774e+00,-1.507265267022033228e+00,-8.647219586584805384e+00,-6.849569126324119850e+00,-1.546553046088529726e+00,7.202255136196685115e+00,9.856656838282926714e+00,9.811878591082264123e+00,9.802797667493790001e+00
9.797401531220801374e+00,9.796940409906000014e+00,9.796098833195971523e+00,4.728975086491258750e+00,2.140685745764195680e+00,2.902907731000346381e+00,5.042339522957352216e+00,8.665653576717870621e+00,9.840872422725126967e+00,9.809665417967707413e+00,9.802400036410482187e+00
9.797447577296349408e+00,9.797024645003865828e+00,9.796252841042459636e+00,7.058869285170946917e+00,7.104402858368752405e+00,7.369576703564508335e+00,8.112149481308742693e+00,9.393510814868536229e+00,9.826903935481947627e+00,9.807388896137011258e+00,9.801884345735158988e+00
