1.385623572412400506e+01,1.385609463072175629e+01,1.385583760481474513e+01,1.385537351369890935e+01,1.385455949642342688e+01,-2.395983147829274529e+01,-3.871730968411179141e+00,1.365080222039603086e+01,1.390939963424605885e+01,1.386717895765854891e+01,1.386061492517037053e+01
1.385612694019659230e+01,1.385589575354123681e+01,1.385547441585406681e+01,1.385471250278672350e+01,-7.201290757371319629e+00,-2.461540919977817055e+01,-3.743940506358423015e+00,1.364812799887431893e+01,1.390893049937072767e+01,1.386708617845229341e+01,1.386057890791425962e+01
1.385612916423817254e+01,1.385589981944474758e+01,1.385548183895406282e+01,1.385472599596043253e+01,-3.152178290739315969e+01,-2.473831671557294598e+01,-3.640914923090397437e+00,1.365311040034505297e+01,1.390886865961459051e+01,1.386707054105077219e+01,1.386057254767582947e+01
1.385612978497020720e+01,1.385590095483646778e+01,1.385548391359310116e+01,1.385472977618481139e+01,1.385340037916898837e+01,-2.222976401355526832e+01,-3.301590206045850628e+00,1.366014646826183387e+01,1.390834585088289366e+01,1.386696211382203359e+01,1.386053000051475337e+01
1.385613275305299830e+01,1.385590637925597335e+01,1.385549381482852027e+01,1.385474777423804227e+01,1.385343266502899162e+01,-2.022776312642122321e+01,-2.447757226564890587e+00,1.367711220514689963e+01,1.390767254410578069e+01,1.386703535087889172e+01,1.386055771316462071e+01
1.385613159849936693e+01,1.385590426925619312e+01,1.385548996491255558e+01,1.385474079211686060e+01,1.385342026156605399e+01,-1.059474230516997295e+00,-2.064615171430035367e-01,1.372074215292560595e+01,1.390542428843938083e+01,1.386675778902277933e+01,1.386044667504356021e+01
1.385614100569305585e+01,1.385592146782108891e+01,1.385552137351002777e+01,1.385479795775831491e+01,1.385352318923590786e+01,-7.995261834136815793e+00,2.756908095205094611e+00,1.375754624230307144e+01,1.390149408877321946e+01,1.386633418586415090e+01,1.386047634176327215e+01
1.385614082498469912e+01,1.385592113997640951e+01,1.385552078747867455e+01,1.385479696152026641e+01,1.385352179628438485e+01,1.834896355282559455e+00,7.425024464029478466e+00,1.380759727248851831e+01,1.389385623669705794e+01,1.386522760532717768e+01,1.386021104921066893e+01
1.385616033504948419e+01,1.385595680786292228e+01,1.385558591841957643e+01,1.385491544655184626e+01,1.385373473026444913e+01,1.030411623301186630e+01,1.113644290009197491e+01,1.385160406515143094e+01,1.388404941114983160e+01,1.386376255935122437e+01,1.385993652575913870e+01
1.385618387431265219e+01,1.385599984868422929e+01,1.385566454177692819e+01,1.385505862005204669e+01,1.385399278603432549e+01,1.201316288354398765e+01,1.284406442536470117e+01,1.386176761898450494e+01,1.387542618621317381e+01,1.386245335330835715e+01,1.385966220257964565e+01
1.385620599057340030e+01,1.385604029398348658e+01,1.385573844367459628e+01,1.385519324631756000e+01,1.385423551130030972e+01,1.335067384162102400e+01,1.352439528413177072e+01,1.386393417756065993e+01,1.386817055873283699e+01,1.386122029214388895e+01,1.385933302016452018e+01
