1.385623621437585662e+01,1.385609552081574769e+01,1.385583924168384762e+01,1.385537660489043610e+01,1.385456575735233287e+01,-2.909679836365041083e+01,-4.559744333765858748e+00,1.365702220361362862e+01,1.390949868472838347e+01,1.386719263324436113e+01,1.386061972707637935e+01
1.385612702791127582e+01,1.385589590327388088e+01,1.385547468109730751e+01,1.385471298818491803e+01,-3.922501029799639127e+01,-3.033239887681686398e+01,-4.496033249666520071e+00,1.365487130638544144e+01,1.390873665481752397e+01,1.386704019192690751e+01,1.386056041263032412e+01
1.385613080433788369e+01,1.385590280818681563e+01,1.385548728997954626e+01,1.385473591762972490e+01,1.385341144177096062e+01,-2.824709135079736555e+01,-4.237803774994675976e+00,1.365791866728257986e+01,1.390850455464704893e+01,1.386699343038910470e+01,1.386054218598019716e+01
1.385613198727907402e+01,1.385590497135974530e+01,1.385549123987267706e+01,1.385474309952735616e+01,1.385342432287923131e+01,-2.698106817001128022e+01,-3.732346194020642827e+00,1.366557871861062345e+01,1.390805114783856666e+01,1.386712112118266305e+01,1.386059184592113169e+01
1.385612884788081089e+01,1.385589923172250693e+01,1.385548076041480314e+01,1.385472404775991961e+01,-3.334916030714380497e+01,-2.554229094981417347e+01,-2.823534152374193695e+00,1.368342683274145344e+01,1.390771265253807343e+01,1.386703620524648528e+01,1.386055741977245148e+01
1.385613209143645896e+01,1.385590515972232950e+01,1.385549158243697221e+01,1.385474373682017557e+01,1.385342561768551839e+01,-1.074999895390385429e+00,-1.825380154070086469e-01,1.372095784119811057e+01,1.390540302401619854e+01,1.386675488189166217e+01,1.386044567087506074e+01
1.385614095557720304e+01,1.385592136496475746e+01,1.385552117443862841e+01,1.385479758044860432e+01,1.385352246885573990e+01,-7.493950899111045061e+00,3.456322096888261974e+00,1.375818924236431151e+01,1.390107073674829685e+01,1.386624820770883915e+01,1.386044173661704093e+01
1.385614257031001628e+01,1.385592431772075628e+01,1.385552657466589110e+01,1.385480745273132897e+01,1.385354048218379219e+01,7.033987022681721157e+00,8.331524874545678472e+00,1.381584849274678106e+01,1.389286405841236416e+01,1.386520441419621008e+01,1.386020050477591781e+01
1.385616142672358464e+01,1.385595879272996456e+01,1.385558953588198783e+01,1.385492203388022681e+01,1.385374663539457529e+01,1.081386642143719357e+01,1.160884829631607751e+01,1.384875352000069171e+01,1.388225723943597067e+01,1.386349930467984848e+01,1.385981160027673198e+01
1.385619064385007881e+01,1.385601220931670952e+01,1.385568708938575710e+01,1.385509955471036747e+01,1.385406589605304895e+01,1.228891417634266325e+01,1.303299676599797507e+01,1.386355392800363795e+01,1.387410180054333431e+01,1.386220801320304474e+01,1.385952733581789431e+01
1.385621646830773201e+01,1.385605944049414973e+01,1.385577340235260024e+01,1.385525686081743757e+01,1.385434995940876668e+01,1.344268687603807066e+01,1.358859660876534647e+01,1.386436883968788436e+01,1.386717847198221953e+01,1.386098766384436765e+01,1.385937802749904080e+01
