9.797483237164133385e+00,9.797089704395583354e+00,9.796371406470550269e+00,9.795066209732684825e+00,-1.153896382973315404e+01,-2.683474679352159598e+01,-1.520909083323355837e+01,3.864578033415461356e+00,9.869704711103848283e+00,9.814094131163429324e+00,9.803197490848889473e+00
9.797305494771443080e+00,9.796764658558913652e+00,9.795777422479945429e+00,-2.837666341865796582e+01,-3.332566872639385736e+01,-2.840447227379153361e+01,-1.490678721146345964e+01,3.877178097918677846e+00,9.869271937467862799e+00,9.814022654274054958e+00,9.803175342107103063e+00
9.797307508880411575e+00,9.796768350673705328e+00,9.795784180251377649e+00,-2.923777028383218735e+01,-3.322019938526587879e+01,-2.832553040215185902e+01,-1.489916144822023547e+01,3.900352479377341197e+00,9.869734754737248039e+00,9.814220088612104931e+00,9.803243141606133193e+00
9.797296360941860627e+00,9.796747961505314350e+00,9.795746911106764543e+00,-2.891055389859446123e+01,-3.294799863462635869e+01,-2.812067377534411960e+01,-1.485368669779481365e+01,3.959543981473257812e+00,9.869956134463244268e+00,9.814306366689571348e+00,9.803272590339187076e+00
9.797291652461929345e+00,9.796739361576713989e+00,9.795731198732012146e+00,-2.749504686220687688e+01,-3.223588077842125443e+01,-2.755112603434400498e+01,-1.462980253368017536e+01,4.088479144494242767e+00,9.870140804412457669e+00,9.814279448245390114e+00,9.803261088407198898e+00
9.797295075452867152e+00,9.796745625284865255e+00,9.795742647072954057e+00,-3.184631658557101375e+01,-3.038004967466632777e+01,-2.598166990631504802e+01,-1.390647049883856212e+01,4.380881817487599861e+00,9.869581523078482022e+00,9.813997926597222587e+00,9.803163478344242066e+00
9.797311736858675957e+00,9.796776093457822299e+00,9.795798327768274305e+00,-9.510620882361422446e+00,-2.580737408925795506e+01,-2.207971334517547746e+01,-1.157642715160531566e+01,4.944240004040321601e+00,9.867649236664274071e+00,9.813798454514678582e+00,9.803089588560613521e+00
9.797327543708503228e+00,9.796805004402372674e+00,9.795851176394277715e+00,-5.008507960650177893e+00,-1.696359858845491431e+01,-1.435865490878634709e+01,-6.612035478930009980e+00,5.946189553414898299e+00,9.862745648426775702e+00,9.813115212584090585e+00,9.803058087562410705e+00
9.797338976819924383e+00,9.796825924845673939e+00,9.795889444490182285e+00,2.299899671394758371e-01,-5.704921806402884599e+00,-4.276090191118090189e+00,3.219387595979483763e-02,7.375666854960572394e+00,9.853087972755128376e+00,9.811713746359002286e+00,9.802773179966361994e+00
9.797380274305281134e+00,9.796901453856072806e+00,9.796027504984747836e+00,5.241961394092983895e+00,3.008122132301997098e+00,3.622854976269581417e+00,5.464774034266927316e+00,8.676474955055775595e+00,9.839493234958895940e+00,9.809728094410061772e+00,9.802447004792655960e+00
9.797425097727273879e+00,9.796983451835533430e+00,9.796177452358078241e+00,8.085453503871640635e+00,7.338151350305491150e+00,7.558727039127521863e+00,8.217011623392348696e+00,9.384375082218767261e+00,9.826649740955247125e+00,9.807623394983146170e+00,9.802000781419183184e+00
