9.797500687361106131e+00,9.797121666927118611e+00,9.796429898437649442e+00,9.795173146906114070e+00,-3.844455830808269781e+01,-3.673035619532227258e+01,-2.205284549590286858e+01,2.546250675940961994e+00,9.876169937830210799e+00,9.814220595795822177e+00,9.803195400421770955e+00
9.797336939047230686e+00,9.796822228541580913e+00,9.795882758683323033e+00,-3.821988112065208298e+01,-4.397861376119065824e+01,-3.788206647188316367e+01,-2.120114418770421238e+01,2.558877827431619068e+00,9.875200449431982719e+00,9.814130540285129101e+00,9.803171172657277666e+00
9.797336351625020257e+00,9.796821150692633040e+00,9.795880780863683412e+00,-3.933038795099615470e+01,-4.382551694513293938e+01,-3.776644472601142866e+01,-2.118712248966014400e+01,2.593396762615605589e+00,9.876720092438670662e+00,9.814411137039948940e+00,9.803259967336167335e+00
9.797326904063549335e+00,9.796803867271409061e+00,9.795849192873815170e+00,-3.896465944129683123e+01,-4.342945866282725831e+01,-3.747011808432051083e+01,-2.115587910335786503e+01,2.674400299936339653e+00,9.877298860078358445e+00,9.814523595227463204e+00,9.803295822731882936e+00
9.797322912036094067e+00,9.796796586129094209e+00,9.795835903401952649e+00,-3.793295747625177228e+01,-4.237221599034553776e+01,-3.662174592141030871e+01,-2.086522648348224607e+01,2.884267952556967440e+00,9.877419131615148729e+00,9.814503314980006721e+00,9.803287358762247550e+00
9.797325323470115421e+00,9.796801000186110997e+00,9.795843973245187186e+00,-3.643569178306401568e+01,-3.961426103459596959e+01,-3.432525362615634634e+01,-1.952957786548701336e+01,3.329403904554406601e+00,9.877442458952897297e+00,9.814308172996213386e+00,9.803216026960907215e+00
9.797339979563698620e+00,9.796827805198317307e+00,9.795892967947224861e+00,-1.413472135644744654e+01,-3.178350378750112881e+01,-2.904471326024957989e+01,-1.661157685330880796e+01,4.150946651509583418e+00,9.875622317569582975e+00,9.814077458744874249e+00,9.803127954053120874e+00
9.797360467704079312e+00,9.796865272420202331e+00,9.795961455714975230e+00,-9.009751621886467277e+00,-2.197541152000520626e+01,-1.890181948279002455e+01,-9.752523927300851270e+00,5.494685000313584311e+00,9.868697959421137256e+00,9.813264217727239114e+00,9.803065377320518081e+00
9.797369176014825598e+00,9.796881205041216845e+00,9.795990586640096254e+00,-1.489545252385781282e+00,-7.956315318144817184e+00,-6.311712900037544927e+00,-1.364397270474833945e+00,7.220696318692546356e+00,9.856666460038388422e+00,9.811927365052383720e+00,9.802816848018927942e+00
9.797397646751104361e+00,9.796933276390907608e+00,9.796085758146011457e+00,4.594882495121003885e+00,2.184574552826860305e+00,2.912779888191046940e+00,4.972915298724528199e+00,8.640979579064630656e+00,9.841379917598152005e+00,9.809796224862401104e+00,9.802449210628381593e+00
9.797442180265141687e+00,9.797014737043449273e+00,9.796234691884952994e+00,7.136041538652085237e+00,7.089851840245272818e+00,7.333693946401870889e+00,8.062530190283318632e+00,9.376294138971546843e+00,9.827627185372930896e+00,9.807609965707923649e+00,9.801975415845353368e+00
