9.797505869828377456e+00,9.797131384449066616e+00,9.796447920832520140e+00,9.795206369392206014e+00,-5.585062743549898556e+01,-4.795394391746741292e+01,-2.610124793024550272e+01,2.557070097176010304e+00,9.875424962043291899e+00,9.814334477192018014e+00,9.803233694385779629e+00
9.797331476995783106e+00,9.796812463820991468e+00,9.795865154863635738e+00,-5.737167738110392179e+01,-5.586557000888044655e+01,-4.766168112066775109e+01,-2.600840927357017307e+01,2.570628053884068454e+00,9.875627501985503542e+00,9.814299332555114219e+00,9.803219079251949353e+00
9.797335602629543061e+00,9.796819997352898213e+00,9.795878918635823496e+00,-5.701833489450624626e+01,-5.556095210988581812e+01,-4.783449950180433063e+01,-2.591773017930900380e+01,2.607962514220015127e+00,9.877264804927325059e+00,9.814434954425486524e+00,9.803263908036781160e+00
9.797329416488201659e+00,9.796808688081283023e+00,9.795858248169166060e+00,-5.756876417905274934e+01,-5.568967915807046154e+01,-4.732440451053135888e+01,-2.571394271179055124e+01,2.689379631611979349e+00,9.877828401043970530e+00,9.814548084030132458e+00,9.803300140844681820e+00
9.797325254456414001e+00,9.796801087572342581e+00,9.795844366375233037e+00,-5.591713539856315407e+01,-5.402637109437021223e+01,-4.599869850886814504e+01,-2.515572510448573240e+01,2.880779730836332764e+00,9.878455075283696374e+00,9.814558111276165064e+00,9.803298230181887618e+00
9.797329220133368821e+00,9.796808349105450731e+00,9.795857648863920630e+00,-1.810752643177295695e+01,-4.953082852628303812e+01,-4.270248264686495787e+01,-2.365650055442090505e+01,3.252689508135593766e+00,9.878619239045692169e+00,9.814390095445324036e+00,9.803235535490697927e+00
9.797342917249910244e+00,9.796833397066663451e+00,9.795903429981336785e+00,-1.496993944375813435e+01,-4.159503480783875062e+01,-3.584348667473787486e+01,-1.967644143429915005e+01,3.974921143143842706e+00,9.876348680900244759e+00,9.814008299514735967e+00,9.803106468739205326e+00
9.797362711429894233e+00,9.796869591024725210e+00,9.795969573641935213e+00,-9.504891662435616340e+00,-2.788292338212652766e+01,-2.395098358284188222e+01,-1.250398579710666525e+01,5.266792583852474507e+00,9.870419985978472255e+00,9.813310103663649642e+00,9.803076510019209877e+00
9.797371198251639157e+00,9.796885114807503570e+00,9.795997960836672291e+00,-2.380047221490320553e+00,-1.145193826493502698e+01,-9.394794013384721865e+00,-3.133388061082731824e+00,7.023915242047292118e+00,9.858454531361100948e+00,9.812016259642923899e+00,9.802842887072731770e+00
9.797398458915177244e+00,9.796934973088022858e+00,9.796089086137305557e+00,4.108692346816885888e+00,5.711648528937880442e-01,1.514862512815089879e+00,4.155488990185968845e+00,8.535519103591228784e+00,9.843286007229735901e+00,9.809988701809896128e+00,9.802517112669624666e+00
9.797438372071246349e+00,9.797007997033425397e+00,9.796222610722304935e+00,6.428803057268078547e+00,6.484200800768682882e+00,6.816449129688793462e+00,7.749499250135286843e+00,9.337305408708953536e+00,9.828976354657019243e+00,9.807668861784129888e+00,9.801990866831587823e+00
