1.385623395240677702e+01,1.385609139744475016e+01,1.385583169061451869e+01,1.385536264933597650e+01,1.385453930514857923e+01,-2.779828416549795733e+01,-4.486410663873294347e+00,1.365629357534467836e+01,1.390929113007384288e+01,1.386715185425780206e+01,1.386060394096885773e+01
1.385612800608477002e+01,1.385589771169947682e+01,1.385547800272447105e+01,1.385471904622311534e+01,-7.598854903711362851e+00,-2.903161352314652532e+01,-4.400463064313307804e+00,1.365287827790766251e+01,1.390902113226704095e+01,1.386710036399599311e+01,1.386058412205054502e+01
1.385612909996725328e+01,1.385589971150410804e+01,1.385548165386995478e+01,1.385472568143333127e+01,-3.726077372332393622e+01,-2.907350854409000362e+01,-4.343439524348980285e+00,1.365719918840198055e+01,1.390868793750971477e+01,1.386702961088550978e+01,1.386055623213426635e+01
1.385613114793229883e+01,1.385590345448896699e+01,1.385548848766653407e+01,1.385473811130838584e+01,1.385341539202971894e+01,-2.624537575223925856e+01,-3.833672447026799546e+00,1.366686380261086065e+01,1.390834284495728213e+01,1.386695527254991056e+01,1.386052682777433276e+01
1.385613337524683431e+01,1.385590752441895290e+01,1.385549591603249020e+01,1.385475161656325938e+01,1.385343964288006902e+01,-2.305514050934700521e+01,-2.812926170340951160e+00,1.368298063974309997e+01,1.390779804386581553e+01,1.386705525866490696e+01,1.386056499484626414e+01
1.385613151978391855e+01,1.385590413230788442e+01,1.385548972464418327e+01,1.385474037645087186e+01,1.385341959931363576e+01,-9.822492737905856863e-01,-3.273289780487642631e-01,1.372432097699692832e+01,1.390548077843595642e+01,1.386676609202646659e+01,1.386044962861345731e+01
1.385614105236501459e+01,1.385592155739458775e+01,1.385552154318068219e+01,1.385479827896378779e+01,1.385352381171694347e+01,-7.998907626827000072e+00,3.126360927453561978e+00,1.375840278256490734e+01,1.390131450349039000e+01,1.386629670159199890e+01,1.386046117467045491e+01
1.385614168238052279e+01,1.385592271573010237e+01,1.385552367217319869e+01,1.385480220822977948e+01,1.385353117312296334e+01,6.570569521238038391e+00,7.797298123844912610e+00,1.381548913343307916e+01,1.389377438426462419e+01,1.386519434189441391e+01,1.386019541868285643e+01
1.385616237260736661e+01,1.385596054234047969e+01,1.385559275094095710e+01,1.385492791031493454e+01,1.385375728754947744e+01,1.036591092856522067e+01,1.123004909601062273e+01,1.384632136748335718e+01,1.388412361649798754e+01,1.386380213529070105e+01,1.385995761384414138e+01
1.385618092149692870e+01,1.385599445710058220e+01,1.385565469898763524e+01,1.385504068282738999e+01,1.385396030443419590e+01,1.246534354435757663e+01,1.290539230814331262e+01,1.386110977191891713e+01,1.387475751923575373e+01,1.386244053295467893e+01,1.385965448351328355e+01
1.385620712754716877e+01,1.385604238090878404e+01,1.385574226524469310e+01,1.385520022107391824e+01,1.385424813976963421e+01,1.335873851699437864e+01,1.353771487162880405e+01,1.386204040557037587e+01,1.386798979432433399e+01,1.386117518012346039e+01,1.385930960575279336e+01
