1.385622978770675573e+01,1.385608374793931219e+01,1.385581769368763005e+01,1.385533719857425261e+01,1.385449380873808778e+01,-1.695449092832331672e+01,-4.756133235653605684e-01,1.364730712324736928e+01,1.390931474908153120e+01,1.386716654911180591e+01,1.386061045260798430e+01
1.385612689694822564e+01,1.385589564522652140e+01,1.385547418577857748e+01,1.385471203913357741e+01,-6.381794541504463680e+00,-1.787855028219157916e+01,-4.357826832930378202e-01,1.364617729102270260e+01,1.390919051585420618e+01,1.386714296499604160e+01,1.386060139201532238e+01
1.385612738788520026e+01,1.385589654337185550e+01,1.385547582674414713e+01,1.385471502446245751e+01,-6.879681523242509478e+00,-1.768672887405683980e+01,-3.319733046152544276e-01,1.364823531643253141e+01,1.390896112646185756e+01,1.386709578931427700e+01,1.386058291633774076e+01
1.385612865122365989e+01,1.385589885260332998e+01,1.385548004231136687e+01,1.385472268824020148e+01,-6.663413273690006022e+00,-1.706117411383936044e+01,-6.052938602953750191e-02,1.365543073954802011e+01,1.390846003409053999e+01,1.386699021630700557e+01,1.386054135573340140e+01
1.385613165587616180e+01,1.385590434461532894e+01,1.385549006811302064e+01,1.385474091727440715e+01,1.385342025719610781e+01,-2.796182065198758782e+00,8.312253578595871772e-01,1.367995771197363730e+01,1.390766904185892017e+01,1.386703396964346346e+01,1.386055710629615234e+01
1.385613165181612594e+01,1.385590433907174912e+01,1.385549006471237199e+01,1.385474094823010205e+01,1.385342053020218245e+01,-5.602654289379902508e-01,1.696043932741204685e+00,1.371007728557220595e+01,1.390566488241705301e+01,1.386681778262421183e+01,1.386047083643275357e+01
1.385613879094818124e+01,1.385591739027475988e+01,1.385551389677928036e+01,1.385478431417073431e+01,1.385349856676382529e+01,2.382376465289651968e+00,4.621221881329069525e+00,1.376037930490521788e+01,1.390125700018681876e+01,1.386628286769830964e+01,1.386045537078484990e+01
1.385614210304543192e+01,1.385592344825424327e+01,1.385552497292401064e+01,1.385480454052408206e+01,1.385353535059622843e+01,6.671752583773656653e+00,8.341602088080389166e+00,1.380891279649703662e+01,1.389318363391650024e+01,1.386507338012092916e+01,1.386014491580433372e+01
1.385616427792561645e+01,1.385596398694292120e+01,1.385559899380621118e+01,1.385493917458020974e+01,1.385377717487205729e+01,1.055377088249985462e+01,1.149923089511435137e+01,1.384479546332880773e+01,1.388345218816210647e+01,1.386384262116161459e+01,1.385997801190735146e+01
1.385617881251561201e+01,1.385599056611987834e+01,1.385564755848521656e+01,1.385502765489683519e+01,1.385393681549698286e+01,1.258723823137941444e+01,1.299897710931599448e+01,1.385870044402226320e+01,1.387449570403919274e+01,1.386237735673697991e+01,1.385962320550488514e+01
1.385620684689451387e+01,1.385604183158322655e+01,1.385574122009792575e+01,1.385519823269137163e+01,1.385424416681416382e+01,1.341060576452231956e+01,1.356966240476476671e+01,1.386197677839334119e+01,1.386752862758435256e+01,1.386098311820065199e+01,1.385938283973956864e+01
