1.385623572412843174e+01,1.385609463072602310e+01,1.385583760481849325e+01,1.385537351370102499e+01,1.385455949642038220e+01,-2.395983147860849982e+01,-3.871730968505620041e+00,1.365080222016027278e+01,1.390939963349604014e+01,1.386717895527843680e+01,1.386061491764088771e+01
1.385612694020102253e+01,1.385589575354550718e+01,1.385547441585782025e+01,1.385471250278884625e+01,-7.201290757508873597e+00,-2.461540919922326154e+01,-3.743940506471365559e+00,1.364812799864026260e+01,1.390893049862292230e+01,1.386708617607913041e+01,1.386057890040674678e+01
1.385612916424259211e+01,1.385589981944900551e+01,1.385548183895780738e+01,1.385472599596255527e+01,-3.152178290588434351e+01,-2.473831671534006205e+01,-3.640914923180856633e+00,1.365311040011178889e+01,1.390886865886892210e+01,1.386707053868452100e+01,1.386057254019017648e+01
1.385612978497461611e+01,1.385590095484071682e+01,1.385548391359683507e+01,1.385472977618692880e+01,1.385340037916598455e+01,-2.222976401237874811e+01,-3.301590206169287001e+00,1.366014646803172639e+01,1.390834585013946878e+01,1.386696211146262314e+01,1.386052999305067956e+01
1.385613275305739656e+01,1.385590637926020996e+01,1.385549381483224707e+01,1.385474777424015258e+01,1.385343266502599491e+01,-2.022776312533227028e+01,-2.447757226703110689e+00,1.367711220491871060e+01,1.390767254336457803e+01,1.386703534852620123e+01,1.386055770572173174e+01
1.385613159850375453e+01,1.385590426926042085e+01,1.385548996491627349e+01,1.385474079211896381e+01,1.385342026156306616e+01,-1.059474230740608647e+00,-2.064615171829973228e-01,1.372074215269510944e+01,1.390542428770022454e+01,1.386675778667675729e+01,1.386044666762177613e+01
1.385614100569743457e+01,1.385592146782530776e+01,1.385552137351373858e+01,1.385479795776041811e+01,1.385352318923293424e+01,-7.995261833801434292e+00,2.756908095114190438e+00,1.375754624207248433e+01,1.390149408803594611e+01,1.386633418352416847e+01,1.386047633436036008e+01
1.385614082498906718e+01,1.385592113998061592e+01,1.385552078748237470e+01,1.385479696152236251e+01,1.385352179628141656e+01,1.834896355389565414e+00,7.425024463952771825e+00,1.380759727225856892e+01,1.389385623596144903e+01,1.386522760299247281e+01,1.386021104182421837e+01
1.385616033505383982e+01,1.385595680786711981e+01,1.385558591842326948e+01,1.385491544655394058e+01,1.385373473026148616e+01,1.030411623298587998e+01,1.113644290002257797e+01,1.385160406492190077e+01,1.388404941041569884e+01,1.386376255702102966e+01,1.385993651838647089e+01
1.385618387431699716e+01,1.385599984868841261e+01,1.385566454178060880e+01,1.385505862005413036e+01,1.385399278603136608e+01,1.201316288349706518e+01,1.284406442529621550e+01,1.386176761875512753e+01,1.387542618548009443e+01,1.386245335098170983e+01,1.385966219521782783e+01
1.385620599057773461e+01,1.385604029398766102e+01,1.385573844367826979e+01,1.385519324631964189e+01,1.385423551129735742e+01,1.335067384160391768e+01,1.352439528406227609e+01,1.386393417733175681e+01,1.386817055800070264e+01,1.386122028982013710e+01,1.385933301281145447e+01
