1.385622978770670777e+01,1.385608374793926600e+01,1.385581769368758920e+01,1.385533719857422597e+01,1.385449380873810199e+01,-1.695449092831766791e+01,-4.756133235648976054e-01,1.364730712324934991e+01,1.390931474908777865e+01,1.386716654913166735e+01,1.386061045267087977e+01
1.385612689694817945e+01,1.385589564522647521e+01,1.385547418577853662e+01,1.385471203913354898e+01,-6.381794541505857232e+00,-1.787855028219262721e+01,-4.357826832922133686e-01,1.364617729102467791e+01,1.390919051586045008e+01,1.386714296501588706e+01,1.386060139207817343e+01
1.385612738788515230e+01,1.385589654337180754e+01,1.385547582674410449e+01,1.385471502446242908e+01,-6.879681523243272423e+00,-1.768672887405896077e+01,-3.319733046142074873e-01,1.364823531643450139e+01,1.390896112646809968e+01,1.386709578933411180e+01,1.386058291640055273e+01
1.385612865122361193e+01,1.385589885260328558e+01,1.385548004231132424e+01,1.385472268824017128e+01,-6.663413273690764527e+00,-1.706117411384177274e+01,-6.052938602841262394e-02,1.365543073954998654e+01,1.390846003409677678e+01,1.386699021632682616e+01,1.386054135579616897e+01
1.385613165587611206e+01,1.385590434461528275e+01,1.385549006811297978e+01,1.385474091727437695e+01,1.385342025719612025e+01,-2.796182065198904443e+00,8.312253578609443139e-01,1.367995771197562149e+01,1.390766904186515340e+01,1.386703396966326807e+01,1.386055710635887550e+01
1.385613165181607798e+01,1.385590433907170294e+01,1.385549006471232758e+01,1.385474094823007363e+01,1.385342053020219666e+01,-5.602654289385735620e-01,1.696043932741745586e+00,1.371007728557412442e+01,1.390566488242328091e+01,1.386681778264400577e+01,1.386047083649543765e+01
1.385613879094813328e+01,1.385591739027471192e+01,1.385551389677923595e+01,1.385478431417070411e+01,1.385349856676383951e+01,2.382376465289671064e+00,4.621221881329734771e+00,1.376037930490716654e+01,1.390125700019304134e+01,1.386628286771809115e+01,1.386045537084749668e+01
1.385614210304538396e+01,1.385592344825419531e+01,1.385552497292396978e+01,1.385480454052405364e+01,1.385353535059624264e+01,6.671752583773485235e+00,8.341602088080982469e+00,1.380891279649897641e+01,1.389318363392272104e+01,1.386507338014070179e+01,1.386014491586695030e+01
1.385616427792556848e+01,1.385596398694287501e+01,1.385559899380616855e+01,1.385493917458017954e+01,1.385377717487206972e+01,1.055377088249988482e+01,1.149923089511488961e+01,1.384479546333075461e+01,1.388345218816832372e+01,1.386384262118137656e+01,1.385997801196993962e+01
1.385617881251556227e+01,1.385599056611983215e+01,1.385564755848517571e+01,1.385502765489680499e+01,1.385393681549699707e+01,1.258723823137948017e+01,1.299897710931653094e+01,1.385870044402421186e+01,1.387449570404540822e+01,1.386237735675673655e+01,1.385962320556745198e+01
1.385620684689446591e+01,1.385604183158318037e+01,1.385574122009788134e+01,1.385519823269134143e+01,1.385424416681417625e+01,1.341060576452240838e+01,1.356966240476535290e+01,1.386197677839529518e+01,1.386752862759056981e+01,1.386098311822040330e+01,1.385938283980211949e+01
