9.797483237165179659e+00,9.797089704396617194e+00,9.796371406471548582e+00,9.795066209733571228e+00,-1.153896382968365053e+01,-2.683474679326069534e+01,-1.520909083324754185e+01,3.864578033397662260e+00,9.869704711055158342e+00,9.814094131007209398e+00,9.803197490352927090e+00
9.797305494772469814e+00,9.796764658559927952e+00,9.795777422480927754e+00,-2.837666341829692485e+01,-3.332566872639758060e+01,-2.840447227379367234e+01,-1.490678721145111929e+01,3.877178097903967835e+00,9.869271937419158647e+00,9.814022654118112143e+00,9.803175341612105242e+00
9.797307508881436533e+00,9.796768350674721404e+00,9.795784180252363527e+00,-2.923777028305562453e+01,-3.322019938526720750e+01,-2.832553040215460527e+01,-1.489916144822378641e+01,3.900352479362575231e+00,9.869734754688700207e+00,9.814220088456485414e+00,9.803243141112110592e+00
9.797296360942885585e+00,9.796747961506328650e+00,9.795746911107746868e+00,-2.891055389785292817e+01,-3.294799863462679212e+01,-2.812067377534702572e+01,-1.485368669779498241e+01,3.959543981458742756e+00,9.869956134414808346e+00,9.814306366534260917e+00,9.803272589846129037e+00
9.797291652462950751e+00,9.796739361577724736e+00,9.795731198732990919e+00,-2.749504686144429044e+01,-3.223588077842240551e+01,-2.755112603434569607e+01,-1.462980253368559147e+01,4.088479144479445715e+00,9.870140804364131881e+00,9.814279448090385216e+00,9.803261087915098315e+00
9.797295075453890334e+00,9.796745625285876002e+00,9.795742647073932829e+00,-3.184631658557150402e+01,-3.038004967466737583e+01,-2.598166990631703754e+01,-1.390647049884414344e+01,4.380881817472796591e+00,9.869581523030248604e+00,9.813997926442517894e+00,9.803163477853088281e+00
9.797311736859699138e+00,9.796776093458834822e+00,9.795798327769254854e+00,-9.510620882250144348e+00,-2.580737408949237022e+01,-2.207971334519454842e+01,-1.157642715156007007e+01,4.944240004039798464e+00,9.867649236616477637e+00,9.813798454360307844e+00,9.803089588070383442e+00
9.797327543709529962e+00,9.796805004403390527e+00,9.795851176395261817e+00,-5.008507960631151334e+00,-1.696359858853194424e+01,-1.435865490877191419e+01,-6.612035478883762529e+00,5.946189553400566652e+00,9.862745648378771435e+00,9.813115212429952550e+00,9.803058087073011961e+00
9.797338976820952894e+00,9.796825924846691791e+00,9.795889444491166387e+00,2.299899671724503492e-01,-5.704921806786611427e+00,-4.276090191136624696e+00,3.219387595869793728e-02,7.375666854946253181e+00,9.853087972707163189e+00,9.811713746205098730e+00,9.802773179477707544e+00
9.797380274306307868e+00,9.796901453857088882e+00,9.796027504985731937e+00,5.241961394111298134e+00,3.008122132163396856e+00,3.622854976268227389e+00,5.464774034269863634e+00,8.676474955041214798e+00,9.839493234910976938e+00,9.809728094256351838e+00,9.802447004304614353e+00
9.797425097728300614e+00,9.796983451836551282e+00,9.796177452359062343e+00,8.085453503876914638e+00,7.338151350296821640e+00,7.558727039127830061e+00,8.217011623390844122e+00,9.384375082204361007e+00,9.826649740907477337e+00,9.807623394829633412e+00,9.802000780931658497e+00
