9.797496385219121251e+00,9.797114252669690160e+00,9.796416863214815862e+00,9.795150176347670268e+00,-4.926534853390130309e+01,-4.369800870309848051e+01,-2.453918346029805164e+01,2.547045655118851837e+00,9.874650849842630862e+00,9.814254172741387450e+00,9.803211434078994202e+00
9.797331708295633490e+00,9.796813062905917135e+00,9.795866432884535513e+00,-4.740281418401254143e+01,-4.848200089095581689e+01,-4.390356383151154063e+01,-2.432192172439583189e+01,2.563782599726644129e+00,9.874721991548922162e+00,9.814259667272740018e+00,9.803212789155141493e+00
9.797331824511928744e+00,9.796813257656186380e+00,9.795866776070884185e+00,-5.252347628984398398e+01,-5.098725750950838176e+01,-4.382558489566813620e+01,-2.420081200607831207e+01,2.599115324267656568e+00,9.876438768170004323e+00,9.814375621553885765e+00,9.803249630220577160e+00
9.797327786261003979e+00,9.796805870983433806e+00,9.795853271130246398e+00,-5.050559716002071298e+01,-5.065615353664704656e+01,-4.359568659090947307e+01,-2.433212751742608049e+01,2.680572586037609284e+00,9.877231219000620399e+00,9.814534805307008725e+00,9.803300630230678436e+00
9.797321910007418921e+00,9.796795133074915896e+00,9.795833655204093660e+00,-5.174157502677764597e+01,-4.984214888760034512e+01,-4.296577921494877472e+01,-2.417621975615401908e+01,2.872601862478267432e+00,9.878092052751428653e+00,9.814346723047581378e+00,9.803234410130121645e+00
9.797333902499147484e+00,9.796817074530723701e+00,9.795873760520366957e+00,-1.734755754491885327e+01,-4.762421252431720831e+01,-4.117346205761237599e+01,-2.313560892623165444e+01,3.242126533084635387e+00,9.878166287794122979e+00,9.814369612425137390e+00,9.803232113952079274e+00
9.797341206015751425e+00,9.796830439317984585e+00,9.795898204096603834e+00,-1.453053747119252037e+01,-4.212167262137327839e+01,-3.654646815157280315e+01,-2.048609281395445691e+01,3.934585055741015580e+00,9.876872896262966606e+00,9.814035532480657409e+00,9.803111727569175926e+00
9.797364838527132136e+00,9.796873659481422081e+00,9.795977201790130096e+00,-1.027519243881281774e+01,-3.081528473467608364e+01,-2.655304444391514451e+01,-1.420863184262360868e+01,5.118130710505546688e+00,9.872187131085995659e+00,9.813464850277807017e+00,9.803117989218030459e+00
9.797374022738566168e+00,9.796890467904418642e+00,9.796007958408900151e+00,-3.894034170657651117e+00,-1.462127925262895900e+01,-1.220799913574955475e+01,-4.950767174706927065e+00,6.796037337637430120e+00,9.861664051711533929e+00,9.812167180275164213e+00,9.802878081588064063e+00
9.797407234509000418e+00,9.796951216475747515e+00,9.796118997513904247e+00,-1.477998467860512477e+00,-1.318469075812563673e+00,-1.713201719642203358e-01,3.068478384057995889e+00,8.364708384727370216e+00,9.846541989670020811e+00,9.810288034086962483e+00,9.802410317377759696e+00
9.797463104551216162e+00,9.797053409386389689e+00,9.796305782524171946e+00,9.794948007592866546e+00,5.768411916685237451e+00,6.132798692632425386e+00,7.309821642190140523e+00,9.260445747232067149e+00,9.831772092018162823e+00,9.808103990417622597e+00,9.802159011232456365e+00
