9.797505869833418757e+00,9.797131384453969360e+00,9.796447920836993006e+00,9.795206369395328849e+00,-5.585062743492503046e+01,-4.795394391729345074e+01,-2.610124793018794165e+01,2.557070096979216611e+00,9.875424961431695792e+00,9.814334475244775646e+00,9.803233688220503339e+00
9.797331477000893685e+00,9.796812463825965267e+00,9.795865154868181435e+00,-5.737167737937928536e+01,-5.586557000798805461e+01,-4.766168112053953365e+01,-2.600840927391996260e+01,2.570628053689100856e+00,9.875627501375577211e+00,9.814299330612394456e+00,9.803219073100988723e+00
9.797335602634644758e+00,9.796819997357866683e+00,9.795878918640365640e+00,-5.701833489372903330e+01,-5.556095210923961503e+01,-4.783449950182455268e+01,-2.591773017942674073e+01,2.607962514031552992e+00,9.877264804317720248e+00,9.814434952487216535e+00,9.803263901900287181e+00
9.797329416493296250e+00,9.796808688086244388e+00,9.795858248173704652e+00,-5.756876417936249624e+01,-5.568967915808411107e+01,-4.732440451057068032e+01,-2.571394271185799951e+01,2.689379631426880302e+00,9.877828400436008849e+00,9.814548082096463233e+00,9.803300134722640280e+00
9.797325254461496158e+00,9.796801087577289735e+00,9.795844366379757417e+00,-5.591713539917157760e+01,-5.402637109439339724e+01,-4.599869850888444489e+01,-2.515572510450385479e+01,2.880779730647267112e+00,9.878455074676939063e+00,9.814558109346997128e+00,9.803298224074188383e+00
9.797329220138438544e+00,9.796808349110389003e+00,9.795857648868437906e+00,-1.810752643215227664e+01,-4.953082852966207383e+01,-4.270248264622725998e+01,-2.365650055423464337e+01,3.252689507975534244e+00,9.878619238440823125e+00,9.814390093520671599e+00,9.803235529397147374e+00
9.797342917254967531e+00,9.796833397071587513e+00,9.795903429985839850e+00,-1.496993944419310196e+01,-4.159503481028271210e+01,-3.584348667568569624e+01,-1.967644143440693583e+01,3.974921142975682997e+00,9.876348680296567650e+00,9.814008297594341457e+00,9.803106462659185283e+00
9.797362711434935534e+00,9.796869591029633284e+00,9.795969573646424067e+00,-9.504891662683233378e+00,-2.788292338091399358e+01,-2.395098358336309730e+01,-1.250398579687125533e+01,5.266792583696561891e+00,9.870419985376155836e+00,9.813310101747257264e+00,9.803076503951729137e+00
9.797371198256659142e+00,9.796885114812388551e+00,9.795997960841139829e+00,-2.380047221630581689e+00,-1.145193826634848833e+01,-9.394794013325117987e+00,-3.133388061229609889e+00,7.023915241848584401e+00,9.858454530759130918e+00,9.812016257729924362e+00,9.802842881016179177e+00
9.797398458920165254e+00,9.796934973092879417e+00,9.796089086141742897e+00,4.108692346738710199e+00,5.711648529117914208e-01,1.514862512807551020e+00,4.155488990134231564e+00,8.535519103406599584e+00,9.843286006628991558e+00,9.809988699899825804e+00,9.802517106622055110e+00
9.797438372076202384e+00,9.797007997038248206e+00,9.796222610726710300e+00,6.428803057246962993e+00,6.484200800766663164e+00,6.816449129677549124e+00,7.749499250075645662e+00,9.337305408523434380e+00,9.828976354057129328e+00,9.807668859876418566e+00,9.801990860791207183e+00
