9.797500687361623051e+00,9.797121666927628425e+00,9.796429898438137940e+00,9.795173146906529738e+00,-3.844455830797267026e+01,-3.673035619523889750e+01,-2.205284549590969334e+01,2.546250675930866070e+00,9.876169937797932619e+00,9.814220595692637161e+00,9.803195400094400824e+00
9.797336939047752935e+00,9.796822228542096056e+00,9.795882758683818636e+00,-3.821988112058841125e+01,-4.397861376119129062e+01,-3.788206647188438581e+01,-2.120114418770686981e+01,2.558877827421738527e+00,9.875200449399684999e+00,9.814130540181999152e+00,9.803171172330099381e+00
9.797336351625544282e+00,9.796821150693148184e+00,9.795880780864177240e+00,-3.933038795092930684e+01,-4.382551694513342255e+01,-3.776644472601246605e+01,-2.118712248966292933e+01,2.593396762605716610e+00,9.876720092406431561e+00,9.814411136936890045e+00,9.803259967009189779e+00
9.797326904064071584e+00,9.796803867271924204e+00,9.795849192874308997e+00,-3.896465944122089553e+01,-4.342945866282794043e+01,-3.747011808432263535e+01,-2.115587910336236277e+01,2.674400299926408486e+00,9.877298860046142437e+00,9.814523595124468258e+00,9.803295822405099003e+00
9.797322912036618092e+00,9.796796586129609352e+00,9.795835903402444700e+00,-3.793295747615827196e+01,-4.237221599034450037e+01,-3.662174592141173690e+01,-2.086522648348334386e+01,2.884267952547077130e+00,9.877419131582954037e+00,9.814503314877072171e+00,9.803287358435660792e+00
9.797325323470637670e+00,9.796801000186627917e+00,9.795843973245679237e+00,-3.643569178297752131e+01,-3.961426103457583281e+01,-3.432525362614806852e+01,-1.952957786549166030e+01,3.329403904544749437e+00,9.877442458920736357e+00,9.814308172893339233e+00,9.803216026634512303e+00
9.797339979564219092e+00,9.796827805198830674e+00,9.795892967947716912e+00,-1.413472135644423311e+01,-3.178350378742967663e+01,-2.904471326023393374e+01,-1.661157685331291844e+01,4.150946651499627826e+00,9.875622317537418482e+00,9.814077458642056939e+00,9.803127953726908927e+00
9.797360467704599785e+00,9.796865272420715698e+00,9.795961455715465505e+00,-9.009751621882120531e+00,-2.197541151998651543e+01,-1.890181948279094115e+01,-9.752523927307496621e+00,5.494685000303707767e+00,9.868697959388997631e+00,9.813264217624476871e+00,9.803065376994478441e+00
9.797369176015344294e+00,9.796881205041728435e+00,9.795990586640586528e+00,-1.489545252385045870e+00,-7.956315318139058235e+00,-6.311712900037189655e+00,-1.364397270476681356e+00,7.220696318682752413e+00,9.856666460006259456e+00,9.811927364949667663e+00,9.802816847693037516e+00
9.797397646751619504e+00,9.796933276391415646e+00,9.796085758146498179e+00,4.594882495118912225e+00,2.184574552828000726e+00,2.912779888190554445e+00,4.972915298721591881e+00,8.640979579054727466e+00,9.841379917566030144e+00,9.809796224759720573e+00,9.802449210302613736e+00
9.797442180265656830e+00,9.797014737043957311e+00,9.796234691885439716e+00,7.136041538657969419e+00,7.089851840244278058e+00,7.333693946400872576e+00,8.062530190280675413e+00,9.376294138961766222e+00,9.827627185340817917e+00,9.807609965605273317e+00,9.801975415519681434e+00
