5.542535418828417448e+01,5.542512933303034117e+01,5.542471924605613509e+01,5.542397602901781539e+01,5.542265627721614152e+01,1.950999987927815837e+01,2.639380623329797970e+01,5.359787579815584024e+01,5.550782406602685626e+01,5.543967286400814487e+01,5.543045081007181807e+01
5.542526827763140318e+01,5.542497231526224510e+01,5.542443272344199556e+01,5.542345583555082555e+01,7.970126325081853480e+00,1.124180116349626068e+01,2.638321435577477558e+01,5.355779648588278974e+01,5.550808811493548944e+01,5.543973013556234264e+01,5.543026764736643486e+01
5.542528124520160304e+01,5.542499602396274128e+01,5.542447601095641119e+01,5.542353454852710826e+01,8.748062324947921908e+00,1.129287444408348762e+01,2.643393640738988637e+01,5.159855482898088042e+01,5.550680830976255464e+01,5.544035390226125770e+01,5.543057233809254569e+01
5.542518192994978676e+01,5.542481439401335308e+01,5.542414395780151182e+01,5.542292811723987711e+01,2.196483886426239351e+01,5.271983532212653145e+00,2.622871440037442525e+01,5.169708119749411424e+01,5.550669149662286372e+01,5.544031153431501480e+01,5.543055684026441554e+01
5.542518428476961390e+01,5.542481870701203661e+01,5.542415184453696497e+01,5.542294250212376028e+01,2.307078794198895011e+01,9.837525700681073459e+00,2.804021452770927425e+01,5.190013260156312924e+01,5.550676315547964634e+01,5.544027757782654930e+01,5.543054261606097555e+01
5.542518768393553330e+01,5.542482492225923352e+01,5.542416320282401898e+01,5.542296322797344033e+01,2.675626986751279546e+01,1.695877669519301634e+01,3.156341164188857107e+01,5.227462562444596728e+01,5.550512543635610996e+01,5.544012803463471073e+01,5.543048736328826465e+01
5.542519643695923293e+01,5.542484092695394082e+01,5.542419244925868327e+01,5.542301656979933000e+01,3.234063484577826131e+01,2.802634743301864262e+01,3.771504858460062337e+01,5.295226329737288040e+01,5.549904985249170153e+01,5.543942416310505905e+01,5.543045190257323895e+01
5.542520142724251286e+01,5.542485005258993169e+01,5.542420912893557272e+01,5.542304700085340130e+01,4.194520832147090772e+01,4.189012320491535490e+01,4.517016133652708021e+01,5.394458411140778509e+01,5.548688497255217555e+01,5.543814793025055820e+01,5.543020320084958996e+01
5.542522460348546076e+01,5.542489242722167830e+01,5.542428653852426379e+01,5.542318800194284734e+01,4.947444490829438735e+01,4.938989163052597320e+01,5.096760179655453271e+01,5.477625882965057258e+01,5.547078397290663077e+01,5.543638385931900814e+01,5.542974227761608574e+01
5.542526644056022178e+01,5.542496892388489726e+01,5.542442628687786055e+01,5.542344255470521830e+01,5.320333728699165476e+01,5.322647293195625195e+01,5.382014475933828379e+01,5.519688049401428032e+01,5.545645244453673683e+01,5.543421229972800290e+01,5.542943626938161117e+01
5.542529554242238277e+01,5.542502215657103193e+01,5.542452361432198416e+01,5.542362012223291856e+01,5.467768948935167828e+01,5.467977726244459546e+01,5.489352618135804107e+01,5.536210159691986377e+01,5.544351157674761055e+01,5.543190946118280493e+01,5.542890233421353940e+01
