5.542533915057155269e+01,5.542510180377716722e+01,5.542466888861095242e+01,5.542388403588539347e+01,1.718643882537739032e+01,1.121119584154602578e+01,2.653351098542955100e+01,5.347965968604965070e+01,5.550815326123601068e+01,5.543954846023738980e+01,5.543041147133719448e+01
5.542526854070560915e+01,5.542497276256401051e+01,5.542443349262772756e+01,5.542345711549853604e+01,7.329879604251745562e+00,1.141441709146468497e+01,2.642610160382857032e+01,5.342140663445383097e+01,5.550807299698106334e+01,5.543956562483248263e+01,5.543041947946929326e+01
5.542526631571328721e+01,5.542496869348123312e+01,5.542442605357037166e+01,5.542344353035948501e+01,8.099467168499501213e+00,1.159276849316389502e+01,2.658655187088596961e+01,5.343708846097317178e+01,5.550788472090490444e+01,5.543953071972306645e+01,5.543040726609247315e+01
5.542526739410315884e+01,5.542497066502087932e+01,5.542442965434918278e+01,5.542345008562308806e+01,8.989516869417009559e+00,1.241002062668373540e+01,2.706118427903982848e+01,5.344310771110945524e+01,5.550688348490206181e+01,5.543960852661857075e+01,5.543043535509190178e+01
5.542526425916248201e+01,5.542496493321312556e+01,5.542441918314836613e+01,5.542343100588639260e+01,1.197566114661551850e+01,1.470264920295017319e+01,2.846771997766391138e+01,5.188444828367940431e+01,5.550649326877440615e+01,5.544024225756906787e+01,5.543053156231384548e+01
5.542518802443923676e+01,5.542482550722176171e+01,5.542416423132262082e+01,5.542296504971272242e+01,2.679121267371920467e+01,2.004377893920240084e+01,3.222645532895214160e+01,5.230010671391178789e+01,5.550411120940404430e+01,5.543998284159855672e+01,5.543044109566463362e+01
5.542519866613092461e+01,5.542484496456221166e+01,5.542419977947638188e+01,5.542302983543784478e+01,3.389874776886811958e+01,3.041489019479555012e+01,3.878828481786486293e+01,5.309385777596185108e+01,5.549668716468674035e+01,5.543925668570078358e+01,5.543039660512977207e+01
5.542520377076752425e+01,5.542485429992039769e+01,5.542421684142760796e+01,5.542306095091234397e+01,4.375978795022548695e+01,4.387765678814480452e+01,4.649232999587401594e+01,5.413721814805228405e+01,5.548319927206750179e+01,5.543787509493446919e+01,5.543010619668677919e+01
5.542523100531896318e+01,5.542490409711609090e+01,5.542430781379768234e+01,5.542322666540503917e+01,5.067351686084018780e+01,5.056512923946550586e+01,5.176044398996283746e+01,5.489652196299800835e+01,5.546710776411048016e+01,5.543574660217662853e+01,5.542969023457914091e+01
5.542526953148407642e+01,5.542497454609900842e+01,5.542443653210111165e+01,5.542346119312516350e+01,5.372663395285287180e+01,5.369155030458314570e+01,5.414343029128690432e+01,5.524834138151476282e+01,5.545396872077415651e+01,5.543393172657796697e+01,5.542931118968222393e+01
5.542530678415573675e+01,5.542504268914682086e+01,5.542456111751194925e+01,5.542368848367011935e+01,5.485071558676636982e+01,5.481012900894198481e+01,5.501121850888522857e+01,5.536796197707482747e+01,5.544330317770535999e+01,5.543197554632174473e+01,5.542895109855506064e+01
