5.542535292169527850e+01,5.542512700340918741e+01,5.542471495848182883e+01,5.542396808598255120e+01,5.542264122258033154e+01,2.100673686173650623e+01,2.542885019764307231e+01,5.155638969721570675e+01,5.550626471747215618e+01,5.544026772957769822e+01,5.543054416518998551e+01
5.542518387544403424e+01,5.542481793974388893e+01,5.542415042095373678e+01,5.542293986342016865e+01,2.072526387414269777e+01,4.676561620356530113e+00,2.556926175961939052e+01,5.156554514488569652e+01,5.550608121672945572e+01,5.544023046746634975e+01,5.543053141577289011e+01
5.542518519770828789e+01,5.542482035724234635e+01,5.542415483714649582e+01,5.542294790860233178e+01,2.040307784022148496e+01,5.253922561130544011e+00,2.585236421271287455e+01,5.159969453563238773e+01,5.550650777838581718e+01,5.544030179458692942e+01,5.543055499987800516e+01
5.542518335662780515e+01,5.542481699049284316e+01,5.542414868792877769e+01,5.542293671705500913e+01,2.117216535204809702e+01,6.961414335924445140e+00,2.670273318076183244e+01,5.168965191415804128e+01,5.550664429378907982e+01,5.544031364550949803e+01,5.543055819107362936e+01
5.542518365980603789e+01,5.542481754440973418e+01,5.542414970010926822e+01,5.542293856866453439e+01,2.326633343731330328e+01,1.108439844015465070e+01,2.867627530861317453e+01,5.189961681329390331e+01,5.550613735851398189e+01,5.544018357049075263e+01,5.543051221397239914e+01
5.542518951229676105e+01,5.542482824583113654e+01,5.542416925101828440e+01,5.542297420047459866e+01,2.701476098337627363e+01,1.880302280344755061e+01,3.265239003263784667e+01,5.230203658162335500e+01,5.550453310375434057e+01,5.544004431312254866e+01,5.543046077053872978e+01
5.542519765481415561e+01,5.542484313433029541e+01,5.542419645781295401e+01,5.542302382221838286e+01,3.324633644534442567e+01,3.005368364309497764e+01,3.896683549587502426e+01,5.302761957320350916e+01,5.549772561723447950e+01,5.543943100004229052e+01,5.543025302270577015e+01
5.542521763501366650e+01,5.542487966450207182e+01,5.542426318611602198e+01,5.542314535621524385e+01,4.300605940510728686e+01,4.291618958778926185e+01,4.614114119311520312e+01,5.403660717195123198e+01,5.548491275217756424e+01,5.543799409246548748e+01,5.543014877028130627e+01
5.542522799367205266e+01,5.542489860807265245e+01,5.542429780611004730e+01,5.542320846952306823e+01,4.994940817428515345e+01,5.003175689002705440e+01,5.147440026519682021e+01,5.483256226024407454e+01,5.546876830135677494e+01,5.543592796857055305e+01,5.542976297483428993e+01
5.542526324559433704e+01,5.542496306912747883e+01,5.542441558152352599e+01,5.542342304664978769e+01,5.352487216050634089e+01,5.347337746674753589e+01,5.401917858228344471e+01,5.521754914573749318e+01,5.545486240933181676e+01,5.543401366565973376e+01,5.542935090414418653e+01
5.542530081764306260e+01,5.542503179100010868e+01,5.542454120310907228e+01,5.542365212390252793e+01,5.478747599584648498e+01,5.477387407429802124e+01,5.496171875128900552e+01,5.536579811143959517e+01,5.544253631522844472e+01,5.543182656700135880e+01,5.542886481514852903e+01
