1.385623395241544564e+01,1.385609139745294982e+01,1.385583169062123865e+01,1.385536264933798556e+01,1.385453930513565624e+01,-2.779828416593915819e+01,-4.486410663943131816e+00,1.365629357465137517e+01,1.390929112789866018e+01,1.386715184736711493e+01,1.386060391919060919e+01
1.385612800609338890e+01,1.385589771170762319e+01,1.385547800273112529e+01,1.385471904622505868e+01,-7.598854904488034023e+00,-2.903161352323634503e+01,-4.400463064682309522e+00,1.365287827723792091e+01,1.390902113010249508e+01,1.386710035713738343e+01,1.386058410037330191e+01
1.385612909997584197e+01,1.385589971151222599e+01,1.385548165387658770e+01,1.385472568143527283e+01,-3.726077371997681809e+01,-2.907350854438257670e+01,-4.343439524551108377e+00,1.365719918772550479e+01,1.390868793535468484e+01,1.386702960405855478e+01,1.386055621055719733e+01
1.385613114794085377e+01,1.385590345449705474e+01,1.385548848767314922e+01,1.385473811131033628e+01,1.385341539201691674e+01,-2.624537575138750967e+01,-3.833672447178614107e+00,1.366686380194631845e+01,1.390834284281244138e+01,1.386695526575429582e+01,1.386052680629607003e+01
1.385613337525534483e+01,1.385590752442700158e+01,1.385549591603906805e+01,1.385475161656519028e+01,1.385343964286730767e+01,-2.305514050699266804e+01,-2.812926170539794768e+00,1.368298063909464446e+01,1.390779804173108225e+01,1.386705525189993082e+01,1.386056497346450911e+01
1.385613151979239888e+01,1.385590413231590290e+01,1.385548972465073803e+01,1.385474037645279566e+01,1.385341959930093303e+01,-9.822492744696456057e-01,-3.273289781950978750e-01,1.372432097633409143e+01,1.390548077631023638e+01,1.386676608529154819e+01,1.386044960732682441e+01
1.385614105237347360e+01,1.385592155740258669e+01,1.385552154318722629e+01,1.385479827896572580e+01,1.385352381170432423e+01,-7.998907625546392453e+00,3.126360927375596788e+00,1.375840278191559207e+01,1.390131450137383240e+01,1.386629669488427119e+01,1.386046115346833574e+01
1.385614168238894450e+01,1.385592271573806400e+01,1.385552367217970726e+01,1.385480220823169972e+01,1.385353117311037607e+01,6.570569521154356885e+00,7.797298124361181415e+00,1.381548913277272561e+01,1.389377438215369054e+01,1.386519433521035083e+01,1.386019539755565155e+01
1.385616237261576700e+01,1.385596054234843066e+01,1.385559275094747989e+01,1.385492791031691695e+01,1.385375728753705715e+01,1.036591092917079315e+01,1.123004909567242393e+01,1.384632136682124681e+01,1.388412361439376319e+01,1.386380212862630401e+01,1.385995759277684769e+01
1.385618092150529357e+01,1.385599445710849942e+01,1.385565469899412783e+01,1.385504068282935464e+01,1.385396030442179693e+01,1.246534354430101743e+01,1.290539230795467418e+01,1.386110977125868970e+01,1.387475751713741268e+01,1.386244052630600621e+01,1.385965446249315036e+01
1.385620712755547856e+01,1.385604238091664442e+01,1.385574226525112351e+01,1.385520022107581539e+01,1.385424813975717484e+01,1.335873851695233760e+01,1.353771487142966734e+01,1.386204040490875933e+01,1.386798979222955808e+01,1.386117517348740336e+01,1.385930958477113251e+01
