9.797491258495144351e+00,9.797104385209417288e+00,9.796398290544495069e+00,9.795115530754777922e+00,-5.768497339656286726e+01,-4.943925704094100837e+01,-2.626963851441912112e+01,2.558865646887895196e+00,9.875056978276338882e+00,9.814228982871426865e+00,9.803198487505142111e+00
9.797336271941384567e+00,9.796820981245161875e+00,9.795880456801098646e+00,-5.950764017763520997e+01,-5.858493530499423940e+01,-4.946188553191414172e+01,-2.651201019883308874e+01,2.571081496017342261e+00,9.875623938517376743e+00,9.814116417104319368e+00,9.803162266524696022e+00
9.797340524287648122e+00,9.796828731202939622e+00,9.795894590825737325e+00,-5.917014609872757802e+01,-5.823649251274124339e+01,-4.919521102631015452e+01,-2.637866276915429253e+01,2.606621153802144875e+00,9.877245199763050820e+00,9.814429095990403695e+00,9.803261856637710991e+00
9.797329473075929940e+00,9.796808533116823980e+00,9.795857692966890795e+00,-5.814912235061975565e+01,-5.730946835372922976e+01,-4.851996299295069548e+01,-2.603627732279865370e+01,2.688950717442801341e+00,9.877694289800267313e+00,9.814498014195816467e+00,9.803282993064390993e+00
9.797327730061743623e+00,9.796805353895138069e+00,9.795851890898696013e+00,-5.592247983817313894e+01,-5.486685545598393077e+01,-4.653071170376093590e+01,-2.514537493370207244e+01,2.890389557604242210e+00,9.878088228080351030e+00,9.814453782012842353e+00,9.803263367928057193e+00
9.797333973878899371e+00,9.796816775177404679e+00,9.795872769401094970e+00,-1.791406538708582019e+01,-4.889820143432939403e+01,-4.188725300541761953e+01,-2.255345125932552719e+01,3.308926337504056736e+00,9.877886088864785918e+00,9.814211614532688088e+00,9.803176882048415308e+00
9.797350437486185726e+00,9.796846884045010029e+00,9.795927801204769025e+00,-1.414413674600935167e+01,-3.838864186219301189e+01,-3.274091999244514284e+01,-1.757979281841904751e+01,4.111568988426638427e+00,9.875660979859851807e+00,9.813987802212993827e+00,9.803094895056281288e+00
9.797367392342778203e+00,9.796877888721258643e+00,9.795984472405157462e+00,-8.548555134948257361e+00,-2.242271877046324136e+01,-1.915848837370852920e+01,-9.597006691433662695e+00,5.486732124659686072e+00,9.869100284564311210e+00,9.813165689001854375e+00,9.803023982116316759e+00
9.797380123134059815e+00,9.796901164536503614e+00,9.796027016411004595e+00,-1.292521515681878341e+00,-7.158529267327537582e+00,-5.435890568772427045e+00,-6.898709073853419582e-01,7.277876453631309417e+00,9.856169198680403198e+00,9.811695552437436518e+00,9.802730795623213922e+00
9.797411506191794572e+00,9.796958560212914335e+00,9.796131909253292136e+00,4.922025789676093055e+00,2.866566234847722772e+00,3.541728127463069420e+00,5.417766108027260330e+00,8.702102418939084316e+00,9.840456983621294285e+00,9.809728639164832842e+00,9.802421449912786855e+00
9.797446868703010736e+00,9.797023258231149612e+00,9.796250223700825543e+00,8.007960159004827716e+00,7.368213575181911779e+00,7.601154097598602277e+00,8.251082178286630153e+00,9.407845387156800854e+00,9.826246249777097930e+00,9.807355540679148831e+00,9.802067119748937074e+00
