9.797500687360983562e+00,9.797121666926997818e+00,9.796429898437533978e+00,9.795173146906016370e+00,-3.844455830810851893e+01,-3.673035619534185514e+01,-2.205284549590128407e+01,2.546250675943352526e+00,9.876169937837790513e+00,9.814220595820049908e+00,9.803195400498635692e+00
9.797336939047108118e+00,9.796822228541458344e+00,9.795882758683209346e+00,-3.821988112066707544e+01,-4.397861376119048060e+01,-3.788206647188290077e+01,-2.120114418770358000e+01,2.558877827433950092e+00,9.875200449439564210e+00,9.814130540309339068e+00,9.803171172734085559e+00
9.797336351624895912e+00,9.796821150692510471e+00,9.795880780863566173e+00,-3.933038795101180085e+01,-4.382551694513281859e+01,-3.776644472601119418e+01,-2.118712248965949030e+01,2.593396762617933504e+00,9.876720092446237942e+00,9.814411137064139368e+00,9.803259967412918385e+00
9.797326904063426767e+00,9.796803867271286492e+00,9.795849192873697930e+00,-3.896465944131458770e+01,-4.342945866282711620e+01,-3.747011808432001345e+01,-2.115587910335680988e+01,2.674400299938679115e+00,9.877298860085920396e+00,9.814523595251637644e+00,9.803295822808573590e+00
9.797322912035971498e+00,9.796796586128973416e+00,9.795835903401835409e+00,-3.793295747627369963e+01,-4.237221599034575803e+01,-3.662174592140998186e+01,-2.086522648348198672e+01,2.884267952559290027e+00,9.877419131622703574e+00,9.814503315004163397e+00,9.803287358838883137e+00
9.797325323469992853e+00,9.796801000185991981e+00,9.795843973245071723e+00,-3.643569178308432299e+01,-3.961426103460068759e+01,-3.432525362615827191e+01,-1.952957786548594044e+01,3.329403904556683003e+00,9.877442458960443261e+00,9.814308173020350523e+00,9.803216027037487734e+00
9.797339979563576051e+00,9.796827805198198291e+00,9.795892967947111174e+00,-1.413472135644822103e+01,-3.178350378751788341e+01,-2.904471326025326050e+01,-1.661157685330783096e+01,4.150946651511924657e+00,9.875622317577130715e+00,9.814077458768995399e+00,9.803127954129644550e+00
9.797360467703956743e+00,9.796865272420083315e+00,9.795961455714861543e+00,-9.009751621887522433e+00,-2.197541152000957254e+01,-1.890181948278982205e+01,-9.752523927299282747e+00,5.494685000315897128e+00,9.868697959428677891e+00,9.813264217751344276e+00,9.803065377396992019e+00
9.797369176014703029e+00,9.796881205041096052e+00,9.795990586639984343e+00,-1.489545252385950036e+00,-7.956315318146184978e+00,-6.311712900037626639e+00,-1.364397270474399626e+00,7.220696318694847626e+00,9.856666460045921951e+00,9.811927365076476448e+00,9.802816848095361024e+00
9.797397646750981792e+00,9.796933276390786816e+00,9.796085758145897771e+00,4.594882495121492383e+00,2.184574552826589411e+00,2.912779888191168176e+00,4.972915298725219202e+00,8.640979579066955907e+00,9.841379917605685534e+00,9.809796224886479621e+00,9.802449210704779148e+00
9.797442180265020895e+00,9.797014737043330257e+00,9.796234691884841084e+00,7.136041538650705895e+00,7.089851840245505521e+00,7.333693946402106256e+00,8.062530190283936804e+00,9.376294138973840120e+00,9.827627185380462649e+00,9.807609965731995061e+00,9.801975415921720725e+00
