5.542535292169529271e+01,5.542512700340942899e+01,5.542471495848279517e+01,5.542396808598584812e+01,5.542264122259097547e+01,2.100673686140038399e+01,2.542885019773191146e+01,5.155638969754910050e+01,5.550626471854444333e+01,5.544026773296798183e+01,5.543054417590452942e+01
5.542518387544404845e+01,5.542481793974414472e+01,5.542415042095471733e+01,5.542293986342346557e+01,2.072526387416570159e+01,4.676561620389340312e+00,2.556926175972380122e+01,5.156554514522389354e+01,5.550608121779943360e+01,5.544023047084874634e+01,5.543053142646240872e+01
5.542518519770830210e+01,5.542482035724259504e+01,5.542415483714747637e+01,5.542294790860562159e+01,2.040307784021610615e+01,5.253922561166501026e+00,2.585236421281873831e+01,5.159969453597017974e+01,5.550650777945334369e+01,5.544030179796148161e+01,5.543055501054270451e+01
5.542518335662781226e+01,5.542481699049307764e+01,5.542414868792974403e+01,5.542293671705829183e+01,2.117216535205074734e+01,6.961414335957897492e+00,2.670273318086825043e+01,5.168965191449512986e+01,5.550664429485414075e+01,5.544031364887625557e+01,5.543055820171373682e+01
5.542518365980605211e+01,5.542481754440997577e+01,5.542414970011024167e+01,5.542293856866779578e+01,2.326633343732037318e+01,1.108439844018965204e+01,2.867627530872078978e+01,5.189961681363026003e+01,5.550613735957661277e+01,5.544018357384982210e+01,5.543051222458823446e+01
5.542518951229677526e+01,5.542482824583137813e+01,5.542416925101925074e+01,5.542297420047786716e+01,2.701476098338481791e+01,1.880302280348635691e+01,3.265239003274625418e+01,5.230203658195908645e+01,5.550453310481463376e+01,5.544004431647422138e+01,5.543046078113119535e+01
5.542519765481416272e+01,5.542484313433053700e+01,5.542419645781391324e+01,5.542302382222163715e+01,3.324633644535089871e+01,3.005368364314083962e+01,3.896683549598556340e+01,5.302761957353885691e+01,5.549772561829259132e+01,5.543943100338713492e+01,5.543025303327667785e+01
5.542521763501368071e+01,5.542487966450231340e+01,5.542426318611699543e+01,5.542314535621849814e+01,4.300605940511366043e+01,4.291618958781558746e+01,4.614114119322148611e+01,5.403660717228572707e+01,5.548491275323374339e+01,5.543799409580434201e+01,5.543014878083367591e+01
5.542522799367206687e+01,5.542489860807289404e+01,5.542429780611101364e+01,5.542320846952630831e+01,4.994940817429441893e+01,5.003175689005851723e+01,5.147440026530190949e+01,5.483256226057847016e+01,5.546876830241139089e+01,5.543592797190453325e+01,5.542976298537170265e+01
5.542526324559435125e+01,5.542496306912772042e+01,5.542441558152448522e+01,5.542342304665302777e+01,5.352487216051588348e+01,5.347337746677928294e+01,5.401917858238816450e+01,5.521754914607136300e+01,5.545486241038516795e+01,5.543401366898983440e+01,5.542935091466971187e+01
5.542530081764307681e+01,5.542503179100035027e+01,5.542454120311003152e+01,5.542365212390576801e+01,5.478747599585631889e+01,5.477387407433019462e+01,5.496171875139393848e+01,5.536579811177362842e+01,5.544253631628091483e+01,5.543182657032845384e+01,5.542886482566511575e+01
