9.797494732691113484e+00,9.797110795720135101e+00,9.796410062227668192e+00,9.795137033943479565e+00,-4.792340659766096422e+01,-4.824750840135755681e+01,-2.559506823109909490e+01,2.554336559663720863e+00,9.874261854150708118e+00,9.814228907792813317e+00,9.803206202160977156e+00
9.797330276125803650e+00,9.796810044147003183e+00,9.795860497776081033e+00,-5.420959651895800135e+01,-5.513941817655950928e+01,-4.817649432672750720e+01,-2.554117612691684158e+01,2.569946895690142785e+00,9.874730692301698198e+00,9.814309288956511779e+00,9.803231224250584575e+00
9.797327866817409969e+00,9.796805627095100277e+00,9.795852413996895436e+00,-5.391109323787711816e+01,-5.495867696895729182e+01,-4.796816430370459727e+01,-2.546007658830825804e+01,2.604860409858411163e+00,9.876350435420263807e+00,9.814414033747027588e+00,9.803264803257567550e+00
9.797323923971813286e+00,9.796798412772290021e+00,9.795839220773341793e+00,-1.958395409054002556e+01,-5.274607369930333078e+01,-4.687815557730027649e+01,-2.547673100909264932e+01,2.691132535405490245e+00,9.876952120153596582e+00,9.814466440881806975e+00,9.803278530582867134e+00
9.797324543844045053e+00,9.796799547856105406e+00,9.795841297285731386e+00,-1.937215680983441146e+01,-5.259359273391851985e+01,-4.576264457564383292e+01,-2.442814334316018332e+01,2.895482658350127636e+00,9.877089698538268792e+00,9.814425128020722866e+00,9.803262198478618572e+00
9.797328653269993026e+00,9.796807067263406665e+00,9.795855044488053665e+00,-1.696615517187508004e+01,-4.649101319013715994e+01,-4.133884164908471348e+01,-2.221937042494707981e+01,3.321880863783594151e+00,9.877184506563981614e+00,9.814195462888037014e+00,9.803177614648870275e+00
9.797346405657812340e+00,9.796839527814809045e+00,9.795914370981671837e+00,-1.359135372983885759e+01,-3.843389761276122840e+01,-3.292314037750621480e+01,-1.750346589639416095e+01,4.130096093514986855e+00,9.875278519916674824e+00,9.814011380121439032e+00,9.803107365686400954e+00
9.797362711934157531e+00,9.796869348987289783e+00,9.795968884120304310e+00,-8.529137579767393618e+00,-2.271618192217209753e+01,-1.929105169263525354e+01,-9.400375833545211890e+00,5.490999074752535236e+00,9.868887259530604084e+00,9.813213407836727242e+00,9.803044574057897975e+00
9.797374666189034187e+00,9.796891210149635043e+00,9.796008849722781520e+00,-1.308683926705265677e+00,-7.162853654973609707e+00,-5.487074263563911813e+00,-6.249292822933840696e-01,7.268332896424475109e+00,9.855979940583630139e+00,9.811721961708506967e+00,9.802743749490893777e+00
9.797407572255689701e+00,9.796951385923849287e+00,9.796118818742156620e+00,4.900294297367022267e+00,2.853071310207957456e+00,3.511703524999683967e+00,5.439192857604255416e+00,8.694811607278339238e+00,9.840450793001849661e+00,9.809778064027190325e+00,9.802443232214178792e+00
9.797442453633038895e+00,9.797015211902387222e+00,9.796235549119792552e+00,8.010341950985335302e+00,7.357330398233540514e+00,7.589333822448435463e+00,8.253665046554921503e+00,9.404405387991044307e+00,9.826502614677917080e+00,9.807251922876501382e+00,9.802024208327512866e+00
