1.385623621435276576e+01,1.385609552079450779e+01,1.385583924166846614e+01,1.385537660489358913e+01,1.385456575741411456e+01,-2.909679836344977133e+01,-4.559744332916317866e+00,1.365702220629564678e+01,1.390949869323172194e+01,1.386719266013035678e+01,1.386061981187011405e+01
1.385612702788836081e+01,1.385589590325280085e+01,1.385547468108202729e+01,1.385471298818798758e+01,-3.922501030732534133e+01,-3.033239887474510965e+01,-4.496033248715120223e+00,1.365487130902722335e+01,1.390873666322902835e+01,1.386704021852295199e+01,1.386056049651211630e+01
1.385613080431519606e+01,1.385590280816594522e+01,1.385548728996440992e+01,1.385473591763273404e+01,1.385341144183134610e+01,-2.824709135657754189e+01,-4.237803774257498546e+00,1.365791866987001946e+01,1.390850456296873006e+01,1.386699345670316319e+01,1.386054226897521247e+01
1.385613198725665995e+01,1.385590497133912535e+01,1.385549123985773612e+01,1.385474309953037064e+01,1.385342432293902348e+01,-2.698106817847137506e+01,-3.732346192872131319e+00,1.366557872114472438e+01,1.390805115607338394e+01,1.386712114722352318e+01,1.386059192805680063e+01
1.385612884785859222e+01,1.385589923170206816e+01,1.385548076039997767e+01,1.385472404776285771e+01,-3.334916031715855667e+01,-2.554229094869442918e+01,-2.823534151830656924e+00,1.368342683530236847e+01,1.390771266068895784e+01,1.386703623102046734e+01,1.386055750106853068e+01
1.385613209141441438e+01,1.385590515970203995e+01,1.385549158242224088e+01,1.385474373682302840e+01,1.385342561774397296e+01,-1.074999894525927147e+00,-1.825380150690381065e-01,1.372095784370385552e+01,1.390540303208380735e+01,1.386675490740683792e+01,1.386044575135754542e+01
1.385614095555535918e+01,1.385592136494465620e+01,1.385552117442403208e+01,1.385479758045141807e+01,1.385352246891360295e+01,-7.493950901944272047e+00,3.456322097731186815e+00,1.375818924487876593e+01,1.390107074474297555e+01,1.386624823299353793e+01,1.386044181638303208e+01
1.385614257028836604e+01,1.385592431770083621e+01,1.385552657465142445e+01,1.385480745273411429e+01,1.385354048224113477e+01,7.033987022909068187e+00,8.331524875324110013e+00,1.381584849523623326e+01,1.389286406634238347e+01,1.386520443928089996e+01,1.386020058392138310e+01
1.385616142670211914e+01,1.385595879271021147e+01,1.385558953586764375e+01,1.385492203388300325e+01,1.385374663545148266e+01,1.081386642162734191e+01,1.160884829706005306e+01,1.384875352248240432e+01,1.388225724731416477e+01,1.386349932960325226e+01,1.385981167893137744e+01
1.385619064382879984e+01,1.385601220929712696e+01,1.385568708937155158e+01,1.385509955471316701e+01,1.385406589610963124e+01,1.228891417645362161e+01,1.303299676676656205e+01,1.386355393046564011e+01,1.387410180837878926e+01,1.386220803799729850e+01,1.385952741408304867e+01
1.385621646828658982e+01,1.385605944047469507e+01,1.385577340233849242e+01,1.385525686082024954e+01,1.385434995946509140e+01,1.344268687627305070e+01,1.358859660952644433e+01,1.386436884214012721e+01,1.386717847978260920e+01,1.386098768853350194e+01,1.385937810545839355e+01
