1.385623453272649641e+01,1.385609245535209588e+01,1.385583364932027806e+01,1.385536641415578529e+01,1.385454729047205724e+01,-2.913739929288049169e+01,-4.523442720226221958e+00,1.365783860561111140e+01,1.390928504011636946e+01,1.386714827370372483e+01,1.386060231773891260e+01
1.385612825364459511e+01,1.385589815228478372e+01,1.385547879569482710e+01,1.385472047766239712e+01,-3.937696931413201185e+01,-3.048506954483754683e+01,-4.453784437314743272e+00,1.365538637377580322e+01,1.390883762853605177e+01,1.386705999162216685e+01,1.386056808393540507e+01
1.385613034930647025e+01,1.385590198469812862e+01,1.385548579548047954e+01,1.385473321025576254e+01,1.385340659871050661e+01,-2.834960772837417764e+01,-4.181177861313800648e+00,1.365852586939429791e+01,1.390835561108817053e+01,1.386696241885910652e+01,1.386053000571607896e+01
1.385613285352003388e+01,1.385590656346240657e+01,1.385549415516991623e+01,1.385474840786984885e+01,1.385343385185323939e+01,-2.702316803298474213e+01,-3.692670463627639066e+00,1.366657337134428118e+01,1.390813237057501972e+01,1.386713672689777255e+01,1.386059783617843166e+01
1.385612853933930921e+01,1.385589867666177177e+01,1.385547975668784204e+01,1.385472223461568220e+01,-3.343513730079314428e+01,-2.571524271128309280e+01,-2.780974966238765944e+00,1.368378735122780121e+01,1.390784221711355784e+01,1.386706211839712921e+01,1.386056745916427957e+01
1.385613149550353462e+01,1.385590407883628217e+01,1.385548961837677950e+01,1.385474017705001337e+01,1.385341925144180841e+01,-1.136945142596391456e+00,-1.130866073437353236e-01,1.372377179338342934e+01,1.390543300676618976e+01,1.386675675782930739e+01,1.386044602792107661e+01
1.385614123167039224e+01,1.385592187888760307e+01,1.385552212336996547e+01,1.385479932388037128e+01,1.385352565867598962e+01,-7.760738587046594361e+00,3.525527448235481920e+00,1.375717687385361643e+01,1.390103391022021384e+01,1.386624246698864482e+01,1.386043959104267209e+01
1.385614255753824153e+01,1.385592430437382916e+01,1.385552655919782339e+01,1.385480742788898212e+01,1.385354040839857603e+01,7.117061010219128292e+00,8.302814984058098702e+00,1.381800735825539661e+01,1.389293151821795647e+01,1.386521666916979889e+01,1.386020541365512848e+01
1.385616141263685108e+01,1.385595877761290495e+01,1.385558952008999611e+01,1.385492202505849590e+01,1.385374668745331128e+01,1.082555487336156119e+01,1.159231570751992280e+01,1.385175384008096700e+01,1.388278948219534037e+01,1.386363834596405553e+01,1.385987762117436439e+01
1.385618703649496020e+01,1.385600562779294442e+01,1.385567509150540033e+01,1.385507778718808503e+01,1.385402704684595676e+01,1.227914803761552420e+01,1.302923936644677738e+01,1.386300299660945079e+01,1.387413501276862959e+01,1.386222962842464490e+01,1.385954024973818832e+01
1.385621467973765419e+01,1.385605618023372720e+01,1.385576745708766211e+01,1.385524603793476039e+01,1.385433039070320937e+01,1.344472375923823293e+01,1.358774259889997715e+01,1.386394920914909790e+01,1.386719403608265466e+01,1.386100313630761960e+01,1.385938938015758914e+01
