5.542533819114559890e+01,5.542510017948315948e+01,5.542466609498296037e+01,5.542387936369489410e+01,1.972097567452710720e+01,6.908039728949365355e+00,2.884952116056573956e+01,5.156530268609532897e+01,5.550568716447106965e+01,5.544015325619868406e+01,5.543050518301819807e+01
5.542518788979936062e+01,5.542482537269970777e+01,5.542416409715318082e+01,5.542296487352807333e+01,2.055185588468159352e+01,7.119263287216035963e+00,2.884152567216274221e+01,5.157535800745888821e+01,5.550545794109183362e+01,5.544011318691175916e+01,5.543049182527509089e+01
5.542518901737230408e+01,5.542482743556055880e+01,5.542416786608334434e+01,5.542297173650801057e+01,2.050896383323440020e+01,7.311026388168563983e+00,2.895944161158252328e+01,5.161058447605067556e+01,5.550598461243957615e+01,5.544020425746341374e+01,5.543052212365782339e+01
5.542518650786095691e+01,5.542482284638511913e+01,5.542415948293211869e+01,5.542295647287136262e+01,2.105737773667828350e+01,8.276660509319864190e+00,2.943473991456554373e+01,5.170224553346024265e+01,5.550636448474679696e+01,5.544025739310438894e+01,5.543053900362492925e+01
5.542518571303786246e+01,5.542482139181311140e+01,5.542415682607007454e+01,5.542295164571681454e+01,2.325381057476833746e+01,1.055069824325978800e+01,3.036667678110015345e+01,5.191116361332864670e+01,5.550631729258965663e+01,5.544020128948164938e+01,5.543051729826150620e+01
5.542518981673694611e+01,5.542482889658577960e+01,5.542417054000836885e+01,5.542297665922328775e+01,2.691464482448614604e+01,1.577253814224716777e+01,3.273152004271668858e+01,5.229698155521125358e+01,5.550485472129346931e+01,5.544008287207179819e+01,5.543047250673225790e+01
5.542519762486161028e+01,5.542484317390910320e+01,5.542419663149498632e+01,5.542302425688640710e+01,3.293793161822944171e+01,2.576184887484416919e+01,3.766041964535806841e+01,5.302522733298828683e+01,5.549832548247900377e+01,5.543929191383845989e+01,5.543040592817624201e+01
5.542520535058808662e+01,5.542485730126098531e+01,5.542422244686623856e+01,5.542307132088258470e+01,4.278646506367251590e+01,3.807507855806049690e+01,4.458578543230680680e+01,5.403868200736432925e+01,5.548562704133597379e+01,5.543809022689775645e+01,5.543018046302762514e+01
5.542522793871175679e+01,5.542489860458377393e+01,5.542429790959524638e+01,5.542320882226365342e+01,4.984753241119470601e+01,4.769532343490973147e+01,5.052250801170512773e+01,5.483957622234107987e+01,5.547011744398298561e+01,5.543611765411446868e+01,5.542982952689313692e+01
5.542526482273287058e+01,5.542496605565528967e+01,5.542442116483421444e+01,5.542343348564267558e+01,5.322799570764441057e+01,5.260985166461934170e+01,5.362893019494298130e+01,5.522305834095127608e+01,5.545640848259585454e+01,5.543405364787435730e+01,5.542935399592880685e+01
5.542531179870921676e+01,5.542505196835503511e+01,5.542457817487142080e+01,5.542371971433200173e+01,5.463844511369278223e+01,5.449057328953465174e+01,5.482853550295047285e+01,5.536034654359862373e+01,5.544512222912800326e+01,5.543226363257988254e+01,5.542908795674601663e+01
