5.542533915057247640e+01,5.542510180377796303e+01,5.542466888861139296e+01,5.542388403588471135e+01,1.718643882556604652e+01,1.121119584150505588e+01,2.653351098537740782e+01,5.347965968588162866e+01,5.550815326071618472e+01,5.543954845859255443e+01,5.543041146613617798e+01
5.542526854070651154e+01,5.542497276256479921e+01,5.542443349262816810e+01,5.542345711549784681e+01,7.329879604243634716e+00,1.141441709144725181e+01,2.642610160377761730e+01,5.342140663428969560e+01,5.550807299646221082e+01,5.543956562319019099e+01,5.543041947427619220e+01
5.542526631571419671e+01,5.542496869348202893e+01,5.542442605357081931e+01,5.542344353035880999e+01,8.099467168466990330e+00,1.159276849315573976e+01,2.658655187083192217e+01,5.343708846080787112e+01,5.550788472038686905e+01,5.543953071808327593e+01,5.543040726090725911e+01
5.542526739410406833e+01,5.542497066502167513e+01,5.542442965434962332e+01,5.542345008562240594e+01,8.989516869395778542e+00,1.241002062667360484e+01,2.706118427898631396e+01,5.344310771094504275e+01,5.550688348438482933e+01,5.543960852498124581e+01,5.543043534991448951e+01
5.542526425916338439e+01,5.542496493321391426e+01,5.542441918314881377e+01,5.542343100588571758e+01,1.197566114659889358e+01,1.470264920293855404e+01,2.846771997761070949e+01,5.188444828351653371e+01,5.550649326825797658e+01,5.544024225593443589e+01,5.543053155714504499e+01
5.542518802444014625e+01,5.542482550722255041e+01,5.542416423132305425e+01,5.542296504971204030e+01,2.679121267374728532e+01,2.004377893915402709e+01,3.222645532890323494e+01,5.230010671374830622e+01,5.550411120888844607e+01,5.543998283996657506e+01,5.543044109050421753e+01
5.542519866613181989e+01,5.542484496456300036e+01,5.542419977947682241e+01,5.542302983543717687e+01,3.389874776889078589e+01,3.041489019473297972e+01,3.878828481781048509e+01,5.309385777579966259e+01,5.549668716417194503e+01,5.543925668407126750e+01,5.543039659997703694e+01
5.542520377076842664e+01,5.542485429992118640e+01,5.542421684142804850e+01,5.542306095091166185e+01,4.375978795023036838e+01,4.387765678814589876e+01,4.649232999581469272e+01,5.413721814788932818e+01,5.548319927155336018e+01,5.543787509330708474e+01,5.543010619154074448e+01
5.542523100531986557e+01,5.542490409711688670e+01,5.542430781379810867e+01,5.542322666540437126e+01,5.067351686084333551e+01,5.056512923946347371e+01,5.176044398990811146e+01,5.489652196283522301e+01,5.546710776359688566e+01,5.543574660055099912e+01,5.542969022943853474e+01
5.542526953148498592e+01,5.542497454609980423e+01,5.542443653210155219e+01,5.542346119312449559e+01,5.372663395285284338e+01,5.369155030457481814e+01,5.414343029123489970e+01,5.524834138135218353e+01,5.545396872026100255e+01,5.543393172495374444e+01,5.542931118454589523e+01
5.542530678415664624e+01,5.542504268914761667e+01,5.542456111751239689e+01,5.542368848366945144e+01,5.485071558676496295e+01,5.481012900892581285e+01,5.501121850883500031e+01,5.536796197691322874e+01,5.544330317719271051e+01,5.543197554469870170e+01,5.542895109342212834e+01
