5.542533915057236982e+01,5.542510180377787776e+01,5.542466888861135033e+01,5.542388403588478951e+01,1.718643882554497537e+01,1.121119584150964066e+01,2.653351098538320940e+01,5.347965968590037988e+01,5.550815326077422185e+01,5.543954845877622972e+01,5.543041146671706798e+01
5.542526854070641207e+01,5.542497276256471395e+01,5.542443349262811125e+01,5.542345711549792497e+01,7.329879604244521119e+00,1.141441709144920402e+01,2.642610160378330164e+01,5.342140663430802761e+01,5.550807299652017690e+01,5.543956562337368865e+01,5.543041947485652088e+01
5.542526631571409723e+01,5.542496869348194366e+01,5.542442605357076957e+01,5.542344353035888105e+01,8.099467168470683376e+00,1.159276849315665459e+01,2.658655187083796534e+01,5.343708846082633812e+01,5.550788472044477828e+01,5.543953071826659595e+01,5.543040726148701935e+01
5.542526739410396885e+01,5.542497066502158987e+01,5.542442965434958069e+01,5.542345008562248410e+01,8.989516869398142873e+00,1.241002062667472039e+01,2.706118427899229673e+01,5.344310771096342449e+01,5.550688348444266751e+01,5.543960852516439530e+01,5.543043535049370263e+01
5.542526425916328492e+01,5.542496493321382900e+01,5.542441918314875693e+01,5.542343100588578864e+01,1.197566114660073211e+01,1.470264920293985256e+01,2.846771997761665673e+01,5.188444828353475202e+01,5.550649326831577213e+01,5.544024225611738643e+01,5.543053155772364704e+01
5.542518802444004677e+01,5.542482550722246515e+01,5.542416423132300451e+01,5.542296504971211846e+01,2.679121267374414117e+01,2.004377893915943076e+01,3.222645532890869902e+01,5.230010671376660980e+01,5.550411120894617767e+01,5.543998284014934086e+01,5.543044109108222273e+01
5.542519866613172042e+01,5.542484496456290799e+01,5.542419977947677268e+01,5.542302983543724793e+01,3.389874776888822794e+01,3.041489019473997502e+01,3.878828481781657445e+01,5.309385777581782406e+01,5.549668716422961978e+01,5.543925668425384856e+01,5.543039660055448792e+01
5.542520377076833427e+01,5.542485429992110113e+01,5.542421684142800586e+01,5.542306095091174001e+01,4.375978795022982126e+01,4.387765678814577797e+01,4.649232999582133630e+01,5.413721814790758913e+01,5.548319927161098519e+01,5.543787509348950948e+01,5.543010619211771939e+01
5.542523100531975899e+01,5.542490409711679433e+01,5.542430781379806604e+01,5.542322666540444231e+01,5.067351686084298024e+01,5.056512923946370108e+01,5.176044398991425055e+01,5.489652196285347685e+01,5.546710776365448226e+01,5.543574660073331017e+01,5.542969023001511175e+01
5.542526953148488644e+01,5.542497454609971896e+01,5.542443653210149535e+01,5.542346119312456665e+01,5.372663395285285048e+01,5.369155030457574895e+01,5.414343029124073325e+01,5.524834138137042316e+01,5.545396872031857072e+01,5.543393172513594891e+01,5.542931118512217381e+01
5.542530678415654677e+01,5.542504268914753141e+01,5.542456111751234005e+01,5.542368848366952250e+01,5.485071558676511927e+01,5.481012900892763184e+01,5.501121850884063491e+01,5.536796197693135468e+01,5.544330317725023605e+01,5.543197554488082801e+01,5.542895109399816533e+01
