5.542535418828473581e+01,5.542512933303086697e+01,5.542471924605655431e+01,5.542397602901790776e+01,5.542265627721518229e+01,1.950999988065029456e+01,2.639380623478332311e+01,5.359787579620684284e+01,5.550782406584822581e+01,5.543967286351133339e+01,5.543045080850883721e+01
5.542526827763192898e+01,5.542497231526273538e+01,5.542443272344240768e+01,5.542345583555092503e+01,7.970126338307979452e+00,1.124180118728129685e+01,2.638321436306783596e+01,5.355779647476762761e+01,5.550808811464509063e+01,5.543973013505200953e+01,5.543026764580206134e+01
5.542528124520222832e+01,5.542499602396341629e+01,5.542447601095713594e+01,5.542353454852775485e+01,8.748062419689139446e+00,1.129287464653314998e+01,2.643393651704313996e+01,5.159855482455320441e+01,5.550680830956126499e+01,5.544035390176417621e+01,5.543057233653536287e+01
5.542518192995032678e+01,5.542481439401385046e+01,5.542414395780187419e+01,5.542292811723986290e+01,2.196483888711298604e+01,5.271983069588648263e+00,2.622871437839554787e+01,5.169708119017681014e+01,5.550669149638351030e+01,5.544031153381401111e+01,5.543055683870906591e+01
5.542518428477022496e+01,5.542481870701266189e+01,5.542415184453756893e+01,5.542294250212415818e+01,2.307078797403238113e+01,9.837525824395090268e+00,2.804021452482034604e+01,5.190013259939365753e+01,5.550676315528858140e+01,5.544027757733188366e+01,5.543054261451053577e+01
5.542518768393615858e+01,5.542482492225987301e+01,5.542416320282465847e+01,5.542296322797392349e+01,2.675626987691827807e+01,1.695877669154683787e+01,3.156341163496894708e+01,5.227462562368317833e+01,5.550512543619230144e+01,5.544012803414481994e+01,5.543048736174223734e+01
5.542519643695979426e+01,5.542484092695447373e+01,5.542419244925913802e+01,5.542301656979947211e+01,3.234063484783862208e+01,2.802634742610963769e+01,3.771504858208288624e+01,5.295226329704928503e+01,5.549904985233373367e+01,5.543942416261680250e+01,5.543045190103036646e+01
5.542520142724306709e+01,5.542485005259046460e+01,5.542420912893599905e+01,5.542304700085350078e+01,4.194520832203872374e+01,4.189012320587219307e+01,4.517016133669409328e+01,5.394458411137408405e+01,5.548688497239922413e+01,5.543814792976375827e+01,5.543020319930951700e+01
5.542522460348600077e+01,5.542489242722218279e+01,5.542428653852466880e+01,5.542318800194291839e+01,4.947444490824637597e+01,4.938989163043918040e+01,5.096760179660931556e+01,5.477625882957902803e+01,5.547078397275265615e+01,5.543638385883269848e+01,5.542974227607808757e+01
5.542526644056076179e+01,5.542496892388540175e+01,5.542442628687827266e+01,5.542344255470528935e+01,5.320333728699627329e+01,5.322647293196199314e+01,5.382014475935793030e+01,5.519688049394922302e+01,5.545645244438264143e+01,5.543421229924216220e+01,5.542943626784526145e+01
5.542529554242292988e+01,5.542502215657153641e+01,5.542452361432238206e+01,5.542362012223298962e+01,5.467768948935138695e+01,5.467977726244495074e+01,5.489352618134932271e+01,5.536210159685920473e+01,5.544351157659281881e+01,5.543190946069712055e+01,5.542890233267829814e+01
