1.385623453272637562e+01,1.385609245535198220e+01,1.385583364932018924e+01,1.385536641415577108e+01,1.385454729047228639e+01,-2.913739929282788665e+01,-4.523442720225603786e+00,1.365783860562219765e+01,1.390928504015136724e+01,1.386714827381463699e+01,1.386060231808981769e+01
1.385612825364447431e+01,1.385589815228466648e+01,1.385547879569473650e+01,1.385472047766238290e+01,-3.937696931416206070e+01,-3.048506954482898124e+01,-4.453784437313110800e+00,1.365538637378671183e+01,1.390883762857101047e+01,1.386705999173297421e+01,1.386056808428598330e+01
1.385613034930634768e+01,1.385590198469801315e+01,1.385548579548038894e+01,1.385473321025574833e+01,1.385340659871073221e+01,-2.834960772841010268e+01,-4.181177861312874278e+00,1.365852586940506086e+01,1.390835561112309371e+01,1.386696241896981263e+01,1.386053000606633390e+01
1.385613285351991308e+01,1.385590656346229466e+01,1.385549415516982563e+01,1.385474840786983464e+01,1.385343385185346676e+01,-2.702316803307270732e+01,-3.692670463625135291e+00,1.366657337135478478e+01,1.390813237060990915e+01,1.386713672700837741e+01,1.386059783652836863e+01
1.385612853933918842e+01,1.385589867666165809e+01,1.385547975668775322e+01,1.385472223461566976e+01,-3.343513730092946190e+01,-2.571524271126213890e+01,-2.780974966236577473e+00,1.368378735123864409e+01,1.390784221714842062e+01,1.386706211850763282e+01,1.386056745951390035e+01
1.385613149550341205e+01,1.385590407883616670e+01,1.385548961837668891e+01,1.385474017704999738e+01,1.385341925144203401e+01,-1.136945142587292068e+00,-1.130866073447851505e-01,1.372377179339387965e+01,1.390543300680100991e+01,1.386675675793970797e+01,1.386044602827038474e+01
1.385614123167027145e+01,1.385592187888748938e+01,1.385552212336987488e+01,1.385479932388036062e+01,1.385352565867621522e+01,-7.760738587093555907e+00,3.525527448240596051e+00,1.375717687386407206e+01,1.390103391025500201e+01,1.386624246709896013e+01,1.386043959139170312e+01
1.385614255753812074e+01,1.385592430437371725e+01,1.385552655919773457e+01,1.385480742788896791e+01,1.385354040839880341e+01,7.117061010225578244e+00,8.302814984060573167e+00,1.381800735826577409e+01,1.389293151825270911e+01,1.386521666928003071e+01,1.386020541400391082e+01
1.385616141263672851e+01,1.385595877761279127e+01,1.385558952008990730e+01,1.385492202505848169e+01,1.385374668745353688e+01,1.082555487336363953e+01,1.159231570752506713e+01,1.385175384009144040e+01,1.388278948223005571e+01,1.386363834607421808e+01,1.385987762152294600e+01
1.385618703649483763e+01,1.385600562779283074e+01,1.385567509150531151e+01,1.385507778718807259e+01,1.385402704684618058e+01,1.227914803760976525e+01,1.302923936645033187e+01,1.386300299662022795e+01,1.387413501280334849e+01,1.386222962853475948e+01,1.385954025008661183e+01
1.385621467973753340e+01,1.385605618023361352e+01,1.385576745708757151e+01,1.385524603793474796e+01,1.385433039070343497e+01,1.344472375923936269e+01,1.358774259890329006e+01,1.386394920915989459e+01,1.386719403611736112e+01,1.386100313641768977e+01,1.385938938050588831e+01
