9.797500687359500304e+00,9.797121666925535877e+00,9.796429898436135986e+00,9.795173146904819106e+00,-3.844455830842384358e+01,-3.673035619558101672e+01,-2.205284549588171217e+01,2.546250675972337341e+00,9.876169937930288967e+00,9.814220596115696083e+00,9.803195401436488154e+00
9.797336939045608872e+00,9.796822228539978639e+00,9.795882758681791813e+00,-3.821988112084918754e+01,-4.397861376118859056e+01,-3.788206647187942622e+01,-2.120114418769595588e+01,2.558877827462303411e+00,9.875200449532062663e+00,9.814130540604670827e+00,9.803171173670888194e+00
9.797336351623394890e+00,9.796821150691028990e+00,9.795880780862148640e+00,-3.933038795120231157e+01,-4.382551694513141882e+01,-3.776644472600824542e+01,-2.118712248965147893e+01,2.593396762646235754e+00,9.876720092538509022e+00,9.814411137359114079e+00,9.803259968348656983e+00
9.797326904061927522e+00,9.796803867269810340e+00,9.795849192872283950e+00,-3.896465944153123928e+01,-4.342945866282519773e+01,-3.747011808431396673e+01,-2.115587910334390642e+01,2.674400299967138572e+00,9.877298860178081341e+00,9.814523595546276624e+00,9.803295823743257031e+00
9.797322912034474029e+00,9.796796586127497264e+00,9.795835903400423206e+00,-3.793295747654129002e+01,-4.237221599034874941e+01,-3.662174592140598151e+01,-2.086522648347886388e+01,2.884267952587586059e+00,9.877419131714765044e+00,9.814503315298470199e+00,9.803287359772520304e+00
9.797325323468497160e+00,9.796801000184515829e+00,9.795843973243661296e+00,-3.643569178333184766e+01,-3.961426103465844761e+01,-3.432525362618205378e+01,-1.952957786547264973e+01,3.329403904584288032e+00,9.877442459052353740e+00,9.814308173314328698e+00,9.803216027970092838e+00
9.797339979562083911e+00,9.796827805196723915e+00,9.795892967945700747e+00,-1.413472135645768901e+01,-3.178350378772266538e+01,-2.904471326029812062e+01,-1.661157685329602529e+01,4.150946651540369459e+00,9.875622317669012773e+00,9.814077459062668041e+00,9.803127955061251342e+00
9.797360467702468156e+00,9.796865272418614268e+00,9.795961455713456445e+00,-9.009751621900232266e+00,-2.197541152006295206e+01,-1.890181948278726765e+01,-9.752523927280273952e+00,5.494685000344096792e+00,9.868697959520444485e+00,9.813264218044723819e+00,9.803065378327680435e+00
9.797369176013219771e+00,9.796881205039634111e+00,9.795990586638582798e+00,-1.489545252388220220e+00,-7.956315318162717531e+00,-6.311712900038678242e+00,-1.364397270469092760e+00,7.220696318722815477e+00,9.856666460137613939e+00,9.811927365369605525e+00,9.802816849025248302e+00
9.797397646749505640e+00,9.796933276389330203e+00,9.796085758144505107e+00,4.594882495127396993e+00,2.184574552823324467e+00,2.912779888192576827e+00,4.972915298733598277e+00,8.640979579095219520e+00,9.841379917697327784e+00,9.809796225179402640e+00,9.802449211634012727e+00
9.797442180263550071e+00,9.797014737041878973e+00,9.796234691883453749e+00,7.136041538633921988e+00,7.089851840248338810e+00,7.333693946404949315e+00,8.062530190291465004e+00,9.376294139001734251e+00,9.827627185472055160e+00,9.807609966024751103e+00,9.801975416850426726e+00
