9.797505869832061620e+00,9.797131384452649527e+00,9.796447920835788636e+00,9.795206369394488632e+00,-5.585062743508078142e+01,-4.795394391733999839e+01,-2.610124793020402123e+01,2.557070097032333233e+00,9.875424961596809936e+00,9.814334475770573718e+00,9.803233689885665569e+00
9.797331476999518785e+00,9.796812463824625894e+00,9.795865154866955749e+00,-5.737167737986288074e+01,-5.586557000821916574e+01,-4.766168112057061990e+01,-2.600840927382761336e+01,2.570628053741733865e+00,9.875627501540378717e+00,9.814299331137418037e+00,9.803219074763692475e+00
9.797335602633269858e+00,9.796819997356525533e+00,9.795878918639141730e+00,-5.701833489395757226e+01,-5.556095210941052898e+01,-4.783449950181906729e+01,-2.591773017939487289e+01,2.607962514082521110e+00,9.877264804482583926e+00,9.814434953011488716e+00,9.803263903560507586e+00
9.797329416491919574e+00,9.796808688084905015e+00,9.795858248172480742e+00,-5.756876417928481970e+01,-5.568967915808045177e+01,-4.732440451056100272e+01,-2.571394271183989133e+01,2.689379631476917165e+00,9.877828400600563441e+00,9.814548082619941383e+00,9.803300136380370233e+00
9.797325254460123034e+00,9.796801087575955691e+00,9.795844366378535284e+00,-5.591713539901405028e+01,-5.402637109438724394e+01,-4.599869850888102008e+01,-2.515572510449840848e+01,2.880779730698472374e+00,9.878455074841314243e+00,9.814558109869702562e+00,9.803298225729445647e+00
9.797329220137068972e+00,9.796808349109053182e+00,9.795857648867217549e+00,-1.810752643204959966e+01,-4.953082852878034714e+01,-4.270248264639506885e+01,-2.365650055428567455e+01,3.252689508018778319e+00,9.878619238604816388e+00,9.814390094042590107e+00,9.803235531049958595e+00
9.797342917253597960e+00,9.796833397070255245e+00,9.795903429984623045e+00,-1.496993944407323163e+01,-4.159503480966484545e+01,-3.584348667542240463e+01,-1.967644143437923887e+01,3.974921143021120873e+00,9.876348680460370844e+00,9.814008298115526330e+00,9.803106464309655266e+00
9.797362711433569515e+00,9.796869591028302793e+00,9.795969573645209039e+00,-9.504891662614951997e+00,-2.788292338126294112e+01,-2.395098358322682586e+01,-1.250398579693195344e+01,5.266792583739174916e+00,9.870419985539724550e+00,9.813310102267749357e+00,9.803076505600028412e+00
9.797371198255298452e+00,9.796885114811063389e+00,9.795997960839928353e+00,-2.380047221592478834e+00,-1.145193826597040854e+01,-9.394794013342336214e+00,-3.133388061188346896e+00,7.023915241902756179e+00,9.858454530922715620e+00,9.812016258249839140e+00,9.802842882662586632e+00
9.797398458918811670e+00,9.796934973091563137e+00,9.796089086140540303e+00,4.108692346759967862e+00,5.711648529066799540e-01,1.514862512809560968e+00,4.155488990148259454e+00,8.535519103456795875e+00,9.843286006792332898e+00,9.809988700419230767e+00,9.802517108266902923e+00
9.797438372074857682e+00,9.797007997036939031e+00,9.796222610725516589e+00,6.428803057253880127e+00,6.484200800767185413e+00,6.816449129680610675e+00,7.749499250091872682e+00,9.337305408573898902e+00,9.828976354220312572e+00,9.807668860395411414e+00,9.801990862434806218e+00
