9.797500687357041826e+00,9.797121666923112926e+00,9.796429898433817840e+00,9.795173146902836692e+00,-3.844455830894472115e+01,-3.673035619597665402e+01,-2.205284549584940024e+01,2.546250676020205272e+00,9.876169938083023681e+00,9.814220596603805191e+00,9.803195402984478335e+00
9.797336939043125525e+00,9.796822228537529043e+00,9.795882758679447022e+00,-3.821988112114863156e+01,-4.397861376118546417e+01,-3.788206647187374188e+01,-2.120114418768338638e+01,2.558877827509107306e+00,9.875200449684660597e+00,9.814130541091813598e+00,9.803171175215721789e+00
9.797336351620913319e+00,9.796821150688577617e+00,9.795880780859800296e+00,-3.933038795151431799e+01,-4.382551694512906693e+01,-3.776644472600342084e+01,-2.118712248963829126e+01,2.593396762692919300e+00,9.876720092690591812e+00,9.814411137845214128e+00,9.803259969890307346e+00
9.797326904059451280e+00,9.796803867267364296e+00,9.795849192869946265e+00,-3.896465944188648933e+01,-4.342945866282206424e+01,-3.747011808430404045e+01,-2.115587910332268962e+01,2.674400300013988208e+00,9.877298860329846164e+00,9.814523596031376584e+00,9.803295825281745479e+00
9.797322912032003117e+00,9.796796586125058326e+00,9.795835903398089073e+00,-3.793295747698231679e+01,-4.237221599035372321e+01,-3.662174592139941609e+01,-2.086522648347379771e+01,2.884267952634146148e+00,9.877419131866217228e+00,9.814503315782582504e+00,9.803287361307877035e+00
9.797325323466031577e+00,9.796801000182082220e+00,9.795843973241330715e+00,-3.643569178373935102e+01,-3.961426103475393035e+01,-3.432525362622159548e+01,-1.952957786545054475e+01,3.329403904629685940e+00,9.877442459203427561e+00,9.814308173797462231e+00,9.803216029502367590e+00
9.797339979559625434e+00,9.796827805194297412e+00,9.795892967943380825e+00,-1.413472135647399597e+01,-3.178350378806101872e+01,-2.904471326037252155e+01,-1.661157685327660261e+01,4.150946651587093861e+00,9.875622317819905405e+00,9.814077459544872539e+00,9.803127956590536485e+00
9.797360467700018560e+00,9.796865272416198422e+00,9.795961455711143628e+00,-9.009751621921912701e+00,-2.197541152015053711e+01,-1.890181948278316781e+01,-9.752523927249093560e+00,5.494685000390376217e+00,9.868697959671026254e+00,9.813264218526052574e+00,9.803065379854222883e+00
9.797369176010779057e+00,9.796881205037225371e+00,9.795990586636280639e+00,-1.489545252392396435e+00,-7.956315318190066321e+00,-6.311712900040486574e+00,-1.364397270460422362e+00,7.220696318768666799e+00,9.856666460287955900e+00,9.811927365850181104e+00,9.802816850549408656e+00
9.797397646747075584e+00,9.796933276386935674e+00,9.796085758142213606e+00,4.594882495136841882e+00,2.184574552817948323e+00,2.912779888194876321e+00,4.972915298747326851e+00,8.640979579141538025e+00,9.841379917847495662e+00,9.809796225659351165e+00,9.802449213156217311e+00
9.797442180261134226e+00,9.797014737039496879e+00,9.796234691881176460e+00,7.136041538606451518e+00,7.089851840252977766e+00,7.333693946409592712e+00,8.062530190303791144e+00,9.376294139047422149e+00,9.827627185622070272e+00,9.807609966504200472e+00,9.801975418371059234e+00
