9.797510475020244414e+00,9.797139610541597321e+00,9.796462731634477450e+00,9.795233016530943360e+00,-5.744360021079965151e+01,-4.938753209515748210e+01,-2.620913536957410273e+01,2.559940176492836894e+00,9.875237212644037754e+00,9.814296129605708074e+00,9.803221363412570000e+00
9.797332749043029310e+00,9.796814634839991598e+00,9.795868956486367907e+00,-5.939231492497025044e+01,-5.874788890013537923e+01,-4.950102587545084987e+01,-2.648655194210908093e+01,2.570938206160049866e+00,9.875544223215561246e+00,9.814326204857390934e+00,9.803229555122923600e+00
9.797332808835458096e+00,9.796814703209802744e+00,9.795869049306242360e+00,-5.921438189568709021e+01,-5.841083282237022445e+01,-4.925613690191369187e+01,-2.635740048843673478e+01,2.606388288157704292e+00,9.877430761987927355e+00,9.814459139188505432e+00,9.803271194735675209e+00
9.797328702543230960e+00,9.796807206383993716e+00,9.795855358360642029e+00,-5.817011001506327261e+01,-5.753682637413810141e+01,-4.863470018064678868e+01,-2.573404879526761135e+01,2.691440298643132945e+00,9.877921542431330693e+00,9.814331990245982240e+00,9.803230448224923066e+00
9.797333430131171639e+00,9.796815876592834371e+00,9.795871215981806657e+00,-5.622033421433735612e+01,-5.524101210314863408e+01,-4.678744428848464310e+01,-2.505244564280179631e+01,2.873318763409584697e+00,9.878757636404110087e+00,9.814349780637112275e+00,9.803229617433084186e+00
9.797338288211992818e+00,9.796824759736708188e+00,9.795887455622015239e+00,-1.811106464201751720e+01,-4.958906813767653432e+01,-4.249226567070049043e+01,-2.282389064952532465e+01,3.248760623227278099e+00,9.878048194590475006e+00,9.814301874266304182e+00,9.803208367989842742e+00
9.797345040590297316e+00,9.796837108528691829e+00,9.795910032353697616e+00,-1.434033249607688631e+01,-4.006793476973438572e+01,-3.423493522367859043e+01,-1.875776484088767049e+01,4.021556390650804502e+00,9.876337718779105046e+00,9.814120027660631962e+00,9.803136954477176701e+00
9.797362872338247541e+00,9.796869709170614726e+00,9.795969615066537628e+00,-9.226900139487728580e+00,-2.497009132168014034e+01,-2.116720852772635908e+01,-1.071848542110564040e+01,5.383213997675484919e+00,9.869367495051141859e+00,9.813316564380915707e+00,9.803078596902052411e+00
9.797370800186788742e+00,9.796884216122956346e+00,9.795996144932237470e+00,-1.507265267022509292e+00,-8.647219586540767722e+00,-6.849569126297403443e+00,-1.546553046106315499e+00,7.202255136173814520e+00,9.856656838216935057e+00,9.811878590872547434e+00,9.802797666829656364e+00
9.797401531221375137e+00,9.796940409906561342e+00,9.796098833196486666e+00,4.728975086491716162e+00,2.140685745754848490e+00,2.902907731003132596e+00,5.042339522948617869e+00,8.665653576696152882e+00,9.840872422659206364e+00,9.809665417758205663e+00,9.802400035747012907e+00
9.797447577296923171e+00,9.797024645004425381e+00,9.796252841042971227e+00,7.058869285186514020e+00,7.104402858381140717e+00,7.369576703563136988e+00,8.112149481282564523e+00,9.393510814832156441e+00,9.826903935414737390e+00,9.807388895927427797e+00,9.801884345072124916e+00
