1.385622978770644309e+01,1.385608374793901021e+01,1.385581769368735472e+01,1.385533719857406432e+01,1.385449380873817660e+01,-1.695449092828679483e+01,-4.756133235623840605e-01,1.364730712326021589e+01,1.390931474912203569e+01,1.386716654924053671e+01,1.386061045301563865e+01
1.385612689694791833e+01,1.385589564522622119e+01,1.385547418577830392e+01,1.385471203913339266e+01,-6.381794541513373886e+00,-1.787855028219840392e+01,-4.357826832876974255e-01,1.364617729103551902e+01,1.390919051589467870e+01,1.386714296512466404e+01,1.386060139242263745e+01
1.385612738788488940e+01,1.385589654337155352e+01,1.385547582674387357e+01,1.385471502446227277e+01,-6.879681523247493047e+00,-1.768672887407051775e+01,-3.319733046084742956e-01,1.364823531644530163e+01,1.390896112650229810e+01,1.386709578944279642e+01,1.386058291674472542e+01
1.385612865122335080e+01,1.385589885260302978e+01,1.385548004231109331e+01,1.385472268824001318e+01,-6.663413273694943406e+00,-1.706117411385507765e+01,-6.052938602226731746e-02,1.365543073956073883e+01,1.390846003413094678e+01,1.386699021643541840e+01,1.386054135614005389e+01
1.385613165587585094e+01,1.385590434461502696e+01,1.385549006811274708e+01,1.385474091727422064e+01,1.385342025719620018e+01,-2.796182065199683819e+00,8.312253578683517219e-01,1.367995771198649280e+01,1.390766904189929853e+01,1.386703396977177327e+01,1.386055710670247088e+01
1.385613165181581508e+01,1.385590433907144714e+01,1.385549006471209843e+01,1.385474094822991553e+01,1.385342053020227482e+01,-5.602654289417152711e-01,1.696043932744724536e+00,1.371007728558463690e+01,1.390566488245738341e+01,1.386681778275241861e+01,1.386047083683875059e+01
1.385613879094787038e+01,1.385591739027445968e+01,1.385551389677900680e+01,1.385478431417054779e+01,1.385349856676391767e+01,2.382376465289815393e+00,4.621221881333447357e+00,1.376037930491783001e+01,1.390125700022712252e+01,1.386628286782642050e+01,1.386045537119055382e+01
1.385614210304512284e+01,1.385592344825394306e+01,1.385552497292373886e+01,1.385480454052389554e+01,1.385353535059632080e+01,6.671752583772559753e+00,8.341602088084218991e+00,1.380891279650959547e+01,1.389318363395677736e+01,1.386507338024895830e+01,1.386014491620978006e+01
1.385616427792530558e+01,1.385596398694261921e+01,1.385559899380593762e+01,1.385493917458002322e+01,1.385377717487214966e+01,1.055377088250004292e+01,1.149923089511784724e+01,1.384479546334140920e+01,1.388345218820236937e+01,1.386384262128957801e+01,1.385997801231258997e+01
1.385617881251530115e+01,1.385599056611957636e+01,1.385564755848494478e+01,1.385502765489664867e+01,1.385393681549707523e+01,1.258723823137983899e+01,1.299897710931947437e+01,1.385870044403488421e+01,1.387449570407944677e+01,1.386237735686489003e+01,1.385962320590996022e+01
1.385620684689420301e+01,1.385604183158292457e+01,1.385574122009765219e+01,1.385519823269118334e+01,1.385424416681425441e+01,1.341060576452290398e+01,1.356966240476856811e+01,1.386197677840600306e+01,1.386752862762460836e+01,1.386098311832852303e+01,1.385938284014451227e+01
