9.797483237167186942e+00,9.797089704398603160e+00,9.796371406473467047e+00,9.795066209735278306e+00,-1.153896382958908440e+01,-2.683474679275897401e+01,-1.520909083327461353e+01,3.864578033363397225e+00,9.869704710961370253e+00,9.814094130706237706e+00,9.803197489397190267e+00
9.797305494774443346e+00,9.796764658561881944e+00,9.795777422482816021e+00,-2.837666341760369448e+01,-3.332566872640465050e+01,-2.840447227379770467e+01,-1.490678721142732677e+01,3.877178097875600304e+00,9.869271937325263977e+00,9.814022653817440656e+00,9.803175340657480419e+00
9.797307508883413618e+00,9.796768350676678949e+00,9.795784180254262452e+00,-2.923777028156210633e+01,-3.322019938526968730e+01,-2.832553040215982776e+01,-1.489916144823066801e+01,3.900352479334095790e+00,9.869734754595034687e+00,9.814220088156202948e+00,9.803243140158620861e+00
9.797296360944857341e+00,9.796747961508280866e+00,9.795746911109636912e+00,-2.891055389642556506e+01,-3.294799863462760925e+01,-2.812067377535262125e+01,-1.485368669779535011e+01,3.959543981430718951e+00,9.869956134321290264e+00,9.814306366234342605e+00,9.803272588893763739e+00
9.797291652464922507e+00,9.796739361579676952e+00,9.795731198734880962e+00,-2.749504685997536768e+01,-3.223588077842459398e+01,-2.755112603434896812e+01,-1.462980253369604711e+01,4.088479144450853475e+00,9.870140804270750579e+00,9.814279447790825728e+00,9.803261086963852122e+00
9.797295075455862090e+00,9.796745625287828219e+00,9.795742647075822873e+00,-3.184631658557244904e+01,-3.038004967466941508e+01,-2.598166990632085671e+01,-1.390647049885488329e+01,4.380881817444181259e+00,9.869581522936972107e+00,9.813997926143308348e+00,9.803163476902945206e+00
9.797311736861676223e+00,9.796776093460790591e+00,9.795798327771148450e+00,-9.510620882035798473e+00,-2.580737408994462001e+01,-2.207971334523139006e+01,-1.157642715147277102e+01,4.944240004038723768e+00,9.867649236523977407e+00,9.813798454061524623e+00,9.803089587121331050e+00
9.797327543711512376e+00,9.796805004405353401e+00,9.795851176397158966e+00,-5.008507960594539732e+00,-1.696359858868169823e+01,-1.435865490874413553e+01,-6.612035478794501486e+00,5.946189553372815517e+00,9.862745648285811129e+00,9.813115212131418019e+00,9.803058086124925907e+00
9.797338976822940637e+00,9.796825924848659994e+00,9.795889444493072418e+00,2.299899672361149783e-01,-5.704921807528664957e+00,-4.276090191172439603e+00,3.219387595656275636e-02,7.375666854918505599e+00,9.853087972614220647e+00,9.811713745906832429e+00,9.802773178530490128e+00
9.797380274308295611e+00,9.796901453859058861e+00,9.796027504987636192e+00,5.241961394146664510e+00,3.008122131895144324e+00,3.622854976265577953e+00,5.464774034275528436e+00,8.676474955012984935e+00,9.839493234818075251e+00,9.809728093958302253e+00,9.802447003358112809e+00
9.797425097730290133e+00,9.796983451838523038e+00,9.796177452360970150e+00,8.085453503887105597e+00,7.338151350280021745e+00,7.558727039128422476e+00,8.217011623387907804e+00,9.384375082176418914e+00,9.826649740814819012e+00,9.807623394531844951e+00,9.802000779985769796e+00
