9.797483237141502599e+00,9.797089704373203034e+00,9.796371406448932007e+00,9.795066209713439775e+00,-1.153896383085741206e+01,-2.683474679917021177e+01,-1.520909083294424491e+01,3.864578033798397705e+00,9.869704712145736636e+00,9.814094134502644451e+00,9.803197501431217376e+00
9.797305494749355859e+00,9.796764658537052028e+00,9.795777422458805006e+00,-2.837666342656897456e+01,-3.332566872631256416e+01,-2.840447227374638217e+01,-1.490678721173623167e+01,3.877178098232038739e+00,9.869271938503937136e+00,9.814022657587527121e+00,9.803175352606285031e+00
9.797307508858443370e+00,9.796768350651936075e+00,9.795784180230272753e+00,-2.923777030063981286e+01,-3.322019938523742866e+01,-2.832553040209355544e+01,-1.489916144814607080e+01,3.900352479690067042e+00,9.869734755763877487e+00,9.814220091899224840e+00,9.803243152023101814e+00
9.797296360920068281e+00,9.796747961483731615e+00,9.795746911085869257e+00,-2.891055391454506207e+01,-3.294799863461737033e+01,-2.812067377528228462e+01,-1.485368669779355066e+01,3.959543981778712585e+00,9.869956135481473325e+00,9.814306369951054876e+00,9.803272600675384751e+00
9.797291652440279108e+00,9.796739361555276915e+00,9.795731198711260745e+00,-2.749504687852669349e+01,-3.223588077839713151e+01,-2.755112603430842100e+01,-1.462980253356637483e+01,4.088479144804016308e+00,9.870140805422497721e+00,9.814279451481674243e+00,9.803261098663897499e+00
9.797295075431348366e+00,9.796745625263556079e+00,9.795742647052328778e+00,-3.184631658556065759e+01,-3.038004967464405226e+01,-2.598166990627358786e+01,-1.390647049872231733e+01,4.380881817795712507e+00,9.869581524080926371e+00,9.813997929808991216e+00,9.803163488523509272e+00
9.797311736837242435e+00,9.796776093436596611e+00,9.795798327747727186e+00,-9.510620884734432678e+00,-2.580737408430690039e+01,-2.207971334477606362e+01,-1.157642715256172039e+01,4.944240004045674652e+00,9.867649237652059924e+00,9.813798457702137767e+00,9.803089598665780002e+00
9.797327543687124773e+00,9.796805004381210935e+00,9.795851176373803426e+00,-5.008507961058596969e+00,-1.696359858691940303e+01,-1.435865490910247466e+01,-6.612035479904355917e+00,5.946189553709836595e+00,9.862745649413861670e+00,9.813115215750682907e+00,9.803058097600226617e+00
9.797338976798625865e+00,9.796825924824585030e+00,9.795889444469764840e+00,2.299899664445099745e-01,-5.704921798432264879e+00,-4.276090190734040064e+00,3.219387598105427628e-02,7.375666855253843579e+00,9.853087973736982974e+00,9.811713749506695947e+00,9.802773189944822718e+00
9.797380274284099855e+00,9.796901453835101137e+00,9.796027504964444077e+00,5.241961393708497674e+00,3.008122135163683097e+00,3.622854976296184137e+00,5.464774034204855191e+00,8.676474955352807328e+00,9.839493235936004112e+00,9.809728097542073755e+00,9.802447014722341478e+00
9.797425097706181418e+00,9.796983451814641697e+00,9.796177452337836655e+00,8.085453503761002025e+00,7.338151350482986501e+00,7.558727039120464397e+00,8.217011623422047606e+00,9.384375082511606792e+00,9.826649741926232196e+00,9.807623398101569023e+00,9.802000791309131600e+00
