1.385623453272676997e+01,1.385609245535235345e+01,1.385583364932048056e+01,1.385536641415581371e+01,1.385454729047154743e+01,-2.913739929299878639e+01,-4.523442720227587976e+00,1.365783860558617846e+01,1.390928504003763777e+01,1.386714827345419110e+01,1.386060231694939304e+01
1.385612825364487044e+01,1.385589815228503952e+01,1.385547879569503138e+01,1.385472047766242909e+01,-3.937696931406427581e+01,-3.048506954485689491e+01,-4.453784437318367928e+00,1.365538637375125575e+01,1.390883762845739113e+01,1.386705999137282319e+01,1.386056808314648592e+01
1.385613034930674559e+01,1.385590198469838441e+01,1.385548579548068204e+01,1.385473321025579452e+01,1.385340659870999858e+01,-2.834960772829310116e+01,-4.181177861315890532e+00,1.365852586937007374e+01,1.390835561100957207e+01,1.386696241860995471e+01,1.386053000492775844e+01
1.385613285352030921e+01,1.385590656346266236e+01,1.385549415517011873e+01,1.385474840786988082e+01,1.385343385185273135e+01,-2.702316803278660018e+01,-3.692670463633225708e+00,1.366657337132063610e+01,1.390813237049648876e+01,1.386713672664880903e+01,1.386059783539070267e+01
1.385612853933958455e+01,1.385589867666202935e+01,1.385547975668804455e+01,1.385472223461571417e+01,-3.343513730048604060e+01,-2.571524271133025508e+01,-2.780974966243648261e+00,1.368378735120339584e+01,1.390784221703506773e+01,1.386706211814834688e+01,1.386056745837713677e+01
1.385613149550380818e+01,1.385590407883653796e+01,1.385548961837698201e+01,1.385474017705004712e+01,1.385341925144130393e+01,-1.136945142616918591e+00,-1.130866073413927531e-01,1.372377179335990149e+01,1.390543300668778670e+01,1.386675675758071336e+01,1.386044602713451468e+01
1.385614123167066758e+01,1.385592187888785887e+01,1.385552212337016798e+01,1.385479932388040680e+01,1.385352565867548336e+01,-7.760738586940714612e+00,3.525527448223959581e+00,1.375717687383006727e+01,1.390103391014187295e+01,1.386624246674021954e+01,1.386043959025662531e+01
1.385614255753851509e+01,1.385592430437408495e+01,1.385552655919802589e+01,1.385480742788901409e+01,1.385354040839807155e+01,7.117061010204581706e+00,8.302814984052531599e+00,1.381800735823203041e+01,1.389293151813968308e+01,1.386521666892152638e+01,1.386020541286954000e+01
1.385616141263712464e+01,1.385595877761316075e+01,1.385558952009019862e+01,1.385492202505852966e+01,1.385374668745280502e+01,1.082555487335687161e+01,1.159231570750833029e+01,1.385175384005738053e+01,1.388278948211714692e+01,1.386363834571591269e+01,1.385987762038914894e+01
1.385618703649523198e+01,1.385600562779319844e+01,1.385567509150560284e+01,1.385507778718811522e+01,1.385402704684544872e+01,1.227914803762850049e+01,1.302923936643876601e+01,1.386300299658518043e+01,1.387413501269042371e+01,1.386222962817659266e+01,1.385954024895326242e+01
1.385621467973792420e+01,1.385605618023398122e+01,1.385576745708786284e+01,1.385524603793479059e+01,1.385433039070270134e+01,1.344472375923568563e+01,1.358774259889251468e+01,1.386394920912477247e+01,1.386719403600446654e+01,1.386100313605964374e+01,1.385938937937289950e+01
