9.797504710869038291e+00,9.797129265923750552e+00,9.796444066737281631e+00,9.795199475024634950e+00,-4.547963458965131878e+01,-4.260758420954939396e+01,-2.584737317317444294e+01,2.551591858479571151e+00,9.876185378574817264e+00,9.814167531405782796e+00,9.803175995093978301e+00
9.797341087396773673e+00,9.796829929239551760e+00,9.795896964266464835e+00,-5.695582346975656662e+01,-5.422191218820111658e+01,-4.611804889240110583e+01,-2.580038875958686972e+01,2.566412520738149183e+00,9.876166794552029060e+00,9.814147258019554343e+00,9.803168766246905363e+00
9.797342466261666161e+00,9.796832467917306886e+00,9.795901627478924567e+00,-5.661930107349981256e+01,-5.390848361609556605e+01,-4.589686836135538783e+01,-2.570397708941175807e+01,2.601902337124173403e+00,9.877475631680479040e+00,9.814443124693164933e+00,9.803265003450691850e+00
9.797330321956154719e+00,9.796810275131141665e+00,9.795861085402744806e+00,-5.576468101314770820e+01,-5.312916698025223639e+01,-4.533644921302615671e+01,-2.547166555982102665e+01,2.682932569759932218e+00,9.878199000066686608e+00,9.814346631443184421e+00,9.803233402991903489e+00
9.797334501772445137e+00,9.796817960334529118e+00,9.795875162365675237e+00,-5.384060640621474647e+01,-5.135945137150513773e+01,-4.396560010891800374e+01,-2.488709215881434389e+01,2.866410785483469059e+00,9.878799239295501522e+00,9.814330202433175998e+00,9.803222156129429266e+00
9.797340192719362406e+00,9.796828397389928611e+00,9.795894268024083473e+00,-1.832565808804826801e+01,-4.778079348619365874e+01,-4.115255180608904340e+01,-2.337671679192352414e+01,3.236612700377798912e+00,9.878870010137635660e+00,9.814374824909961603e+00,9.803227736147805516e+00
9.797345933164431031e+00,9.796838913123435688e+00,9.795913512612393959e+00,-1.507656009663171659e+01,-4.071468092516676052e+01,-3.527333866929435402e+01,-1.978571187167602830e+01,3.957041179466129321e+00,9.876784826494079184e+00,9.813991167078794930e+00,9.803096293771643488e+00
9.797367302602452810e+00,9.796877988096365897e+00,9.795984923235831587e+00,-9.962525806096977021e+00,-2.805570226632513453e+01,-2.422309534755781257e+01,-1.277560255473900419e+01,5.237542361712878680e+00,9.871076534703417948e+00,9.813309365100266746e+00,9.803069799891439118e+00
9.797376693786787882e+00,9.796895171151414061e+00,9.796016351332852423e+00,-2.939816964976300184e+00,-1.206766003834818513e+01,-9.796726531170019570e+00,-3.427381932170173506e+00,6.994563197380553987e+00,9.859667731737397744e+00,9.812037584762828502e+00,9.802837711383206809e+00
9.797408254261142702e+00,9.796952895088157476e+00,9.796121861474771819e+00,1.547889956998540484e-01,3.188746814577481103e-01,1.273136157920927936e+00,3.952271704000679620e+00,8.516102337808376888e+00,9.844335240234368456e+00,9.810022736740442895e+00,9.802516968555149646e+00
9.797447922591025815e+00,9.797025460932323071e+00,9.796254533393820907e+00,6.325414053664562886e+00,6.384258151326273278e+00,6.723289249653554123e+00,7.675207293126993235e+00,9.329875554099594126e+00,9.830022997103137428e+00,9.807851468760709679e+00,9.802057961303381362e+00
