1.385623756386054950e+01,1.385609800401151581e+01,1.385584377863120409e+01,1.385538478229125303e+01,1.385457992110840486e+01,-2.841080970807143657e+01,-4.550676355430170794e+00,1.366030669336795533e+01,1.390946066158337047e+01,1.386718161033502383e+01,1.386061514753572865e+01
1.385612756621442365e+01,1.385589690585923961e+01,1.385547653060487505e+01,1.385471637331969319e+01,-7.236467774768239991e+00,-2.948972211369389740e+01,-4.483006942695433317e+00,1.365453691807861958e+01,1.390896559062933591e+01,1.386708754538053334e+01,1.386057896847363047e+01
1.385612953992909979e+01,1.385590051418159163e+01,1.385548311792117282e+01,1.385472834173211254e+01,1.385339783361787269e+01,-2.817737312748052148e+01,-4.301323956294209161e+00,1.365619586343351521e+01,1.390853793619267975e+01,1.386700166223796415e+01,1.386054552034932286e+01
1.385613169028337666e+01,1.385590444502928875e+01,1.385549029511748387e+01,1.385474139249923553e+01,1.385342124277315357e+01,-2.656840850818820954e+01,-3.823362926443541809e+00,1.366566616306797499e+01,1.390821179658461304e+01,1.386715392154190596e+01,1.386060461882948047e+01
1.385612804937941434e+01,1.385589778774173197e+01,1.385547814115246013e+01,1.385471930379012484e+01,-3.279107617970078081e+01,-2.547738884076143862e+01,-2.671831344330675151e+00,1.368474240361671690e+01,1.390776771632769915e+01,1.386704793424386750e+01,1.386056203653773622e+01
1.385613178185612782e+01,1.385590461204706614e+01,1.385549060143394229e+01,1.385474197231430793e+01,1.385342246815070055e+01,-7.804929944666154640e-01,-9.359571127120558387e-02,1.372415069674189425e+01,1.390532780837344617e+01,1.386673667907177077e+01,1.386043838059529065e+01
1.385614160411458684e+01,1.385592256914334897e+01,1.385552339243793085e+01,1.385480163620230165e+01,1.385352978752943898e+01,3.081811379495944081e+00,3.683801021455119340e+00,1.376687723613675729e+01,1.390118660471022416e+01,1.386626067935170070e+01,1.386044570693634270e+01
1.385614322898691064e+01,1.385592554286432687e+01,1.385552883635030419e+01,1.385481161468980105e+01,1.385354814713363325e+01,7.000726854299721857e+00,8.049090410593263911e+00,1.381415477092175337e+01,1.389319089051456935e+01,1.386506574290992333e+01,1.386014077266850819e+01
1.385616526091717660e+01,1.385596582055913473e+01,1.385560238207450467e+01,1.385494539256271018e+01,1.385378848138934771e+01,1.060737269562457108e+01,1.148553034126621242e+01,1.385022485635669298e+01,1.388330131882071150e+01,1.386378439530657936e+01,1.385994832368934127e+01
1.385618210751186652e+01,1.385599662758201944e+01,1.385565866936556567e+01,1.385504793434395765e+01,1.385397346850072609e+01,1.220974441352922035e+01,1.298503031463679136e+01,1.386112520026391692e+01,1.387470744722928373e+01,1.386243992555735716e+01,1.385965608241290781e+01
1.385620551022447344e+01,1.385603942844078063e+01,1.385573688153773730e+01,1.385519042935849399e+01,1.385423042478587874e+01,1.343031404425335396e+01,1.357260077651406860e+01,1.386399251476712102e+01,1.386740648909019313e+01,1.386089725330503342e+01,1.385932179977466561e+01
