9.797494704129469767e+00,9.797110709382954141e+00,9.796409865815029150e+00,9.795136618571953946e+00,-5.504250748136780658e+01,-4.789829019468583482e+01,-2.559838274862607932e+01,2.552276478908328095e+00,9.874554780911035223e+00,9.814297323511919302e+00,9.803227904546382376e+00
9.797327403348706554e+00,9.796804783116412452e+00,9.795850869884853651e+00,-5.238473558381136286e+01,-5.467744408623094188e+01,-4.816086485177932275e+01,-2.553067974158427944e+01,2.569142527103987828e+00,9.874903257985788940e+00,9.814117629514941044e+00,9.803169088129889630e+00
9.797335069339441205e+00,9.796818786123905554e+00,9.795876442211032042e+00,-5.417093050755919847e+01,-5.490637834102656711e+01,-4.798500745358409603e+01,-2.549358729130445766e+01,2.604449297503364846e+00,9.876164977323609762e+00,9.814376065859001130e+00,9.803252091905836352e+00
9.797325344826141702e+00,9.796801007538743278e+00,9.795843957514742684e+00,-1.955375136152142801e+01,-5.303044441834129685e+01,-4.684292399127475903e+01,-2.512250862365078419e+01,2.684649514791000335e+00,9.876759999788582434e+00,9.814477371805269357e+00,9.803283752184063005e+00
9.797322276167067301e+00,9.796795398135376587e+00,9.795833709924698596e+00,-1.898331845425213515e+01,-5.040356833492062805e+01,-4.496449680646283298e+01,-2.463542536315559772e+01,2.899918040423662191e+00,9.877592303246155225e+00,9.814471003853247666e+00,9.803274051464446970e+00
9.797328983567087590e+00,9.796807661975554637e+00,9.795856126760325466e+00,-1.750547140853075945e+01,-4.809436112829462928e+01,-4.159542778411385910e+01,-2.237406926761265424e+01,3.320931962704313900e+00,9.877309409871058321e+00,9.814229420352328148e+00,9.803188487288377218e+00
9.797344807958941360e+00,9.796836607077771930e+00,9.795909034291595319e+00,-1.353886558094145443e+01,-3.644629958622390120e+01,-3.261174074566427805e+01,-1.769683441223151021e+01,4.134685667410724186e+00,9.875329713462834391e+00,9.813982830178625605e+00,9.803096112079295210e+00
9.797365212296535120e+00,9.796873912469690637e+00,9.795977215591314291e+00,-8.684382135843273787e+00,-2.265120745302488459e+01,-1.929449784100405907e+01,-9.455163456081972839e+00,5.490351643517424662e+00,9.868852324228674533e+00,9.813208549780190637e+00,9.803042718991166637e+00
9.797374738408331396e+00,9.796891340087670486e+00,9.796009084678306778e+00,-1.303560739232967336e+00,-7.158670070748200942e+00,-5.487526095785799640e+00,-6.234158979096067199e-01,7.268472719228876500e+00,9.855985978620525501e+00,9.811722765947626712e+00,9.802743658644365254e+00
9.797407556323552313e+00,9.796951356762955143e+00,9.796118765452183297e+00,4.899992938994062186e+00,2.853844360808578617e+00,3.511599160493295901e+00,5.439144880389957137e+00,8.694822873146183184e+00,9.840450847698257064e+00,9.809777867190323519e+00,9.802442821561543340e+00
9.797442461923706603e+00,9.797015226814135502e+00,9.796235576106338883e+00,8.010322610715448377e+00,7.357349169771659980e+00,7.589333146289790832e+00,8.253665494999820496e+00,9.404405244201424097e+00,9.826502530097252830e+00,9.807251795758133994e+00,9.802023837779678672e+00
