9.797494704125904619e+00,9.797110709379488469e+00,9.796409865811876116e+00,9.795136618569777909e+00,-5.504250748139553195e+01,-4.789829019493008389e+01,-2.559838274877018094e+01,2.552276479047941748e+00,9.874554781359162092e+00,9.814297324935067124e+00,9.803227909052230515e+00
9.797327403345118313e+00,9.796804783112921911e+00,9.795850869881670420e+00,-5.238473555833938633e+01,-5.467744408376712784e+01,-4.816086485168185050e+01,-2.553067974208220647e+01,2.569142527231928597e+00,9.874903258432720321e+00,9.814117630935552228e+00,9.803169092627946668e+00
9.797335069335895597e+00,9.796818786120457645e+00,9.795876442207898549e+00,-5.417093044267973312e+01,-5.490637837159347612e+01,-4.798500745397419109e+01,-2.549358729493073739e+01,2.604449298351453113e+00,9.876164977809555268e+00,9.814376067282058358e+00,9.803252096397510940e+00
9.797325344822521487e+00,9.796801007535169248e+00,9.795843957511378264e+00,-1.955375136560225968e+01,-5.303044431516610047e+01,-4.684292402477691297e+01,-2.512250861769582500e+01,2.684649515042602186e+00,9.876760000230147440e+00,9.814477373220793055e+00,9.803283756666511195e+00
9.797322276163479060e+00,9.796795398131873611e+00,9.795833709921481613e+00,-1.898331843857037882e+01,-5.040356841098981278e+01,-4.496449681159961642e+01,-2.463542536947722184e+01,2.899918040398625774e+00,9.877592303683448094e+00,9.814471005266007353e+00,9.803274055939027676e+00
9.797328983563504679e+00,9.796807661972049885e+00,9.795856126757092497e+00,-1.750547139598087298e+01,-4.809436110122877039e+01,-4.159542777706020900e+01,-2.237406926785750727e+01,3.320931962733507881e+00,9.877309410311847060e+00,9.814229421762821204e+00,9.803188491755358669e+00
9.797344807955381540e+00,9.796836607074309811e+00,9.795909034288444062e+00,-1.353886557970441196e+01,-3.644629957506303697e+01,-3.261174074710687876e+01,-1.769683441336363927e+01,4.134685667556966315e+00,9.875329713909225759e+00,9.813982831587571454e+00,9.803096116539114391e+00
9.797365212292980630e+00,9.796873912466224965e+00,9.795977215588141718e+00,-8.684382137143064284e+00,-2.265120743884233434e+01,-1.929449784063904971e+01,-9.455163456353627538e+00,5.490351643641735002e+00,9.868852324671852472e+00,9.813208551186663797e+00,9.803042723444157502e+00
9.797374738404791117e+00,9.796891340084226130e+00,9.796009084675159073e+00,-1.303560739550064795e+00,-7.158670070496887305e+00,-5.487526095751166011e+00,-6.234158979791750710e-01,7.268472719371163571e+00,9.855985979063163427e+00,9.811722767352261343e+00,9.802743663091547432e+00
9.797407556320028021e+00,9.796951356759524998e+00,9.796118765449053356e+00,4.899992938882792082e+00,2.853844362117744282e+00,3.511599160395785013e+00,5.439144880423280703e+00,8.694822873294324239e+00,9.840450848139795426e+00,9.809777868593336336e+00,9.802442826003980869e+00
9.797442461920194745e+00,9.797015226810719568e+00,9.796235576103228482e+00,8.010322610713094704e+00,7.357349169835782021e+00,7.589333146299683364e+00,8.253665495039617994e+00,9.404405244338544634e+00,9.826502530538142821e+00,9.807251797159867834e+00,9.802023842218364535e+00
