9.797500687325344515e+00,9.797121666891829506e+00,9.796429898403864911e+00,9.795173146877091952e+00,-3.844455831547724500e+01,-3.673035620099616239e+01,-2.205284549544207096e+01,2.546250676620297693e+00,9.876169939992792024e+00,9.814220602698982887e+00,9.803195422272823478e+00
9.797336939011348278e+00,9.796822228506158581e+00,9.795882758649380406e+00,-3.821988112475487043e+01,-4.397861376114631327e+01,-3.788206647180251707e+01,-2.120114418752634222e+01,2.558877828091028928e+00,9.875200451577992311e+00,9.814130547128097959e+00,9.803171194317087611e+00
9.797336351589382986e+00,9.796821150657438082e+00,9.795880780829929080e+00,-3.933038795512153740e+01,-4.382551694509963625e+01,-3.776644472594479396e+01,-2.118712248947757715e+01,2.593396763268843941e+00,9.876720094563024688e+00,9.814411143822409755e+00,9.803259988806589220e+00
9.797326904028228256e+00,9.796803867236546282e+00,9.795849192840412556e+00,-3.896465944605734677e+01,-4.342945866278320466e+01,-3.747011808418310608e+01,-2.115587910306080843e+01,2.674400300587806534e+00,9.877298862184115791e+00,9.814523601950957854e+00,9.803295844016167493e+00
9.797322912001069639e+00,9.796796586094524528e+00,9.795835903368832476e+00,-3.793295748240030463e+01,-4.237221599041907893e+01,-3.662174592132311801e+01,-2.086522648341408015e+01,2.884267953199969536e+00,9.877419133702822762e+00,9.814503321645904776e+00,9.803287379864636719e+00
9.797325323435396527e+00,9.796801000151845074e+00,9.795843973212360112e+00,-3.643569178870674818e+01,-3.961426103596119930e+01,-3.432525362674535785e+01,-1.952957786516000738e+01,3.329403905176734568e+00,9.877442461021926690e+00,9.814308179606104687e+00,9.803216047886756712e+00
9.797339979529304799e+00,9.796827805164374681e+00,9.795892967914712202e+00,-1.413472135674412122e+01,-3.178350379230229095e+01,-2.904471326132638964e+01,-1.661157685303910725e+01,4.150946652147321281e+00,9.875622319623367673e+00,9.814077465301323855e+00,9.803127974809427769e+00
9.797360467670031881e+00,9.796865272386602541e+00,9.795961455682792973e+00,-9.009751622262992754e+00,-2.197541152119168117e+01,-1.890181948274175738e+01,-9.752523926882592065e+00,5.494685000940539688e+00,9.868697961458867240e+00,9.813264224234606203e+00,9.803065397923322877e+00
9.797369175981110345e+00,9.796881205007947457e+00,9.795990586608239070e+00,-1.489545252486900395e+00,-7.956315318538115022e+00,-6.311712900070792998e+00,-1.364397270357236458e+00,7.220696319310324185e+00,9.856666462062669609e+00,9.811927371517532137e+00,9.802816868489541591e+00
9.797397646717742603e+00,9.796933276357993492e+00,9.796085758114504216e+00,4.594882495227295749e+00,2.184574552752184040e+00,2.912779888221258773e+00,4.972915298908380244e+00,8.640979579685863499e+00,9.841379919611556559e+00,9.809796231292729374e+00,9.802449230991490126e+00
9.797442180232092568e+00,9.797014737010844243e+00,9.796234691853753063e+00,7.136041538287106079e+00,7.089851840306926611e+00,7.333693946462702229e+00,8.062530190447400713e+00,9.376294139582062925e+00,9.827627187377386164e+00,9.807609972110316932e+00,9.801975436122424057e+00
