1.385623395241409739e+01,1.385609139745167795e+01,1.385583169062019948e+01,1.385536264933768180e+01,1.385453930513769016e+01,-2.779828416588593498e+01,-4.486410663930146647e+00,1.365629357475965477e+01,1.390929112823974378e+01,1.386715184844827320e+01,1.386060392261090968e+01
1.385612800609204598e+01,1.385589771170635487e+01,1.385547800273009145e+01,1.385471904622476380e+01,-7.598854904352137396e+00,-2.903161352322235444e+01,-4.400463064623112430e+00,1.365287827734307591e+01,1.390902113044298005e+01,1.386710035821689324e+01,1.386058410378842254e+01
1.385612909997449904e+01,1.385589971151095767e+01,1.385548165387555386e+01,1.385472568143497796e+01,-3.726077372052873216e+01,-2.907350854433606102e+01,-4.343439524519223660e+00,1.365719918783215014e+01,1.390868793569473993e+01,1.386702960513644456e+01,1.386055621396715587e+01
1.385613114793951262e+01,1.385590345449578820e+01,1.385548848767211538e+01,1.385473811131004140e+01,1.385341539201895245e+01,-2.624537575153927449e+01,-3.833672447154587104e+00,1.366686380205133844e+01,1.390834284315193514e+01,1.386695526683055846e+01,1.386052680970090201e+01
1.385613337525400723e+01,1.385590752442573503e+01,1.385549591603803776e+01,1.385475161656489718e+01,1.385343964286934160e+01,-2.305514050737902565e+01,-2.812926170508108115e+00,1.368298063919743868e+01,1.390779804207000758e+01,1.386705525297458763e+01,1.386056497686429623e+01
1.385613151979106306e+01,1.385590413231463813e+01,1.385548972464970774e+01,1.385474037645250078e+01,1.385341959930296341e+01,-9.822492743586388464e-01,-3.273289781724288972e-01,1.372432097643953242e+01,1.390548077664874782e+01,1.386676608636463826e+01,1.386044961072162351e+01
1.385614105237213778e+01,1.385592155740132370e+01,1.385552154318619600e+01,1.385479827896542737e+01,1.385352381170634928e+01,-7.998907625760219631e+00,3.126360927387426436e+00,1.375840278201911815e+01,1.390131450171180205e+01,1.386629669595591707e+01,1.386046115685866731e+01
1.385614168238760868e+01,1.385592271573680279e+01,1.385552367217868053e+01,1.385480220823140485e+01,1.385353117311240112e+01,6.570569521168307503e+00,7.797298124274357534e+00,1.381548913287834068e+01,1.389377438249159979e+01,1.386519433628079412e+01,1.386019540094203251e+01
1.385616237261443118e+01,1.385596054234716767e+01,1.385559275094644605e+01,1.385492791031661142e+01,1.385375728753905911e+01,1.036591092907088019e+01,1.123004909572764376e+01,1.384632136692735216e+01,1.388412361473126921e+01,1.386380212969569925e+01,1.385995759616003831e+01
1.385618092150396130e+01,1.385599445710723998e+01,1.385565469899309576e+01,1.385504068282905088e+01,1.385396030442380066e+01,1.246534354431059199e+01,1.290539230798516712e+01,1.386110977136465117e+01,1.387475751747451369e+01,1.386244052737454169e+01,1.385965446587381322e+01
1.385620712755415340e+01,1.385604238091539031e+01,1.385574226525009678e+01,1.385520022107552052e+01,1.385424813975918923e+01,1.335873851695943237e+01,1.353771487146174479e+01,1.386204040501510448e+01,1.386798979256653652e+01,1.386117517455528692e+01,1.385930958814974900e+01
