9.797500687359912419e+00,9.797121666925940886e+00,9.796429898436525008e+00,9.795173146905153061e+00,-3.844455830833645393e+01,-3.673035619551468756e+01,-2.205284549588712650e+01,2.546250675964295773e+00,9.876169937904650808e+00,9.814220596033752742e+00,9.803195401176562740e+00
9.797336939046022763e+00,9.796822228540388977e+00,9.795882758682184388e+00,-3.821988112079873190e+01,-4.397861376118912347e+01,-3.788206647188037834e+01,-2.120114418769806974e+01,2.558877827454449250e+00,9.875200449506431610e+00,9.814130540522835844e+00,9.803171173411319828e+00
9.797336351623812334e+00,9.796821150691439328e+00,9.795880780862541215e+00,-3.933038795114965325e+01,-4.382551694513180252e+01,-3.776644472600906255e+01,-2.118712248965369227e+01,2.593396762638393582e+00,9.876720092512945470e+00,9.814411137277396335e+00,9.803259968089449217e+00
9.797326904062343189e+00,9.796803867270218902e+00,9.795849192872678302e+00,-3.896465944147130500e+01,-4.342945866282573064e+01,-3.747011808431565072e+01,-2.115587910334750532e+01,2.674400299959257765e+00,9.877298860152555093e+00,9.814523595464674344e+00,9.803295823484406313e+00
9.797322912034889697e+00,9.796796586127905826e+00,9.795835903400814004e+00,-3.793295747646715910e+01,-4.237221599034793229e+01,-3.662174592140707574e+01,-2.086522648347973075e+01,2.884267952579757210e+00,9.877419131689272547e+00,9.814503315216979829e+00,9.803287359514023080e+00
9.797325323468912828e+00,9.796801000184924391e+00,9.795843973244050318e+00,-3.643569178326327318e+01,-3.961426103464242487e+01,-3.432525362617543863e+01,-1.952957786547634811e+01,3.329403904576635043e+00,9.877442459026909205e+00,9.814308173232948462e+00,9.803216027711945557e+00
9.797339979562496026e+00,9.796827805197134253e+00,9.795892967946093322e+00,-1.413472135645502803e+01,-3.178350378766590012e+01,-2.904471326028568257e+01,-1.661157685329930445e+01,4.150946651532487763e+00,9.875622317643584225e+00,9.814077458981392610e+00,9.803127954803443345e+00
9.797360467702882048e+00,9.796865272419022830e+00,9.795961455713845467e+00,-9.009751621896647578e+00,-2.197541152004819409e+01,-1.890181948278798529e+01,-9.752523927285519534e+00,5.494685000336293257e+00,9.868697959495055017e+00,9.813264217963547864e+00,9.803065378070181524e+00
9.797369176013631886e+00,9.796881205040037344e+00,9.795990586638971820e+00,-1.489545252387573626e+00,-7.956315318158118544e+00,-6.311712900038394025e+00,-1.364397270470554702e+00,7.220696318715075890e+00,9.856666460112247563e+00,9.811927365288513059e+00,9.802816848768022950e+00
9.797397646749914202e+00,9.796933276389733436e+00,9.796085758144890576e+00,4.594882495125773403e+00,2.184574552824232185e+00,2.912779888192195799e+00,4.972915298731279243e+00,8.640979579087401774e+00,9.841379917671977395e+00,9.809796225098381228e+00,9.802449211377007643e+00
9.797442180263958633e+00,9.797014737042282206e+00,9.796234691883839218e+00,7.136041538638559167e+00,7.089851840247556325e+00,7.333693946404164166e+00,8.062530190289383114e+00,9.376294138994019534e+00,9.827627185446724312e+00,9.807609965943786534e+00,9.801975416593602830e+00
