1.385623453272633832e+01,1.385609245535194667e+01,1.385583364932016082e+01,1.385536641415576753e+01,1.385454729047235567e+01,-2.913739929281157615e+01,-4.523442720225418157e+00,1.365783860562562779e+01,1.390928504016220835e+01,1.386714827384899529e+01,1.386060231819852362e+01
1.385612825364443523e+01,1.385589815228463095e+01,1.385547879569470808e+01,1.385472047766237935e+01,-3.937696931417134039e+01,-3.048506954482633802e+01,-4.453784437312599209e+00,1.365538637379009046e+01,1.390883762858183914e+01,1.386705999176730053e+01,1.386056808439458266e+01
1.385613034930631216e+01,1.385590198469797940e+01,1.385548579548036052e+01,1.385473321025574300e+01,1.385340659871080149e+01,-2.834960772842125110e+01,-4.181177861312577626e+00,1.365852586940839686e+01,1.390835561113390995e+01,1.386696241900410342e+01,1.386053000617482489e+01
1.385613285351987756e+01,1.385590656346225913e+01,1.385549415516979721e+01,1.385474840786983108e+01,1.385343385185353426e+01,-2.702316803309995663e+01,-3.692670463624360799e+00,1.366657337135804084e+01,1.390813237062071472e+01,1.386713672704263622e+01,1.386059783663675304e+01
1.385612853933915112e+01,1.385589867666162434e+01,1.385547975668772480e+01,1.385472223461566443e+01,-3.343513730097169656e+01,-2.571524271125564098e+01,-2.780974966235895351e+00,1.368378735124200318e+01,1.390784221715921909e+01,1.386706211854185611e+01,1.386056745962218173e+01
1.385613149550337297e+01,1.385590407883613118e+01,1.385548961837666226e+01,1.385474017704999383e+01,1.385341925144210329e+01,-1.136945142584468549e+00,-1.130866073451124443e-01,1.372377179339711795e+01,1.390543300681179417e+01,1.386675675797389928e+01,1.386044602837856132e+01
1.385614123167023415e+01,1.385592187888745386e+01,1.385552212336984823e+01,1.385479932388035351e+01,1.385352565867628449e+01,-7.760738587108082953e+00,3.525527448242173456e+00,1.375717687386731214e+01,1.390103391026577562e+01,1.386624246713312303e+01,1.386043959149978733e+01
1.385614255753808166e+01,1.385592430437367995e+01,1.385552655919770437e+01,1.385480742788896258e+01,1.385354040839887269e+01,7.117061010227580198e+00,8.302814984061333448e+00,1.381800735826898752e+01,1.389293151826347028e+01,1.386521666931416696e+01,1.386020541411191331e+01
1.385616141263669121e+01,1.385595877761275574e+01,1.385558952008987887e+01,1.385492202505847992e+01,1.385374668745360616e+01,1.082555487336428612e+01,1.159231570752666052e+01,1.385175384009468402e+01,1.388278948224080445e+01,1.386363834610833123e+01,1.385987762163088099e+01
1.385618703649480210e+01,1.385600562779279521e+01,1.385567509150528487e+01,1.385507778718806726e+01,1.385402704684625164e+01,1.227914803760798179e+01,1.302923936645143144e+01,1.386300299662356394e+01,1.387413501281409722e+01,1.386222962856885665e+01,1.385954025019449531e+01
1.385621467973749432e+01,1.385605618023357977e+01,1.385576745708754487e+01,1.385524603793474263e+01,1.385433039070350603e+01,1.344472375923971441e+01,1.358774259890431324e+01,1.386394920916323770e+01,1.386719403612810453e+01,1.386100313645177096e+01,1.385938938061373094e+01
