1.385623621437608932e+01,1.385609552081596085e+01,1.385583924168400216e+01,1.385537660489039880e+01,1.385456575735169515e+01,-2.909679836364532335e+01,-4.559744333774236935e+00,1.365702220358611996e+01,1.390949868464083750e+01,1.386719263296707538e+01,1.386061972619943639e+01
1.385612702791150852e+01,1.385589590327409226e+01,1.385547468109745850e+01,1.385471298818488073e+01,-3.922501029788997329e+01,-3.033239887684349867e+01,-4.496033249675819299e+00,1.365487130635809621e+01,1.390873665473011833e+01,1.386704019165007118e+01,1.386056041175480047e+01
1.385613080433811461e+01,1.385590280818703057e+01,1.385548728997969725e+01,1.385473591762968937e+01,1.385341144177032646e+01,-2.824709135072988175e+01,-4.237803775001894202e+00,1.365791866725558279e+01,1.390850455455978718e+01,1.386699343011271246e+01,1.386054218510607683e+01
1.385613198727930495e+01,1.385590497135995847e+01,1.385549123987282982e+01,1.385474309952731886e+01,1.385342432287859715e+01,-2.698106816991608525e+01,-3.732346194032515108e+00,1.366557871858394257e+01,1.390805114775144702e+01,1.386712112090671134e+01,1.386059184504840047e+01
1.385612884788104004e+01,1.385589923172272009e+01,1.385548076041495591e+01,1.385472404775988409e+01,-3.334916030702948575e+01,-2.554229094982733628e+01,-2.823534152379401974e+00,1.368342683271420412e+01,1.390771265245108168e+01,1.386703620497096523e+01,1.386055741890109516e+01
1.385613209143669167e+01,1.385590515972254266e+01,1.385549158243712498e+01,1.385474373682014004e+01,1.385342561768488778e+01,-1.074999895401399730e+00,-1.825380154096425400e-01,1.372095784117131245e+01,1.390540302392935601e+01,1.386675488161657555e+01,1.386044567000505978e+01
1.385614095557743397e+01,1.385592136496497062e+01,1.385552117443878117e+01,1.385479758044856879e+01,1.385352246885510752e+01,-7.493950899072856942e+00,3.456322096879048011e+00,1.375818924233711016e+01,1.390107073666156978e+01,1.386624820743413977e+01,1.386044173574825322e+01
1.385614257031024721e+01,1.385592431772096944e+01,1.385552657466604209e+01,1.385480745273129344e+01,1.385354048218316159e+01,7.033987022678694245e+00,8.331524874537223013e+00,1.381584849271971471e+01,1.389286405832575255e+01,1.386520441392185354e+01,1.386020050390819414e+01
1.385616142672381557e+01,1.385595879273017772e+01,1.385558953588213882e+01,1.385492203388018950e+01,1.385374663539394646e+01,1.081386642143464449e+01,1.160884829630754567e+01,1.384875351997352944e+01,1.388225723934944611e+01,1.386349930440577083e+01,1.385981159940985918e+01
1.385619064385030796e+01,1.385601220931691913e+01,1.385568708938590987e+01,1.385509955471033194e+01,1.385406589605242011e+01,1.228891417634233818e+01,1.303299676598949475e+01,1.386355392797653607e+01,1.387410180045688790e+01,1.386220801292919091e+01,1.385952733495170364e+01
1.385621646830796294e+01,1.385605944049436111e+01,1.385577340235274946e+01,1.385525686081740204e+01,1.385434995940813963e+01,1.344268687603534396e+01,1.358859660875692832e+01,1.386436883966075584e+01,1.386717847189583352e+01,1.386098766357069678e+01,1.385937802663338836e+01
