1.385623453272603811e+01,1.385609245535166778e+01,1.385583364931994055e+01,1.385536641415573555e+01,1.385454729047291167e+01,-2.913739929268291107e+01,-4.523442720223910918e+00,1.365783860565271723e+01,1.390928504024772749e+01,1.386714827412001583e+01,1.386060231905593376e+01
1.385612825364413681e+01,1.385589815228435207e+01,1.385547879569448781e+01,1.385472047766234382e+01,-3.937696931424455471e+01,-3.048506954480543385e+01,-4.453784437308624611e+00,1.365538637381674647e+01,1.390883762866724993e+01,1.386705999203801198e+01,1.386056808525102113e+01
1.385613034930601373e+01,1.385590198469769874e+01,1.385548579548013848e+01,1.385473321025570925e+01,1.385340659871135216e+01,-2.834960772850890720e+01,-4.181177861310297672e+00,1.365852586943469404e+01,1.390835561121922126e+01,1.386696241927451112e+01,1.386053000703030236e+01
1.385613285351957913e+01,1.385590656346197846e+01,1.385549415516957872e+01,1.385474840786979556e+01,1.385343385185408849e+01,-2.702316803331460804e+01,-3.692670463618260790e+00,1.366657337138369854e+01,1.390813237070591768e+01,1.386713672731274194e+01,1.386059783749127838e+01
1.385612853933885447e+01,1.385589867666134367e+01,1.385547975668750453e+01,1.385472223461562891e+01,-3.343513730130436556e+01,-2.571524271120453164e+01,-2.780974966230569834e+00,1.368378735126848156e+01,1.390784221724434744e+01,1.386706211881166695e+01,1.386056746047576560e+01
1.385613149550307810e+01,1.385590407883585229e+01,1.385548961837644200e+01,1.385474017704995831e+01,1.385341925144265218e+01,-1.136945142562287181e+00,-1.130866073476055611e-01,1.372377179342263531e+01,1.390543300689679995e+01,1.386675675824341347e+01,1.386044602923121261e+01
1.385614123166993750e+01,1.385592187888717497e+01,1.385552212336962796e+01,1.385479932388031798e+01,1.385352565867683339e+01,-7.760738587222471452e+00,3.525527448254660356e+00,1.375717687389283483e+01,1.390103391035068725e+01,1.386624246740236721e+01,1.386043959235161438e+01
1.385614255753778679e+01,1.385592430437340283e+01,1.385552655919748588e+01,1.385480742788892883e+01,1.385354040839942158e+01,7.117061010243302732e+00,8.302814984067374837e+00,1.381800735829431126e+01,1.389293151834828244e+01,1.386521666958316956e+01,1.386020541496300496e+01
1.385616141263639634e+01,1.385595877761247685e+01,1.385558952008966216e+01,1.385492202505844439e+01,1.385374668745415327e+01,1.082555487336934874e+01,1.159231570753921403e+01,1.385175384012023869e+01,1.388278948232551002e+01,1.386363834637712955e+01,1.385987762248137400e+01
1.385618703649450545e+01,1.385600562779251987e+01,1.385567509150506638e+01,1.385507778718803529e+01,1.385402704684680231e+01,1.227914803759395568e+01,1.302923936646010716e+01,1.386300299664985225e+01,1.387413501289880102e+01,1.386222962883750576e+01,1.385954025104452114e+01
1.385621467973719945e+01,1.385605618023330265e+01,1.385576745708732638e+01,1.385524603793470888e+01,1.385433039070405670e+01,1.344472375924246776e+01,1.358774259891239566e+01,1.386394920918958107e+01,1.386719403621277280e+01,1.386100313672029216e+01,1.385938938146338373e+01
