9.797500687360043869e+00,9.797121666926070560e+00,9.796429898436645800e+00,9.795173146905256090e+00,-3.844455830830889909e+01,-3.673035619549379760e+01,-2.205284549588883891e+01,2.546250675961766685e+00,9.876169937896570161e+00,9.814220596007922737e+00,9.803195401094630057e+00
9.797336939046155990e+00,9.796822228540518651e+00,9.795882758682308733e+00,-3.821988112078285127e+01,-4.397861376118926557e+01,-3.788206647188068388e+01,-2.120114418769873765e+01,2.558877827451967679e+00,9.875200449498350963e+00,9.814130540497036037e+00,9.803171173329486621e+00
9.797336351623942008e+00,9.796821150691570779e+00,9.795880780862663784e+00,-3.933038795113305497e+01,-4.382551694513192331e+01,-3.776644472600935387e+01,-2.118712248965438860e+01,2.593396762635920449e+00,9.876720092504886139e+00,9.814411137251633832e+00,9.803259968007719038e+00
9.797326904062472863e+00,9.796803867270348576e+00,9.795849192872800870e+00,-3.896465944145241167e+01,-4.342945866282590828e+01,-3.747011808431616942e+01,-2.115587910334863508e+01,2.674400299956773974e+00,9.877298860144506421e+00,9.814523595438942039e+00,9.803295823402779163e+00
9.797322912035019371e+00,9.796796586128035500e+00,9.795835903400936573e+00,-3.793295747644378935e+01,-4.237221599034765518e+01,-3.662174592140744522e+01,-2.086522648347999720e+01,2.884267952577274308e+00,9.877419131681234532e+00,9.814503315191279498e+00,9.803287359432498960e+00
9.797325323469042502e+00,9.796801000185052288e+00,9.795843973244174663e+00,-3.643569178324165136e+01,-3.961426103463736581e+01,-3.432525362617336384e+01,-1.952957786547749564e+01,3.329403904574235185e+00,9.877442459018885401e+00,9.814308173207280106e+00,9.803216027630520912e+00
9.797339979562627477e+00,9.796827805197260375e+00,9.795892967946214114e+00,-1.413472135645419314e+01,-3.178350378764802286e+01,-2.904471326028175326e+01,-1.661157685330034539e+01,4.150946651530009746e+00,9.875622317635562197e+00,9.814077458955754452e+00,9.803127954722116399e+00
9.797360467703009945e+00,9.796865272419150728e+00,9.795961455713968036e+00,-9.009751621895540907e+00,-2.197541152004354359e+01,-1.890181948278817714e+01,-9.752523927287191086e+00,5.494685000333828562e+00,9.868697959487043647e+00,9.813264217937938128e+00,9.803065377988945173e+00
9.797369176013759784e+00,9.796881205040167018e+00,9.795990586639092612e+00,-1.489545252387372898e+00,-7.956315318156681471e+00,-6.311712900038287444e+00,-1.364397270471013890e+00,7.220696318712631623e+00,9.856666460104245076e+00,9.811927365262928191e+00,9.802816848686861206e+00
9.797397646750043876e+00,9.796933276389861334e+00,9.796085758145011368e+00,4.594882495125252930e+00,2.184574552824515514e+00,2.912779888192064348e+00,4.972915298730548272e+00,8.640979579084934414e+00,9.841379917663980237e+00,9.809796225072815901e+00,9.802449211295909848e+00
9.797442180264086531e+00,9.797014737042406551e+00,9.796234691883958234e+00,7.136041538640025550e+00,7.089851840247306747e+00,7.333693946403915476e+00,8.062530190288725862e+00,9.376294138991584148e+00,9.827627185438730706e+00,9.807609965918238970e+00,9.801975416512554773e+00
