1.385623572412865911e+01,1.385609463072624159e+01,1.385583760481868687e+01,1.385537351370113335e+01,1.385455949642022233e+01,-2.395983147862449059e+01,-3.871730968510545878e+00,1.365080222014803546e+01,1.390939963345707220e+01,1.386717895515472776e+01,1.386061491724925965e+01
1.385612694020125346e+01,1.385589575354572744e+01,1.385547441585801565e+01,1.385471250278895639e+01,-7.201290757516300545e+00,-2.461540919919452364e+01,-3.743940506477250629e+00,1.364812799862808390e+01,1.390893049858398101e+01,1.386708617595550663e+01,1.386057890001539050e+01
1.385612916424282304e+01,1.385589981944922577e+01,1.385548183895800101e+01,1.385472599596266363e+01,-3.152178290580585696e+01,-2.473831671532826348e+01,-3.640914923185572860e+00,1.365311040009962440e+01,1.390886865883000567e+01,1.386707053856098071e+01,1.386057253979909021e+01
1.385612978497484349e+01,1.385590095484093709e+01,1.385548391359702869e+01,1.385472977618703716e+01,1.385340037916582645e+01,-2.222976401231747090e+01,-3.301590206175736064e+00,1.366014646801970045e+01,1.390834585010058433e+01,1.386696211133916989e+01,1.386052999265986152e+01
1.385613275305762571e+01,1.385590637926042845e+01,1.385549381483243891e+01,1.385474777424026094e+01,1.385343266502583681e+01,-2.022776312527535225e+01,-2.447757226710356449e+00,1.367711220490676283e+01,1.390767254332572733e+01,1.386703534840283325e+01,1.386055770533117837e+01
1.385613159850398368e+01,1.385590426926064112e+01,1.385548996491646534e+01,1.385474079211907217e+01,1.385342026156290629e+01,-1.059474230752472046e+00,-2.064615171850081587e-01,1.372074215268300890e+01,1.390542428766139338e+01,1.386675778655346924e+01,1.386044666723148744e+01
1.385614100569766194e+01,1.385592146782552803e+01,1.385552137351393043e+01,1.385479795776052470e+01,1.385352318923277437e+01,-7.995261833783505523e+00,2.756908095109440460e+00,1.375754624206035714e+01,1.390149408799713981e+01,1.386633418340095503e+01,1.386047633397030765e+01
1.385614082498929633e+01,1.385592113998083619e+01,1.385552078748256832e+01,1.385479696152247264e+01,1.385352179628125846e+01,1.834896355395420287e+00,7.425024463948728837e+00,1.380759727224645594e+01,1.389385623592266228e+01,1.386522760286932687e+01,1.386021104143437555e+01
1.385616033505406897e+01,1.385595680786734007e+01,1.385558591842346132e+01,1.385491544655404894e+01,1.385373473026132984e+01,1.030411623298446777e+01,1.113644290001892756e+01,1.385160406490978247e+01,1.388404941037693163e+01,1.386376255689794235e+01,1.385993651799680393e+01
1.385618387431722631e+01,1.385599984868863288e+01,1.385566454178080065e+01,1.385505862005424049e+01,1.385399278603120621e+01,1.201316288349461558e+01,1.284406442529259174e+01,1.386176761874300212e+01,1.387542618544133433e+01,1.386245335085866515e+01,1.385966219482829409e+01
1.385620599057796198e+01,1.385604029398788128e+01,1.385573844367846164e+01,1.385519324631975024e+01,1.385423551129719755e+01,1.335067384160300463e+01,1.352439528405859903e+01,1.386393417731964384e+01,1.386817055796195675e+01,1.386122028969712972e+01,1.385933301242203086e+01
