5.542533915057083505e+01,5.542510180377654194e+01,5.542466888861060426e+01,5.542388403588593349e+01,1.718643882523040389e+01,1.121119584157792026e+01,2.653351098547022957e+01,5.347965968618069610e+01,5.550815326164118346e+01,5.543954846151913074e+01,5.543041147538876601e+01
5.542526854070490572e+01,5.542497276256339944e+01,5.542443349262739360e+01,5.542345711549907605e+01,7.329879604258197290e+00,1.141441709147823147e+01,2.642610160386828255e+01,5.342140663458168603e+01,5.550807299738502820e+01,5.543956562611082006e+01,5.543041948351019244e+01
5.542526631571257667e+01,5.542496869348060784e+01,5.542442605357003060e+01,5.542344353036001081e+01,8.099467168524888905e+00,1.159276849317024016e+01,2.658655187092801953e+01,5.343708846110179422e+01,5.550788472130777507e+01,5.543953072099805013e+01,5.543040727012277102e+01
5.542526739410246250e+01,5.542497066502026826e+01,5.542442965434884172e+01,5.542345008562361386e+01,8.989516869433531454e+00,1.241002062669158867e+01,2.706118427908141655e+01,5.344310771123725345e+01,5.550688348530388083e+01,5.543960852789024329e+01,5.543043535911174047e+01
5.542526425916176436e+01,5.542496493321250739e+01,5.542441918314801796e+01,5.542343100588691129e+01,1.197566114662842907e+01,1.470264920295918110e+01,2.846771997770520812e+01,5.188444828380585250e+01,5.550649326917512383e+01,5.544024225883711665e+01,5.543053156632213074e+01
5.542518802443854042e+01,5.542482550722114354e+01,5.542416423132227976e+01,5.542296504971325533e+01,2.679121267369736969e+01,2.004377893923998855e+01,3.222645532899008458e+01,5.230010671403856293e+01,5.550411120980363933e+01,5.543998284286305989e+01,5.543044109966170652e+01
5.542519866613022117e+01,5.542484496456158638e+01,5.542419977947604082e+01,5.542302983543837058e+01,3.389874776885053365e+01,3.041489019484410150e+01,3.878828481790700522e+01,5.309385777608746082e+01,5.549668716508527666e+01,5.543925668696199693e+01,5.543039660911657052e+01
5.542520377076682792e+01,5.542485429991978663e+01,5.542421684142726690e+01,5.542306095091286267e+01,4.375978795022170686e+01,4.387765678814395187e+01,4.649232999591991700e+01,5.413721814817834854e+01,5.548319927246513572e+01,5.543787509619282616e+01,5.543010620066462479e+01
5.542523100531825975e+01,5.542490409711548693e+01,5.542430781379734128e+01,5.542322666540556497e+01,5.067351686083775064e+01,5.056512923946706906e+01,5.176044399000514318e+01,5.489652196312382415e+01,5.546710776450737512e+01,5.543574660343263361e+01,5.542969023854978161e+01
5.542526953148338009e+01,5.542497454609839735e+01,5.542443653210077059e+01,5.542346119312567509e+01,5.372663395285289312e+01,5.369155030458956901e+01,5.414343029132707841e+01,5.524834138164032993e+01,5.545396872117044040e+01,5.543393172783210332e+01,5.542931119364715187e+01
5.542530678415504042e+01,5.542504268914620980e+01,5.542456111751160108e+01,5.542368848367063094e+01,5.485071558676745695e+01,5.481012900895446194e+01,5.501121850892400289e+01,5.536796197719958457e+01,5.544330317810104702e+01,5.543197554757434631e+01,5.542895110251548374e+01
