5.542533915057232718e+01,5.542510180377784224e+01,5.542466888861132901e+01,5.542388403588482504e+01,1.718643882553582003e+01,1.121119584151162485e+01,2.653351098538574959e+01,5.347965968590852981e+01,5.550815326079941769e+01,5.543954845885596683e+01,5.543041146696919697e+01
5.542526854070636233e+01,5.542497276256467842e+01,5.542443349262809704e+01,5.542345711549795340e+01,7.329879604244915470e+00,1.141441709145004957e+01,2.642610160378578144e+01,5.342140663431598568e+01,5.550807299654534432e+01,5.543956562345332628e+01,5.543041947510838696e+01
5.542526631571405460e+01,5.542496869348190103e+01,5.542442605357075536e+01,5.542344353035890947e+01,8.099467168472235912e+00,1.159276849315704183e+01,2.658655187084059790e+01,5.343708846083436015e+01,5.550788472046990307e+01,5.543953071834614832e+01,5.543040726173862254e+01
5.542526739410391912e+01,5.542497066502154723e+01,5.542442965434955227e+01,5.542345008562251962e+01,8.989516869399164278e+00,1.241002062667522843e+01,2.706118427899490086e+01,5.344310771097140389e+01,5.550688348446777098e+01,5.543960852524386951e+01,5.543043535074502870e+01
5.542526425916324229e+01,5.542496493321378637e+01,5.542441918314874272e+01,5.542343100588581706e+01,1.197566114660154213e+01,1.470264920294041566e+01,2.846771997761925022e+01,5.188444828354264615e+01,5.550649326834084718e+01,5.544024225619676827e+01,5.543053155797468889e+01
5.542518802444000414e+01,5.542482550722242252e+01,5.542416423132299030e+01,5.542296504971214688e+01,2.679121267374279114e+01,2.004377893916178621e+01,3.222645532891107933e+01,5.230010671377455367e+01,5.550411120897122430e+01,5.543998284022863032e+01,5.543044109133298036e+01
5.542519866613168489e+01,5.542484496456286536e+01,5.542419977947675136e+01,5.542302983543728345e+01,3.389874776888715502e+01,3.041489019474300903e+01,3.878828481781921766e+01,5.309385777582571819e+01,5.549668716425464510e+01,5.543925668433305987e+01,5.543039660080498265e+01
5.542520377076827742e+01,5.542485429992106560e+01,5.542421684142797744e+01,5.542306095091177554e+01,4.375978795022957968e+01,4.387765678814571402e+01,4.649232999582422821e+01,5.413721814791551168e+01,5.548319927163599630e+01,5.543787509356864973e+01,5.543010619236798675e+01
5.542523100531971636e+01,5.542490409711675881e+01,5.542430781379804472e+01,5.542322666540448495e+01,5.067351686084282392e+01,5.056512923946379345e+01,5.176044398991691509e+01,5.489652196286138519e+01,5.546710776367945783e+01,5.543574660081237937e+01,5.542969023026519437e+01
5.542526953148483670e+01,5.542497454609967633e+01,5.542443653210148113e+01,5.542346119312459507e+01,5.372663395285284338e+01,5.369155030457615396e+01,5.414343029124326279e+01,5.524834138137832440e+01,5.545396872034353208e+01,5.543393172521497547e+01,5.542931118537211432e+01
5.542530678415649703e+01,5.542504268914748877e+01,5.542456111751231873e+01,5.542368848366955092e+01,5.485071558676519032e+01,5.481012900892841344e+01,5.501121850884308628e+01,5.536796197693921329e+01,5.544330317727518320e+01,5.543197554495979773e+01,5.542895109424797795e+01
