5.542533915057205718e+01,5.542510180377760776e+01,5.542466888861120111e+01,5.542388403588502399e+01,1.718643882548069968e+01,1.121119584152359216e+01,2.653351098540099429e+01,5.347965968595762121e+01,5.550815326095131752e+01,5.543954845933663478e+01,5.543041146848922551e+01
5.542526854070609943e+01,5.542497276256443683e+01,5.542443349262796914e+01,5.542345711549815945e+01,7.329879604247304670e+00,1.141441709145514771e+01,2.642610160380066020e+01,5.342140663436395442e+01,5.550807299669699546e+01,5.543956562393337606e+01,5.543041947662645441e+01
5.542526631571378459e+01,5.542496869348167365e+01,5.542442605357061325e+01,5.542344353035910842e+01,8.099467168481726986e+00,1.159276849315944169e+01,2.658655187085638261e+01,5.343708846088267705e+01,5.550788472062134815e+01,5.543953071882557992e+01,5.543040726325475021e+01
5.542526739410365622e+01,5.542497066502131986e+01,5.542442965434942437e+01,5.542345008562271147e+01,8.989516869405397514e+00,1.241002062667818073e+01,2.706118427901054702e+01,5.344310771101947921e+01,5.550688348461902422e+01,5.543960852572269005e+01,5.543043535225924501e+01
5.542526425916297939e+01,5.542496493321355899e+01,5.542441918314860771e+01,5.542343100588601601e+01,1.197566114660643422e+01,1.470264920294382804e+01,2.846771997763480400e+01,5.188444828359029515e+01,5.550649326849190857e+01,5.544024225667493511e+01,5.543053155948678068e+01
5.542518802443973414e+01,5.542482550722219514e+01,5.542416423132286241e+01,5.542296504971234583e+01,2.679121267373458792e+01,2.004377893917592957e+01,3.222645532892538967e+01,5.230010671382237319e+01,5.550411120912207963e+01,5.543998284070613636e+01,5.543044109284299736e+01
5.542519866613142199e+01,5.542484496456263798e+01,5.542419977947662346e+01,5.542302983543747530e+01,3.389874776888053276e+01,3.041489019476131261e+01,3.878828481783511961e+01,5.309385777587316824e+01,5.549668716440530147e+01,5.543925668480996194e+01,5.543039660231311672e+01
5.542520377076802163e+01,5.542485429992083823e+01,5.542421684142784954e+01,5.542306095091197449e+01,4.375978795022813728e+01,4.387765678814539427e+01,4.649232999584158676e+01,5.413721814796321041e+01,5.548319927178648925e+01,5.543787509404502600e+01,5.543010619387446525e+01
5.542523100531946056e+01,5.542490409711652433e+01,5.542430781379791682e+01,5.542322666540467679e+01,5.067351686084190732e+01,5.056512923946439741e+01,5.176044398993293782e+01,5.489652196290904840e+01,5.546710776382982999e+01,5.543574660128832932e+01,5.542969023177033705e+01
5.542526953148457380e+01,5.542497454609944896e+01,5.542443653210134613e+01,5.542346119312479402e+01,5.372663395285285048e+01,5.369155030457859823e+01,5.414343029125849682e+01,5.524834138142593076e+01,5.545396872049379056e+01,5.543393172569057725e+01,5.542931118687619119e+01
5.542530678415623413e+01,5.542504268914726140e+01,5.542456111751218373e+01,5.542368848366974987e+01,5.485071558676560244e+01,5.481012900893314566e+01,5.501121850885778741e+01,5.536796197698654964e+01,5.544330317742530667e+01,5.543197554543510819e+01,5.542895109575123058e+01
