1.385623053088715828e+01,1.385608514355393162e+01,1.385582027770628599e+01,1.385534192412823629e+01,1.385450226193655432e+01,-2.846878891047435900e+01,-4.529121686483750686e+00,1.365633965495196378e+01,1.390935673447188137e+01,1.386716439479835650e+01,1.386060876600167902e+01
1.385612773308699630e+01,1.385589721030526178e+01,1.385547708603443695e+01,1.385471737942588533e+01,-3.899067475967378016e+01,-3.026104448176357309e+01,-4.473147959332897550e+00,1.365475502656624762e+01,1.390869725333827134e+01,1.386703209252130620e+01,1.386055725561272389e+01
1.385613103810008795e+01,1.385590325369019382e+01,1.385548812206668501e+01,1.385473744948824049e+01,1.385341420730069828e+01,-2.802374694896717955e+01,-4.211107530802284948e+00,1.365816752247675581e+01,1.390849890041816117e+01,1.386699196917115273e+01,1.386054160273304348e+01
1.385613206466053171e+01,1.385590513111234401e+01,1.385549155036769520e+01,1.385474368339756168e+01,1.385342539036586196e+01,-2.673712873531196621e+01,-3.702857057080076508e+00,1.366595000801617132e+01,1.390803230172684657e+01,1.386711685621073364e+01,1.386059016415913447e+01
1.385612900038170103e+01,1.385589952844027373e+01,1.385548132077192918e+01,1.385472508591773533e+01,-3.326921053011380280e+01,-2.569476413887960575e+01,-2.832847174524822265e+00,1.368401971835865893e+01,1.390781653367943704e+01,1.386705650709329163e+01,1.386056525795644134e+01
1.385613167087703879e+01,1.385590440918671540e+01,1.385549023133423674e+01,1.385474130184871022e+01,1.385342128284056784e+01,-1.180477423449146190e+00,-2.112334061682310526e-01,1.372391800094338521e+01,1.390549953287584728e+01,1.386677022224948530e+01,1.386045124789043115e+01
1.385614093763879850e+01,1.385592135126250213e+01,1.385552117018565355e+01,1.385479760239517688e+01,1.385352259049862411e+01,-8.305066118121777308e+00,3.209874611822209900e+00,1.376004349066794141e+01,1.390128441732608344e+01,1.386628829513128025e+01,1.386045756527182427e+01
1.385614203913728204e+01,1.385592336747455455e+01,1.385552486223063795e+01,1.385480437449252733e+01,1.385353507500153469e+01,6.599601834084895202e+00,7.985969116814121804e+00,1.381531700358195991e+01,1.389372354207636562e+01,1.386518499364583512e+01,1.386019162730901400e+01
1.385616242353055583e+01,1.385596063450136839e+01,1.385559291771538071e+01,1.385492820618092225e+01,1.385375777267891095e+01,1.050562482270628628e+01,1.139639650844167562e+01,1.384724531055735852e+01,1.388351352111086001e+01,1.386385095223619679e+01,1.385998114674758774e+01
1.385617934651691741e+01,1.385599157886009181e+01,1.385564944806739263e+01,1.385503114875908537e+01,1.385394324123015330e+01,1.257878177053015278e+01,1.297555890597560513e+01,1.386155592030221939e+01,1.387443280984064842e+01,1.386232861161770913e+01,1.385959363409641476e+01
1.385621133548998252e+01,1.385605007269050404e+01,1.385575630906706834e+01,1.385522576097756264e+01,1.385429398583594818e+01,1.339637133532116309e+01,1.356241512926598247e+01,1.386186542850795078e+01,1.386747853591122848e+01,1.386096310354443517e+01,1.385936993042844989e+01
