1.385622978770660296e+01,1.385608374793916298e+01,1.385581769368749505e+01,1.385533719857416024e+01,1.385449380873813396e+01,-1.695449092830519078e+01,-4.756133235638762002e-01,1.364730712325374462e+01,1.390931474910163246e+01,1.386716654917568725e+01,1.386061045281028470e+01
1.385612689694807464e+01,1.385589564522637218e+01,1.385547418577844248e+01,1.385471203913348504e+01,-6.381794541508890362e+00,-1.787855028219496134e+01,-4.357826832903839431e-01,1.364617729102906196e+01,1.390919051587428967e+01,1.386714296505987498e+01,1.386060139221747178e+01
1.385612738788504750e+01,1.385589654337170273e+01,1.385547582674401212e+01,1.385471502446236514e+01,-6.879681523244984831e+00,-1.768672887406361127e+01,-3.319733046118937825e-01,1.364823531643886767e+01,1.390896112648192862e+01,1.386709578937806420e+01,1.386058291653974450e+01
1.385612865122350712e+01,1.385589885260318077e+01,1.385548004231122832e+01,1.385472268824010911e+01,-6.663413273692462724e+00,-1.706117411384715155e+01,-6.052938602593282980e-02,1.365543073955433329e+01,1.390846003411059684e+01,1.386699021637074658e+01,1.386054135593525594e+01
1.385613165587600548e+01,1.385590434461517972e+01,1.385549006811288564e+01,1.385474091727431478e+01,1.385342025719615400e+01,-2.796182065199212197e+00,8.312253578639410279e-01,1.367995771198001798e+01,1.390766904187896458e+01,1.386703396970715829e+01,1.386055710649785766e+01
1.385613165181597140e+01,1.385590433907159991e+01,1.385549006471223521e+01,1.385474094823000968e+01,1.385342053020222686e+01,-5.602654289398394383e-01,1.696043932742949956e+00,1.371007728557837702e+01,1.390566488243707610e+01,1.386681778268786047e+01,1.386047083663431678e+01
1.385613879094802670e+01,1.385591739027461244e+01,1.385551389677914358e+01,1.385478431417064016e+01,1.385349856676387148e+01,2.382376465289739453e+00,4.621221881331234904e+00,1.376037930491147598e+01,1.390125700020682764e+01,1.386628286776191388e+01,1.386045537098628166e+01
1.385614210304527916e+01,1.385592344825409405e+01,1.385552497292387386e+01,1.385480454052398969e+01,1.385353535059627461e+01,6.671752583773118417e+00,8.341602088082288091e+00,1.380891279650327341e+01,1.389318363393649847e+01,1.386507338018449786e+01,1.386014491600565179e+01
1.385616427792546190e+01,1.385596398694277198e+01,1.385559899380607618e+01,1.385493917458011381e+01,1.385377717487210347e+01,1.055377088249995055e+01,1.149923089511608865e+01,1.384479546333506761e+01,1.388345218818209759e+01,1.386384262122515310e+01,1.385997801210857716e+01
1.385617881251545747e+01,1.385599056611972912e+01,1.385564755848508334e+01,1.385502765489674104e+01,1.385393681549703082e+01,1.258723823137962583e+01,1.299897710931772288e+01,1.385870044402853196e+01,1.387449570405918031e+01,1.386237735680049710e+01,1.385962320570603978e+01
1.385620684689435933e+01,1.385604183158307734e+01,1.385574122009778897e+01,1.385519823269127926e+01,1.385424416681420823e+01,1.341060576452260911e+01,1.356966240476665320e+01,1.386197677839962950e+01,1.386752862760434191e+01,1.386098311826415141e+01,1.385938283994066467e+01
