9.797496385217598913e+00,9.797114252668208678e+00,9.796416863213458726e+00,9.795150176346707482e+00,-4.926534853393828683e+01,-4.369800870308750973e+01,-2.453918346029345443e+01,2.547045655172753165e+00,9.874650850021192028e+00,9.814254173309105767e+00,9.803211435876896473e+00
9.797331708294100494e+00,9.796813062904423219e+00,9.795866432883165942e+00,-4.740281418608034869e+01,-4.848200089272245350e+01,-4.390356383158876952e+01,-2.432192172386564621e+01,2.563782599780461524e+00,9.874721991727774650e+00,9.814259667839774437e+00,9.803212790950597721e+00
9.797331824510392195e+00,9.796813257654687135e+00,9.795866776069502180e+00,-5.252347629009149443e+01,-5.098725750949711966e+01,-4.382558489567914251e+01,-2.420081200616202466e+01,2.599115324320264264e+00,9.876438768347762576e+00,9.814375622119976939e+00,9.803249632013487869e+00
9.797327786259476312e+00,9.796805870981945219e+00,9.795853271128883932e+00,-5.050559716127693122e+01,-5.065615353664527731e+01,-4.359568659090955833e+01,-2.433212751739356605e+01,2.680572586092589749e+00,9.877231219178398192e+00,9.814534805872360934e+00,9.803300632021109351e+00
9.797321910005889478e+00,9.796795133073427309e+00,9.795833655202725865e+00,-5.174157502687703669e+01,-4.984214888760398310e+01,-4.296577921496729147e+01,-2.417621975614310159e+01,2.872601862533204820e+00,9.878092052928957756e+00,9.814346723612146661e+00,9.803234411918060331e+00
9.797333902497621594e+00,9.796817074529236891e+00,9.795873760519004492e+00,-1.734755754473493639e+01,-4.762421252448018549e+01,-4.117346205766048683e+01,-2.313560892624778020e+01,3.242126533139970235e+00,9.878166287971367865e+00,9.814369612988921077e+00,9.803232115737557706e+00
9.797341206014229087e+00,9.796830439316503103e+00,9.795898204095243145e+00,-1.453053747103055038e+01,-4.212167262173907289e+01,-3.654646815161586204e+01,-2.048609281390345416e+01,3.934585055793457187e+00,9.876872896439973459e+00,9.814035533043682591e+00,9.803111729352250947e+00
9.797364838525609798e+00,9.796873659479940599e+00,9.795977201788772959e+00,-1.027519243871008214e+01,-3.081528473472443963e+01,-2.655304444391218510e+01,-1.420863184262477041e+01,5.118130710561247909e+00,9.872187131262810666e+00,9.813464850840116327e+00,9.803117990998856612e+00
9.797374022737047383e+00,9.796890467902937161e+00,9.796007958407541238e+00,-3.894034170588824395e+00,-1.462127925266486983e+01,-1.220799913568775708e+01,-4.950767174704707507e+00,6.796037337691013036e+00,9.861664051888125115e+00,9.812167180836834035e+00,9.802878083366888262e+00
9.797407234507485185e+00,9.796951216474269586e+00,9.796118997512550663e+00,-1.477998468001686661e+00,-1.318469075824898695e+00,-1.713201719632380104e-01,3.068478384079899257e+00,8.364708384781458506e+00,9.846541989846425480e+00,9.810288034648095845e+00,9.802410319154910567e+00
9.797463104549704482e+00,9.797053409384918865e+00,9.796305782522821914e+00,9.794948007591903760e+00,5.768411916676326356e+00,6.132798692636995952e+00,7.309821642205854175e+00,9.260445747286961904e+00,9.831772092194482227e+00,9.808103990978338516e+00,9.802159013008296284e+00
