1.385623756386216954e+01,1.385609800401301683e+01,1.385584377863233030e+01,1.385538478229119264e+01,1.385457992110458925e+01,-2.841080970796278038e+01,-4.550676355466952039e+00,1.366030669319478363e+01,1.390946066103591860e+01,1.386718160860083593e+01,1.386061514205091250e+01
1.385612756621603836e+01,1.385589690586073885e+01,1.385547653060599771e+01,1.385471637331962924e+01,-7.236467774901436556e+00,-2.948972211368802476e+01,-4.483006942779668158e+00,1.365453691790868085e+01,1.390896559008287525e+01,1.386708754364924090e+01,1.386057896299792702e+01
1.385612953993071095e+01,1.385590051418308377e+01,1.385548311792229192e+01,1.385472834173204681e+01,1.385339783361406063e+01,-2.817737312743307143e+01,-4.301323956384033309e+00,1.365619586326551271e+01,1.390853793564715346e+01,1.386700166050953165e+01,1.386054551488265218e+01
1.385613169028498426e+01,1.385590444503077734e+01,1.385549029511859942e+01,1.385474139249916803e+01,1.385342124276934683e+01,-2.656840850787265396e+01,-3.823362926525132544e+00,1.366566616290087843e+01,1.390821179603999092e+01,1.386715391981629963e+01,1.386060461337173777e+01
1.385612804938102194e+01,1.385589778774322056e+01,1.385547814115357568e+01,1.385471930379005912e+01,-3.279107617928458041e+01,-2.547738884079454991e+01,-2.671831344371092598e+00,1.368474240344646908e+01,1.390776771578387283e+01,1.386704793252104118e+01,1.386056203108882734e+01
1.385613178185773009e+01,1.385590461204855472e+01,1.385549060143505429e+01,1.385474197231424043e+01,1.385342246814690803e+01,-7.804929945624368148e-01,-9.359571131674737643e-02,1.372415069657052911e+01,1.390532780783043698e+01,1.386673667735169779e+01,1.386043837515510546e+01
1.385614160411619089e+01,1.385592256914483578e+01,1.385552339243904640e+01,1.385480163620223948e+01,1.385352978752565889e+01,3.081811379506316229e+00,3.683801021398792841e+00,1.376687723596623236e+01,1.390118660416805696e+01,1.386626067763417680e+01,1.386044570150412092e+01
1.385614322898851469e+01,1.385592554286581191e+01,1.385552883635141797e+01,1.385481161468973887e+01,1.385354814712985672e+01,7.000726854313680469e+00,8.049090410539971430e+00,1.381415477075141496e+01,1.389319088997310736e+01,1.386506574119459856e+01,1.386014076724313071e+01
1.385616526091877887e+01,1.385596582056061798e+01,1.385560238207562023e+01,1.385494539256265156e+01,1.385378848138557650e+01,1.060737269561137808e+01,1.148553034121293059e+01,1.385022485618664945e+01,1.388330131827985170e+01,1.386378439359307535e+01,1.385994831826951312e+01
1.385618210751346879e+01,1.385599662758350270e+01,1.385565866936667589e+01,1.385504793434389903e+01,1.385397346849695843e+01,1.220974441350396766e+01,1.298503031458395540e+01,1.386112520009372062e+01,1.387470744668884315e+01,1.386243992384529200e+01,1.385965607699748858e+01
1.385620551022607394e+01,1.385603942844226211e+01,1.385573688153884930e+01,1.385519042935843714e+01,1.385423042478211642e+01,1.343031404423827979e+01,1.357260077646142804e+01,1.386399251459723381e+01,1.386740648855015223e+01,1.386089725159417085e+01,1.385932179436276712e+01
