1.385623053088910872e+01,1.385608514355569554e+01,1.385582027770745839e+01,1.385534192412754706e+01,1.385450226192997292e+01,-2.846878890936062234e+01,-4.529121686570540817e+00,1.365633965468408562e+01,1.390935673361510361e+01,1.386716439208554164e+01,1.386060875742448673e+01
1.385612773308894674e+01,1.385589721030702393e+01,1.385547708603561290e+01,1.385471737942520321e+01,-3.899067475883794742e+01,-3.026104448208637621e+01,-4.473147959408531271e+00,1.365475502629876381e+01,1.390869725248341382e+01,1.386703208981466418e+01,1.386055724705505554e+01
1.385613103810203128e+01,1.385590325369195241e+01,1.385548812206785740e+01,1.385473744948756014e+01,1.385341420729416484e+01,-2.802374694853894610e+01,-4.211107530861416315e+00,1.365816752221191166e+01,1.390849889956526475e+01,1.386699196647063559e+01,1.386054159419472143e+01
1.385613206466246794e+01,1.385590513111409550e+01,1.385549155036886049e+01,1.385474368339687956e+01,1.385342539035933740e+01,-2.673712873432566184e+01,-3.702857057167535437e+00,1.366595000775486568e+01,1.390803230087588460e+01,1.386711685351624368e+01,1.386059015563986208e+01
1.385612900038363549e+01,1.385589952844202344e+01,1.385548132077309447e+01,1.385472508591705854e+01,-3.326921052869649031e+01,-2.569476413921417191e+01,-2.832847174580658489e+00,1.368401971809286266e+01,1.390781653283027275e+01,1.386705650440476134e+01,1.386056524945602497e+01
1.385613167087897324e+01,1.385590440918846511e+01,1.385549023133540558e+01,1.385474130184804231e+01,1.385342128283408414e+01,-1.180477423551069549e+00,-2.112334061872465085e-01,1.372391800068168166e+01,1.390549953202865119e+01,1.386677021956686495e+01,1.386045123940865054e+01
1.385614093764072763e+01,1.385592135126425006e+01,1.385552117018681884e+01,1.385479760239450897e+01,1.385352259049215462e+01,-8.305066117675664827e+00,3.209874611750294982e+00,1.376004349040891128e+01,1.390128441648073832e+01,1.386628829245402628e+01,1.386045755680671476e+01
1.385614203913920583e+01,1.385592336747629716e+01,1.385552486223179969e+01,1.385480437449185409e+01,1.385353507499506875e+01,6.599601833984401367e+00,7.985969116746717056e+00,1.381531700332021195e+01,1.389372354123246467e+01,1.386518499097331514e+01,1.386019161885868733e+01
1.385616242353247962e+01,1.385596063450310922e+01,1.385559291771654067e+01,1.385492820618025434e+01,1.385375777267245923e+01,1.050562482268052023e+01,1.139639650833735729e+01,1.384724531029406158e+01,1.388351352026835173e+01,1.386385094956757591e+01,1.385998113830905609e+01
1.385617934651883409e+01,1.385599157886182553e+01,1.385564944806854726e+01,1.385503114875840680e+01,1.385394324122369625e+01,1.257878177051404300e+01,1.297555890588746763e+01,1.386155592003949799e+01,1.387443280899913844e+01,1.386232860895215069e+01,1.385959362566715214e+01
1.385621133549189210e+01,1.385605007269223066e+01,1.385575630906821587e+01,1.385522576097688408e+01,1.385429398582950000e+01,1.339637133529173596e+01,1.356241512918037628e+01,1.386186542824510504e+01,1.386747853507062622e+01,1.386096310088147021e+01,1.385936992200666751e+01
