1.385623572412878346e+01,1.385609463072636061e+01,1.385583760481879168e+01,1.385537351370119374e+01,1.385455949642013529e+01,-2.395983147863314500e+01,-3.871730968513220184e+00,1.365080222014140432e+01,1.390939963343595664e+01,1.386717895508768983e+01,1.386061491703703297e+01
1.385612694020137781e+01,1.385589575354584646e+01,1.385547441585811868e+01,1.385471250278901501e+01,-7.201290757520359520e+00,-2.461540919917897341e+01,-3.743940506480440966e+00,1.364812799862148651e+01,1.390893049856287611e+01,1.386708617588850601e+01,1.386057889980327573e+01
1.385612916424294561e+01,1.385589981944934479e+01,1.385548183895810581e+01,1.385472599596272403e+01,-3.152178290576333808e+01,-2.473831671532187571e+01,-3.640914923188141472e+00,1.365311040009303412e+01,1.390886865880891321e+01,1.386707053849401383e+01,1.386057253958708557e+01
1.385612978497496783e+01,1.385590095484105433e+01,1.385548391359713349e+01,1.385472977618709578e+01,1.385340037916573763e+01,-2.222976401228425303e+01,-3.301590206179237263e+00,1.366014646801318122e+01,1.390834585007950608e+01,1.386696211127223677e+01,1.386052999244796524e+01
1.385613275305775005e+01,1.385590637926054924e+01,1.385549381483254372e+01,1.385474777424032133e+01,1.385343266502574977e+01,-2.022776312524450759e+01,-2.447757226714259993e+00,1.367711220490028445e+01,1.390767254330465974e+01,1.386703534833593388e+01,1.386055770511939222e+01
1.385613159850410803e+01,1.385590426926076191e+01,1.385548996491657014e+01,1.385474079211913079e+01,1.385342026156282103e+01,-1.059474230758900237e+00,-2.064615171860850751e-01,1.372074215267645059e+01,1.390542428764033644e+01,1.386675778648660540e+01,1.386044666701980965e+01
1.385614100569778628e+01,1.385592146782564527e+01,1.385552137351403523e+01,1.385479795776058332e+01,1.385352318923268911e+01,-7.995261833773760429e+00,2.756908095106872736e+00,1.375754624205378107e+01,1.390149408797608999e+01,1.386633418333412493e+01,1.386047633375872579e+01
1.385614082498941713e+01,1.385592113998095343e+01,1.385552078748267313e+01,1.385479696152253126e+01,1.385352179628117142e+01,1.834896355398592860e+00,7.425024463946535036e+00,1.380759727223988165e+01,1.389385623590162133e+01,1.386522760280252164e+01,1.386021104122287895e+01
1.385616033505419331e+01,1.385595680786745731e+01,1.385558591842356613e+01,1.385491544655410578e+01,1.385373473026124280e+01,1.030411623298369683e+01,1.113644290001694870e+01,1.385160406490320995e+01,1.388404941035589957e+01,1.386376255683116021e+01,1.385993651778537838e+01
1.385618387431734888e+01,1.385599984868875367e+01,1.385566454178090545e+01,1.385505862005429911e+01,1.385399278603112094e+01,1.201316288349328332e+01,1.284406442529062709e+01,1.386176761873642427e+01,1.387542618542030581e+01,1.386245335079189900e+01,1.385966219461692361e+01
1.385620599057808633e+01,1.385604029398799852e+01,1.385573844367856822e+01,1.385519324631980886e+01,1.385423551129711228e+01,1.335067384160251081e+01,1.352439528405660063e+01,1.386393417731306954e+01,1.386817055794093179e+01,1.386122028963037955e+01,1.385933301221070657e+01
