1.385623053088830225e+01,1.385608514355496723e+01,1.385582027770697344e+01,1.385534192412783483e+01,1.385450226193269785e+01,-2.846878890982492294e+01,-4.529121686534892000e+00,1.365633965479486633e+01,1.390935673396950811e+01,1.386716439320779415e+01,1.386060876097326222e+01
1.385612773308814027e+01,1.385589721030629562e+01,1.385547708603512795e+01,1.385471737942548742e+01,-3.899067475918515413e+01,-3.026104448195041030e+01,-4.473147959377573812e+00,1.365475502640943439e+01,1.390869725283719482e+01,1.386703209093490230e+01,1.386055725059745569e+01
1.385613103810122837e+01,1.385590325369122411e+01,1.385548812206737423e+01,1.385473744948784258e+01,1.385341420729686845e+01,-2.802374694871691219e+01,-4.211107530837230328e+00,1.365816752232153242e+01,1.390849889991840094e+01,1.386699196758886998e+01,1.386054159773080130e+01
1.385613206466166858e+01,1.385590513111337074e+01,1.385549155036837732e+01,1.385474368339716200e+01,1.385342539036204101e+01,-2.673712873473480300e+01,-3.702857057131600627e+00,1.366595000786307423e+01,1.390803230122839018e+01,1.386711685463250987e+01,1.386059015916970871e+01
1.385612900038283435e+01,1.385589952844129868e+01,1.385548132077261307e+01,1.385472508591734098e+01,-3.326921052928462075e+01,-2.569476413907475276e+01,-2.832847174557787895e+00,1.368401971820299323e+01,1.390781653318219568e+01,1.386705650551907709e+01,1.386056525297970055e+01
1.385613167087817210e+01,1.385590440918774036e+01,1.385549023133492241e+01,1.385474130184831942e+01,1.385342128283677354e+01,-1.180477423508565771e+00,-2.112334061797005447e-01,1.372391800079015312e+01,1.390549953237991865e+01,1.386677022067924270e+01,1.386045124292622077e+01
1.385614093763993004e+01,1.385592135126352886e+01,1.385552117018633744e+01,1.385479760239478608e+01,1.385352259049484047e+01,-8.305066117862391906e+00,3.209874611780046294e+00,1.376004349051631692e+01,1.390128441683138760e+01,1.386628829356464365e+01,1.386045756031881737e+01
1.385614203913840825e+01,1.385592336747557596e+01,1.385552486223131829e+01,1.385480437449213298e+01,1.385353507499775283e+01,6.599601834026314506e+00,7.985969116774636944e+00,1.381531700342880953e+01,1.389372354158264500e+01,1.386518499208237998e+01,1.386019162236593871e+01
1.385616242353168204e+01,1.385596063450238624e+01,1.385559291771606105e+01,1.385492820618053145e+01,1.385375777267513797e+01,1.050562482269126718e+01,1.139639650838070573e+01,1.384724531040333595e+01,1.388351352061806487e+01,1.386385095067535644e+01,1.385998114181243679e+01
1.385617934651804006e+01,1.385599157886110611e+01,1.385564944806806764e+01,1.385503114875868924e+01,1.385394324122637855e+01,1.257878177052075586e+01,1.297555890592408900e+01,1.386155592014856452e+01,1.387443280934852474e+01,1.386232861005892580e+01,1.385959362916748816e+01
1.385621133549109985e+01,1.385605007269151301e+01,1.385575630906774336e+01,1.385522576097716652e+01,1.385429398583217875e+01,1.339637133530398927e+01,1.356241512921593717e+01,1.386186542835424795e+01,1.386747853541970699e+01,1.386096310198739090e+01,1.385936992550454150e+01
