9.797491258482667220e+00,9.797104385197354048e+00,9.796398290533735675e+00,9.795115530748132571e+00,-5.768497339771872134e+01,-4.943925704044626457e+01,-2.626963851422850382e+01,2.558865647476915584e+00,9.875056980158122499e+00,9.814228988847766288e+00,9.803198506415141011e+00
9.797336271928870133e+00,9.796820981233056003e+00,9.795880456790287738e+00,-5.950764018184516146e+01,-5.858493530495164947e+01,-4.946188553183781522e+01,-2.651201019861935038e+01,2.571081496604767480e+00,9.875623940394071099e+00,9.814116423061776118e+00,9.803162285374503071e+00
9.797340524275156781e+00,9.796828731190855066e+00,9.795894590814938852e+00,-5.917014609191282659e+01,-5.823649251272259164e+01,-4.919521102640198507e+01,-2.637866276901013407e+01,2.606621154386029815e+00,9.877245201633231275e+00,9.814429101928782373e+00,9.803261875427558891e+00
9.797329473063475902e+00,9.796808533104778505e+00,9.795857692956138507e+00,-5.814912234566889992e+01,-5.730946835367711145e+01,-4.851996299281422864e+01,-2.603627732261337258e+01,2.688950718026356324e+00,9.877694291664939286e+00,9.814498020115557608e+00,9.803283011795086210e+00
9.797327730049323335e+00,9.796805353883122791e+00,9.795851890887961488e+00,-5.592247983308467951e+01,-5.486685545600933267e+01,-4.653071170418686364e+01,-2.514537493348871777e+01,2.890389558222224320e+00,9.878088229940427567e+00,9.814453787914283467e+00,9.803263386600475471e+00
9.797333973866521717e+00,9.796816775165428481e+00,9.795872769390392421e+00,-1.791406538702927165e+01,-4.889820142038529127e+01,-4.188725300462470358e+01,-2.255345125836505815e+01,3.308926338094527075e+00,9.877886090718833501e+00,9.814211620416104509e+00,9.803176900663963522e+00
9.797350437473850704e+00,9.796846884033074687e+00,9.795927801194105555e+00,-1.414413674618507599e+01,-3.838864186243490906e+01,-3.274091999264567221e+01,-1.757979281818914075e+01,4.111568989007279740e+00,9.875660981707467201e+00,9.813987808079076558e+00,9.803094913617359296e+00
9.797367392330484037e+00,9.796877888709365934e+00,9.795984472394538400e+00,-8.548555134718995419e+00,-2.242271876994815472e+01,-1.915848837297076912e+01,-9.597006691135632650e+00,5.486732125214093259e+00,9.869100286406585099e+00,9.813165694852031606e+00,9.803024000627639012e+00
9.797380123121810058e+00,9.796901164524657091e+00,9.796027016400426390e+00,-1.292521515583185732e+00,-7.158529267262348839e+00,-5.435890568674210499e+00,-6.898709072774931172e-01,7.277876454191352096e+00,9.856169200518278828e+00,9.811695558273902051e+00,9.802730814091615841e+00
9.797411506179598106e+00,9.796958560201121102e+00,9.796131909242765445e+00,4.922025789748931679e+00,2.866566234786260825e+00,3.541728127480387567e+00,5.417766108238879497e+00,8.702102419529467170e+00,9.840456985456603078e+00,9.809728644990197921e+00,9.802421468346478761e+00
9.797446868690860455e+00,9.797023258219400788e+00,9.796250223690337933e+00,8.007960159025437008e+00,7.368213575210909916e+00,7.601154097637815354e+00,8.251082178446679904e+00,9.407845387720314534e+00,9.826246251608139914e+00,9.807355546495260867e+00,9.802067138155353021e+00
