1.385623395241535682e+01,1.385609139745286811e+01,1.385583169062116937e+01,1.385536264933796602e+01,1.385453930513579124e+01,-2.779828416593580798e+01,-4.486410663942245414e+00,1.365629357465850191e+01,1.390929112792112399e+01,1.386715184743832729e+01,1.386060391941592940e+01
1.385612800609330009e+01,1.385589771170753792e+01,1.385547800273105779e+01,1.385471904622503914e+01,-7.598854904478937300e+00,-2.903161352323541422e+01,-4.400463064678420189e+00,1.365287827724484870e+01,1.390902113012493047e+01,1.386710035720852652e+01,1.386058410059840540e+01
1.385612909997575315e+01,1.385589971151214250e+01,1.385548165387652020e+01,1.385472568143525329e+01,-3.726077372001348209e+01,-2.907350854437948939e+01,-4.343439524548982966e+00,1.365719918773253561e+01,1.390868793537710602e+01,1.386702960412963037e+01,1.386055621078208411e+01
1.385613114794076495e+01,1.385590345449697125e+01,1.385548848767308172e+01,1.385473811131031852e+01,1.385341539201705174e+01,-2.624537575139769530e+01,-3.833672447177026932e+00,1.366686380195324624e+01,1.390834284283483591e+01,1.386695526582530391e+01,1.386052680652074010e+01
1.385613337525525779e+01,1.385590752442691809e+01,1.385549591603900055e+01,1.385475161656517074e+01,1.385343964286743912e+01,-2.305514050701829021e+01,-2.812926170537690673e+00,1.368298063910142659e+01,1.390779804175345191e+01,1.386705525197087141e+01,1.386056497368896601e+01
1.385613151979231183e+01,1.385590413231581941e+01,1.385548972465067052e+01,1.385474037645277789e+01,1.385341959930106626e+01,-9.822492744622874916e-01,-3.273289781936075116e-01,1.372432097634105652e+01,1.390548077633259183e+01,1.386676608536241950e+01,1.386044960755106814e+01
1.385614105237338478e+01,1.385592155740250320e+01,1.385552154318715878e+01,1.385479827896570626e+01,1.385352381170445568e+01,-7.998907625560613965e+00,3.126360927376370391e+00,1.375840278192242927e+01,1.390131450139616121e+01,1.386629669495508210e+01,1.386046115369239118e+01
1.385614168238885568e+01,1.385592271573798051e+01,1.385552367217964331e+01,1.385480220823168196e+01,1.385353117311050930e+01,6.570569521155285919e+00,7.797298124355428683e+00,1.381548913277970492e+01,1.389377438217602645e+01,1.386519433528111023e+01,1.386019539777954179e+01
1.385616237261567818e+01,1.385596054234834895e+01,1.385559275094741238e+01,1.385492791031689563e+01,1.385375728753718860e+01,1.036591092916417622e+01,1.123004909567608145e+01,1.384632136682826520e+01,1.388412361441607956e+01,1.386380212869702078e+01,1.385995759300060115e+01
1.385618092150520653e+01,1.385599445710841593e+01,1.385565469899405855e+01,1.385504068282933510e+01,1.385396030442193016e+01,1.246534354430164981e+01,1.290539230795669212e+01,1.386110977126569743e+01,1.387475751715970773e+01,1.386244052637668567e+01,1.385965446271679724e+01
1.385620712755539330e+01,1.385604238091656271e+01,1.385574226525105601e+01,1.385520022107579408e+01,1.385424813975730984e+01,1.335873851695281367e+01,1.353771487143179186e+01,1.386204040491579370e+01,1.386798979225185136e+01,1.386117517355805617e+01,1.385930958499469412e+01
