1.385623395241496425e+01,1.385609139745249685e+01,1.385583169062086739e+01,1.385536264933787720e+01,1.385453930513638454e+01,-2.779828416592081197e+01,-4.486410663938390719e+00,1.365629357469009619e+01,1.390929112802068879e+01,1.386715184775394860e+01,1.386060392041451372e+01
1.385612800609290929e+01,1.385589771170717022e+01,1.385547800273075580e+01,1.385471904622495209e+01,-7.598854904438827162e+00,-2.903161352323132860e+01,-4.400463064661073176e+00,1.365287827727554770e+01,1.390902113022435493e+01,1.386710035752377124e+01,1.386058410159581200e+01
1.385612909997536057e+01,1.385589971151177124e+01,1.385548165387621822e+01,1.385472568143516980e+01,-3.726077372017543610e+01,-2.907350854436590737e+01,-4.343439524539681962e+00,1.365719918776368402e+01,1.390868793547643989e+01,1.386702960444450916e+01,1.386055621177831831e+01
1.385613114794037415e+01,1.385590345449660177e+01,1.385548848767277974e+01,1.385473811131023325e+01,1.385341539201764505e+01,-2.624537575144257318e+01,-3.833672447170015651e+00,1.366686380198392570e+01,1.390834284293403833e+01,1.386695526613981144e+01,1.386052680751580901e+01
1.385613337525486699e+01,1.385590752442654860e+01,1.385549591603870034e+01,1.385475161656508547e+01,1.385343964286803597e+01,-2.305514050713163599e+01,-2.812926170528428749e+00,1.368298063913146834e+01,1.390779804185252111e+01,1.386705525228500946e+01,1.386056497468288562e+01
1.385613151979192281e+01,1.385590413231545170e+01,1.385548972465036854e+01,1.385474037645269263e+01,1.385341959930166134e+01,-9.822492744297308676e-01,-3.273289781869945791e-01,1.372432097637188519e+01,1.390548077643157043e+01,1.386676608567620761e+01,1.386044960854385621e+01
1.385614105237299398e+01,1.385592155740213371e+01,1.385552154318685680e+01,1.385479827896562099e+01,1.385352381170504898e+01,-7.998907625623454365e+00,3.126360927379803201e+00,1.375840278195270727e+01,1.390131450149501191e+01,1.386629669526853803e+01,1.386046115468415962e+01
1.385614168238846489e+01,1.385592271573761280e+01,1.385552367217934133e+01,1.385480220823159314e+01,1.385353117311110083e+01,6.570569521159384863e+00,7.797298124329882896e+00,1.381548913281060109e+01,1.389377438227488426e+01,1.386519433559429793e+01,1.386019539877041140e+01
1.385616237261528916e+01,1.385596054234797947e+01,1.385559275094711040e+01,1.385492791031680682e+01,1.385375728753777480e+01,1.036591092913484147e+01,1.123004909569227294e+01,1.384632136685931059e+01,1.388412361451484323e+01,1.386380212900996867e+01,1.385995759399074601e+01
1.385618092150481573e+01,1.385599445710804822e+01,1.385565469899375657e+01,1.385504068282924450e+01,1.385396030442251813e+01,1.246534354430447245e+01,1.290539230796562364e+01,1.386110977129670729e+01,1.387475751725837192e+01,1.386244052668943638e+01,1.385965446370636300e+01
1.385620712755500428e+01,1.385604238091619500e+01,1.385574226525075403e+01,1.385520022107570881e+01,1.385424813975789959e+01,1.335873851695489911e+01,1.353771487144118346e+01,1.386204040494692080e+01,1.386798979235049245e+01,1.386117517387065945e+01,1.385930958598379448e+01
