9.797501880169781074e+00,9.797123847518289352e+00,9.796433913776221303e+00,9.795180655653659585e+00,-5.199094373966798344e+01,-4.947499392855941380e+01,-2.653602379809899858e+01,2.554730752345102829e+00,9.874894003569600898e+00,9.814220249010777053e+00,9.803196774213338571e+00
9.797335690530468710e+00,9.796819928366430119e+00,9.795878546962127231e+00,-5.946029244772066846e+01,-5.862626430081446216e+01,-4.948569176194516928e+01,-2.648673818263539204e+01,2.570858395599735058e+00,9.875527294469454986e+00,9.814317115804918501e+00,9.803226386914252188e+00
9.797333312242381353e+00,9.796815579638124660e+00,9.795870603531596998e+00,-5.919981234548077964e+01,-5.828975438503589146e+01,-4.923780082889556553e+01,-2.635793361652213918e+01,2.606770009163430490e+00,9.877460600776542421e+00,9.814467393441548282e+00,9.803273926300356322e+00
9.797328276141518799e+00,9.796806384508316867e+00,9.795853810126956773e+00,-5.822466797149219531e+01,-5.738665983713799790e+01,-4.855048544312310099e+01,-2.598517765436366744e+01,2.689931401171765657e+00,9.877896968305543979e+00,9.814530595708200522e+00,9.803293092852703339e+00
9.797326869748715694e+00,9.796803827204374926e+00,9.795849149762036134e+00,-5.624804943829217052e+01,-5.501009021269299382e+01,-4.664222329258693378e+01,-2.515226228534957542e+01,2.881772260074296543e+00,9.878526943973865215e+00,9.814517943113127529e+00,9.803282885472286878e+00
9.797332532687303086e+00,9.796814181872591121e+00,9.795868077608702151e+00,-1.809362095035002937e+01,-4.920864514529105804e+01,-4.216135231346233070e+01,-2.270491373999434259e+01,3.276533032434583159e+00,9.877963940799901366e+00,9.814221665035628206e+00,9.803179865541963522e+00
9.797350315586447422e+00,9.796846701611150010e+00,9.795927511180144265e+00,-1.435969996001396254e+01,-3.920939801278769465e+01,-3.349504906273739380e+01,-1.797934726764403379e+01,4.071284677844068334e+00,9.875947635477972497e+00,9.813993675808964312e+00,9.803094435505235182e+00
9.797369209259249700e+00,9.796881255841686453e+00,9.795990676140887032e+00,-8.918552118708950260e+00,-2.350908451287507361e+01,-2.009880423317335385e+01,-1.014625782957266864e+01,5.469583150409278893e+00,9.869441636362290993e+00,9.813143811687076834e+00,9.803012306553725352e+00
9.797384721819486941e+00,9.796909616444414937e+00,9.796042511987518964e+00,-1.419440537837603600e+00,-7.836097216989376335e+00,-6.042963357248407164e+00,-1.010146001195895593e+00,7.300543857633401856e+00,9.856537078090639170e+00,9.811619129385144689e+00,9.802696388205347944e+00
9.797421257047032483e+00,9.796976432577016780e+00,9.796164621631659131e+00,4.867574925223477678e+00,2.595884879329204420e+00,3.310844255894534349e+00,5.306127487687329669e+00,8.728623288550634740e+00,9.840598898258546612e+00,9.809579461220577556e+00,9.802354933480323496e+00
9.797461847489490339e+00,9.797050690829291142e+00,9.796300402229643822e+00,7.233007841185571607e+00,7.279709154596701204e+00,7.525717006047604407e+00,8.211570306939581343e+00,9.419903128428311234e+00,9.826716513757698834e+00,9.807332259871314406e+00,9.802045823732894902e+00
