1.385623395241348632e+01,1.385609139745109886e+01,1.385583169061972342e+01,1.385536264933754325e+01,1.385453930513861209e+01,-2.779828416585987227e+01,-4.486410663924490727e+00,1.365629357480885275e+01,1.390929112839452486e+01,1.386715184893881947e+01,1.386060392416237974e+01
1.385612800609143491e+01,1.385589771170577933e+01,1.385547800272962071e+01,1.385471904622463057e+01,-7.598854904292165813e+00,-2.903161352321598088e+01,-4.400463064596398688e+00,1.365287827739077819e+01,1.390902113059735967e+01,1.386710035870627422e+01,1.386058410533622620e+01
1.385612909997388975e+01,1.385589971151038213e+01,1.385548165387508490e+01,1.385472568143484295e+01,-3.726077372077583760e+01,-2.907350854431503606e+01,-4.343439524504765892e+00,1.365719918788047593e+01,1.390868793584879626e+01,1.386702960562467624e+01,1.386055621551130557e+01
1.385613114793890333e+01,1.385590345449521266e+01,1.385548848767164642e+01,1.385473811130990640e+01,1.385341539201987082e+01,-2.624537575160585945e+01,-3.833672447143737116e+00,1.366686380209889862e+01,1.390834284330560777e+01,1.386695526731764261e+01,1.386052681124143149e+01
1.385613337525340150e+01,1.385590752442516305e+01,1.385549591603756880e+01,1.385475161656476217e+01,1.385343964287026175e+01,-2.305514050755220978e+01,-2.812926170493788902e+00,1.368298063924395258e+01,1.390779804222329119e+01,1.386705525346054202e+01,1.386056497840127477e+01
1.385613151979045909e+01,1.385590413231406792e+01,1.385548972464924233e+01,1.385474037645236756e+01,1.385341959930388178e+01,-9.822492743088311329e-01,-3.273289781621016026e-01,1.372432097648719207e+01,1.390548077680172057e+01,1.386676608684948597e+01,1.386044961225508132e+01
1.385614105237153026e+01,1.385592155740074993e+01,1.385552154318572704e+01,1.385479827896529414e+01,1.385352381170726055e+01,-7.998907625855643744e+00,3.126360927392834554e+00,1.375840278206588785e+01,1.390131450186441242e+01,1.386629669643975404e+01,1.386046115838898629e+01
1.385614168238700472e+01,1.385592271573623258e+01,1.385552367217821512e+01,1.385480220823126984e+01,1.385353117311331417e+01,6.570569521174533634e+00,7.797298124235679140e+00,1.381548913292600744e+01,1.389377438264407694e+01,1.386519433676376423e+01,1.386019540246956439e+01
1.385616237261382899e+01,1.385596054234659746e+01,1.385559275094598064e+01,1.385492791031647108e+01,1.385375728753996150e+01,1.036591092902614264e+01,1.123004909575242749e+01,1.384632136697521787e+01,1.388412361488348168e+01,1.386380213017793039e+01,1.385995759768532665e+01
1.385618092150335912e+01,1.385599445710666799e+01,1.385565469899262858e+01,1.385504068282891055e+01,1.385396030442470128e+01,1.246534354431485347e+01,1.290539230799889125e+01,1.386110977141243339e+01,1.387475751762647747e+01,1.386244052785617953e+01,1.385965446739733054e+01
1.385620712755355655e+01,1.385604238091482543e+01,1.385574226524963493e+01,1.385520022107538551e+01,1.385424813976009695e+01,1.335873851696259074e+01,1.353771487147619723e+01,1.386204040506303947e+01,1.386798979271838839e+01,1.386117517503645935e+01,1.385930958967182214e+01
