1.385623756384849870e+01,1.385609800400033009e+01,1.385584377862277172e+01,1.385538478229153370e+01,1.385457992113625458e+01,-2.841080970894381608e+01,-4.550676355174074317e+00,1.366030669463871305e+01,1.390946066559015826e+01,1.386718162301420421e+01,1.386061518756925182e+01
1.385612756620247055e+01,1.385589690584815514e+01,1.385547653059652973e+01,1.385471637332000938e+01,-7.236467773877528487e+00,-2.948972211379062713e+01,-4.483006942091058988e+00,1.365453691931856639e+01,1.390896559460655801e+01,1.386708755796809101e+01,1.386057900821860756e+01
1.385612953991722662e+01,1.385590051417058177e+01,1.385548311791288256e+01,1.385472834173242873e+01,1.385339783364538135e+01,-2.817737312780950276e+01,-4.301323955651999320e+00,1.365619586465284918e+01,1.390853794014123856e+01,1.386700167473566481e+01,1.386054555981114333e+01
1.385613169027158875e+01,1.385590444501835705e+01,1.385549029510925401e+01,1.385474139249954817e+01,1.385342124280046860e+01,-2.656840851040359297e+01,-3.823362925858840633e+00,1.366566616427400227e+01,1.390821180050520134e+01,1.386715393395166629e+01,1.386060465801410757e+01
1.385612804936770459e+01,1.385589778773086955e+01,1.385547814114428178e+01,1.385471930379042860e+01,-3.279107618261696189e+01,-2.547738884055835129e+01,-2.671831344032520761e+00,1.368474240483811677e+01,1.390776772022161367e+01,1.386704794656747808e+01,1.386056207545049546e+01
1.385613178184449445e+01,1.385590461203627655e+01,1.385549060142581546e+01,1.385474197231459925e+01,1.385342246817761591e+01,-7.804929938011981871e-01,-9.359571093425689270e-02,1.372415069796457487e+01,1.390532781224099779e+01,1.386673669131109854e+01,1.386043841924217190e+01
1.385614160410301032e+01,1.385592256913260911e+01,1.385552339242983422e+01,1.385480163620256278e+01,1.385352978755613407e+01,3.081811379417061403e+00,3.683801021868324810e+00,1.376687723734758961e+01,1.390118660855299382e+01,1.386626069151381202e+01,1.386044574534282781e+01
1.385614322897540163e+01,1.385592554285364386e+01,1.385552883634225019e+01,1.385481161469004974e+01,1.385354814716015426e+01,7.000726854196717142e+00,8.049090410970498155e+00,1.381415477212526710e+01,1.389319089433613641e+01,1.386506575500603766e+01,1.386014081086981165e+01
1.385616526090573331e+01,1.385596582054851211e+01,1.385560238206649686e+01,1.385494539256296420e+01,1.385378848141572661e+01,1.060737269571428065e+01,1.148553034164123510e+01,1.385022485755402322e+01,1.388330132262458605e+01,1.386378440734849704e+01,1.385994836172546840e+01
1.385618210750048185e+01,1.385599662757145722e+01,1.385565866935759871e+01,1.385504793434421877e+01,1.385397346852699485e+01,1.220974441371319941e+01,1.298503031500752769e+01,1.386112520145828242e+01,1.387470745101936132e+01,1.386243993755610759e+01,1.385965612031825245e+01
1.385620551021313318e+01,1.385603942843025571e+01,1.385573688152980054e+01,1.385519042935875156e+01,1.385423042481205158e+01,1.343031404435783926e+01,1.357260077688247613e+01,1.386399251595623738e+01,1.386740649286847393e+01,1.386089726526816257e+01,1.385932183757603831e+01
