1.385622978770444647e+01,1.385608374793706687e+01,1.385581769368559080e+01,1.385533719857285817e+01,1.385449380873874858e+01,-1.695449092805052871e+01,-4.756133235435100470e-01,1.364730712334218055e+01,1.390931474938030732e+01,1.386716655006116206e+01,1.386061045561331539e+01
1.385612689694593058e+01,1.385589564522429207e+01,1.385547418577655421e+01,1.385471203913220428e+01,-6.381794541571373713e+00,-1.787855028224178255e+01,-4.357826832536983996e-01,1.364617729111719413e+01,1.390919051615242097e+01,1.386714296594358409e+01,1.386060139501491051e+01
1.385612738788290699e+01,1.385589654336962795e+01,1.385547582674212563e+01,1.385471502446108438e+01,-6.879681523280190447e+00,-1.768672887415781858e+01,-3.319733045652648595e-01,1.364823531652656996e+01,1.390896112675951102e+01,1.386709579026002181e+01,1.386058291933163922e+01
1.385612865122137194e+01,1.385589885260110776e+01,1.385548004230934716e+01,1.385472268823882835e+01,-6.663413273727382347e+00,-1.706117411395554129e+01,-6.052938597596257964e-02,1.365543073964156306e+01,1.390846003438762502e+01,1.386699021725096870e+01,1.386054135872166171e+01
1.385613165587387741e+01,1.385590434461310849e+01,1.385549006811100625e+01,1.385474091727303581e+01,1.385342025719677927e+01,-2.796182065206018752e+00,8.312253579243860102e-01,1.367995771206810218e+01,1.390766904215546518e+01,1.386703397058564846e+01,1.386055710927877804e+01
1.385613165181384332e+01,1.385590433906953223e+01,1.385549006471035938e+01,1.385474094822873248e+01,1.385342053020285391e+01,-5.602654289658928199e-01,1.696043932767096862e+00,1.371007728566343253e+01,1.390566488271294432e+01,1.386681778356465600e+01,1.386047083940993119e+01
1.385613879094590395e+01,1.385591739027254654e+01,1.385551389677726952e+01,1.385478431416936829e+01,1.385349856676449676e+01,2.382376465290760414e+00,4.621221881361259776e+00,1.376037930499767725e+01,1.390125700048223401e+01,1.386628286863715154e+01,1.386045537375700576e+01
1.385614210304315641e+01,1.385592344825203170e+01,1.385552497292200513e+01,1.385480454052271604e+01,1.385353535059689811e+01,6.671752583765441003e+00,8.341602088108469815e+00,1.380891279658902704e+01,1.389318363421146785e+01,1.386507338105838016e+01,1.386014491877214638e+01
1.385616427792334271e+01,1.385596398694071318e+01,1.385559899380420568e+01,1.385493917457884550e+01,1.385377717487272342e+01,1.055377088250113360e+01,1.149923089513993091e+01,1.384479546342105039e+01,1.388345218845674722e+01,1.386384262209792695e+01,1.385997801487166825e+01
1.385617881251333827e+01,1.385599056611767210e+01,1.385564755848321283e+01,1.385502765489547272e+01,1.385393681549764722e+01,1.258723823138246090e+01,1.299897710934142481e+01,1.385870044411458579e+01,1.387449570433360257e+01,1.386237735767238988e+01,1.385962320846641660e+01
1.385620684689224547e+01,1.385604183158102032e+01,1.385574122009592024e+01,1.385519823269000383e+01,1.385424416681482285e+01,1.341060576452652953e+01,1.356966240479254893e+01,1.386197677848590892e+01,1.386752862787863982e+01,1.386098311913534253e+01,1.385938284269887077e+01
