1.385623572412880122e+01,1.385609463072637837e+01,1.385583760481880589e+01,1.385537351370120085e+01,1.385455949642012285e+01,-2.395983147863438489e+01,-3.871730968513596771e+00,1.365080222014046463e+01,1.390939963343295993e+01,1.386717895507817566e+01,1.386061491700691128e+01
1.385612694020139557e+01,1.385589575354586422e+01,1.385547441585813466e+01,1.385471250278902211e+01,-7.201290757520943941e+00,-2.461540919917675652e+01,-3.743940506480893937e+00,1.364812799862055037e+01,1.390893049855988117e+01,1.386708617587899539e+01,1.386057889977316648e+01
1.385612916424296337e+01,1.385589981944936255e+01,1.385548183895812002e+01,1.385472599596273113e+01,-3.152178290575729847e+01,-2.473831671532098397e+01,-3.640914923188500296e+00,1.365311040009209798e+01,1.390886865880591827e+01,1.386707053848450855e+01,1.386057253955699053e+01
1.385612978497498560e+01,1.385590095484107387e+01,1.385548391359714948e+01,1.385472977618710466e+01,1.385340037916572697e+01,-2.222976401227955279e+01,-3.301590206179739084e+00,1.366014646801225751e+01,1.390834585007651292e+01,1.386696211126273504e+01,1.386052999241788442e+01
1.385613275305776604e+01,1.385590637926056523e+01,1.385549381483255971e+01,1.385474777424032844e+01,1.385343266502573911e+01,-2.022776312524014486e+01,-2.447757226714831091e+00,1.367711220489936430e+01,1.390767254330166836e+01,1.386703534832643747e+01,1.386055770508932383e+01
1.385613159850412579e+01,1.385590426926077967e+01,1.385548996491658613e+01,1.385474079211913967e+01,1.385342026156280681e+01,-1.059474230759826607e+00,-2.064615171862400622e-01,1.372074215267551800e+01,1.390542428763734684e+01,1.386675778647711255e+01,1.386044666698975369e+01
1.385614100569780405e+01,1.385592146782566303e+01,1.385552137351405122e+01,1.385479795776059220e+01,1.385352318923267667e+01,-7.995261833772385529e+00,2.756908095106509471e+00,1.375754624205284671e+01,1.390149408797310215e+01,1.386633418332463563e+01,1.386047633372868226e+01
1.385614082498943489e+01,1.385592113998097119e+01,1.385552078748268912e+01,1.385479696152254014e+01,1.385352179628116076e+01,1.834896355399048495e+00,7.425024463946226838e+00,1.380759727223895084e+01,1.389385623589863350e+01,1.386522760279303590e+01,1.386021104119284608e+01
1.385616033505421107e+01,1.385595680786747508e+01,1.385558591842358034e+01,1.385491544655411644e+01,1.385373473026123037e+01,1.030411623298359203e+01,1.113644290001666626e+01,1.385160406490227736e+01,1.388404941035291174e+01,1.386376255682167624e+01,1.385993651775535440e+01
1.385618387431736664e+01,1.385599984868876788e+01,1.385566454178092144e+01,1.385505862005430622e+01,1.385399278603110851e+01,1.201316288349309502e+01,1.284406442529034820e+01,1.386176761873548813e+01,1.387542618541731976e+01,1.386245335078242036e+01,1.385966219458690674e+01
1.385620599057810409e+01,1.385604029398801451e+01,1.385573844367858243e+01,1.385519324631981775e+01,1.385423551129709985e+01,1.335067384160243797e+01,1.352439528405631819e+01,1.386393417731213518e+01,1.386817055793794573e+01,1.386122028962089914e+01,1.385933301218069502e+01
