1.385622978770616243e+01,1.385608374793873487e+01,1.385581769368710603e+01,1.385533719857389556e+01,1.385449380873825831e+01,-1.695449092825375104e+01,-4.756133235596997633e-01,1.364730712327180129e+01,1.390931474915856114e+01,1.386716654935660742e+01,1.386061045338316333e+01
1.385612689694763766e+01,1.385589564522594763e+01,1.385547418577805701e+01,1.385471203913322569e+01,-6.381794541521475850e+00,-1.787855028220455011e+01,-4.357826832828788355e-01,1.364617729104707600e+01,1.390919051593116151e+01,1.386714296524059975e+01,1.386060139278974113e+01
1.385612738788461051e+01,1.385589654337127996e+01,1.385547582674362666e+01,1.385471502446210579e+01,-6.879681523252008546e+00,-1.768672887408283145e+01,-3.319733046023547463e-01,1.364823531645681065e+01,1.390896112653873828e+01,1.386709578955860067e+01,1.386058291711140811e+01
1.385612865122307014e+01,1.385589885260275622e+01,1.385548004231084462e+01,1.385472268823984621e+01,-6.663413273699429595e+00,-1.706117411386926364e+01,-6.052938601571655752e-02,1.365543073957219633e+01,1.390846003416734611e+01,1.386699021655109298e+01,1.386054135650632269e+01
1.385613165587557205e+01,1.385590434461475695e+01,1.385549006811250194e+01,1.385474091727405366e+01,1.385342025719628367e+01,-2.796182065200526701e+00,8.312253578762618389e-01,1.367995771199806931e+01,1.390766904193565701e+01,1.386703396988731640e+01,1.386055710706832400e+01
1.385613165181553619e+01,1.385590433907117713e+01,1.385549006471185152e+01,1.385474094822974678e+01,1.385342053020235653e+01,-5.602654289450852421e-01,1.696043932747907101e+00,1.371007728559582972e+01,1.390566488249369215e+01,1.386681778286783029e+01,1.386047083720420048e+01
1.385613879094759326e+01,1.385591739027418967e+01,1.385551389677875989e+01,1.385478431417038081e+01,1.385349856676400115e+01,2.382376465289971712e+00,4.621221881337386428e+00,1.376037930492917738e+01,1.390125700026339572e+01,1.386628286794171672e+01,1.386045537155562712e+01
1.385614210304484395e+01,1.385592344825367128e+01,1.385552497292349372e+01,1.385480454052372856e+01,1.385353535059640429e+01,6.671752583771562328e+00,8.341602088087668676e+00,1.380891279652089665e+01,1.389318363399301859e+01,1.386507338036415149e+01,1.386014491657453362e+01
1.385616427792502847e+01,1.385596398694234921e+01,1.385559899380569249e+01,1.385493917457985624e+01,1.385377717487223137e+01,1.055377088250020634e+01,1.149923089512099672e+01,1.384479546335274591e+01,1.388345218823858573e+01,1.386384262140468238e+01,1.385997801267708418e+01
1.385617881251502226e+01,1.385599056611930635e+01,1.385564755848469964e+01,1.385502765489648169e+01,1.385393681549715694e+01,1.258723823138021913e+01,1.299897710932260608e+01,1.385870044404623691e+01,1.387449570411565247e+01,1.386237735697993045e+01,1.385962320627424837e+01
1.385620684689392412e+01,1.385604183158265457e+01,1.385574122009740350e+01,1.385519823269101636e+01,1.385424416681433613e+01,1.341060576452342623e+01,1.356966240477198582e+01,1.386197677841738773e+01,1.386752862766081051e+01,1.386098311844351372e+01,1.385938284050863700e+01
