1.385623395241551492e+01,1.385609139745301732e+01,1.385583169062129016e+01,1.385536264933799977e+01,1.385453930513555321e+01,-2.779828416594171614e+01,-4.486410663943789068e+00,1.365629357464589688e+01,1.390929112788139577e+01,1.386715184731238892e+01,1.386060391901744282e+01
1.385612800609345641e+01,1.385589771170768714e+01,1.385547800273117858e+01,1.385471904622507289e+01,-7.598854904495067508e+00,-2.903161352323704847e+01,-4.400463064685324888e+00,1.365287827723259539e+01,1.390902113008525021e+01,1.386710035708270894e+01,1.386058410020029186e+01
1.385612909997590947e+01,1.385589971151228994e+01,1.385548165387663921e+01,1.385472568143528704e+01,-3.726077371994861664e+01,-2.907350854438494281e+01,-4.343439524552713316e+00,1.365719918772010111e+01,1.390868793533745240e+01,1.386702960400392826e+01,1.386055621038434538e+01
1.385613114794092127e+01,1.385590345449712046e+01,1.385548848767320251e+01,1.385473811131035404e+01,1.385341539201681371e+01,-2.624537575137963330e+01,-3.833672447179830023e+00,1.366686380194099826e+01,1.390834284279522670e+01,1.386695526569971904e+01,1.386052680612337262e+01
1.385613337525541411e+01,1.385590752442706552e+01,1.385549591603911956e+01,1.385475161656520449e+01,1.385343964286720464e+01,-2.305514050697293627e+01,-2.812926170541404147e+00,1.368298063908942730e+01,1.390779804171388712e+01,1.386705525184540022e+01,1.386056497329196091e+01
1.385613151979246815e+01,1.385590413231596685e+01,1.385548972465079132e+01,1.385474037645281165e+01,1.385341959930082822e+01,-9.822492744753041904e-01,-3.273289781962289702e-01,1.372432097632874459e+01,1.390548077629305013e+01,1.386676608523706378e+01,1.386044960715442897e+01
1.385614105237354110e+01,1.385592155740264886e+01,1.385552154318727958e+01,1.385479827896574001e+01,1.385352381170422120e+01,-7.998907625535442989e+00,3.126360927374991050e+00,1.375840278191033406e+01,1.390131450135666213e+01,1.386629669482983118e+01,1.386046115329607531e+01
1.385614168238901200e+01,1.385592271573812795e+01,1.385552367217976055e+01,1.385480220823171393e+01,1.385353117311027304e+01,6.570569521153639236e+00,7.797298124365600103e+00,1.381548913276735924e+01,1.389377438213652027e+01,1.386519433515594457e+01,1.386019539738351014e+01
1.385616237261583450e+01,1.385596054234849461e+01,1.385559275094753318e+01,1.385492791031693116e+01,1.385375728753695412e+01,1.036591092917587176e+01,1.123004909566960841e+01,1.384632136681585557e+01,1.388412361437660536e+01,1.386380212857192973e+01,1.385995759260480398e+01
1.385618092150536107e+01,1.385599445710856337e+01,1.385565469899417934e+01,1.385504068282936885e+01,1.385396030442169568e+01,1.246534354430052893e+01,1.290539230795311809e+01,1.386110977125330024e+01,1.387475751712026728e+01,1.386244052625166034e+01,1.385965446232118481e+01
1.385620712755554607e+01,1.385604238091670837e+01,1.385574226525117325e+01,1.385520022107582960e+01,1.385424813975707181e+01,1.335873851695197523e+01,1.353771487142803309e+01,1.386204040490334854e+01,1.386798979221241623e+01,1.386117517343307526e+01,1.385930958459922735e+01
