1.385623453272533112e+01,1.385609245535100520e+01,1.385583364931942008e+01,1.385536641415565384e+01,1.385454729047422973e+01,-2.913739929237672399e+01,-4.523442720220351099e+00,1.365783860571710662e+01,1.390928504045097647e+01,1.386714827476410328e+01,1.386060232109332802e+01
1.385612825364342804e+01,1.385589815228368593e+01,1.385547879569396201e+01,1.385472047766225856e+01,-3.937696931441750792e+01,-3.048506954475616837e+01,-4.453784437299113996e+00,1.365538637388008070e+01,1.390883762887016317e+01,1.386705999268109579e+01,1.386056808728526590e+01
1.385613034930530318e+01,1.385590198469703438e+01,1.385548579547961623e+01,1.385473321025562399e+01,1.385340659871266311e+01,-2.834960772871608725e+01,-4.181177861304776755e+00,1.365852586949715075e+01,1.390835561142180588e+01,1.386696241991660727e+01,1.386053000906141541e+01
1.385613285351887392e+01,1.385590656346131766e+01,1.385549415516905469e+01,1.385474840786971562e+01,1.385343385185539589e+01,-2.702316803382340993e+01,-3.692670463603725750e+00,1.366657337144462581e+01,1.390813237090817012e+01,1.386713672795385754e+01,1.386059783951931124e+01
1.385612853933814748e+01,1.385589867666068287e+01,1.385547975668698228e+01,1.385472223461554719e+01,-3.343513730209259194e+01,-2.571524271108334148e+01,-2.780974966217895528e+00,1.368378735133131130e+01,1.390784221744634053e+01,1.386706211945182510e+01,1.386056746250074667e+01
1.385613149550237111e+01,1.385590407883519148e+01,1.385548961837591619e+01,1.385474017704987304e+01,1.385341925144395248e+01,-1.136945142509878437e+00,-1.130866073533631777e-01,1.372377179348317711e+01,1.390543300709842001e+01,1.386675675888260351e+01,1.386044603125317209e+01
1.385614123166923051e+01,1.385592187888651416e+01,1.385552212336910394e+01,1.385479932388023272e+01,1.385352565867813190e+01,-7.760738587492561180e+00,3.525527448284222487e+00,1.375717687395337663e+01,1.390103391055201243e+01,1.386624246804069926e+01,1.386043959437090223e+01
1.385614255753708157e+01,1.385592430437274380e+01,1.385552655919696718e+01,1.385480742788884534e+01,1.385354040840072187e+01,7.117061010280465894e+00,8.302814984081706484e+00,1.381800735835434679e+01,1.389293151854930386e+01,1.386521667022072890e+01,1.386020541697991426e+01
1.385616141263569290e+01,1.385595877761181782e+01,1.385558952008913991e+01,1.385492202505836090e+01,1.385374668745545179e+01,1.082555487338133737e+01,1.159231570756894492e+01,1.385175384018080535e+01,1.388278948252622946e+01,1.386363834701402808e+01,1.385987762449635419e+01
1.385618703649380379e+01,1.385600562779186262e+01,1.385567509150455123e+01,1.385507778718795535e+01,1.385402704684810615e+01,1.227914803756079465e+01,1.302923936648065606e+01,1.386300299671214020e+01,1.387413501309946895e+01,1.386222962947392290e+01,1.385954025305798609e+01
1.385621467973649779e+01,1.385605618023264540e+01,1.385576745708680946e+01,1.385524603793463072e+01,1.385433039070535699e+01,1.344472375924898699e+01,1.358774259893153591e+01,1.386394920925198271e+01,1.386719403641331994e+01,1.386100313735629896e+01,1.385938938347564431e+01
