9.797494704128816068e+00,9.797110709382318205e+00,9.796409865814451834e+00,9.795136618571556042e+00,-5.504250748137521043e+01,-4.789829019473020111e+01,-2.559838274865295560e+01,2.552276478933917847e+00,9.874554780993229031e+00,9.814297323772972703e+00,9.803227905373022466e+00
9.797327403348049302e+00,9.796804783115772963e+00,9.795850869884271006e+00,-5.238473557916547207e+01,-5.467744408577807746e+01,-4.816086485176148102e+01,-2.553067974167468179e+01,2.569142527127457498e+00,9.874903258067805112e+00,9.814117629775664042e+00,9.803169088955529631e+00
9.797335069338791058e+00,9.796818786123271394e+00,9.795876442210456503e+00,-5.417093049569636065e+01,-5.490637834662529571e+01,-4.798500745365550557e+01,-2.549358729196836393e+01,2.604449297658711249e+00,9.876164977412811297e+00,9.814376066120304998e+00,9.803252092730733835e+00
9.797325344825479121e+00,9.796801007538087802e+00,9.795843957514126288e+00,-1.955375136226869159e+01,-5.303044439944743971e+01,-4.684292399741440249e+01,-2.512250862255984529e+01,2.684649514837172735e+00,9.876759999869696216e+00,9.814477372065327998e+00,9.803283753007690393e+00
9.797322276166408273e+00,9.796795398134731769e+00,9.795833709924108845e+00,-1.898331845137734319e+01,-5.040356834887028015e+01,-4.496449680740702348e+01,-2.463542536431387120e+01,2.899918040419154686e+00,9.877592303326526491e+00,9.814471004112931496e+00,9.803274052287056506e+00
9.797328983566430338e+00,9.796807661974911596e+00,9.795856126759733939e+00,-1.750547140622986220e+01,-4.809436112332556235e+01,-4.159542778282222741e+01,-2.237406926765772752e+01,3.320931962709776197e+00,9.877309409952113484e+00,9.814229420611731314e+00,9.803188488110007981e+00
9.797344807958287660e+00,9.796836607077135994e+00,9.795909034291016226e+00,-1.353886558071465274e+01,-3.644629958419714910e+01,-3.261174074592783967e+01,-1.769683441243912370e+01,4.134685667437548062e+00,9.875329713544960697e+00,9.813982830437868898e+00,9.803096112900012926e+00
9.797365212295881420e+00,9.796873912469052925e+00,9.795977215590733422e+00,-8.684382136081595149e+00,-2.265120745041051009e+01,-1.929449784093723963e+01,-9.455163456132034128e+00,5.490351643540310356e+00,9.868852324310248392e+00,9.813208550039098199e+00,9.803042719810997951e+00
9.797374738407681249e+00,9.796891340087038103e+00,9.796009084677727685e+00,-1.303560739291370396e+00,-7.158670070700710042e+00,-5.487526095779514890e+00,-6.234158979225039587e-01,7.268472719255079539e+00,9.855985978702035410e+00,9.811722766206298019e+00,9.802743659463445169e+00
9.797407556322905720e+00,9.796951356762324536e+00,9.796118765451607757e+00,4.899992938973486645e+00,2.853844361050227985e+00,3.511599160475278758e+00,5.439144880396078463e+00,8.694822873173473354e+00,9.840450847779589338e+00,9.809777867448778110e+00,9.802442822380006859e+00
9.797442461923061785e+00,9.797015226813506672e+00,9.796235576105766896e+00,8.010322610714993630e+00,7.357349169783485188e+00,7.589333146291613375e+00,8.253665495007149744e+00,9.404405244226685667e+00,9.826502530178487405e+00,9.807251796016423384e+00,9.802023838597657246e+00
