5.542534227161401361e+01,5.542510753420259562e+01,5.542467940411721372e+01,5.542390337523483623e+01,6.061610791781879115e+00,1.093083881144604241e+01,2.656195802561868646e+01,5.154252114364154380e+01,5.550649608340259533e+01,5.544031396669674194e+01,5.543055993583344332e+01
5.542518226835943551e+01,5.542481500083269452e+01,5.542414505188382634e+01,5.542293008248151409e+01,2.059331498367258817e+01,1.129796214334722571e+01,2.667111677308648865e+01,5.155287323973877989e+01,5.550598868936241104e+01,5.544022124043596023e+01,5.543052876690794761e+01
5.542518509054515619e+01,5.542482016121137889e+01,5.542415447833177922e+01,5.542294724903806724e+01,2.020968377265129590e+01,1.160750035044845418e+01,2.688215805878475351e+01,5.158621960422964037e+01,5.550608634467168656e+01,5.544023451069335806e+01,5.543053294699463862e+01
5.542518492083397064e+01,5.542481985064875971e+01,5.542415391083483911e+01,5.542294621742395577e+01,2.079486161472730643e+01,1.239642048211545955e+01,2.736557021186954586e+01,5.167812548135336215e+01,5.550643802501434720e+01,5.544028314260708612e+01,5.543054835532947067e+01
5.542518422982672632e+01,5.542481858726949184e+01,5.542415160438550004e+01,5.542294202943530479e+01,2.302345129998811757e+01,1.415526787207908299e+01,2.849044760206967908e+01,5.188798775117322748e+01,5.550622729708040026e+01,5.544020524489681634e+01,5.543051980640551335e+01
5.542518858766386103e+01,5.542482655511528833e+01,5.542416616220199899e+01,5.542296857159418266e+01,2.744308815209725694e+01,1.860484377161956360e+01,3.149171145712346487e+01,5.230415263513398827e+01,5.550415604957811411e+01,5.543998820667640359e+01,5.543044272398174144e+01
5.542519866756396851e+01,5.542484498566498274e+01,5.542419983723966936e+01,5.542302996181010144e+01,3.390111480041614556e+01,2.850056067339735577e+01,3.787755332515899198e+01,5.309931806538435950e+01,5.549678391329845084e+01,5.543926968792444399e+01,5.543040080696778915e+01
5.542520367993737551e+01,5.542485415259596948e+01,5.542421659230160458e+01,5.542306052234260960e+01,4.375028832438104587e+01,4.385358904874890840e+01,4.578066578130328423e+01,5.414364064419899591e+01,5.548337343892332996e+01,5.543790120387142650e+01,5.543011502675899749e+01
5.542523078964395467e+01,5.542490372207412719e+01,5.542430715027973065e+01,5.542322549028622802e+01,5.066056749598044462e+01,5.053406565130370609e+01,5.147428344757287988e+01,5.490288994644016185e+01,5.546714936122378958e+01,5.543573465778897713e+01,5.542968383081643680e+01
5.542527132954932512e+01,5.542497785297408086e+01,5.542444259509855442e+01,5.542347227765588968e+01,5.371101979048891906e+01,5.366319533798792207e+01,5.403989499807117625e+01,5.525049875147934131e+01,5.545374510546729141e+01,5.543383993919343311e+01,5.542926830830263896e+01
5.542531215326282279e+01,5.542505252292844631e+01,5.542457909558190465e+01,5.542372124508385411e+01,5.484165270722104424e+01,5.473985537983790550e+01,5.497693667972153264e+01,5.537318009560172527e+01,5.544379606238634040e+01,5.543206555600957586e+01,5.542898977228123414e+01
