1.385623756385531635e+01,1.385609800400665925e+01,1.385584377862755190e+01,1.385538478229141113e+01,1.385457992112061909e+01,-2.841080970843690068e+01,-4.550676355315150801e+00,1.366030669392374364e+01,1.390946066333804865e+01,1.386718161589043952e+01,1.386061516509115954e+01
1.385612756620921893e+01,1.385589690585441502e+01,1.385547653060125128e+01,1.385471637331986905e+01,-7.236467774359979899e+00,-2.948972211372468877e+01,-4.483006942428081842e+00,1.365453691862245122e+01,1.390896559237588015e+01,1.386708755091101963e+01,1.386057898595046822e+01
1.385612953992391461e+01,1.385590051417678481e+01,1.385548311791756504e+01,1.385472834173229018e+01,1.385339783363000521e+01,-2.817737312762824331e+01,-4.301323956009553307e+00,1.365619586396970142e+01,1.390853793793135473e+01,1.386700166774387988e+01,1.386054553774863329e+01
1.385613169027821634e+01,1.385590444502450680e+01,1.385549029511389207e+01,1.385474139249940961e+01,1.385342124278523279e+01,-2.656840850917834018e+01,-3.823362926184725730e+00,1.366566616359976649e+01,1.390821179831560173e+01,1.386715392702365790e+01,1.386060463615250882e+01
1.385612804937427534e+01,1.385589778773696779e+01,1.385547814114887899e+01,1.385471930379029715e+01,-3.279107618100545096e+01,-2.547738884066410492e+01,-2.671831344200569447e+00,1.368474240415688747e+01,1.390776771805142964e+01,1.386704793970184468e+01,1.386056205378557493e+01
1.385613178185100836e+01,1.385590461204232149e+01,1.385549060143037714e+01,1.385474197231447491e+01,1.385342246816266787e+01,-7.804929941676348459e-01,-9.359571112443543228e-02,1.372415069728408099e+01,1.390532781008993624e+01,1.386673668450636931e+01,1.386043839776923114e+01
1.385614160410947981e+01,1.385592256913861320e+01,1.385552339243437103e+01,1.385480163620245619e+01,1.385352978754134057e+01,3.081811379461909084e+00,3.683801021635852102e+00,1.376687723667495078e+01,1.390118660641977932e+01,1.386626068476475737e+01,1.386044572404314579e+01
1.385614322898182138e+01,1.385592554285960532e+01,1.385552883634675325e+01,1.385481161468995026e+01,1.385354814714548510e+01,7.000726854254708087e+00,8.049090410761202463e+00,1.381415477145799109e+01,1.389319089221818615e+01,1.386506574830450056e+01,1.386014078971777330e+01
1.385616526091210510e+01,1.385596582055443093e+01,1.385560238207096972e+01,1.385494539256286117e+01,1.385378848140115693e+01,1.060737269566528695e+01,1.148553034143361806e+01,1.385022485689105309e+01,1.388330132051934385e+01,1.386378440068592433e+01,1.385994834069212800e+01
1.385618210750681278e+01,1.385599662757733341e+01,1.385565866936203960e+01,1.385504793434411042e+01,1.385397346851250333e+01,1.220974441360998242e+01,1.298503031480252723e+01,1.386112520079783295e+01,1.387470744892409868e+01,1.386243993092455362e+01,1.385965609937880139e+01
1.385620551021943214e+01,1.385603942843610525e+01,1.385573688153421656e+01,1.385519042935864320e+01,1.385423042479762579e+01,1.343031404430033859e+01,1.357260077667897136e+01,1.386399251529935839e+01,1.386740649078167209e+01,1.386089725866217393e+01,1.385932181671116581e+01
