5.542535292169240790e+01,5.542512700340693499e+01,5.542471495848159435e+01,5.542396808598877556e+01,5.542264122260704085e+01,2.100673684425306220e+01,2.542885019711164674e+01,5.155638969787701598e+01,5.550626472046177895e+01,5.544026773906502825e+01,5.543054419516198550e+01
5.542518387544122049e+01,5.542481793974177151e+01,5.542415042095373678e+01,5.542293986342676249e+01,2.072526387471055287e+01,4.676561620467188263e+00,2.556926175982485461e+01,5.156554514580803072e+01,5.550608121971333730e+01,5.544023047690660633e+01,5.543053144559205947e+01
5.542518519770546703e+01,5.542482035724017919e+01,5.542415483714637503e+01,5.542294790860869824e+01,2.040307783948492570e+01,5.253922561389248180e+00,2.585236421298487386e+01,5.159969453656829330e+01,5.550650778135644714e+01,5.544030180397956542e+01,5.543055502954597102e+01
5.542518335662498430e+01,5.542481699049066890e+01,5.542414868792862137e+01,5.542293671706129032e+01,2.117216535170894787e+01,6.961414336056884977e+00,2.670273318105920168e+01,5.168965191509326473e+01,5.550664429674495182e+01,5.544031365485489005e+01,5.543055822059238835e+01
5.542518365980323836e+01,5.542481754440757413e+01,5.542414970010912612e+01,5.542293856867077295e+01,2.326633343718491886e+01,1.108439844033092214e+01,2.867627530896458410e+01,5.189961681422547457e+01,5.550613736145514565e+01,5.544018357978966094e+01,5.543051224334455185e+01
5.542518951229398283e+01,5.542482824582899070e+01,5.542416925101814229e+01,5.542297420048082301e+01,2.701476098331790254e+01,1.880302280376418622e+01,3.265239003301892495e+01,5.230203658255653920e+01,5.550453310668160611e+01,5.544004432237696278e+01,5.543046079977035134e+01
5.542519765481138450e+01,5.542484313432816379e+01,5.542419645781281190e+01,5.542302382222456458e+01,3.324633644518699782e+01,3.005368364374282208e+01,3.896683549636668431e+01,5.302761957414748650e+01,5.549772562014891264e+01,5.543943100925582712e+01,5.543025305180834295e+01
5.542521763501092380e+01,5.542487966449995440e+01,5.542426318611589409e+01,5.542314535622140426e+01,4.300605940494115487e+01,4.291618958754976632e+01,4.614114119343750531e+01,5.403660717288463644e+01,5.548491275508028764e+01,5.543799410164318431e+01,5.543014879927331151e+01
5.542522799366933128e+01,5.542489860807055635e+01,5.542429780610993362e+01,5.542320846952921443e+01,4.994940817424961210e+01,5.003175689002144111e+01,5.147440026547187841e+01,5.483256226119630838e+01,5.546876830425109262e+01,5.543592797771945158e+01,5.542976300373733523e+01
5.542526324559162276e+01,5.542496306912539694e+01,5.542441558152341941e+01,5.542342304665591257e+01,5.352487216048665175e+01,5.347337746676107173e+01,5.401917858254387284e+01,5.521754914668424874e+01,5.545486241221954771e+01,5.543401367478574571e+01,5.542935093297676019e+01
5.542530081764037675e+01,5.542503179099804811e+01,5.542454120310895860e+01,5.542365212390863860e+01,5.478747599584319516e+01,5.477387407433649713e+01,5.496171875156308317e+01,5.536579811240822835e+01,5.544253631811635330e+01,5.543182657611117747e+01,5.542886484392892044e+01
