1.385623424602139941e+01,1.385609207143507859e+01,1.385583308918349132e+01,1.385536552843471725e+01,1.385454577837899848e+01,-2.912114357545613430e+01,-4.329705357902239982e+00,1.366043748198836738e+01,1.390927912720177417e+01,1.386714475627059073e+01,1.386060080570375597e+01
1.385612862554916624e+01,1.385589896227874007e+01,1.385548041134670427e+01,1.385472355614134443e+01,-3.962405241815046253e+01,-3.078224112586357109e+01,-4.210135894046062255e+00,1.365644989660457931e+01,1.390879044692978717e+01,1.386704940864384739e+01,1.386056391940567423e+01
1.385613081148507497e+01,1.385590295888837531e+01,1.385548770958794762e+01,1.385473682674087215e+01,1.385341319549965533e+01,-2.838051440776362710e+01,-4.084860309822840208e+00,1.366022453296851324e+01,1.390847610528952671e+01,1.386698505464987363e+01,1.386053874198737290e+01
1.385613251392942402e+01,1.385590607132407115e+01,1.385549339198166408e+01,1.385474715755241704e+01,1.385343172685840862e+01,-2.752895865837848888e+01,-3.599704410024917145e+00,1.366791444311810722e+01,1.390807899402620507e+01,1.386712452942165896e+01,1.386059302148647987e+01
1.385612904886635022e+01,1.385589973197184399e+01,1.385548181380106492e+01,1.385472610442679020e+01,-3.502260886950636376e+01,-2.717803011263108104e+01,-2.935853164517012281e+00,1.368689486733921079e+01,1.390781156035024679e+01,1.386705279449269312e+01,1.386056361383666768e+01
1.385613205945304216e+01,1.385590523275815045e+01,1.385549185512721948e+01,1.385474437675755155e+01,1.385342690550034206e+01,-1.079102612829174301e+00,-1.267408735274863751e+00,1.371952690755499304e+01,1.390586430615769231e+01,1.386684846504264357e+01,1.386048191024897314e+01
1.385613895190664380e+01,1.385591783574721525e+01,1.385551487168001472e+01,1.385478626579909189e+01,1.385350231423824141e+01,2.255422488108373091e+00,2.358252091109553916e+00,1.377380867112614915e+01,1.390168505190875692e+01,1.386635373210705779e+01,1.386048241205674714e+01
1.385614209161787080e+01,1.385592357974139865e+01,1.385552537951101115e+01,1.385480548866994965e+01,1.385353747741556418e+01,-1.407736977774167286e+00,6.845914672832984493e+00,1.381495456424778112e+01,1.389422114977467260e+01,1.386529574114346097e+01,1.386023881408013736e+01
1.385615996123237537e+01,1.385595625703381373e+01,1.385558505578654298e+01,1.385491405298835943e+01,1.385373257120210866e+01,7.366054360746284502e+00,1.072092164237770184e+01,1.385092555294454542e+01,1.388463086133572588e+01,1.386391810367565114e+01,1.386001128721546394e+01
1.385617922076019681e+01,1.385599147345748072e+01,1.385564938827777226e+01,1.385503120611871886e+01,1.385394372040570055e+01,1.157843489379101420e+01,1.271029148062306469e+01,1.386690470013581233e+01,1.387579001222682429e+01,1.386252475235071202e+01,1.385969539641999049e+01
1.385620823218238229e+01,1.385604453140389580e+01,1.385574633596375627e+01,1.385520784740914380e+01,1.385426255764847880e+01,1.310974789412131969e+01,1.347538928778897471e+01,1.386641311299669610e+01,1.386900882835042204e+01,1.386132778852233827e+01,1.385939581866761117e+01
