1.385622978769162117e+01,1.385608374792458974e+01,1.385581769367422211e+01,1.385533719856502088e+01,1.385449380874210945e+01,-1.695449092642316913e+01,-4.756133234308768110e-01,1.364730712385915723e+01,1.390931475100296844e+01,1.386716655520941188e+01,1.386061047187000739e+01
1.385612689693328292e+01,1.385589564521199080e+01,1.385547418576536316e+01,1.385471203912452864e+01,-6.381794541978923263e+00,-1.787855028250674394e+01,-4.357826830438724652e-01,1.364617729162811699e+01,1.390919051775899540e+01,1.386714297104076010e+01,1.386060141111069299e+01
1.385612738787037657e+01,1.385589654335744214e+01,1.385547582673103761e+01,1.385471502445347625e+01,-6.879681523523235143e+00,-1.768672887471245758e+01,-3.319733042968679992e-01,1.364823531703088477e+01,1.390896112835033094e+01,1.386709579530724668e+01,1.386058293527004892e+01
1.385612865120895165e+01,1.385589885258903209e+01,1.385548004229835684e+01,1.385472268823128417e+01,-6.663413273967506711e+00,-1.706117411459456790e+01,-6.052938568856047752e-02,1.365543074013912417e+01,1.390846003596301372e+01,1.386699022224938993e+01,1.386054137450632950e+01
1.385613165586156725e+01,1.385590434460113585e+01,1.385549006810011186e+01,1.385474091726555557e+01,1.385342025720009396e+01,-2.796182065264591898e+00,8.312253582809836505e-01,1.367995771256707904e+01,1.390766904371573176e+01,1.386703397553597483e+01,1.386055712491186576e+01
1.385613165180164330e+01,1.385590433905766794e+01,1.385549006469956090e+01,1.385474094822131264e+01,1.385342053020612596e+01,-5.602654291340045667e-01,1.696043932902057350e+00,1.371007728614050691e+01,1.390566488425805503e+01,1.386681778846900315e+01,1.386047085489845543e+01
1.385613879093380518e+01,1.385591739026078351e+01,1.385551389676656697e+01,1.385478431416201417e+01,1.385349856676774394e+01,2.382376465290687584e+00,4.621221881531655917e+00,1.376037930547827060e+01,1.390125700201411618e+01,1.386628287349920186e+01,1.386045538911380781e+01
1.385614210303115534e+01,1.385592344824036104e+01,1.385552497291138252e+01,1.385480454051541699e+01,1.385353535060010444e+01,6.671752583715528928e+00,8.341602088253424085e+00,1.380891279706387564e+01,1.389318363573173798e+01,1.386507338588417326e+01,1.386014493401630787e+01
1.385616427791143224e+01,1.385596398692912956e+01,1.385559899379366477e+01,1.385493917457160151e+01,1.385377717487591198e+01,1.055377088250463302e+01,1.149923089526964937e+01,1.384479546389476212e+01,1.388345218996765773e+01,1.386384262689424851e+01,1.385997803002597095e+01
1.385617881250150596e+01,1.385599056610616486e+01,1.385564755847273943e+01,1.385502765488827492e+01,1.385393681550081624e+01,1.258723823139564502e+01,1.299897710947014673e+01,1.385870044458664907e+01,1.387449570583716962e+01,1.386237736244519425e+01,1.385962322354938792e+01
1.385620684688047888e+01,1.385604183156957703e+01,1.385574122008550368e+01,1.385519823268284334e+01,1.385424416681796700e+01,1.341060576454602682e+01,1.356966240493390075e+01,1.386197677895752989e+01,1.386752862937643371e+01,1.386098312388871889e+01,1.385938285772455103e+01
