5.542535418827642957e+01,5.542512933302296574e+01,5.542471924605003153e+01,5.542397602901597509e+01,5.542265627722810706e+01,1.950999986176009671e+01,2.639380619571343800e+01,5.359787584418602080e+01,5.550782406862393259e+01,5.543967287062338301e+01,5.543045083077119273e+01
5.542526827762421249e+01,5.542497231525530310e+01,5.542443272343614069e+01,5.542345583554885025e+01,7.970125985948911307e+00,1.124180054832424958e+01,2.638321416647287165e+01,5.355779677172512265e+01,5.550808812045576701e+01,5.543973014251019293e+01,5.543026766803124161e+01
5.542528124519181887e+01,5.542499602395119496e+01,5.542447601094227139e+01,5.542353454851036076e+01,8.748059818954791567e+00,1.129286914491880545e+01,2.643393360371531742e+01,5.159855493847516783e+01,5.550680831296053697e+01,5.544035390884219794e+01,5.543057235849255449e+01
5.542518192994235449e+01,5.542481439400643239e+01,5.542414395779610459e+01,5.542292811723912394e+01,2.196483817628752888e+01,5.271997456516979597e+00,2.622871743731945315e+01,5.169708123629001761e+01,5.550669149934957147e+01,5.544031154081496737e+01,5.543055686049178377e+01
5.542518428475999315e+01,5.542481870700115110e+01,5.542415184452436705e+01,5.542294250210994733e+01,2.307078818292339761e+01,9.837528033042350017e+00,2.804021468164961561e+01,5.190013259018455472e+01,5.550676315752656365e+01,5.544027758418526730e+01,5.543054263609900545e+01
5.542518768392719863e+01,5.542482492225063595e+01,5.542416320281553510e+01,5.542296322796696018e+01,2.675626991845649272e+01,1.695877695432707810e+01,3.156341160901985887e+01,5.227462561364865223e+01,5.550512543819465350e+01,5.544012804091066471e+01,5.543048738316102231e+01
5.542519643695194986e+01,5.542484092694718356e+01,5.542419244925344657e+01,5.542301656979866209e+01,3.234063487143181703e+01,2.802634733652727306e+01,3.771504854318949640e+01,5.295226329273877042e+01,5.549904985438885774e+01,5.543942416934482509e+01,5.543045192230789553e+01
5.542520142723527954e+01,5.542485005258316733e+01,5.542420912893022944e+01,5.542304700085244917e+01,4.194520832736225202e+01,4.189012321490867663e+01,4.517016133854856719e+01,5.394458411202839443e+01,5.548688497451882995e+01,5.543814793646198780e+01,5.543020322046555748e+01
5.542522460347827007e+01,5.542489242721488552e+01,5.542428653851877129e+01,5.542318800194151152e+01,4.947444490655281157e+01,4.938989162771464692e+01,5.096760179736156715e+01,5.477625883053067923e+01,5.547078397486876611e+01,5.543638386549953623e+01,5.542974229713298229e+01
5.542526644055309504e+01,5.542496892387816132e+01,5.542442628687243200e+01,5.542344255470393932e+01,5.320333728646787108e+01,5.322647293117290701e+01,5.382014475945518939e+01,5.519688049483544035e+01,5.545645244649337968e+01,5.543421230588353410e+01,5.542943628882126461e+01
5.542529554241528444e+01,5.542502215656433862e+01,5.542452361431658403e+01,5.542362012223165380e+01,5.467768948917807847e+01,5.467977726223490009e+01,5.489352618151318097e+01,5.536210159765689554e+01,5.544351157869995461e+01,5.543190946731998281e+01,5.542890235359613627e+01
