5.542535418827803539e+01,5.542512933302454314e+01,5.542471924605144551e+01,5.542397602901669984e+01,5.542265627722640886e+01,1.950999986316710633e+01,2.639380622158447665e+01,5.359787581449094773e+01,5.550782406788970746e+01,5.543967286931663807e+01,5.543045082676833601e+01
5.542526827762573305e+01,5.542497231525682366e+01,5.542443272343756178e+01,5.542345583554970290e+01,7.970126222860957732e+00,1.124180098129198058e+01,2.638321430013112234e+01,5.355779657150937112e+01,5.550808811763319994e+01,5.543973014094670049e+01,5.543026766399054850e+01
5.542528124519512289e+01,5.542499602395599823e+01,5.542447601094966103e+01,5.542353454852193551e+01,8.748061617896347286e+00,1.129287291459401743e+01,2.643393555669851480e+01,5.159855486451328943e+01,5.550680831177209740e+01,5.544035390751470516e+01,5.543057235456983278e+01
5.542518192994394610e+01,5.542481439400803822e+01,5.542414395779763225e+01,5.542292811724014712e+01,2.196483872201438459e+01,5.271986409585677436e+00,2.622871374215040063e+01,5.169708130380140432e+01,5.550669149939885472e+01,5.544031153962245639e+01,5.543055685665218135e+01
5.542518428476331138e+01,5.542481870700591884e+01,5.542415184453168564e+01,5.542294250212155760e+01,2.307078733837329310e+01,9.837522901387341534e+00,2.804021452351230437e+01,5.190013264069143872e+01,5.550676315768422597e+01,5.544027758304184772e+01,5.543054263231912415e+01
5.542518768392869788e+01,5.542482492225207835e+01,5.542416320281677145e+01,5.542296322796754282e+01,2.675626969713722048e+01,1.695877666789378679e+01,3.156341176568050955e+01,5.227462564042136250e+01,5.550512543817507094e+01,5.544012803976563930e+01,5.543048737942188353e+01
5.542519643695310094e+01,5.542484092694800779e+01,5.542419244925358157e+01,5.542301656979722679e+01,3.234063480373725952e+01,2.802634757748533190e+01,3.771504863931230034e+01,5.295226330410418569e+01,5.549904985418536540e+01,5.543942416818992314e+01,5.543045191860301202e+01
5.542520142723654430e+01,5.542485005258425446e+01,5.542420912893085472e+01,5.542304700085192337e+01,4.194520831037779374e+01,4.189012318619751341e+01,4.517016133313725845e+01,5.394458411167290990e+01,5.548688497413247234e+01,5.543814793529382712e+01,5.543020321678819329e+01
5.542522460347970537e+01,5.542489242721627818e+01,5.542428653852000053e+01,5.542318800194209416e+01,4.947444490968366182e+01,4.938989163291330442e+01,5.096760179538668467e+01,5.477625883041999799e+01,5.547078397449723752e+01,5.543638386434232501e+01,5.542974229348500614e+01
5.542526644055449481e+01,5.542496892387950425e+01,5.542442628687356887e+01,5.542344255470435854e+01,5.320333728710888010e+01,5.322647293214777164e+01,5.382014475897324246e+01,5.519688049470067170e+01,5.545645244612493485e+01,5.543421230473379069e+01,5.542943628519566346e+01
5.542529554241667000e+01,5.542502215656566023e+01,5.542452361431770669e+01,5.542362012223207302e+01,5.467768948941900931e+01,5.467977726251220361e+01,5.489352618142597606e+01,5.536210159756576843e+01,5.544351157834354638e+01,5.543190946617851012e+01,5.542890234998843368e+01
