1.385623621437039077e+01,1.385609552081072948e+01,1.385583924168023628e+01,1.385537660489127632e+01,1.385456575736725071e+01,-2.909679836372447426e+01,-4.559744333567151031e+00,1.365702220425815483e+01,1.390949868677760293e+01,1.386719263973201066e+01,1.386061974758007054e+01
1.385612702790581707e+01,1.385589590326886622e+01,1.385547468109369440e+01,1.385471298818574226e+01,-3.922501030042967329e+01,-3.033239887622894315e+01,-4.496033249445020807e+00,1.365487130702469898e+01,1.390873665685873206e+01,1.386704019838914448e+01,1.386056043305374175e+01
1.385613080433244271e+01,1.385590280818181874e+01,1.385548728997594559e+01,1.385473591763054202e+01,1.385341144178574879e+01,-2.824709135233223378e+01,-4.237803774822535452e+00,1.365791866791240494e+01,1.390850455668021013e+01,1.386699343682628083e+01,1.386054220632450296e+01
1.385613198727366679e+01,1.385590497135477861e+01,1.385549123986910125e+01,1.385474309952818217e+01,1.385342432289397330e+01,-2.698106817219317577e+01,-3.732346193742324125e+00,1.366557871923166090e+01,1.390805114986394031e+01,1.386712112759524729e+01,1.386059186618776451e+01
1.385612884787541432e+01,1.385589923171755089e+01,1.385548076041123267e+01,1.385472404776073141e+01,-3.334916030975458767e+01,-2.554229094951729095e+01,-2.823534152249384199e+00,1.368342683337397503e+01,1.390771265455589756e+01,1.386703621163472988e+01,1.386055743996220713e+01
1.385613209143107127e+01,1.385590515971737702e+01,1.385549158243340173e+01,1.385474373682097138e+01,1.385342561770012537e+01,-1.074999895145360540e+00,-1.825380153397087035e-01,1.372095784181941092e+01,1.390540302602613032e+01,1.386675488825596680e+01,1.386044569098936918e+01
1.385614095557183489e+01,1.385592136495982274e+01,1.385552117443506859e+01,1.385479758044940013e+01,1.385352246887029182e+01,-7.493950899947382283e+00,3.456322097100749779e+00,1.375818924299313650e+01,1.390107073875156907e+01,1.386624821405162677e+01,1.386044175666414446e+01
1.385614257030466057e+01,1.385592431771583755e+01,1.385552657466234194e+01,1.385480745273211589e+01,1.385354048219829082e+01,7.033987022748179996e+00,8.331524874740829034e+00,1.381584849337163234e+01,1.389286406040944399e+01,1.386520442052008839e+01,1.386020052476420261e+01
1.385616142671824669e+01,1.385595879272506181e+01,1.385558953587844933e+01,1.385492203388101373e+01,1.385374663540903484e+01,1.081386642149306354e+01,1.160884829651033812e+01,1.384875352062672249e+01,1.388225724142818152e+01,1.386349931098837018e+01,1.385981162021810320e+01
1.385619064384476218e+01,1.385601220931182453e+01,1.385568708938223637e+01,1.385509955471115795e+01,1.385406589606747829e+01,1.228891417635618843e+01,1.303299676619296044e+01,1.386355392862732927e+01,1.387410180253140979e+01,1.386220801949916392e+01,1.385952735572177374e+01
1.385621646830242781e+01,1.385605944048927718e+01,1.385577340234908661e+01,1.385525686081822982e+01,1.385434995942316938e+01,1.344268687609989499e+01,1.358859660895883437e+01,1.386436884031131100e+01,1.386717847396694836e+01,1.386098767013034916e+01,1.385937804737332968e+01
