5.542533817683333552e+01,5.542510015334654838e+01,5.542466604728397783e+01,5.542387927697891570e+01,1.972039591609086528e+01,6.907653671145357777e+00,2.885149358921362506e+01,5.156534134383924339e+01,5.550568807964039308e+01,5.544015339330677250e+01,5.543050522678554159e+01
5.542518788715318578e+01,5.542482536790809888e+01,5.542416408844464115e+01,5.542296485772863690e+01,2.055198391737503982e+01,7.119059016082211144e+00,2.884351489504386024e+01,5.157539791933443496e+01,5.550545936534317093e+01,5.544011341350566369e+01,5.543049189892235518e+01
5.542518901218041094e+01,5.542482742611848323e+01,5.542416784888361292e+01,5.542297170525216643e+01,2.050926451478732915e+01,7.310279267283904758e+00,2.896137754664062314e+01,5.161062781872840333e+01,5.550598597073552298e+01,5.544020446933180324e+01,5.543052219220007260e+01
5.542518650325641261e+01,5.542482283802294774e+01,5.542415946771050983e+01,5.542295644522391740e+01,2.105755730833381278e+01,8.275596873377571328e+00,2.943641955649141551e+01,5.170228777715497870e+01,5.550636535348427003e+01,5.544025751965421733e+01,5.543053904372706597e+01
5.542518571083525813e+01,5.542482138785140933e+01,5.542415681889396240e+01,5.542295163272034131e+01,2.325388943790131790e+01,1.054824213349357009e+01,3.036780860212170552e+01,5.191121522267104638e+01,5.550631776416332031e+01,5.544020134109284470e+01,5.543051731303158647e+01
5.542518981694963287e+01,5.542482889705478755e+01,5.542417054093898088e+01,5.542297666100020592e+01,2.691460373327254274e+01,1.576628927877108666e+01,3.273156195854248551e+01,5.229704742623331271e+01,5.550485552992673632e+01,5.544008297166733001e+01,5.543047253669732299e+01
5.542519762443281195e+01,5.542484317323284415e+01,5.542419663036289990e+01,5.542302425494574436e+01,3.293786364732012828e+01,2.575064950089375060e+01,3.765973900429455057e+01,5.302529121283005509e+01,5.549832643103150076e+01,5.543929203570789355e+01,5.543040596671668396e+01
5.542520534994527281e+01,5.542485730021932255e+01,5.542422244509575791e+01,5.542307131781583962e+01,4.278640097218949734e+01,3.806679630770008771e+01,4.458586900486430693e+01,5.403867398566639935e+01,5.548563366485056747e+01,5.543809137359228600e+01,5.543018086634459962e+01
5.542522791470381094e+01,5.542489856052938535e+01,5.542429782905505675e+01,5.542320867588536970e+01,4.984582883735323833e+01,4.769657299831084174e+01,5.052256574959200464e+01,5.483969932698738603e+01,5.547013101912614985e+01,5.543611996109368079e+01,5.542983038487773939e+01
5.542526479886532798e+01,5.542496601197839823e+01,5.542442108522417499e+01,5.542343334202210769e+01,5.322643055997598083e+01,5.261112207852441003e+01,5.362899718734698951e+01,5.522303433211367008e+01,5.545640956140002231e+01,5.543405402522866865e+01,5.542935416911442559e+01
5.542531177878081650e+01,5.542505193184265977e+01,5.542457810812814500e+01,5.542371959273334880e+01,5.463842475026388001e+01,5.449090984080240219e+01,5.482854600739868545e+01,5.536034176919310568e+01,5.544512091851434832e+01,5.543226322642541959e+01,5.542908774824947926e+01
