1.385622978770691915e+01,1.385608374793947206e+01,1.385581769368777572e+01,1.385533719857435031e+01,1.385449380873804159e+01,-1.695449092834241611e+01,-4.756133235669253168e-01,1.364730712324061379e+01,1.390931474906023091e+01,1.386716654904411072e+01,1.386061045239359046e+01
1.385612689694839084e+01,1.385589564522667949e+01,1.385547418577872136e+01,1.385471203913367688e+01,-6.381794541499802520e+00,-1.787855028218798026e+01,-4.357826832958464625e-01,1.364617729101595778e+01,1.390919051583291655e+01,1.386714296492838194e+01,1.386060139180104933e+01
1.385612738788536369e+01,1.385589654337201182e+01,1.385547582674428924e+01,1.385471502446255698e+01,-6.879681523239903562e+00,-1.768672887404966332e+01,-3.319733046188320102e-01,1.364823531642581322e+01,1.390896112644058036e+01,1.386709578924665642e+01,1.386058291612359028e+01
1.385612865122382331e+01,1.385589885260348986e+01,1.385548004231150898e+01,1.385472268824029740e+01,-6.663413273687421423e+00,-1.706117411383107907e+01,-6.052938603337487677e-02,1.365543073954133213e+01,1.390846003406927522e+01,1.386699021623942230e+01,1.386054135551936817e+01
1.385613165587632523e+01,1.385590434461548703e+01,1.385549006811316630e+01,1.385474091727450485e+01,1.385342025719605807e+01,-2.796182065198283162e+00,8.312253578549808619e-01,1.367995771196687116e+01,1.390766904183766783e+01,1.386703396957591750e+01,1.386055710608223812e+01
1.385613165181628759e+01,1.385590433907190544e+01,1.385549006471251587e+01,1.385474094823019797e+01,1.385342053020213271e+01,-5.602654289360329276e-01,1.696043932739337734e+00,1.371007728556566008e+01,1.390566488239582021e+01,1.386681778255670494e+01,1.386047083621895482e+01
1.385613879094834466e+01,1.385591739027491975e+01,1.385551389677942424e+01,1.385478431417083023e+01,1.385349856676377556e+01,2.382376465289562262e+00,4.621221881326759373e+00,1.376037930489857786e+01,1.390125700016559307e+01,1.386628286763083473e+01,1.386045537057115951e+01
1.385614210304559535e+01,1.385592344825440136e+01,1.385552497292415453e+01,1.385480454052417798e+01,1.385353535059617869e+01,6.671752583774233969e+00,8.341602088078374777e+00,1.380891279649042325e+01,1.389318363389528521e+01,1.386507338005348622e+01,1.386014491559073747e+01
1.385616427792577809e+01,1.385596398694307751e+01,1.385559899380635507e+01,1.385493917458030566e+01,1.385377717487200755e+01,1.055377088249975515e+01,1.149923089511250218e+01,1.384479546332217126e+01,1.388345218814089499e+01,1.386384262109419652e+01,1.385997801169382804e+01
1.385617881251577188e+01,1.385599056612003643e+01,1.385564755848536223e+01,1.385502765489693289e+01,1.385393681549693667e+01,1.258723823137918529e+01,1.299897710931415773e+01,1.385870044401561429e+01,1.387449570401798127e+01,1.386237735666957782e+01,1.385962320529142033e+01
1.385620684689467552e+01,1.385604183158338643e+01,1.385574122009806786e+01,1.385519823269146755e+01,1.385424416681411586e+01,1.341060576452201225e+01,1.356966240476276297e+01,1.386197677838667097e+01,1.386752862756313576e+01,1.386098311813326234e+01,1.385938283952615002e+01
