1.385623424602188791e+01,1.385609207143554400e+01,1.385583308918387857e+01,1.385536552843486291e+01,1.385454577837837320e+01,-2.912114357550275656e+01,-4.329705357916004971e+00,1.366043748195331098e+01,1.390927912709018166e+01,1.386714475591666584e+01,1.386060080458377897e+01
1.385612862554965652e+01,1.385589896227920548e+01,1.385548041134709152e+01,1.385472355614149009e+01,-3.962405241713809545e+01,-3.078224112587100336e+01,-4.210135894089223285e+00,1.365644989657007535e+01,1.390879044681832788e+01,1.386704940829026000e+01,1.386056391828674705e+01
1.385613081148556702e+01,1.385590295888884071e+01,1.385548770958833487e+01,1.385473682674101781e+01,1.385341319549903538e+01,-2.838051440704973061e+01,-4.084860309877489826e+00,1.366022453293429173e+01,1.390847610517818467e+01,1.386698505429661665e+01,1.386053874086948845e+01
1.385613251392991430e+01,1.385590607132453655e+01,1.385549339198205132e+01,1.385474715755255914e+01,1.385343172685778512e+01,-2.752895865709858469e+01,-3.599704410091606910e+00,1.366791444308575620e+01,1.390807899391499980e+01,1.386712452906873239e+01,1.386059302036962393e+01
1.385612904886684049e+01,1.385589973197230762e+01,1.385548181380145039e+01,1.385472610442693409e+01,-3.502260886738037726e+01,-2.717803011269303326e+01,-2.935853164571762264e+00,1.368689486730378491e+01,1.390781156023906107e+01,1.386705279414007919e+01,1.386056361272082960e+01
1.385613205945352888e+01,1.385590523275861408e+01,1.385549185512760673e+01,1.385474437675769899e+01,1.385342690549972389e+01,-1.079102612886793544e+00,-1.267408735285342480e+00,1.371952690751860615e+01,1.390586430604657053e+01,1.386684846469033161e+01,1.386048190913412270e+01
1.385613895190713052e+01,1.385591783574768066e+01,1.385551487168040197e+01,1.385478626579923755e+01,1.385350231423762146e+01,2.255422488058833608e+00,2.358252091149480201e+00,1.377380867109310003e+01,1.390168505179784475e+01,1.386635373175506913e+01,1.386048241094283995e+01
1.385614209161835753e+01,1.385592357974186584e+01,1.385552537951139840e+01,1.385480548867009531e+01,1.385353747741494779e+01,-1.407736977809880941e+00,6.845914672812853041e+00,1.381495456421282242e+01,1.389422114966353661e+01,1.386529574079166238e+01,1.386023881296700644e+01
1.385615996123286386e+01,1.385595625703428091e+01,1.385558505578693556e+01,1.385491405298851397e+01,1.385373257120150825e+01,7.366054360748009344e+00,1.072092164236742384e+01,1.385092555290946237e+01,1.388463086122488122e+01,1.386391810332412078e+01,1.386001128610301336e+01
1.385617922076068353e+01,1.385599147345794435e+01,1.385564938827815951e+01,1.385503120611886629e+01,1.385394372040508415e+01,1.157843489378290691e+01,1.271029148061233371e+01,1.386690470010101173e+01,1.387579001211602048e+01,1.386252475199934864e+01,1.385969539530806571e+01
1.385620823218286723e+01,1.385604453140435766e+01,1.385574633596414351e+01,1.385520784740928946e+01,1.385426255764786418e+01,1.310974789411778474e+01,1.347538928777833078e+01,1.386641311296200030e+01,1.386900882823968217e+01,1.386132778817111877e+01,1.385939581755611805e+01
