5.542535292169171157e+01,5.542512700340583365e+01,5.542471495847922824e+01,5.542396808598239488e+01,5.542264122258801251e+01,2.100673684100130245e+01,2.542885019677785152e+01,5.155638969724029153e+01,5.550626471861589550e+01,5.544026773323984258e+01,5.543054417676292189e+01
5.542518387544055258e+01,5.542481793974070570e+01,5.542415042095142041e+01,5.542293986342049550e+01,2.072526387478779952e+01,4.676561620419049881e+00,2.556926175962558290e+01,5.156554514522194665e+01,5.550608121787648486e+01,5.544023047110466962e+01,5.543053142726556359e+01
5.542518519770478491e+01,5.542482035723910627e+01,5.542415483714405866e+01,5.542294790860240994e+01,2.040307783932789931e+01,5.253922561367064148e+00,2.585236421279799757e+01,5.159969453598785094e+01,5.550650777952715487e+01,5.544030179820040161e+01,5.543055501129114049e+01
5.542518335662430928e+01,5.542481699048958887e+01,5.542414868792630500e+01,5.542293671705502334e+01,2.117216535162502566e+01,6.961414336010889770e+00,2.670273318087735959e+01,5.168965191451579244e+01,5.550664429492280050e+01,5.544031364909814386e+01,5.543055820240833498e+01
5.542518365980256334e+01,5.542481754440651542e+01,5.542414970010682396e+01,5.542293856866453439e+01,2.326633343713938018e+01,1.108439844028982613e+01,2.867627530879256170e+01,5.189961681365039681e+01,5.550613735963997897e+01,5.544018357405500552e+01,5.543051222523014587e+01
5.542518951229331492e+01,5.542482824582793910e+01,5.542416925101585434e+01,5.542297420047461287e+01,2.701476098328516784e+01,1.880302280374425550e+01,3.265239003285159924e+01,5.230203658198466599e+01,5.550453310487321801e+01,5.544004431666350285e+01,5.543046078172280744e+01
5.542519765481073080e+01,5.542484313432711218e+01,5.542419645781053816e+01,5.542302382221838286e+01,3.324633644513622954e+01,3.005368364378218615e+01,3.896683549622004250e+01,5.302761957358035261e+01,5.549772561834679863e+01,5.543943100356186449e+01,5.543025303382229652e+01
5.542521763501027010e+01,5.542487966449891701e+01,5.542426318611362035e+01,5.542314535621524385e+01,4.300605940488848944e+01,4.291618958743391232e+01,4.614114119326355024e+01,5.403660717231841204e+01,5.548491275328365191e+01,5.543799409596629602e+01,5.543014878133999446e+01
5.542522799366868469e+01,5.542489860806951896e+01,5.542429780610767409e+01,5.542320846952307534e+01,4.994940817421972667e+01,5.003175688994662806e+01,5.147440026529027790e+01,5.483256226063569017e+01,5.546876830245916068e+01,5.543592797205643308e+01,5.542976298584652994e+01
5.542526324559098327e+01,5.542496306912436665e+01,5.542441558152115988e+01,5.542342304664979480e+01,5.352487216045987850e+01,5.347337746669028746e+01,5.401917858236001280e+01,5.521754914612445475e+01,5.545486241043143139e+01,5.543401366913382589e+01,5.542935091511969858e+01
5.542530081763973726e+01,5.542503179099701782e+01,5.542454120310671328e+01,5.542365212390252793e+01,5.478747599581959093e+01,5.477387407427058008e+01,5.496171875138202978e+01,5.536579811185371369e+01,5.544253631633222312e+01,5.543182657046814654e+01,5.542886482609736731e+01
