1.385623453272659233e+01,1.385609245535218648e+01,1.385583364932034911e+01,1.385536641415579595e+01,1.385454729047187783e+01,-2.913739929292177422e+01,-4.523442720226683811e+00,1.365783860560241791e+01,1.390928504008891586e+01,1.386714827361671354e+01,1.386060231746361282e+01
1.385612825364469103e+01,1.385589815228487254e+01,1.385547879569489815e+01,1.385472047766240777e+01,-3.937696931410840762e+01,-3.048506954484430054e+01,-4.453784437315995604e+00,1.365538637376724296e+01,1.390883762850862482e+01,1.386705999153522839e+01,1.386056808366033799e+01
1.385613034930656795e+01,1.385590198469821743e+01,1.385548579548055059e+01,1.385473321025577498e+01,1.385340659871033253e+01,-2.834960772834591580e+01,-4.181177861314516520e+00,1.365852586938585489e+01,1.390835561106076668e+01,1.386696241877223912e+01,1.386053000544123925e+01
1.385613285352013158e+01,1.385590656346249716e+01,1.385549415516998728e+01,1.385474840786985951e+01,1.385343385185306175e+01,-2.702316803291568803e+01,-3.692670463629564637e+00,1.366657337133603711e+01,1.390813237054764429e+01,1.386713672681097975e+01,1.386059783590381755e+01
1.385612853933940691e+01,1.385589867666186237e+01,1.385547975668791310e+01,1.385472223461569641e+01,-3.343513730068610812e+01,-2.571524271129952410e+01,-2.780974966240465029e+00,1.368378735121929246e+01,1.390784221708619484e+01,1.386706211831040392e+01,1.386056745888989106e+01
1.385613149550362877e+01,1.385590407883637099e+01,1.385548961837685056e+01,1.385474017705002403e+01,1.385341925144163255e+01,-1.136945142603531966e+00,-1.130866073429279695e-01,1.372377179337522612e+01,1.390543300673885874e+01,1.386675675774265315e+01,1.386044602764690836e+01
1.385614123167048817e+01,1.385592187888769367e+01,1.385552212337003652e+01,1.385479932388038549e+01,1.385352565867581376e+01,-7.760738587009729628e+00,3.525527448231463801e+00,1.375717687384540611e+01,1.390103391019290768e+01,1.386624246690205631e+01,1.386043959076870102e+01
1.385614255753833746e+01,1.385592430437391798e+01,1.385552655919789444e+01,1.385480742788899278e+01,1.385354040839840195e+01,7.117061010214058570e+00,8.302814984056162473e+00,1.381800735824725024e+01,1.389293151819067518e+01,1.386521666908326722e+01,1.386020541338133327e+01
1.385616141263694701e+01,1.385595877761299377e+01,1.385558952009006717e+01,1.385492202505850834e+01,1.385374668745313365e+01,1.082555487335992872e+01,1.159231570751588336e+01,1.385175384007274602e+01,1.388278948216808928e+01,1.386363834587757538e+01,1.385987762090071129e+01
1.385618703649505434e+01,1.385600562779303324e+01,1.385567509150547316e+01,1.385507778718809568e+01,1.385402704684577913e+01,1.227914803762004148e+01,1.302923936644398317e+01,1.386300299660099178e+01,1.387413501274137495e+01,1.386222962833819849e+01,1.385954024946464536e+01
1.385621467973774656e+01,1.385605618023381780e+01,1.385576745708772961e+01,1.385524603793476928e+01,1.385433039070303174e+01,1.344472375923734475e+01,1.358774259889737479e+01,1.386394920914062112e+01,1.386719403605540712e+01,1.386100313622120161e+01,1.385938937988413855e+01
