5.542534425864845105e+01,5.542511115568667179e+01,5.542468598322884077e+01,5.542391516890421599e+01,1.740188092375700535e+01,1.100356393356406848e+01,2.649706083028089409e+01,5.358288026163766915e+01,5.550690070495323880e+01,5.543951897555384534e+01,5.543039826374597112e+01
5.542527196927095900e+01,5.542497905955694648e+01,5.542444503092427510e+01,5.542347820558443061e+01,7.627989613461121365e+00,2.828888114655894626e+00,2.546020684953789726e+01,5.157536085469983078e+01,5.550648808591932948e+01,5.544029742092180868e+01,5.543055352813331638e+01
5.542518354034267247e+01,5.542481733533915644e+01,5.542414932682290640e+01,5.542293788851944214e+01,2.092202905539004476e+01,3.938207633128666174e+00,2.569796907063047087e+01,5.160518758364332825e+01,5.550640110100084712e+01,5.544028015820055089e+01,5.543054764491452602e+01
5.542518413347197281e+01,5.542481842011288506e+01,5.542415130875403406e+01,5.542294149942605941e+01,2.133265442580909976e+01,5.449938536739699302e+00,2.643828399020209829e+01,5.169476130909112044e+01,5.550662499437950004e+01,5.544030669960269364e+01,5.543055570020027290e+01
5.542518405261186842e+01,5.542481827215873125e+01,5.542415103937999277e+01,5.542294101921030602e+01,2.327463632713457287e+01,9.141611493205658689e+00,2.810708751826085461e+01,5.190300197545374772e+01,5.550620590277007693e+01,5.544019322176027487e+01,5.543051533541732567e+01
5.542518936982118305e+01,5.542482799361719259e+01,5.542416879951304765e+01,5.542297338926766770e+01,2.703073390324376746e+01,1.706718490701323176e+01,3.204139435547199355e+01,5.231896888817718150e+01,5.550403009097610152e+01,5.543996969195471536e+01,5.543043684010529404e+01
5.542519899616861778e+01,5.542484559418375056e+01,5.542420095608183317e+01,5.542303200042192657e+01,3.406777550151898737e+01,2.919212460641435669e+01,3.885979420156786546e+01,5.310398409086268146e+01,5.549649437790385065e+01,5.543922150281353822e+01,5.543038445549223070e+01
5.542520478956925700e+01,5.542485618787011958e+01,5.542422031542715644e+01,5.542306729707177482e+01,4.380453240989166375e+01,4.394230179262921610e+01,4.649957699082908391e+01,5.413788573677998528e+01,5.548310364727680621e+01,5.543785995251712961e+01,5.543010105135714127e+01
5.542523122731630281e+01,5.542490452704120685e+01,5.542430862332166441e+01,5.542322815575032990e+01,5.068710368432896018e+01,5.059073601105649942e+01,5.177070588891024272e+01,5.489632762255119758e+01,5.546705545301418283e+01,5.543573605318658082e+01,5.542968620880085950e+01
5.542526978985502240e+01,5.542497504156175125e+01,5.542443746105421809e+01,5.542346290366435824e+01,5.372804568269816627e+01,5.369561306435831938e+01,5.414720437444259460e+01,5.524472016076502712e+01,5.545376036783989093e+01,5.543389220419173569e+01,5.542929545055645946e+01
5.542530684454651180e+01,5.542504281917022979e+01,5.542456137175744857e+01,5.542368893326002421e+01,5.485801437692762050e+01,5.484131415500208107e+01,5.500688409096624554e+01,5.536801327047296439e+01,5.544299140080228483e+01,5.543186348163469290e+01,5.542889242441965791e+01
