1.385623053088850654e+01,1.385608514355515197e+01,1.385582027770709601e+01,1.385534192412776022e+01,1.385450226193200862e+01,-2.846878890970800313e+01,-4.529121686543950531e+00,1.365633965476685674e+01,1.390935673387992466e+01,1.386716439292413483e+01,1.386060876007634235e+01
1.385612773308834278e+01,1.385589721030647858e+01,1.385547708603525052e+01,1.385471737942541637e+01,-3.899067475909756553e+01,-3.026104448198443464e+01,-4.473147959385458172e+00,1.365475502638145855e+01,1.390869725274779256e+01,1.386703209065182207e+01,1.386055724970237435e+01
1.385613103810143087e+01,1.385590325369140885e+01,1.385548812206749680e+01,1.385473744948777153e+01,1.385341420729618633e+01,-2.802374694867203786e+01,-4.211107530843372970e+00,1.365816752229383013e+01,1.390849889982918342e+01,1.386699196730636885e+01,1.386054159683754250e+01
1.385613206466187108e+01,1.385590513111355548e+01,1.385549155036849989e+01,1.385474368339708917e+01,1.385342539036135712e+01,-2.673712873463151141e+01,-3.702857057140701791e+00,1.366595000783573788e+01,1.390803230113935385e+01,1.386711685435057362e+01,1.386059015827824403e+01
1.385612900038303685e+01,1.385589952844148165e+01,1.385548132077273564e+01,1.385472508591726992e+01,-3.326921052913618126e+01,-2.569476413910986423e+01,-2.832847174563599246e+00,1.368401971817518081e+01,1.390781653309332810e+01,1.386705650523770217e+01,1.386056525209001578e+01
1.385613167087837461e+01,1.385590440918792510e+01,1.385549023133504676e+01,1.385474130184825015e+01,1.385342128283609320e+01,-1.180477423519266988e+00,-2.112334061816651953e-01,1.372391800076276169e+01,1.390549953229123936e+01,1.386677022039843088e+01,1.386045124203829282e+01
1.385614093764013077e+01,1.385592135126371005e+01,1.385552117018646001e+01,1.385479760239471680e+01,1.385352259049416190e+01,-8.305066117815480098e+00,3.209874611772524311e+00,1.376004349048920261e+01,1.390128441674288240e+01,1.386628829328433277e+01,1.386045755943246327e+01
1.385614203913861076e+01,1.385592336747575537e+01,1.385552486223144086e+01,1.385480437449206192e+01,1.385353507499707604e+01,6.599601834015762059e+00,7.985969116767577702e+00,1.381531700340140034e+01,1.389372354149427835e+01,1.386518499180251851e+01,1.386019162148097905e+01
1.385616242353188454e+01,1.385596063450256921e+01,1.385559291771618362e+01,1.385492820618046217e+01,1.385375777267446296e+01,1.050562482268856712e+01,1.139639650836977580e+01,1.384724531037576511e+01,1.388351352052982790e+01,1.386385095039586268e+01,1.385998114092858913e+01
1.385617934651823902e+01,1.385599157886128552e+01,1.385564944806819021e+01,1.385503114875861996e+01,1.385394324122570175e+01,1.257878177051906654e+01,1.297555890591485195e+01,1.386155592012104698e+01,1.387443280926038192e+01,1.386232860977972337e+01,1.385959362828451802e+01
1.385621133549130057e+01,1.385605007269169242e+01,1.385575630906786238e+01,1.385522576097709546e+01,1.385429398583150373e+01,1.339637133530090374e+01,1.356241512920696834e+01,1.386186542832671620e+01,1.386747853533165298e+01,1.386096310170843360e+01,1.385936992462227835e+01
