1.385623424602161080e+01,1.385609207143528110e+01,1.385583308918366008e+01,1.385536552843477942e+01,1.385454577837873025e+01,-2.912114357547632082e+01,-4.329705357908188113e+00,1.366043748197326479e+01,1.390927912715370596e+01,1.386714475611814024e+01,1.386060080522135252e+01
1.385612862554937763e+01,1.385589896227894258e+01,1.385548041134687125e+01,1.385472355614140483e+01,-3.962405241771527642e+01,-3.078224112586658023e+01,-4.210135894064696238e+00,1.365644989658971653e+01,1.390879044688178112e+01,1.386704940849156387e+01,1.386056391892378947e+01
1.385613081148528636e+01,1.385590295888857781e+01,1.385548770958811460e+01,1.385473682674093610e+01,1.385341319549938888e+01,-2.838051440745688581e+01,-4.084860309846436444e+00,1.366022453295377304e+01,1.390847610524157929e+01,1.386698505449774999e+01,1.386053874150600507e+01
1.385613251392963718e+01,1.385590607132427010e+01,1.385549339198183105e+01,1.385474715755247743e+01,1.385343172685814039e+01,-2.752895865782826945e+01,-3.599704410053682579e+00,1.366791444310416992e+01,1.390807899397832159e+01,1.386712452926970052e+01,1.386059302100562007e+01
1.385612904886656338e+01,1.385589973197204294e+01,1.385548181380123012e+01,1.385472610442685237e+01,-3.502260886859205158e+01,-2.717803011265728230e+01,-2.935853164540659144e+00,1.368689486732395721e+01,1.390781156030238108e+01,1.386705279434088922e+01,1.386056361335630882e+01
1.385613205945325177e+01,1.385590523275834940e+01,1.385549185512738646e+01,1.385474437675761550e+01,1.385342690550007561e+01,-1.079102612853875431e+00,-1.267408735279384580e+00,1.371952690753932913e+01,1.390586430610985857e+01,1.386684846489098888e+01,1.386048190976910277e+01
1.385613895190685341e+01,1.385591783574741598e+01,1.385551487168018170e+01,1.385478626579915229e+01,1.385350231423797496e+01,2.255422488087092781e+00,2.358252091126746386e+00,1.377380867111191698e+01,1.390168505186101910e+01,1.386635373195556298e+01,1.386048241157734218e+01
1.385614209161807864e+01,1.385592357974159938e+01,1.385552537951117813e+01,1.385480548867001360e+01,1.385353747741529951e+01,-1.407736977789701527e+00,6.845914672824365610e+00,1.381495456423273893e+01,1.389422114972684597e+01,1.386529574099206386e+01,1.386023881360111787e+01
1.385615996123258498e+01,1.385595625703401446e+01,1.385558505578671173e+01,1.385491405298842693e+01,1.385373257120184931e+01,7.366054360747024354e+00,1.072092164237327339e+01,1.385092555292944816e+01,1.388463086128802715e+01,1.386391810352438370e+01,1.386001128673677840e+01
1.385617922076040642e+01,1.385599147345767967e+01,1.385564938827793924e+01,1.385503120611878103e+01,1.385394372040543587e+01,1.157843489378750945e+01,1.271029148061844793e+01,1.386690470012084120e+01,1.387579001217914687e+01,1.386252475219952629e+01,1.385969539594156430e+01
1.385620823218259190e+01,1.385604453140409831e+01,1.385574633596392502e+01,1.385520784740920774e+01,1.385426255764821235e+01,1.310974789411979557e+01,1.347538928778439526e+01,1.386641311298176760e+01,1.386900882830277482e+01,1.386132778837122359e+01,1.385939581818939814e+01
