1.385622978770654257e+01,1.385608374793910436e+01,1.385581769368744354e+01,1.385533719857412649e+01,1.385449380873814818e+01,-1.695449092829842286e+01,-4.756133235633275280e-01,1.364730712325612672e+01,1.390931474910913757e+01,1.386716654919954550e+01,1.386061045288583315e+01
1.385612689694801603e+01,1.385589564522631534e+01,1.385547418577839096e+01,1.385471203913345306e+01,-6.381794541510544150e+00,-1.787855028219623676e+01,-4.357826832893927360e-01,1.364617729103143695e+01,1.390919051588179300e+01,1.386714296508371191e+01,1.386060139229295629e+01
1.385612738788498888e+01,1.385589654337164944e+01,1.385547582674396061e+01,1.385471502446233139e+01,-6.879681523245903207e+00,-1.768672887406615857e+01,-3.319733046106358998e-01,1.364823531644123733e+01,1.390896112648942307e+01,1.386709578940188159e+01,1.386058291661516506e+01
1.385612865122345028e+01,1.385589885260312393e+01,1.385548004231118036e+01,1.385472268824007358e+01,-6.663413273693368666e+00,-1.706117411385006477e+01,-6.052938602458945994e-02,1.365543073955668874e+01,1.390846003411808596e+01,1.386699021639454266e+01,1.386054135601061432e+01
1.385613165587595041e+01,1.385590434461512288e+01,1.385549006811283590e+01,1.385474091727428103e+01,1.385342025719616998e+01,-2.796182065199378730e+00,8.312253578655575126e-01,1.367995771198239829e+01,1.390766904188644482e+01,1.386703396973093305e+01,1.386055710657315387e+01
1.385613165181591455e+01,1.385590433907154306e+01,1.385549006471218370e+01,1.385474094822997415e+01,1.385342053020224640e+01,-5.602654289405264443e-01,1.696043932743597438e+00,1.371007728558068095e+01,1.390566488244454746e+01,1.386681778271161747e+01,1.386047083670954905e+01
1.385613879094796985e+01,1.385591739027455560e+01,1.385551389677909384e+01,1.385478431417060818e+01,1.385349856676388924e+01,2.382376465289766099e+00,4.621221881332044923e+00,1.376037930491381367e+01,1.390125700021429722e+01,1.386628286778565489e+01,1.386045537106145531e+01
1.385614210304522054e+01,1.385592344825403899e+01,1.385552497292382590e+01,1.385480454052395416e+01,1.385353535059629237e+01,6.671752583772914136e+00,8.341602088083000410e+00,1.380891279650560044e+01,1.389318363394396272e+01,1.386507338020822289e+01,1.386014491608077748e+01
1.385616427792540506e+01,1.385596398694271514e+01,1.385559899380602289e+01,1.385493917458008184e+01,1.385377717487211946e+01,1.055377088249998430e+01,1.149923089511673524e+01,1.384479546333740174e+01,1.388345218818955829e+01,1.386384262124886568e+01,1.385997801218366376e+01
1.385617881251539885e+01,1.385599056611967228e+01,1.385564755848503182e+01,1.385502765489670907e+01,1.385393681549704681e+01,1.258723823137970399e+01,1.299897710931836947e+01,1.385870044403086965e+01,1.387449570406663923e+01,1.386237735682419725e+01,1.385962320578109264e+01
1.385620684689430249e+01,1.385604183158302050e+01,1.385574122009773745e+01,1.385519823269124373e+01,1.385424416681422599e+01,1.341060576452271746e+01,1.356966240476736019e+01,1.386197677840197429e+01,1.386752862761180083e+01,1.386098311828784269e+01,1.385938284001569087e+01
