1.385623053088832890e+01,1.385608514355498855e+01,1.385582027770698943e+01,1.385534192412782417e+01,1.385450226193261258e+01,-2.846878890981094301e+01,-4.529121686535992453e+00,1.365633965479151257e+01,1.390935673395879135e+01,1.386716439317385507e+01,1.386060876086594540e+01
1.385612773308816514e+01,1.385589721030631694e+01,1.385547708603514394e+01,1.385471737942547854e+01,-3.899067475917467362e+01,-3.026104448195448526e+01,-4.473147959378529492e+00,1.365475502640608774e+01,1.390869725282649938e+01,1.386703209090103250e+01,1.386055725049036624e+01
1.385613103810125324e+01,1.385590325369124720e+01,1.385548812206738845e+01,1.385473744948783192e+01,1.385341420729678852e+01,-2.802374694871154759e+01,-4.211107530837979063e+00,1.365816752231821418e+01,1.390849889990772681e+01,1.386699196755507302e+01,1.386054159762393745e+01
1.385613206466169167e+01,1.385590513111339384e+01,1.385549155036839153e+01,1.385474368339715312e+01,1.385342539036195930e+01,-2.673712873472243601e+01,-3.702857057132677099e+00,1.366595000785980751e+01,1.390803230121773737e+01,1.386711685459878396e+01,1.386059015906306868e+01
1.385612900038286099e+01,1.385589952844132000e+01,1.385548132077262906e+01,1.385472508591733209e+01,-3.326921052926687139e+01,-2.569476413907896628e+01,-2.832847174558482450e+00,1.368401971819966612e+01,1.390781653317156596e+01,1.386705650548542046e+01,1.386056525287327901e+01
1.385613167087819875e+01,1.385590440918776167e+01,1.385549023133493840e+01,1.385474130184831054e+01,1.385342128283669183e+01,-1.180477423509843860e+00,-2.112334061799425733e-01,1.372391800078687574e+01,1.390549953236931202e+01,1.386677022064565712e+01,1.386045124282001950e+01
1.385614093763995491e+01,1.385592135126355018e+01,1.385552117018635165e+01,1.385479760239477898e+01,1.385352259049475876e+01,-8.305066117856776842e+00,3.209874611779139464e+00,1.376004349051307329e+01,1.390128441682080052e+01,1.386628829353111669e+01,1.386045756021281150e+01
1.385614203913843312e+01,1.385592336747559727e+01,1.385552486223133251e+01,1.385480437449212587e+01,1.385353507499767289e+01,6.599601834025055069e+00,7.985969116773793175e+00,1.381531700342552860e+01,1.389372354157207745e+01,1.386518499204890986e+01,1.386019162226010693e+01
1.385616242353170691e+01,1.385596063450240933e+01,1.385559291771607526e+01,1.385492820618052434e+01,1.385375777267505981e+01,1.050562482269094744e+01,1.139639650837939833e+01,1.384724531040004258e+01,1.388351352060751154e+01,1.386385095064193251e+01,1.385998114170674000e+01
1.385617934651806138e+01,1.385599157886112742e+01,1.385564944806808185e+01,1.385503114875868214e+01,1.385394324122629683e+01,1.257878177052055335e+01,1.297555890592298411e+01,1.386155592014527116e+01,1.387443280933798206e+01,1.386232861002553740e+01,1.385959362906189973e+01
1.385621133549112471e+01,1.385605007269153433e+01,1.385575630906775757e+01,1.385522576097715763e+01,1.385429398583209704e+01,1.339637133530362156e+01,1.356241512921486603e+01,1.386186542835095281e+01,1.386747853540917852e+01,1.386096310195403269e+01,1.385936992539904189e+01
