1.385623572412872839e+01,1.385609463072630909e+01,1.385583760481874549e+01,1.385537351370116710e+01,1.385455949642017437e+01,-2.395983147862935425e+01,-3.871730968512059334e+00,1.365080222014430511e+01,1.390939963344519370e+01,1.386717895511701926e+01,1.386061491712989024e+01
1.385612694020132452e+01,1.385589575354579495e+01,1.385547441585807249e+01,1.385471250278898836e+01,-7.201290757518574281e+00,-2.461540919918576265e+01,-3.743940506479037644e+00,1.364812799862437309e+01,1.390893049857211139e+01,1.386708617591781945e+01,1.386057889989608505e+01
1.385612916424289054e+01,1.385589981944929150e+01,1.385548183895805963e+01,1.385472599596269738e+01,-3.152178290578193298e+01,-2.473831671532467169e+01,-3.640914923187017926e+00,1.365311040009591714e+01,1.390886865881814138e+01,1.386707053852331484e+01,1.386057253967985048e+01
1.385612978497491454e+01,1.385590095484100459e+01,1.385548391359708909e+01,1.385472977618707091e+01,1.385340037916577671e+01,-2.222976401229878718e+01,-3.301590206177709597e+00,1.366014646801603227e+01,1.390834585008873070e+01,1.386696211130152356e+01,1.386052999254068574e+01
1.385613275305769498e+01,1.385590637926049773e+01,1.385549381483249931e+01,1.385474777424029469e+01,1.385343266502578885e+01,-2.022776312525801146e+01,-2.447757226712556466e+00,1.367711220490311774e+01,1.390767254331387548e+01,1.386703534836520646e+01,1.386055770521206831e+01
1.385613159850405296e+01,1.385590426926070862e+01,1.385548996491652396e+01,1.385474079211910592e+01,1.385342026156285655e+01,-1.059474230756097590e+00,-2.064615171856116760e-01,1.372074215267932118e+01,1.390542428764955218e+01,1.386675778651586555e+01,1.386044666711244133e+01
1.385614100569773299e+01,1.385592146782559553e+01,1.385552137351398905e+01,1.385479795776055845e+01,1.385352318923272641e+01,-7.995261833778014804e+00,2.756908095107998058e+00,1.375754624205665877e+01,1.390149408798530217e+01,1.386633418336337087e+01,1.386047633385131661e+01
1.385614082498936384e+01,1.385592113998090369e+01,1.385552078748262694e+01,1.385479696152250639e+01,1.385352179628121050e+01,1.834896355397203749e+00,7.425024463947488051e+00,1.380759727224275757e+01,1.389385623591082819e+01,1.386522760283175693e+01,1.386021104131543602e+01
1.385616033505413824e+01,1.385595680786740580e+01,1.385558591842351994e+01,1.385491544655408092e+01,1.385373473026128011e+01,1.030411623298403789e+01,1.113644290001781378e+01,1.385160406490608764e+01,1.388404941036510287e+01,1.386376255686038483e+01,1.385993651787790526e+01
1.385618387431729559e+01,1.385599984868870038e+01,1.385566454178086104e+01,1.385505862005427247e+01,1.385399278603115825e+01,1.201316288349386596e+01,1.284406442529148684e+01,1.386176761873930197e+01,1.387542618542950912e+01,1.386245335082112007e+01,1.385966219470942917e+01
1.385620599057803304e+01,1.385604029398794701e+01,1.385573844367852203e+01,1.385519324631978400e+01,1.385423551129714959e+01,1.335067384160272574e+01,1.352439528405747282e+01,1.386393417731594724e+01,1.386817055795013331e+01,1.386122028965959174e+01,1.385933301230319259e+01
