5.542534227161331728e+01,5.542510753420191350e+01,5.542467940411663108e+01,5.542390337523453070e+01,6.061610791811547827e+00,1.093083881144577774e+01,2.656195802561844488e+01,5.154252114368224369e+01,5.550649608353240438e+01,5.544031396710863646e+01,5.543055993713697660e+01
5.542518226835873918e+01,5.542481500083201951e+01,5.542414505188324370e+01,5.542293008248121566e+01,2.059331498363573587e+01,1.129796214342091432e+01,2.667111677311326190e+01,5.155287323978046032e+01,5.550598868949202824e+01,5.544022124084725078e+01,5.543052876820955532e+01
5.542518509054444564e+01,5.542482016121071098e+01,5.542415447833119657e+01,5.542294724903776171e+01,2.020968377258393645e+01,1.160750035050716278e+01,2.688215805881388576e+01,5.158621960427118580e+01,5.550608634480110481e+01,5.544023451110403755e+01,5.543053294829434208e+01
5.542518492083326720e+01,5.542481985064807759e+01,5.542415391083424936e+01,5.542294621742365024e+01,2.079486161468095418e+01,1.239642048216903802e+01,2.736557021190256478e+01,5.167812548139465179e+01,5.550643802514358072e+01,5.544028314301716875e+01,5.543054835662726987e+01
5.542518422982602999e+01,5.542481858726882393e+01,5.542415160438491739e+01,5.542294202943500636e+01,2.302345129996517059e+01,1.415526787212347060e+01,2.849044760209761051e+01,5.188798775121438922e+01,5.550622729720943482e+01,5.544020524530630212e+01,5.543051980770142251e+01
5.542518858766316470e+01,5.542482655511462042e+01,5.542416616220141634e+01,5.542296857159388423e+01,2.744308815208554364e+01,1.860484377164307190e+01,3.149171145713830811e+01,5.230415263517514290e+01,5.550415604970697814e+01,5.543998820708530673e+01,5.543044272527579608e+01
5.542519866756327218e+01,5.542484498566432194e+01,5.542419983723910093e+01,5.542302996180980301e+01,3.390111480040954461e+01,2.850056067341844113e+01,3.787755332516612583e+01,5.309931806542549282e+01,5.549678391342714434e+01,5.543926968833280711e+01,5.543040080826014560e+01
5.542520367993668629e+01,5.542485415259530157e+01,5.542421659230102193e+01,5.542306052234231117e+01,4.375028832437755710e+01,4.385358904874429697e+01,4.578066578133021380e+01,5.414364064424209744e+01,5.548337343905194530e+01,5.543790120427932067e+01,5.543011502804986179e+01
5.542523078964326544e+01,5.542490372207345928e+01,5.542430715027914800e+01,5.542322549028592960e+01,5.066056749597272102e+01,5.053406565129039052e+01,5.147428344761537744e+01,5.490288994648513210e+01,5.546714936135244756e+01,5.543573465819650892e+01,5.542968383210609318e+01
5.542527132954863589e+01,5.542497785297340585e+01,5.542444259509797178e+01,5.542347227765559126e+01,5.371101979047852382e+01,5.366319533797035035e+01,5.403989499809358676e+01,5.525049875152407708e+01,5.545374510559602754e+01,5.543383993960068779e+01,5.542926830959135032e+01
5.542531215326212646e+01,5.542505252292777129e+01,5.542457909558132911e+01,5.542372124508354858e+01,5.484165270721139507e+01,5.473985537984290772e+01,5.497693667973505427e+01,5.537318009564260990e+01,5.544379606251473547e+01,5.543206555641654631e+01,5.542898977356918522e+01
