1.385623572412696447e+01,1.385609463072460912e+01,1.385583760481725335e+01,1.385537351370032866e+01,1.385455949642140183e+01,-2.395983147850507677e+01,-3.871730968474072831e+00,1.365080222023873802e+01,1.390939963374579591e+01,1.386717895607121775e+01,1.386061492014993135e+01
1.385612694019955526e+01,1.385589575354409142e+01,1.385547441585657680e+01,1.385471250278814637e+01,-7.201290757461884517e+00,-2.461540919940771843e+01,-3.743940506433668602e+00,1.364812799871827487e+01,1.390893049887229438e+01,1.386708617687071410e+01,1.386057890291200678e+01
1.385612916424112484e+01,1.385589981944758975e+01,1.385548183895656393e+01,1.385472599596185361e+01,-3.152178290638723723e+01,-2.473831671541637078e+01,-3.640914923150630145e+00,1.365311040018964484e+01,1.390886865911793180e+01,1.386707053947491275e+01,1.386057254269166350e+01
1.385612978497314884e+01,1.385590095483930284e+01,1.385548391359559517e+01,1.385472977618622892e+01,1.385340037916699529e+01,-2.222976401277120928e+01,-3.301590206127991145e+00,1.366014646810863020e+01,1.390834585038807703e+01,1.386696211225182829e+01,1.386052999554842735e+01
1.385613275305593106e+01,1.385590637925879776e+01,1.385549381483100717e+01,1.385474777423945447e+01,1.385343266502700743e+01,-2.022776312569625645e+01,-2.447757226656835705e+00,1.367711220499507796e+01,1.390767254361278304e+01,1.386703534931423931e+01,1.386055770821580069e+01
1.385613159850229259e+01,1.385590426925901220e+01,1.385548996491503360e+01,1.385474079211826748e+01,1.385342026156407513e+01,-1.059474230665168548e+00,-2.064615171699850649e-01,1.372074215277235254e+01,1.390542428794808316e+01,1.386675778746363719e+01,1.386044667011217335e+01
1.385614100569597262e+01,1.385592146782389911e+01,1.385552137351250046e+01,1.385479795775971823e+01,1.385352318923393788e+01,-7.995261833915234817e+00,2.756908095144598114e+00,1.375754624214985888e+01,1.390149408828348498e+01,1.386633418430999498e+01,1.386047633684746394e+01
1.385614082498760880e+01,1.385592113997920904e+01,1.385552078748114013e+01,1.385479696152166618e+01,1.385352179628242197e+01,1.834896355352786390e+00,7.425024463978543210e+00,1.380759727233582090e+01,1.389385623620870014e+01,1.386522760377737384e+01,1.386021104430844630e+01
1.385616033505238320e+01,1.385595680786571471e+01,1.385558591842203313e+01,1.385491544655324248e+01,1.385373473026249158e+01,1.030411623299479373e+01,1.113644290004586779e+01,1.385160406499909769e+01,1.388404941066268705e+01,1.386376255780514555e+01,1.385993652086828121e+01
1.385618387431554410e+01,1.385599984868701284e+01,1.385566454177937601e+01,1.385505862005343758e+01,1.385399278603236972e+01,1.201316288351274864e+01,1.284406442531928150e+01,1.386176761883234931e+01,1.387542618572691921e+01,1.386245335176520754e+01,1.385966219769773744e+01
1.385620599057628155e+01,1.385604029398626125e+01,1.385573844367704055e+01,1.385519324631894733e+01,1.385423551129835928e+01,1.335067384160971216e+01,1.352439528408569203e+01,1.386393417740886846e+01,1.386817055824736400e+01,1.386122029060313032e+01,1.385933301528982931e+01
