1.385623621437682118e+01,1.385609552081663054e+01,1.385583924168448178e+01,1.385537660489028156e+01,1.385456575734968609e+01,-2.909679836362813887e+01,-4.559744333800560767e+00,1.365702220349946749e+01,1.390949868436501902e+01,1.386719263209341335e+01,1.386061972343605930e+01
1.385612702791224038e+01,1.385589590327476550e+01,1.385547468109794345e+01,1.385471298818476527e+01,-3.922501029755357393e+01,-3.033239887692840142e+01,-4.496033249705017276e+00,1.365487130627192158e+01,1.390873665445463381e+01,1.386704019077748029e+01,1.386056040899481445e+01
1.385613080433884292e+01,1.385590280818770204e+01,1.385548728998018042e+01,1.385473591762957213e+01,1.385341144176832096e+01,-2.824709135051644893e+01,-4.237803775024564068e+00,1.365791866717048819e+01,1.390850455428465438e+01,1.386699342924118561e+01,1.386054218234944813e+01
1.385613198728003326e+01,1.385590497136062638e+01,1.385549123987330944e+01,1.385474309952720162e+01,1.385342432287659520e+01,-2.698106816961524146e+01,-3.732346194069863010e+00,1.366557871849980721e+01,1.390805114747664106e+01,1.386712112003623076e+01,1.386059184229507935e+01
1.385612884788176835e+01,1.385589923172338800e+01,1.385548076041543730e+01,1.385472404775977040e+01,-3.334916030666791897e+01,-2.554229094986914106e+01,-2.823534152395712482e+00,1.368342683262824444e+01,1.390771265217658836e+01,1.386703620410152560e+01,1.386055741615106918e+01
1.385613209143741997e+01,1.385590515972321057e+01,1.385549158243760814e+01,1.385474373682002636e+01,1.385342561768289293e+01,-1.074999895436441921e+00,-1.825380154177493885e-01,1.372095784108674721e+01,1.390540302365523573e+01,1.386675488074816975e+01,1.386044566725827920e+01
1.385614095557816228e+01,1.385592136496563853e+01,1.385552117443926257e+01,1.385479758044845688e+01,1.385352246885311445e+01,-7.493950898951091233e+00,3.456322096849922865e+00,1.375818924225121798e+01,1.390107073638771595e+01,1.386624820656665946e+01,1.386044173300437343e+01
1.385614257031097196e+01,1.385592431772163735e+01,1.385552657466652349e+01,1.385480745273117975e+01,1.385354048218117207e+01,7.033987022669037970e+00,8.331524874510529699e+00,1.381584849263423997e+01,1.389286405805218116e+01,1.386520441305519391e+01,1.386020050116686875e+01
1.385616142672454032e+01,1.385595879273084563e+01,1.385558953588261843e+01,1.385492203388007759e+01,1.385374663539195872e+01,1.081386642142652121e+01,1.160884829628052728e+01,1.384875351988771541e+01,1.388225723907607545e+01,1.386349930353977555e+01,1.385981159667057305e+01
1.385619064385103449e+01,1.385601220931758704e+01,1.385568708938638949e+01,1.385509955471021826e+01,1.385406589605043237e+01,1.228891417634147665e+01,1.303299676596270018e+01,1.386355392789089791e+01,1.387410180018370376e+01,1.386220801206373920e+01,1.385952733221405175e+01
1.385621646830868592e+01,1.385605944049502725e+01,1.385577340235322907e+01,1.385525686081729013e+01,1.385434995940615366e+01,1.344268687602669665e+01,1.358859660873032205e+01,1.386436883957502531e+01,1.386717847162278971e+01,1.386098766270568561e+01,1.385937802389702966e+01
