1.385623424602041354e+01,1.385609207143414423e+01,1.385583308918270973e+01,1.385536552843442237e+01,1.385454577838024903e+01,-2.912114357535956799e+01,-4.329705357874241045e+00,1.366043748205903796e+01,1.390927912742661832e+01,1.386714475698361149e+01,1.386060080795958527e+01
1.385612862554817504e+01,1.385589896227779860e+01,1.385548041134591735e+01,1.385472355614104600e+01,-3.962405242016854601e+01,-3.078224112585307282e+01,-4.210135893958205422e+00,1.365644989667407927e+01,1.390879044715419788e+01,1.386704940935566910e+01,1.386056392165774298e+01
1.385613081148408554e+01,1.385590295888743739e+01,1.385548770958716247e+01,1.385473682674057727e+01,1.385341319550090233e+01,-2.838051440918299306e+01,-4.084860309710994564e+00,1.366022453303744655e+01,1.390847610551353775e+01,1.386698505536050874e+01,1.386053874423570420e+01
1.385613251392843992e+01,1.385590607132313323e+01,1.385549339198088070e+01,1.385474715755212216e+01,1.385343172685965740e+01,-2.752895866092987021e+01,-3.599704409889055157e+00,1.366791444318328530e+01,1.390807899424977734e+01,1.386712453013112167e+01,1.386059302373113056e+01
1.385612904886536612e+01,1.385589973197090785e+01,1.385548181380028510e+01,1.385472610442649710e+01,-3.502260887375265952e+01,-2.717803011251798395e+01,-2.935853164405223481e+00,1.368689486741044981e+01,1.390781156057362367e+01,1.386705279520102607e+01,1.386056361607766796e+01
1.385613205945205451e+01,1.385590523275721075e+01,1.385549185512643433e+01,1.385474437675725312e+01,1.385342690550157840e+01,-1.079102612715655329e+00,-1.267408735253502616e+00,1.371952690762805460e+01,1.390586430638079030e+01,1.386684846574987162e+01,1.386048191248644201e+01
1.385613895190565792e+01,1.385591783574627911e+01,1.385551487167923312e+01,1.385478626579879347e+01,1.385350231423947598e+01,2.255422488207009746e+00,2.358252091029472197e+00,1.377380867119259733e+01,1.390168505213128469e+01,1.386635373281317385e+01,1.386048241429085337e+01
1.385614209161688493e+01,1.385592357974046429e+01,1.385552537951022956e+01,1.385480548866965478e+01,1.385353747741680053e+01,-1.407736977698396785e+00,6.845914672872382312e+00,1.381495456431777669e+01,1.389422114999748281e+01,1.386529574184878300e+01,1.386023881631143517e+01
1.385615996123139126e+01,1.385595625703287581e+01,1.385558505578575250e+01,1.385491405298804501e+01,1.385373257120331303e+01,7.366054360742984031e+00,1.072092164239835199e+01,1.385092555301488915e+01,1.388463086155787707e+01,1.386391810438011163e+01,1.386001128944436900e+01
1.385617922075921626e+01,1.385599147345654636e+01,1.385564938827699244e+01,1.385503120611842220e+01,1.385394372040692801e+01,1.157843489380761248e+01,1.271029148064457459e+01,1.386690470020554677e+01,1.387579001244880139e+01,1.386252475305456322e+01,1.385969539864701972e+01
1.385620823218140352e+01,1.385604453140296854e+01,1.385574633596298000e+01,1.385520784740884892e+01,1.385426255764970449e+01,1.310974789412848196e+01,1.347538928781030165e+01,1.386641311306619784e+01,1.386900882857220196e+01,1.386132778922567432e+01,1.385939582089310029e+01
