5.542535787595772945e+01,5.542513607786352026e+01,5.542473157970117370e+01,5.542399857588111445e+01,5.542269746226423877e+01,2.051718043102064115e+01,2.658331440301013870e+01,5.368456289379259516e+01,5.550722006745045434e+01,5.543953959701413936e+01,5.543040297708296293e+01
5.542527342370262744e+01,5.542498172216446051e+01,5.542444990478016109e+01,5.542348713563077212e+01,7.572820309467461541e+00,1.120041739762163324e+01,2.641949883911428287e+01,5.364544166383673485e+01,5.550764921565914278e+01,5.543961183234105761e+01,5.543042769744623399e+01
5.542527165836671799e+01,5.542497849476298200e+01,5.542444401124924980e+01,5.542347641446211526e+01,8.862638079438404759e+00,1.131294440324671591e+01,2.658329427811253609e+01,5.364128834041007110e+01,5.550727831636075393e+01,5.543955583553248800e+01,5.543040897413844448e+01
5.542527265231363742e+01,5.542498031138428871e+01,5.542444732598046642e+01,5.542348243093137228e+01,9.598284398459970390e+00,1.208422581133272899e+01,2.700631170813154114e+01,5.363833745335220016e+01,5.550662724202924636e+01,5.543946339166706139e+01,5.543037851925035397e+01
5.542527390749404503e+01,5.542498260491851170e+01,5.542445150790452146e+01,5.542349000435974915e+01,1.133286832864037130e+01,1.413673034692250141e+01,2.830202754450140645e+01,5.189008307194501413e+01,5.550641380709481609e+01,5.544022693046116501e+01,5.543052638104799712e+01
5.542518856041562003e+01,5.542482651584957409e+01,5.542416610249618714e+01,5.542296848623279004e+01,2.679564030384247530e+01,1.903925414182007003e+01,3.181482425597902619e+01,5.230725795532708844e+01,5.550419121328175720e+01,5.543997973927574918e+01,5.543043900807278135e+01
5.542519968879491898e+01,5.542484686353492407e+01,5.542420327983472106e+01,5.542303625682841073e+01,3.390626788347206855e+01,2.833806509869308243e+01,3.754103915658020441e+01,5.306267316938950529e+01,5.549840581709199938e+01,5.543947799389071918e+01,5.543026377541333005e+01
5.542522049543222806e+01,5.542488490763949471e+01,5.542427278937549318e+01,5.542316295052238218e+01,4.171289485602135017e+01,4.124744045263076941e+01,4.494266321010315579e+01,5.401961921775703956e+01,5.548676876266655711e+01,5.543823338617331586e+01,5.543022652975302833e+01
5.542522856093597738e+01,5.542489966119639178e+01,5.542429977082647952e+01,5.542321224591825768e+01,4.904693918688151655e+01,4.903815116134617824e+01,5.079798819957139955e+01,5.480456076545780064e+01,5.547126580794999029e+01,5.543637866813394055e+01,5.542973197125171225e+01
5.542527366041493053e+01,5.542498212288105464e+01,5.542445041209562362e+01,5.542348662413397165e+01,5.309643534317167024e+01,5.307325301369452575e+01,5.374853822571527218e+01,5.520548946520594313e+01,5.545676011581765863e+01,5.543421551028090022e+01,5.542943099156039466e+01
5.542530110000711829e+01,5.542503231698814403e+01,5.542454218190675164e+01,5.542365402545679842e+01,5.463351933108141623e+01,5.462682442113186454e+01,5.486943961627402899e+01,5.536343785817845031e+01,5.544365707891635253e+01,5.543191451473364140e+01,5.542890037219981991e+01
