9.797500687361173632e+00,9.797121666927184336e+00,9.796429898437713391e+00,9.795173146906167361e+00,-3.844455830806857222e+01,-3.673035619531153628e+01,-2.205284549590373899e+01,2.546250675939671027e+00,9.876169937826052347e+00,9.814220595782535028e+00,9.803195400379614455e+00
9.797336939047298188e+00,9.796822228541646638e+00,9.795882758683388758e+00,-3.821988112064393306e+01,-4.397861376119071508e+01,-3.788206647188331999e+01,-2.120114418770454634e+01,2.558877827430348084e+00,9.875200449427822491e+00,9.814130540271849057e+00,9.803171172615149587e+00
9.797336351625085982e+00,9.796821150692698765e+00,9.795880780863745585e+00,-3.933038795098755003e+01,-4.382551694513301754e+01,-3.776644472601157076e+01,-2.118712248966049927e+01,2.593396762614338158e+00,9.876720092434519316e+00,9.814411137026681331e+00,9.803259967294071231e+00
9.797326904063615061e+00,9.796803867271474786e+00,9.795849192873879119e+00,-3.896465944128706127e+01,-4.342945866282734357e+01,-3.747011808432079505e+01,-2.115587910335846544e+01,2.674400299935075331e+00,9.877298860074210651e+00,9.814523595214206253e+00,9.803295822689815253e+00
9.797322912036161568e+00,9.796796586129159934e+00,9.795835903402014821e+00,-3.793295747623970016e+01,-4.237221599034540276e+01,-3.662174592141049345e+01,-2.086522648348238462e+01,2.884267952555696013e+00,9.877419131611004488e+00,9.814503314966756875e+00,9.803287358720210065e+00
9.797325323470182923e+00,9.796801000186178499e+00,9.795843973245251135e+00,-3.643569178305288148e+01,-3.961426103459338321e+01,-3.432525362615527342e+01,-1.952957786548765284e+01,3.329403904553171145e+00,9.877442458948756610e+00,9.814308172982972422e+00,9.803216026918899928e+00
9.797339979563766121e+00,9.796827805198383032e+00,9.795892967947288810e+00,-1.413472135644704508e+01,-3.178350378749190952e+01,-2.904471326024757616e+01,-1.661157685330933020e+01,4.150946651508301777e+00,9.875622317565444064e+00,9.814077458731642167e+00,9.803127954011138456e+00
9.797360467704145037e+00,9.796865272420268056e+00,9.795961455715039179e+00,-9.009751621885902395e+00,-2.197541152000280817e+01,-1.890181948279014179e+01,-9.752523927301702145e+00,5.494685000312314216e+00,9.868697959417001897e+00,9.813264217714015913e+00,9.803065377278564085e+00
9.797369176014891323e+00,9.796881205041282570e+00,9.795990586640160203e+00,-1.489545252385692464e+00,-7.956315318144088877e+00,-6.311712900037498741e+00,-1.364397270475079971e+00,7.220696318691288695e+00,9.856666460034253063e+00,9.811927365039167626e+00,9.802816847976997039e+00
9.797397646751170086e+00,9.796933276390971557e+00,9.796085758146073630e+00,4.594882495120729438e+00,2.184574552827012184e+00,2.912779888190985211e+00,4.972915298724148947e+00,8.640979579063357008e+00,9.841379917594020199e+00,9.809796224849188562e+00,9.802449210586470230e+00
9.797442180265207412e+00,9.797014737043514998e+00,9.796234691885016943e+00,7.136041538652841965e+00,7.089851840245144921e+00,7.333693946401744768e+00,8.062530190282977571e+00,9.376294138970287406e+00,9.827627185368799090e+00,9.807609965694716436e+00,9.801975415803454439e+00
