1.385623453272663141e+01,1.385609245535222200e+01,1.385583364932037931e+01,1.385536641415579950e+01,1.385454729047180322e+01,-2.913739929293902975e+01,-4.523442720226883651e+00,1.365783860559877816e+01,1.390928504007742461e+01,1.386714827358029467e+01,1.386060231734838588e+01
1.385612825364473011e+01,1.385589815228490806e+01,1.385547879569492835e+01,1.385472047766241310e+01,-3.937696931409853107e+01,-3.048506954484711073e+01,-4.453784437316532063e+00,1.365538637376366182e+01,1.390883762849714422e+01,1.386705999149883795e+01,1.386056808354519987e+01
1.385613034930660703e+01,1.385590198469825474e+01,1.385548579548057901e+01,1.385473321025577675e+01,1.385340659871025615e+01,-2.834960772833409948e+01,-4.181177861314841593e+00,1.365852586938231994e+01,1.390835561104929496e+01,1.386696241873587709e+01,1.386053000532618995e+01
1.385613285352017243e+01,1.385590656346253446e+01,1.385549415517001570e+01,1.385474840786986661e+01,1.385343385185298892e+01,-2.702316803288677249e+01,-3.692670463630399524e+00,1.366657337133258920e+01,1.390813237053618323e+01,1.386713672677464615e+01,1.386059783578885884e+01
1.385612853933944422e+01,1.385589867666189967e+01,1.385547975668794329e+01,1.385472223461569818e+01,-3.343513730064128708e+01,-2.571524271130640926e+01,-2.780974966241184454e+00,1.368378735121573264e+01,1.390784221707474089e+01,1.386706211827409518e+01,1.386056745877501939e+01
1.385613149550367140e+01,1.385590407883640829e+01,1.385548961837687898e+01,1.385474017705002936e+01,1.385341925144155972e+01,-1.136945142606540227e+00,-1.130866073425802476e-01,1.372377179337179420e+01,1.390543300672741722e+01,1.386675675770637284e+01,1.386044602753212374e+01
1.385614123167052902e+01,1.385592187888773097e+01,1.385552212337006495e+01,1.385479932388038904e+01,1.385352565867573915e+01,-7.760738586994275323e+00,3.525527448229786920e+00,1.375717687384197063e+01,1.390103391018147505e+01,1.386624246686580264e+01,1.386043959065399278e+01
1.385614255753837654e+01,1.385592430437395706e+01,1.385552655919792286e+01,1.385480742788899633e+01,1.385354040839832734e+01,7.117061010211941152e+00,8.302814984055343572e+00,1.381800735824384319e+01,1.389293151817925320e+01,1.386521666904703665e+01,1.386020541326669075e+01
1.385616141263698609e+01,1.385595877761302930e+01,1.385558952009009737e+01,1.385492202505851367e+01,1.385374668745306082e+01,1.082555487335924660e+01,1.159231570751418872e+01,1.385175384006930521e+01,1.388278948215667796e+01,1.386363834584136256e+01,1.385987762078612562e+01
1.385618703649509342e+01,1.385600562779307054e+01,1.385567509150550336e+01,1.385507778718810101e+01,1.385402704684570452e+01,1.227914803762193507e+01,1.302923936644281611e+01,1.386300299659744972e+01,1.387413501272996363e+01,1.386222962830200167e+01,1.385954024935010409e+01
1.385621467973778564e+01,1.385605618023385333e+01,1.385576745708776158e+01,1.385524603793477638e+01,1.385433039070295891e+01,1.344472375923697172e+01,1.358774259889628411e+01,1.386394920913707018e+01,1.386719403604399758e+01,1.386100313618501545e+01,1.385938937976963103e+01
