1.385623395241553624e+01,1.385609139745303864e+01,1.385583169062131148e+01,1.385536264933800510e+01,1.385453930513551768e+01,-2.779828416594255813e+01,-4.486410663944022659e+00,1.365629357464402105e+01,1.390929112787547872e+01,1.386715184729361994e+01,1.386060391895806454e+01
1.385612800609348128e+01,1.385589771170770845e+01,1.385547800273119634e+01,1.385471904622507822e+01,-7.598854904497482465e+00,-2.903161352323729716e+01,-4.400463064686352510e+00,1.365287827723077463e+01,1.390902113007933671e+01,1.386710035706395772e+01,1.386058410014096509e+01
1.385612909997593256e+01,1.385589971151231126e+01,1.385548165387665698e+01,1.385472568143529060e+01,-3.726077371993895326e+01,-2.907350854438573506e+01,-4.343439524553267539e+00,1.365719918771824837e+01,1.390868793533154424e+01,1.386702960398519302e+01,1.386055621032506657e+01
1.385613114794094614e+01,1.385590345449714178e+01,1.385548848767322028e+01,1.385473811131035760e+01,1.385341539201677818e+01,-2.624537575137694390e+01,-3.833672447180246579e+00,1.366686380193916861e+01,1.390834284278932387e+01,1.386695526568099979e+01,1.386052680606414711e+01
1.385613337525543720e+01,1.385590752442708684e+01,1.385549591603913910e+01,1.385475161656520982e+01,1.385343964286716734e+01,-2.305514050696617545e+01,-2.812926170541944160e+00,1.368298063908764206e+01,1.390779804170798784e+01,1.386705525182669874e+01,1.386056497323278336e+01
1.385613151979249125e+01,1.385590413231598816e+01,1.385548972465080908e+01,1.385474037645281697e+01,1.385341959930079270e+01,-9.822492744772559625e-01,-3.273289781966228773e-01,1.372432097632690784e+01,1.390548077628715795e+01,1.386676608521837650e+01,1.386044960709530116e+01
1.385614105237356242e+01,1.385592155740267195e+01,1.385552154318729734e+01,1.385479827896574712e+01,1.385352381170418390e+01,-7.998907625531678889e+00,3.126360927374796539e+00,1.375840278190852928e+01,1.390131450135077529e+01,1.386629669481115990e+01,1.386046115323699190e+01
1.385614168238903332e+01,1.385592271573814926e+01,1.385552367217977832e+01,1.385480220823171926e+01,1.385353117311023752e+01,6.570569521153393211e+00,7.797298124367137540e+00,1.381548913276552071e+01,1.389377438213062632e+01,1.386519433513728572e+01,1.386019539732446759e+01
1.385616237261585937e+01,1.385596054234851771e+01,1.385559275094755094e+01,1.385492791031693471e+01,1.385375728753692215e+01,1.036591092917763035e+01,1.123004909566864562e+01,1.384632136681400638e+01,1.388412361437071851e+01,1.386380212855328153e+01,1.385995759254578985e+01
1.385618092150538416e+01,1.385599445710858646e+01,1.385565469899419710e+01,1.385504068282937595e+01,1.385396030442166193e+01,1.246534354430035663e+01,1.290539230795258518e+01,1.386110977125145283e+01,1.387475751711438754e+01,1.386244052623301926e+01,1.385965446226219910e+01
1.385620712755557093e+01,1.385604238091673146e+01,1.385574226525119101e+01,1.385520022107583316e+01,1.385424813975703628e+01,1.335873851695184911e+01,1.353771487142747709e+01,1.386204040490149403e+01,1.386798979220653649e+01,1.386117517341444128e+01,1.385930958454025941e+01
