9.797494704130153664e+00,9.797110709383618499e+00,9.796409865815636664e+00,9.795136618572373166e+00,-5.504250748135889637e+01,-4.789829019463960691e+01,-2.559838274859771801e+01,2.552276478881513100e+00,9.874554780824880140e+00,9.814297323238287518e+00,9.803227903679848865e+00
9.797327403349397557e+00,9.796804783117083915e+00,9.795850869885464718e+00,-5.238473558866837010e+01,-5.467744408670606049e+01,-4.816086485179801002e+01,-2.553067974148998331e+01,2.569142527079366634e+00,9.874903257899804387e+00,9.814117629241589924e+00,9.803169087264199888e+00
9.797335069340123326e+00,9.796818786124566358e+00,9.795876442211634227e+00,-5.417093051997518671e+01,-5.490637833516199606e+01,-4.798500745350926877e+01,-2.549358729060913120e+01,2.604449297340637237e+00,9.876164977230079245e+00,9.814376065584973219e+00,9.803252091040718597e+00
9.797325344826838034e+00,9.796801007539432504e+00,9.795843957515389278e+00,-1.955375136073874387e+01,-5.303044443813027442e+01,-4.684292398484194564e+01,-2.512250862479359270e+01,2.684649514742639020e+00,9.876759999703505599e+00,9.814477371532483119e+00,9.803283751320069683e+00
9.797322276167756527e+00,9.796795398136049826e+00,9.795833709925318544e+00,-1.898331845726460898e+01,-5.040356832030068546e+01,-4.496449680547218009e+01,-2.463542536194214350e+01,2.899918040428308252e+00,9.877592303161836895e+00,9.814471003580788278e+00,9.803274050601315182e+00
9.797328983567778593e+00,9.796807661976231429e+00,9.795856126760948968e+00,-1.750547141094202175e+01,-4.809436113350522390e+01,-4.159542778546668274e+01,-2.237406926756534631e+01,3.320931962698549622e+00,9.877309409785993921e+00,9.814229420080103239e+00,9.803188486426069659e+00
9.797344807959627033e+00,9.796836607078438064e+00,9.795909034292202833e+00,-1.353886558117913097e+01,-3.644629958833837691e+01,-3.261174074538847378e+01,-1.769683441201392426e+01,4.134685667382618668e+00,9.875329713376636676e+00,9.813982829906503724e+00,9.803096111217747932e+00
9.797365212297222570e+00,9.796873912470358547e+00,9.795977215591927134e+00,-8.684382135593521568e+00,-2.265120745577153372e+01,-1.929449784107404042e+01,-9.455163456029373137e+00,5.490351643493384337e+00,9.868852324143036370e+00,9.813208549508363632e+00,9.803042718130370758e+00
9.797374738409015293e+00,9.796891340088336619e+00,9.796009084678912515e+00,-1.303560739171645722e+00,-7.158670070798645924e+00,-5.487526095792341962e+00,-6.234158978960167019e-01,7.268472719201353627e+00,9.855985978534940628e+00,9.811722765675998659e+00,9.802743657784199982e+00
9.797407556324234434e+00,9.796951356763617724e+00,9.796118765452787258e+00,4.899992939015717752e+00,2.853844360554538273e+00,3.511599160512249629e+00,5.439144880383532055e+00,8.694822873117521667e+00,9.840450847612839169e+00,9.809777866918880207e+00,9.802442820701896764e+00
9.797442461924385171e+00,9.797015226814794531e+00,9.796235576106941068e+00,8.010322610715942204e+00,7.357349169759229923e+00,7.589333146287880361e+00,8.253665494992118212e+00,9.404405244174887102e+00,9.826502530011929082e+00,9.807251795486834567e+00,9.802023836920445987e+00
