1.385623395241566769e+01,1.385609139745316298e+01,1.385583169062141096e+01,1.385536264933803530e+01,1.385453930513531873e+01,-2.779828416594739693e+01,-4.486410663945344268e+00,1.365629357463344284e+01,1.390929112784212585e+01,1.386715184718788763e+01,1.386060391862349839e+01
1.385612800609361273e+01,1.385589771170783280e+01,1.385547800273129582e+01,1.385471904622510664e+01,-7.598854904511059161e+00,-2.903161352323868272e+01,-4.400463064692181625e+00,1.365287827722048597e+01,1.390902113004601759e+01,1.386710035695831067e+01,1.386058409980666539e+01
1.385612909997606224e+01,1.385589971151243560e+01,1.385548165387675823e+01,1.385472568143532079e+01,-3.726077371988439069e+01,-2.907350854439029675e+01,-4.343439524556381492e+00,1.365719918770781227e+01,1.390868793529824288e+01,1.386702960387962591e+01,1.386055620999103155e+01
1.385613114794107581e+01,1.385590345449726613e+01,1.385548848767332153e+01,1.385473811131038779e+01,1.385341539201657923e+01,-2.624537575136167433e+01,-3.833672447182595810e+00,1.366686380192888350e+01,1.390834284275605270e+01,1.386695526557551972e+01,1.386052680573037321e+01
1.385613337525556688e+01,1.385590752442721119e+01,1.385549591603923858e+01,1.385475161656523824e+01,1.385343964286696661e+01,-2.305514050692801220e+01,-2.812926170545070548e+00,1.368298063907756479e+01,1.390779804167475397e+01,1.386705525172130038e+01,1.386056497289927236e+01
1.385613151979262270e+01,1.385590413231611251e+01,1.385548972465090856e+01,1.385474037645284362e+01,1.385341959930059375e+01,-9.822492744882169724e-01,-3.273289781988419911e-01,1.372432097631656234e+01,1.390548077625393830e+01,1.386676608511305986e+01,1.386044960676204596e+01
1.385614105237369387e+01,1.385592155740279452e+01,1.385552154318739859e+01,1.385479827896577376e+01,1.385352381170398672e+01,-7.998907625510447872e+00,3.126360927373645460e+00,1.375840278189836852e+01,1.390131450131758939e+01,1.386629669470591608e+01,1.386046115290396585e+01
1.385614168238916477e+01,1.385592271573827361e+01,1.385552367217988134e+01,1.385480220823174768e+01,1.385353117311003857e+01,6.570569521152005876e+00,7.797298124375766193e+00,1.381548913275514678e+01,1.389377438209742976e+01,1.386519433503209875e+01,1.386019539699164582e+01
1.385616237261598904e+01,1.385596054234864027e+01,1.385559275094765042e+01,1.385492791031696669e+01,1.385375728753672320e+01,1.036591092918750867e+01,1.123004909566319931e+01,1.384632136680357917e+01,1.388412361433754327e+01,1.386380212844815141e+01,1.385995759221313328e+01
1.385618092150551561e+01,1.385599445710870903e+01,1.385565469899430013e+01,1.385504068282940437e+01,1.385396030442146476e+01,1.246534354429940628e+01,1.290539230794958314e+01,1.386110977124103627e+01,1.387475751708123717e+01,1.386244052612793354e+01,1.385965446192966866e+01
1.385620712755570239e+01,1.385604238091685403e+01,1.385574226525129227e+01,1.385520022107586335e+01,1.385424813975683733e+01,1.335873851695114389e+01,1.353771487142431695e+01,1.386204040489103306e+01,1.386798979217338967e+01,1.386117517330938753e+01,1.385930958420783732e+01
