1.385622978770674862e+01,1.385608374793930508e+01,1.385581769368762473e+01,1.385533719857424906e+01,1.385449380873809133e+01,-1.695449092832244276e+01,-4.756133235652892921e-01,1.364730712324766770e+01,1.390931474908246557e+01,1.386716654911478130e+01,1.386061045261740787e+01
1.385612689694822208e+01,1.385589564522651429e+01,1.385547418577857215e+01,1.385471203913357385e+01,-6.381794541504666185e+00,-1.787855028219173548e+01,-4.357826832929072580e-01,1.364617729102299570e+01,1.390919051585514055e+01,1.386714296499901522e+01,1.386060139202474062e+01
1.385612738788519316e+01,1.385589654337184840e+01,1.385547582674414002e+01,1.385471502446245395e+01,-6.879681523242616947e+00,-1.768672887405716665e+01,-3.319733046150965539e-01,1.364823531643282450e+01,1.390896112646279192e+01,1.386709578931724707e+01,1.386058291634715545e+01
1.385612865122365278e+01,1.385589885260332466e+01,1.385548004231135977e+01,1.385472268824019437e+01,-6.663413273690123262e+00,-1.706117411383971572e+01,-6.052938602937096846e-02,1.365543073954831499e+01,1.390846003409147436e+01,1.386699021630997564e+01,1.386054135574280899e+01
1.385613165587615470e+01,1.385590434461532183e+01,1.385549006811301709e+01,1.385474091727440182e+01,1.385342025719610959e+01,-2.796182065198775657e+00,8.312253578597941228e-01,1.367995771197393395e+01,1.390766904185985453e+01,1.386703396964643176e+01,1.386055710630555282e+01
1.385613165181611883e+01,1.385590433907174202e+01,1.385549006471236311e+01,1.385474094823009494e+01,1.385342053020218422e+01,-5.602654289380726294e-01,1.696043932741286397e+00,1.371007728557249195e+01,1.390566488241798737e+01,1.386681778262717835e+01,1.386047083644214695e+01
1.385613879094817413e+01,1.385591739027475455e+01,1.385551389677927148e+01,1.385478431417072898e+01,1.385349856676382529e+01,2.382376465289651080e+00,4.621221881329165448e+00,1.376037930490550920e+01,1.390125700018775134e+01,1.386628286770127261e+01,1.386045537079423973e+01
1.385614210304542482e+01,1.385592344825423794e+01,1.385552497292400531e+01,1.385480454052407850e+01,1.385353535059623198e+01,6.671752583773631784e+00,8.341602088080479760e+00,1.380891279649732972e+01,1.389318363391743105e+01,1.386507338012389567e+01,1.386014491581371999e+01
1.385616427792560934e+01,1.385596398694291409e+01,1.385559899380620408e+01,1.385493917458020263e+01,1.385377717487205729e+01,1.055377088249985817e+01,1.149923089511442953e+01,1.384479546332910083e+01,1.388345218816303728e+01,1.386384262116457577e+01,1.385997801191673418e+01
1.385617881251560490e+01,1.385599056611987123e+01,1.385564755848521301e+01,1.385502765489682986e+01,1.385393681549698641e+01,1.258723823137942333e+01,1.299897710931607442e+01,1.385870044402255630e+01,1.387449570404012533e+01,1.386237735673994109e+01,1.385962320551426430e+01
1.385620684689450677e+01,1.385604183158321945e+01,1.385574122009791864e+01,1.385519823269136452e+01,1.385424416681416560e+01,1.341060576452233377e+01,1.356966240476485552e+01,1.386197677839363429e+01,1.386752862758528337e+01,1.386098311820361140e+01,1.385938283974894425e+01
