5.542534425865716230e+01,5.542511115569438118e+01,5.542468598323335982e+01,5.542391516889857428e+01,1.740188092872594083e+01,1.100356423067293576e+01,2.649706094813462087e+01,5.358288011414688157e+01,5.550690069844942087e+01,5.543951896042162986e+01,5.543039821664069677e+01
5.542527196928017474e+01,5.542497905956628301e+01,5.542444503093245345e+01,5.542347820558605065e+01,7.627991247090925242e+00,2.828887514145709048e+00,2.546020665708494235e+01,5.157536083913520741e+01,5.550648808130698342e+01,5.544029740617619950e+01,5.543055348154412343e+01
5.542518354035048844e+01,5.542481733534512500e+01,5.542414932682414985e+01,5.542293788850783187e+01,2.092202924093101757e+01,3.938207790376288209e+00,2.569796906148459925e+01,5.160518757836066328e+01,5.550640109643076414e+01,5.544028014358127621e+01,5.543054759874132742e+01
5.542518413348025064e+01,5.542481842011976312e+01,5.542415130875701834e+01,5.542294149941773185e+01,2.133265448588048585e+01,5.449938565548153591e+00,2.643828398652172851e+01,5.169476130645507794e+01,5.550662498978095272e+01,5.544030668509979165e+01,5.543055565443277999e+01
5.542518405262052994e+01,5.542481827216641932e+01,5.542415103938452603e+01,5.542294101920494143e+01,2.327463633763771966e+01,9.141611509985697381e+00,2.810708751965910324e+01,5.190300197336610921e+01,5.550620589819760653e+01,5.544019320738182444e+01,5.543051529004956990e+01
5.542518936982983746e+01,5.542482799362494461e+01,5.542416879951781539e+01,5.542297338926287864e+01,2.703073391198913100e+01,1.706718489546407014e+01,3.204139435169050643e+01,5.231896888617087882e+01,5.550403008645916714e+01,5.543996967770031858e+01,5.543043679512051369e+01
5.542519899617709456e+01,5.542484559419126811e+01,5.542420095608630248e+01,5.542303200041672540e+01,3.406777550657597686e+01,2.919212459258153203e+01,3.885979419666007573e+01,5.310398408860800146e+01,5.549649437341705038e+01,5.543922148866887767e+01,5.543038441085204227e+01
5.542520478957760588e+01,5.542485618787752344e+01,5.542422031543154759e+01,5.542306729706659496e+01,4.380453241328638114e+01,4.394230179842811168e+01,4.649957699014230883e+01,5.413788573512667313e+01,5.548310364283126717e+01,5.543785993846869076e+01,5.543010100701301468e+01
5.542523122732450958e+01,5.542490452704845438e+01,5.542430862332588504e+01,5.542322815574500794e+01,5.068710368482790329e+01,5.059073601178234725e+01,5.177070588889773006e+01,5.489632762067462579e+01,5.546705544858039616e+01,5.543573603921285553e+01,5.542968616469227072e+01
5.542526978986315100e+01,5.542497504156894195e+01,5.542443746105843161e+01,5.542346290365910022e+01,5.372804568302349537e+01,5.369561306480018459e+01,5.414720437451408230e+01,5.524472015907529965e+01,5.545376036342365467e+01,5.543389219027807968e+01,5.542929540663360655e+01
5.542530684455456935e+01,5.542504281917734943e+01,5.542456137176159814e+01,5.542368893325473778e+01,5.485801437703187844e+01,5.484131415514981711e+01,5.500688409068596485e+01,5.536801326900690867e+01,5.544299139640901330e+01,5.543186346777072515e+01,5.542889238064203994e+01
