9.797494704130018661e+00,9.797110709383487048e+00,9.796409865815515872e+00,9.795136618572289677e+00,-5.504250748136073668e+01,-4.789829019464871607e+01,-2.559838274860330998e+01,2.552276478886811084e+00,9.874554780841910073e+00,9.814297323292368702e+00,9.803227903851121638e+00
9.797327403349260777e+00,9.796804783116950688e+00,9.795850869885343926e+00,-5.238473558770942162e+01,-5.467744408661209832e+01,-4.816086485179432941e+01,-2.553067974150857466e+01,2.569142527084227190e+00,9.874903257916800570e+00,9.814117629295621370e+00,9.803169087435321671e+00
9.797335069339988323e+00,9.796818786124436684e+00,9.795876442211515212e+00,-5.417093051752268451e+01,-5.490637833632079179e+01,-4.798500745352406227e+01,-2.549358729074649332e+01,2.604449297372790184e+00,9.876164977248567567e+00,9.814376065639146773e+00,9.803252091211744457e+00
9.797325344826699478e+00,9.796801007539295725e+00,9.795843957515263156e+00,-1.955375136089341126e+01,-5.303044443422031406e+01,-4.684292398611317054e+01,-2.512250862456775025e+01,2.684649514752204702e+00,9.876759999720324146e+00,9.814477371586413312e+00,9.803283751490889486e+00
9.797322276167621524e+00,9.796795398135916599e+00,9.795833709925195976e+00,-1.898331845666928785e+01,-5.040356832319013591e+01,-4.496449680566805540e+01,-2.463542536218193035e+01,2.899918040427393873e+00,9.877592303178508004e+00,9.814471003634659851e+00,9.803274050771980441e+00
9.797328983567641814e+00,9.796807661976096426e+00,9.795856126760824623e+00,-1.750547141046548205e+01,-4.809436113247519273e+01,-4.159542778519936235e+01,-2.237406926757470771e+01,3.320931962699691375e+00,9.877309409802814244e+00,9.814229420133933957e+00,9.803188486596591034e+00
9.797344807959492030e+00,9.796836607078306614e+00,9.795909034292083817e+00,-1.353886558113218896e+01,-3.644629958792124569e+01,-3.261174074544294399e+01,-1.769683441205693342e+01,4.134685667388173336e+00,9.875329713393684372e+00,9.813982829960318455e+00,9.803096111388134304e+00
9.797365212297085790e+00,9.796873912470227097e+00,9.795977215591806342e+00,-8.684382135642890077e+00,-2.265120745522815682e+01,-1.929449784106020616e+01,-9.455163456039773706e+00,5.490351643498144085e+00,9.868852324159972156e+00,9.813208549562126848e+00,9.803042718300622127e+00
9.797374738408878514e+00,9.796891340088205169e+00,9.796009084678793499e+00,-1.303560739183758699e+00,-7.158670070788616613e+00,-5.487526095791052327e+00,-6.234158978987087707e-01,7.268472719206798160e+00,9.855985978551867532e+00,9.811722765729724571e+00,9.802743657954339440e+00
9.797407556324099431e+00,9.796951356763486274e+00,9.796118765452668242e+00,4.899992939011433180e+00,2.853844360604818498e+00,3.511599160508502404e+00,5.439144880384807479e+00,8.694822873123190021e+00,9.840450847629735875e+00,9.809777866972572369e+00,9.802442820871945628e+00
9.797442461924251944e+00,9.797015226814664857e+00,9.796235576106820275e+00,8.010322610715846281e+00,7.357349169761691954e+00,7.589333146288259613e+00,8.253665494993640550e+00,9.404405244180136236e+00,9.826502530028806248e+00,9.807251795540501860e+00,9.802023837090420244e+00
