9.797505869830658298e+00,9.797131384451285285e+00,9.796447920834545187e+00,9.795206369393619994e+00,-5.585062743524067486e+01,-4.795394391738832951e+01,-2.610124793022019674e+01,2.557070097087097871e+00,9.875424961767018672e+00,9.814334476312511768e+00,9.803233691601628053e+00
9.797331476998095923e+00,9.796812463823242112e+00,9.795865154865692759e+00,-5.737167738034742115e+01,-5.586557000846502774e+01,-4.766168112060540096e+01,-2.600840927373078770e+01,2.570628053795998014e+00,9.875627501710154021e+00,9.814299331678210336e+00,9.803219076476029414e+00
9.797335602631848772e+00,9.796819997355145304e+00,9.795878918637876964e+00,-5.701833489417865053e+01,-5.556095210958946495e+01,-4.783449950181347532e+01,-2.591773017936209556e+01,2.607962514134986254e+00,9.877264804652307717e+00,9.814434953551158358e+00,9.803263905269181677e+00
9.797329416490503817e+00,9.796808688083524785e+00,9.795858248171217753e+00,-5.756876417920011590e+01,-5.568967915807664326e+01,-4.732440451055023800e+01,-2.571394271182115432e+01,2.689379631528448833e+00,9.877828400769864459e+00,9.814548083158442182e+00,9.803300138085379700e+00
9.797325254458709054e+00,9.796801087574577238e+00,9.795844366377275847e+00,-5.591713539884644746e+01,-5.402637109438079221e+01,-4.599869850887677103e+01,-2.515572510449317889e+01,2.880779730751130252e+00,9.878455075010316833e+00,9.814558110407064717e+00,9.803298227430818912e+00
9.797329220135654992e+00,9.796808349107680058e+00,9.795857648865959888e+00,-1.810752643194396683e+01,-4.953082852784770296e+01,-4.270248264657143267e+01,-2.365650055433771826e+01,3.252689508063332013e+00,9.878619238773330480e+00,9.814390094578806512e+00,9.803235532747740066e+00
9.797342917252191086e+00,9.796833397068885674e+00,9.795903429983367161e+00,-1.496993944395155118e+01,-4.159503480899530814e+01,-3.584348667515675402e+01,-1.967644143434959147e+01,3.974921143067922102e+00,9.876348680628584731e+00,9.814008298650660933e+00,9.803106466004004815e+00
9.797362711432164417e+00,9.796869591026936774e+00,9.795969573643958483e+00,-9.504891662545698949e+00,-2.788292338160582062e+01,-2.395098358308288056e+01,-1.250398579699674784e+01,5.266792583782693882e+00,9.870419985707592048e+00,9.813310102801869661e+00,9.803076507291191177e+00
9.797371198253900459e+00,9.796885114809702699e+00,9.795997960838684904e+00,-2.380047221553391879e+00,-1.145193826557791894e+01,-9.394794013359202722e+00,-3.133388061147071468e+00,7.023915241958185618e+00,9.858454531090513839e+00,9.812016258783097911e+00,9.802842884350972952e+00
9.797398458917422559e+00,9.796934973090211329e+00,9.796089086139303959e+00,4.108692346781754878e+00,5.711648529016075670e-01,1.514862512811647299e+00,4.155488990162671925e+00,8.535519103508264038e+00,9.843286006959811374e+00,9.809988700951745244e+00,9.802517109953004848e+00
9.797438372073475676e+00,9.797007997035594329e+00,9.796222610724289126e+00,6.428803057260062737e+00,6.484200800767740525e+00,6.816449129683746833e+00,7.749499250108504711e+00,9.337305408625622860e+00,9.828976354387570780e+00,9.807668860927323706e+00,9.801990864119082048e+00
