1.385622978770564373e+01,1.385608374793822861e+01,1.385581769368664595e+01,1.385533719857358292e+01,1.385449380873840752e+01,-1.695449092819248449e+01,-4.756133235547557181e-01,1.364730712329317619e+01,1.390931474922592059e+01,1.386716654957065842e+01,1.386061045406084702e+01
1.385612689694712074e+01,1.385589564522544492e+01,1.385547418577759871e+01,1.385471203913291482e+01,-6.381794541536488730e+00,-1.787855028221589748e+01,-4.357826832740006040e-01,1.364617729106838340e+01,1.390919051599841794e+01,1.386714296545431679e+01,1.386060139346635367e+01
1.385612738788409359e+01,1.385589654337077903e+01,1.385547582674317013e+01,1.385471502446179493e+01,-6.879681523260457787e+00,-1.768672887410559014e+01,-3.319733045910826519e-01,1.364823531647802390e+01,1.390896112660589168e+01,1.386709578977197665e+01,1.386058291778695306e+01
1.385612865122255499e+01,1.385589885260225529e+01,1.385548004231038988e+01,1.385472268823953712e+01,-6.663413273707787354e+00,-1.706117411389543292e+01,-6.052938600362045563e-02,1.365543073959330300e+01,1.390846003423439114e+01,1.386699021676413501e+01,1.386054135718080893e+01
1.385613165587505691e+01,1.385590434461425602e+01,1.385549006811204720e+01,1.385474091727374457e+01,1.385342025719643466e+01,-2.796182065202129863e+00,8.312253578908679330e-01,1.367995771201939448e+01,1.390766904200260257e+01,1.386703397010002448e+01,1.386055710774175509e+01
1.385613165181502282e+01,1.385590433907067620e+01,1.385549006471139677e+01,1.385474094822943947e+01,1.385342053020250930e+01,-5.602654289513557817e-01,1.696043932753760641e+00,1.371007728561642836e+01,1.390566488256050803e+01,1.386681778308021329e+01,1.386047083787660483e+01
1.385613879094707812e+01,1.385591739027368874e+01,1.385551389677830691e+01,1.385478431417007350e+01,1.385349856676415214e+01,2.382376465290230172e+00,4.621221881344650839e+00,1.376037930495006378e+01,1.390125700033012635e+01,1.386628286815379596e+01,1.386045537222709001e+01
1.385614210304433058e+01,1.385592344825317213e+01,1.385552497292303897e+01,1.385480454052342125e+01,1.385353535059655528e+01,6.671752583769720246e+00,8.341602088094017375e+00,1.380891279654168002e+01,1.389318363405966394e+01,1.386507338057596783e+01,1.386014491724517939e+01
1.385616427792451510e+01,1.385596398694185183e+01,1.385559899380523774e+01,1.385493917457954716e+01,1.385377717487238236e+01,1.055377088250049766e+01,1.149923089512678231e+01,1.384479546337359324e+01,1.388345218830517069e+01,1.386384262161628911e+01,1.385997801334707091e+01
1.385617881251451067e+01,1.385599056611880897e+01,1.385564755848424667e+01,1.385502765489617438e+01,1.385393681549730793e+01,1.258723823138091191e+01,1.299897710932835615e+01,1.385870044406710377e+01,1.387449570418219480e+01,1.386237735719136666e+01,1.385962320694370931e+01
1.385620684689341076e+01,1.385604183158215541e+01,1.385574122009695230e+01,1.385519823269070727e+01,1.385424416681448534e+01,1.341060576452438013e+01,1.356966240477826702e+01,1.386197677843831144e+01,1.386752862772733685e+01,1.386098311865481669e+01,1.385938284117768049e+01
