1.385623453270278915e+01,1.385609245532985767e+01,1.385583364930266725e+01,1.385536641415276549e+01,1.385454729051509126e+01,-2.913739928259061074e+01,-4.523442720078421075e+00,1.365783860772771874e+01,1.390928504677611954e+01,1.386714829477314836e+01,1.386060238420822799e+01
1.385612825362104417e+01,1.385589815226266630e+01,1.385547879567726426e+01,1.385472047765922810e+01,-3.937696931910073062e+01,-3.048506954348525966e+01,-4.453784436950305903e+00,1.365538637583996895e+01,1.390883763512585247e+01,1.386706001247329745e+01,1.386056814971846407e+01
1.385613034928314491e+01,1.385590198467622614e+01,1.385548579546308190e+01,1.385473321025260773e+01,1.385340659875237179e+01,-2.834960773444131377e+01,-4.181177861080188407e+00,1.365852587141481322e+01,1.390835561761014461e+01,1.386696243949729990e+01,1.386053007082936617e+01
1.385613285349698032e+01,1.385590656344076166e+01,1.385549415515273708e+01,1.385474840786677575e+01,1.385343385189474041e+01,-2.702316804869664679e+01,-3.692670463115532264e+00,1.366657337329861122e+01,1.390813237703066463e+01,1.386713674732973445e+01,1.386059790064330244e+01
1.385612853931645816e+01,1.385589867664031694e+01,1.385547975667080678e+01,1.385472223461261088e+01,-3.343513732501460822e+01,-2.571524270753538133e+01,-2.780974965793730824e+00,1.368378735322268724e+01,1.390784222350708532e+01,1.386706213862856174e+01,1.386056752299770878e+01
1.385613149548083456e+01,1.385590407881496233e+01,1.385548961835982951e+01,1.385474017704687633e+01,1.385341925148234843e+01,-1.136945141089374722e+00,-1.130866074163772161e-01,1.372377179529689784e+01,1.390543301309582880e+01,1.386675677786528027e+01,1.386044609114044590e+01
1.385614123164789824e+01,1.385592187886647864e+01,1.385552212335317179e+01,1.385479932387726620e+01,1.385352565871614949e+01,-7.760738594787389033e+00,3.525527449143217140e+00,1.375717687575040316e+01,1.390103391649418363e+01,1.386624248685223826e+01,1.386043965372669007e+01
1.385614255751597312e+01,1.385592430435292499e+01,1.385552655918121800e+01,1.385480742788596586e+01,1.385354040843848544e+01,7.117061011307152185e+00,8.302814984512732366e+00,1.381800736012076314e+01,1.389293152444144042e+01,1.386521668888175896e+01,1.386020547586964291e+01
1.385616141261474610e+01,1.385595877759215355e+01,1.385558952007351863e+01,1.385492202505551163e+01,1.385374668749293470e+01,1.082555487371386782e+01,1.159231570842788450e+01,1.385175384195208537e+01,1.388278948837602478e+01,1.386363836555216977e+01,1.385987768301424339e+01
1.385618703647304528e+01,1.385600562777239020e+01,1.385567509148912357e+01,1.385507778718526239e+01,1.385402704688556952e+01,1.227914803664576482e+01,1.302923936707642127e+01,1.386300299852147866e+01,1.387413501892061163e+01,1.386222964791566348e+01,1.385954031128348873e+01
1.385621467971589738e+01,1.385605618021332575e+01,1.385576745707151147e+01,1.385524603793199461e+01,1.385433039074266759e+01,1.344472375943313480e+01,1.358774259948506113e+01,1.386394921105671507e+01,1.386719404220865570e+01,1.386100315571923502e+01,1.385938944147196672e+01
