9.797491258492431854e+00,9.797104385206795385e+00,9.796398290542157383e+00,9.795115530753335520e+00,-5.768497339681941583e+01,-4.943925704083259376e+01,-2.626963851437852071e+01,2.558865647016135725e+00,9.875056978686382436e+00,9.814228984174107495e+00,9.803198491628934974e+00
9.797336271938661412e+00,9.796820981242529314e+00,9.795880456798744973e+00,-5.950764017859277999e+01,-5.858493530498503077e+01,-4.946188553189752213e+01,-2.651201019878643095e+01,2.571081496145486422e+00,9.875623938927008183e+00,9.814116418405101072e+00,9.803162270642378218e+00
9.797340524284923191e+00,9.796828731200305285e+00,9.795894590823383652e+00,-5.917014609730053820e+01,-5.823649251273732830e+01,-4.919521102632971576e+01,-2.637866276912251351e+01,2.606621153929745471e+00,9.877245200171957507e+00,9.814429097289227855e+00,9.803261860749275414e+00
9.797329473073210337e+00,9.796808533114193196e+00,9.795857692964544228e+00,-5.814912234957405701e+01,-5.730946835371762660e+01,-4.851996299292095216e+01,-2.603627732275811013e+01,2.688950717570524063e+00,9.877694290208655303e+00,9.814498015492741700e+00,9.803282997169906920e+00
9.797327730059027573e+00,9.796805353892510837e+00,9.795851890896347669e+00,-5.592247983711415316e+01,-5.486685545598739111e+01,-4.653071170385253907e+01,-2.514537493365535070e+01,2.890389557739571291e+00,9.878088228488405065e+00,9.814453783307909518e+00,9.803263372027599232e+00
9.797333973876190427e+00,9.796816775174781000e+00,9.795872769398750179e+00,-1.791406538707093787e+01,-4.889820143135747088e+01,-4.188725300523843487e+01,-2.255345125912149484e+01,3.308926337633483428e+00,9.877886089272175596e+00,9.814211615825897184e+00,9.803176886142100699e+00
9.797350437483480334e+00,9.796846884042391679e+00,9.795927801202429563e+00,-1.414413674604333870e+01,-3.838864186224612496e+01,-3.274091999248869200e+01,-1.757979281836903596e+01,4.111568988554328286e+00,9.875660980266468769e+00,9.813987803504401697e+00,9.803094899144340957e+00
9.797367392340076364e+00,9.796877888718643845e+00,9.795984472402825105e+00,-8.548555134896796304e+00,-2.242271877035970462e+01,-1.915848837354464962e+01,-9.597006691368207498e+00,5.486732124781760866e+00,9.869100284970343751e+00,9.813165690291613785e+00,9.803023986199223216e+00
9.797380123131363305e+00,9.796901164533895923e+00,9.796027016408675792e+00,-1.292521515659680986e+00,-7.158529267313227251e+00,-5.435890568750698648e+00,-6.898709073613611409e-01,7.277876453754873687e+00,9.856169199085984545e+00,9.811695553725776620e+00,9.802730799701668829e+00
9.797411506189106944e+00,9.796958560210315525e+00,9.796131909250973990e+00,4.922025789692314746e+00,2.866566234834539983e+00,3.541728127466908571e+00,5.417766108073958975e+00,8.702102419069445816e+00,9.840456984026735299e+00,9.809728640452041404e+00,9.802421453987641087e+00
9.797446868700330214e+00,9.797023258228557907e+00,9.796250223698510950e+00,8.007960159009479995e+00,7.368213575188210740e+00,7.601154097607278004e+00,8.251082178322057814e+00,9.407845387281396299e+00,9.826246250181947417e+00,9.807355541965369738e+00,9.802067123820942030e+00
