9.797500687360551908e+00,9.797121666926571493e+00,9.796429898437125416e+00,9.795173146905666428e+00,-3.844455830820080422e+01,-3.673035619541182939e+01,-2.205284549589554288e+01,2.546250675951818199e+00,9.876169937864860415e+00,9.814220595906574474e+00,9.803195400773130785e+00
9.797336939046669357e+00,9.796822228541026689e+00,9.795882758682793678e+00,-3.821988112072041588e+01,-4.397861376118991217e+01,-3.788206647188188469e+01,-2.120114418770135600e+01,2.558877827442242570e+00,9.875200449466641217e+00,9.814130540395794355e+00,9.803171173008339068e+00
9.797336351624458928e+00,9.796821150692077040e+00,9.795880780863150505e+00,-3.933038795106769925e+01,-4.382551694513241358e+01,-3.776644472601034153e+01,-2.118712248965711709e+01,2.593396762626215768e+00,9.876720092473254553e+00,9.814411137150511166e+00,9.803259967686928533e+00
9.797326904062988007e+00,9.796803867270854838e+00,9.795849192873285816e+00,-3.896465944137816706e+01,-4.342945866282656198e+01,-3.747011808431823709e+01,-2.115587910335302269e+01,2.674400299947013337e+00,9.877298860112910361e+00,9.814523595337933060e+00,9.803295823082343929e+00
9.797322912035532738e+00,9.796796586128541762e+00,9.795835903401421518e+00,-3.793295747635203696e+01,-4.237221599034664621e+01,-3.662174592140881657e+01,-2.086522648348108078e+01,2.884267952567576732e+00,9.877419131649670447e+00,9.814503315090380653e+00,9.803287359112413668e+00
9.797325323469554093e+00,9.796801000185560326e+00,9.795843973244659608e+00,-3.643569178315682677e+01,-3.961426103461756298e+01,-3.432525362616521392e+01,-1.952957786548206087e+01,3.329403904564778749e+00,9.877442458987372831e+00,9.814308173106493172e+00,9.803216027310782010e+00
9.797339979563139067e+00,9.796827805197764860e+00,9.795892967946697283e+00,-1.413472135645096373e+01,-3.178350378757783901e+01,-2.904471326026638778e+01,-1.661157685330438483e+01,4.150946651520247777e+00,9.875622317604058509e+00,9.814077458855068770e+00,9.803127954402711453e+00
9.797360467703521536e+00,9.796865272419653436e+00,9.795961455714449428e+00,-9.009751621891195938e+00,-2.197541152002524001e+01,-1.890181948278907242e+01,-9.752523927293701433e+00,5.494685000324164292e+00,9.868697959455580815e+00,9.813264217837350145e+00,9.803065377669847535e+00
9.797369176014269598e+00,9.796881205040667950e+00,9.795990586639572228e+00,-1.489545252386603735e+00,-7.956315318151034433e+00,-6.311712900037939278e+00,-1.364397270472845314e+00,7.220696318703045513e+00,9.856666460072807112e+00,9.811927365162423698e+00,9.802816848368033575e+00
9.797397646750550138e+00,9.796933276390360490e+00,9.796085758145489208e+00,4.594882495123234989e+00,2.184574552825632843e+00,2.912779888191582955e+00,4.972915298727672351e+00,8.640979579075244388e+00,9.841379917632558261e+00,9.809796224972382461e+00,9.802449210977300709e+00
9.797442180264589240e+00,9.797014737042905708e+00,9.796234691884434298e+00,7.136041538645782722e+00,7.089851840246337744e+00,7.333693946402940256e+00,8.062530190286146592e+00,9.376294138982022019e+00,9.827627185407324717e+00,9.807609965817858821e+00,9.801975416194121493e+00
