1.385623572412839621e+01,1.385609463072598757e+01,1.385583760481846305e+01,1.385537351370100900e+01,1.385455949642040707e+01,-2.395983147860603779e+01,-3.871730968504857096e+00,1.365080222016215572e+01,1.390939963350202646e+01,1.386717895529744204e+01,1.386061491770104581e+01
1.385612694020098878e+01,1.385589575354547343e+01,1.385547441585779183e+01,1.385471250278883026e+01,-7.201290757507724294e+00,-2.461540919922769888e+01,-3.743940506470451623e+00,1.364812799864213666e+01,1.390893049862890152e+01,1.386708617609811967e+01,1.386057890046685515e+01
1.385612916424256014e+01,1.385589981944897175e+01,1.385548183895777719e+01,1.385472599596253929e+01,-3.152178290589642984e+01,-2.473831671534187748e+01,-3.640914923180130103e+00,1.365311040011365762e+01,1.390886865887489776e+01,1.386707053870349426e+01,1.386057254025023511e+01
1.385612978497458059e+01,1.385590095484068129e+01,1.385548391359680664e+01,1.385472977618691459e+01,1.385340037916600764e+01,-2.222976401238816280e+01,-3.301590206168288688e+00,1.366014646803357024e+01,1.390834585014544089e+01,1.386696211148158042e+01,1.386052999311068845e+01
1.385613275305736103e+01,1.385590637926017621e+01,1.385549381483221865e+01,1.385474777424013837e+01,1.385343266502601978e+01,-2.022776312534100995e+01,-2.447757226701989808e+00,1.367711220492054736e+01,1.390767254337054304e+01,1.386703534854514430e+01,1.386055770578169444e+01
1.385613159850372256e+01,1.385590426926038887e+01,1.385548996491624152e+01,1.385474079211894605e+01,1.385342026156309103e+01,-1.059474230738795875e+00,-2.064615171826895690e-01,1.372074215269696573e+01,1.390542428770618599e+01,1.386675778669568260e+01,1.386044666768169265e+01
1.385614100569739904e+01,1.385592146782527223e+01,1.385552137351370661e+01,1.385479795776040035e+01,1.385352318923295556e+01,-7.995261833804189422e+00,2.756908095114935620e+00,1.375754624207434773e+01,1.390149408804190401e+01,1.386633418354308134e+01,1.386047633442023042e+01
1.385614082498903166e+01,1.385592113998058039e+01,1.385552078748234628e+01,1.385479696152234652e+01,1.385352179628144142e+01,1.834896355388674127e+00,7.425024463953390885e+00,1.380759727226042877e+01,1.389385623596740160e+01,1.386522760301137147e+01,1.386021104188405317e+01
1.385616033505380607e+01,1.385595680786708606e+01,1.385558591842323928e+01,1.385491544655392282e+01,1.385373473026151281e+01,1.030411623298609669e+01,1.113644290002314108e+01,1.385160406492375884e+01,1.388404941042164964e+01,1.386376255703991944e+01,1.385993651844627372e+01
1.385618387431696164e+01,1.385599984868838064e+01,1.385566454178058038e+01,1.385505862005411259e+01,1.385399278603138917e+01,1.201316288349744177e+01,1.284406442529676973e+01,1.386176761875698915e+01,1.387542618548604345e+01,1.386245335100059251e+01,1.385966219527760401e+01
1.385620599057769908e+01,1.385604029398762727e+01,1.385573844367824137e+01,1.385519324631962590e+01,1.385423551129737874e+01,1.335067384160405979e+01,1.352439528406284097e+01,1.386393417733361666e+01,1.386817055800664988e+01,1.386122028983901444e+01,1.385933301287121111e+01
