1.385623453272651417e+01,1.385609245535211187e+01,1.385583364932029227e+01,1.385536641415578529e+01,1.385454729047202704e+01,-2.913739929288764330e+01,-4.523442720226287683e+00,1.365783860560960683e+01,1.390928504011161770e+01,1.386714827368866310e+01,1.386060231769125295e+01
1.385612825364461287e+01,1.385589815228479793e+01,1.385547879569483953e+01,1.385472047766239889e+01,-3.937696931412794044e+01,-3.048506954483872633e+01,-4.453784437314947553e+00,1.365538637377432352e+01,1.390883762853130534e+01,1.386705999160711578e+01,1.386056808388778627e+01
1.385613034930648624e+01,1.385590198469814283e+01,1.385548579548049197e+01,1.385473321025576432e+01,1.385340659871047819e+01,-2.834960772836925713e+01,-4.181177861313932986e+00,1.365852586939283597e+01,1.390835561108342588e+01,1.386696241884406788e+01,1.386053000566850102e+01
1.385613285352005164e+01,1.385590656346242255e+01,1.385549415516992866e+01,1.385474840786985240e+01,1.385343385185320919e+01,-2.702316803297279080e+01,-3.692670463627965027e+00,1.366657337134285299e+01,1.390813237057028218e+01,1.386713672688274812e+01,1.386059783613089280e+01
1.385612853933932698e+01,1.385589867666178776e+01,1.385547975668785448e+01,1.385472223461568575e+01,-3.343513730077461332e+01,-2.571524271128592787e+01,-2.780974966239054602e+00,1.368378735122632683e+01,1.390784221710882029e+01,1.386706211838211544e+01,1.386056745911678334e+01
1.385613149550355061e+01,1.385590407883629638e+01,1.385548961837679016e+01,1.385474017705001515e+01,1.385341925144177821e+01,-1.136945142597620695e+00,-1.130866073435976560e-01,1.372377179338201003e+01,1.390543300676145755e+01,1.386675675781430606e+01,1.386044602787361768e+01
1.385614123167041001e+01,1.385592187888761906e+01,1.385552212336997790e+01,1.385479932388037483e+01,1.385352565867595942e+01,-7.760738587040213687e+00,3.525527448234788253e+00,1.375717687385219179e+01,1.390103391021548696e+01,1.386624246697365770e+01,1.386043959099525225e+01
1.385614255753825752e+01,1.385592430437384515e+01,1.385552655919783582e+01,1.385480742788898212e+01,1.385354040839854761e+01,7.117061010218252548e+00,8.302814984057764747e+00,1.381800735825398974e+01,1.389293151821323136e+01,1.386521666915482243e+01,1.386020541360773706e+01
1.385616141263686707e+01,1.385595877761291916e+01,1.385558952009000855e+01,1.385492202505849946e+01,1.385374668745328108e+01,1.082555487336127698e+01,1.159231570751922291e+01,1.385175384007954413e+01,1.388278948219062414e+01,1.386363834594908795e+01,1.385987762112700139e+01
1.385618703649497618e+01,1.385600562779296041e+01,1.385567509150541454e+01,1.385507778718808680e+01,1.385402704684592479e+01,1.227914803761630402e+01,1.302923936644629244e+01,1.386300299660798885e+01,1.387413501276391337e+01,1.386222962840968265e+01,1.385954024969084308e+01
1.385621467973766840e+01,1.385605618023374319e+01,1.385576745708767277e+01,1.385524603793476217e+01,1.385433039070317918e+01,1.344472375923807839e+01,1.358774259889952418e+01,1.386394920914763063e+01,1.386719403607793843e+01,1.386100313629266090e+01,1.385938938011026167e+01
