9.797500687360590987e+00,9.797121666926610573e+00,9.796429898437162720e+00,9.795173146905696626e+00,-3.844455830819249798e+01,-3.673035619540550556e+01,-2.205284549589607579e+01,2.546250675951065023e+00,9.876169937862419701e+00,9.814220595898776267e+00,9.803195400748389687e+00
9.797336939046708437e+00,9.796822228541065769e+00,9.795882758682832758e+00,-3.821988112071560550e+01,-4.397861376118997612e+01,-3.788206647188196996e+01,-2.120114418770154785e+01,2.558877827441503161e+00,9.875200449464200503e+00,9.814130540388001478e+00,9.803171172983622839e+00
9.797336351624496231e+00,9.796821150692116120e+00,9.795880780863189585e+00,-3.933038795106266861e+01,-4.382551694513244911e+01,-3.776644472601040547e+01,-2.118712248965736578e+01,2.593396762625471919e+00,9.876720092470817391e+00,9.814411137142727171e+00,9.803259967662237173e+00
9.797326904063027087e+00,9.796803867270893917e+00,9.795849192873321343e+00,-3.896465944137239035e+01,-4.342945866282660461e+01,-3.747011808431837920e+01,-2.115587910335337440e+01,2.674400299946263271e+00,9.877298860110478529e+00,9.814523595330156169e+00,9.803295823057673886e+00
9.797322912035571818e+00,9.796796586128579065e+00,9.795835903401460598e+00,-3.793295747634502391e+01,-4.237221599034656805e+01,-3.662174592140893026e+01,-2.086522648348115894e+01,2.884267952566834659e+00,9.877419131647242168e+00,9.814503315082612644e+00,9.803287359087768493e+00
9.797325323469594949e+00,9.796801000185597630e+00,9.795843973244695135e+00,-3.643569178315026846e+01,-3.961426103461606374e+01,-3.432525362616459574e+01,-1.952957786548239483e+01,3.329403904564041561e+00,9.877442458984948104e+00,9.814308173098730492e+00,9.803216027286159928e+00
9.797339979563178147e+00,9.796827805197803940e+00,9.795892967946734586e+00,-1.413472135645072569e+01,-3.178350378757241401e+01,-2.904471326026519762e+01,-1.661157685330468681e+01,4.150946651519506148e+00,9.875622317601632005e+00,9.814077458847313196e+00,9.803127954378112463e+00
9.797360467703558840e+00,9.796865272419692516e+00,9.795961455714486732e+00,-9.009751621890849549e+00,-2.197541152002381892e+01,-1.890181948278911506e+01,-9.752523927294220130e+00,5.494685000323419999e+00,9.868697959453157864e+00,9.813264217829603453e+00,9.803065377645269862e+00
9.797369176014306902e+00,9.796881205040707030e+00,9.795990586639611308e+00,-1.489545252386539786e+00,-7.956315318150593896e+00,-6.311712900037909080e+00,-1.364397270472979429e+00,7.220696318702308325e+00,9.856666460070385938e+00,9.811927365154682334e+00,9.802816848343473666e+00
9.797397646750589217e+00,9.796933276390397793e+00,9.796085758145526512e+00,4.594882495123071564e+00,2.184574552825724325e+00,2.912779888191550093e+00,4.972915298727452083e+00,8.640979579074496542e+00,9.841379917630138863e+00,9.809796224964644651e+00,9.802449210952756786e+00
9.797442180264628320e+00,9.797014737042943011e+00,9.796234691884471601e+00,7.136041538646223259e+00,7.089851840246264025e+00,7.333693946402865649e+00,8.062530190285945864e+00,9.376294138981284831e+00,9.827627185404905319e+00,9.807609965810126340e+00,9.801975416169590005e+00
