1.385622978770512859e+01,1.385608374793772768e+01,1.385581769368619121e+01,1.385533719857327029e+01,1.385449380873855674e+01,-1.695449092813153058e+01,-4.756133235499042655e-01,1.364730712331430418e+01,1.390931474929249667e+01,1.386716654978219054e+01,1.386061045473043407e+01
1.385612689694660737e+01,1.385589564522494754e+01,1.385547418577714929e+01,1.385471203913260752e+01,-6.381794541551448319e+00,-1.787855028222706011e+01,-4.357826832652402782e-01,1.364617729108943678e+01,1.390919051606485191e+01,1.386714296566539240e+01,1.386060139413450010e+01
1.385612738788358200e+01,1.385589654337028342e+01,1.385547582674272071e+01,1.385471502446149117e+01,-6.879681523268899923e+00,-1.768672887412810368e+01,-3.319733045799386773e-01,1.364823531649897248e+01,1.390896112667218532e+01,1.386709578998260639e+01,1.386058291845367307e+01
1.385612865122204340e+01,1.385589885260176146e+01,1.385548004230993868e+01,1.385472268823923336e+01,-6.663413273716184193e+00,-1.706117411392134642e+01,-6.052938599167845268e-02,1.365543073961413079e+01,1.390846003430054267e+01,1.386699021697431533e+01,1.386054135784611674e+01
1.385613165587454709e+01,1.385590434461376219e+01,1.385549006811159778e+01,1.385474091727343904e+01,1.385342025719658565e+01,-2.796182065203774769e+00,8.312253579053114905e-01,1.367995771204042477e+01,1.390766904206861732e+01,1.386703397030975893e+01,1.386055710840565069e+01
1.385613165181451301e+01,1.385590433907018237e+01,1.385549006471094913e+01,1.385474094822913393e+01,1.385342053020265851e+01,-5.602654289575825786e-01,1.696043932759526252e+00,1.371007728563673211e+01,1.390566488262636113e+01,1.386681778328951076e+01,1.386047083853913620e+01
1.385613879094657186e+01,1.385591739027319669e+01,1.385551389677785750e+01,1.385478431416976974e+01,1.385349856676430136e+01,2.382376465290469980e+00,4.621221881351819327e+00,1.376037930497063755e+01,1.390125700039586043e+01,1.386628286836269197e+01,1.386045537288836016e+01
1.385614210304382254e+01,1.385592344825268185e+01,1.385552497292259311e+01,1.385480454052311927e+01,1.385353535059670271e+01,6.671752583767888822e+00,8.341602088100263046e+00,1.380891279656214365e+01,1.389318363412528612e+01,1.386507338078451568e+01,1.386014491790536063e+01
1.385616427792400884e+01,1.385596398694135800e+01,1.385559899380479365e+01,1.385493917457924340e+01,1.385377717487253157e+01,1.055377088250077833e+01,1.149923089513246666e+01,1.384479546339411016e+01,1.388345218837071116e+01,1.386384262182455274e+01,1.385997801400637819e+01
1.385617881251400263e+01,1.385599056611831870e+01,1.385564755848380081e+01,1.385502765489587063e+01,1.385393681549745537e+01,1.258723823138158693e+01,1.299897710933401207e+01,1.385870044408763491e+01,1.387449570424767487e+01,1.386237735739940291e+01,1.385962320760231847e+01
1.385620684689290805e+01,1.385604183158166514e+01,1.385574122009650644e+01,1.385519823269040351e+01,1.385424416681463100e+01,1.341060576452531450e+01,1.356966240478444519e+01,1.386197677845889586e+01,1.386752862779277962e+01,1.386098311886266821e+01,1.385938284183572833e+01
