5.542534425865879655e+01,5.542511115569583779e+01,5.542468598323421247e+01,5.542391516889748004e+01,1.740188092968604394e+01,1.100356428577661205e+01,2.649706096999444327e+01,5.358288008678148628e+01,5.550690069721363784e+01,5.543951895751837355e+01,5.543039820758275482e+01
5.542527196928192268e+01,5.542497905956804516e+01,5.542444503093397401e+01,5.542347820558629223e+01,7.627991550096536955e+00,2.828887402895420067e+00,2.546020662148572811e+01,5.157536083624280820e+01,5.550648808041616178e+01,5.544029740332590706e+01,5.543055347252240495e+01
5.542518354035198769e+01,5.542481733534627608e+01,5.542414932682441275e+01,5.542293788850561498e+01,2.092202927529676870e+01,3.938207819497651307e+00,2.569796905981494817e+01,5.160518757737006013e+01,5.550640109554202439e+01,5.544028014073625599e+01,5.543054758973967466e+01
5.542518413348184936e+01,5.542481842012109183e+01,5.542415130875760099e+01,5.542294149941611181e+01,2.133265449703133143e+01,5.449938570907853830e+00,2.643828398584656014e+01,5.169476130595181473e+01,5.550662498888132035e+01,5.544030668225864389e+01,5.543055564545063163e+01
5.542518405262220682e+01,5.542481827216789725e+01,5.542415103938540710e+01,5.542294101920386851e+01,2.327463633961934164e+01,9.141611513131294942e+00,2.810708751991692012e+01,5.190300197296150486e+01,5.550620589729732757e+01,5.544019320454653155e+01,5.543051528108735937e+01
5.542518936983152855e+01,5.542482799362644386e+01,5.542416879951873909e+01,5.542297338926189809e+01,2.703073391364750577e+01,1.706718489325744414e+01,3.204139435096759314e+01,5.231896888577796290e+01,5.550403008556396856e+01,5.543996967487167638e+01,5.543043678617786441e+01
5.542519899617875012e+01,5.542484559419273182e+01,5.542420095608716224e+01,5.542303200041566669e+01,3.406777550755292339e+01,2.919212458990641323e+01,3.885979419570953297e+01,5.310398408816428883e+01,5.549649437252264761e+01,5.543922148584573506e+01,5.543038440192702865e+01
5.542520478957925434e+01,5.542485618787897295e+01,5.542422031543240735e+01,5.542306729706554336e+01,4.380453241394704378e+01,4.394230179955629012e+01,4.649957699000610489e+01,5.413788573479727972e+01,5.548310364194048105e+01,5.543785993565072090e+01,5.543010099810338431e+01
5.542523122732612961e+01,5.542490452704988257e+01,5.542430862332671637e+01,5.542322815574391370e+01,5.068710368492659768e+01,5.059073601192596215e+01,5.177070588889247915e+01,5.489632762029980029e+01,5.546705544768828133e+01,5.543573603639842418e+01,5.542968615579480485e+01
5.542526978986477104e+01,5.542497504157036303e+01,5.542443746105925584e+01,5.542346290365802020e+01,5.372804568308765738e+01,5.369561306488699870e+01,5.414720437452571389e+01,5.524472015873590180e+01,5.545376036253207985e+01,5.543389218746662550e+01,5.542929539774579695e+01
5.542530684455617518e+01,5.542504281917877762e+01,5.542456137176242237e+01,5.542368893325364354e+01,5.485801437705237049e+01,5.484131415517845198e+01,5.500688409062836826e+01,5.536801326871064077e+01,5.544299139551960565e+01,5.543186346496196393e+01,5.542889237176188999e+01
