1.385623053088890444e+01,1.385608514355551080e+01,1.385582027770733582e+01,1.385534192412761989e+01,1.385450226193066570e+01,-2.846878890947917640e+01,-4.529121686561511595e+00,1.365633965471225686e+01,1.390935673370524306e+01,1.386716439237098797e+01,1.386060875832718864e+01
1.385612773308874068e+01,1.385589721030683741e+01,1.385547708603549033e+01,1.385471737942527604e+01,-3.899067475892644552e+01,-3.026104448205146014e+01,-4.473147959400698426e+00,1.365475502632691196e+01,1.390869725257341472e+01,1.386703209009966820e+01,1.386055724795636479e+01
1.385613103810182878e+01,1.385590325369176767e+01,1.385548812206773484e+01,1.385473744948763297e+01,1.385341420729485229e+01,-2.802374694858431425e+01,-4.211107530855303871e+00,1.365816752223980046e+01,1.390849889965512709e+01,1.386699196675520085e+01,1.386054159509465045e+01
1.385613206466226544e+01,1.385590513111391253e+01,1.385549155036873792e+01,1.385474368339695062e+01,1.385342539036002663e+01,-2.673712873442988780e+01,-3.702857057158418286e+00,1.366595000778240632e+01,1.390803230096560839e+01,1.386711685380038261e+01,1.386059015653842508e+01
1.385612900038343120e+01,1.385589952844183870e+01,1.385548132077297367e+01,1.385472508591713137e+01,-3.326921052884632957e+01,-2.569476413917857727e+01,-2.832847174574880000e+00,1.368401971812089712e+01,1.390781653291987041e+01,1.386705650468847040e+01,1.386056525035323972e+01
1.385613167087877073e+01,1.385590440918828037e+01,1.385549023133528301e+01,1.385474130184811337e+01,1.385342128283476981e+01,-1.180477423540212900e+00,-2.112334061853848866e-01,1.372391800070929868e+01,1.390549953211810319e+01,1.386677021985015301e+01,1.386045124030452769e+01
1.385614093764052868e+01,1.385592135126406532e+01,1.385552117018669804e+01,1.385479760239458003e+01,1.385352259049283674e+01,-8.305066117723452379e+00,3.209874611757861373e+00,1.376004349043626540e+01,1.390128441657004998e+01,1.386628829273692531e+01,1.386045755770139465e+01
1.385614203913900333e+01,1.385592336747611242e+01,1.385552486223167712e+01,1.385480437449192515e+01,1.385353507499575265e+01,6.599601833995109246e+00,7.985969116753824260e+00,1.381531700334787693e+01,1.389372354132167686e+01,1.386518499125587311e+01,1.386019161975230318e+01
1.385616242353227712e+01,1.385596063450292448e+01,1.385559291771641988e+01,1.385492820618032539e+01,1.385375777267314490e+01,1.050562482268327003e+01,1.139639650834840978e+01,1.384724531032190420e+01,1.388351352035746089e+01,1.386385094984985322e+01,1.385998113920182462e+01
1.385617934651863159e+01,1.385599157886164079e+01,1.385564944806842469e+01,1.385503114875847963e+01,1.385394324122437837e+01,1.257878177051575541e+01,1.297555890589680416e+01,1.386155592006728909e+01,1.387443280908817655e+01,1.386232860923420773e+01,1.385959362655925275e+01
1.385621133549168960e+01,1.385605007269204592e+01,1.385575630906809863e+01,1.385522576097695691e+01,1.385429398583018390e+01,1.339637133529486412e+01,1.356241512918944281e+01,1.386186542827292101e+01,1.386747853515959505e+01,1.386096310116334074e+01,1.385936992289822811e+01
