1.385623572412766791e+01,1.385609463072528591e+01,1.385583760481784665e+01,1.385537351370066261e+01,1.385455949642091511e+01,-2.395983147855469397e+01,-3.871730968489133673e+00,1.365080222020125156e+01,1.390939963362648868e+01,1.386717895569253400e+01,1.386061491895158859e+01
1.385612694020025693e+01,1.385589575354476821e+01,1.385547441585717365e+01,1.385471250278848210e+01,-7.201290757484180460e+00,-2.461540919931955074e+01,-3.743940506451660433e+00,1.364812799868101933e+01,1.390893049875321452e+01,1.386708617649274444e+01,1.386057890171591289e+01
1.385612916424182650e+01,1.385589981944826654e+01,1.385548183895716079e+01,1.385472599596218934e+01,-3.152178290614705602e+01,-2.473831671537977428e+01,-3.640914923165066597e+00,1.365311040015247990e+01,1.390886865899906688e+01,1.386707053909765008e+01,1.386057254149781315e+01
1.385612978497384873e+01,1.385590095483997786e+01,1.385548391359618847e+01,1.385472977618656465e+01,1.385340037916651390e+01,-2.222976401258381074e+01,-3.301590206147682061e+00,1.366014646807192889e+01,1.390834585026944836e+01,1.386696211187527084e+01,1.386052999435679567e+01
1.385613275305663095e+01,1.385590637925947277e+01,1.385549381483159870e+01,1.385474777423979020e+01,1.385343266502652604e+01,-2.022776312552254652e+01,-2.447757226678922926e+00,1.367711220495865021e+01,1.390767254349439241e+01,1.386703534893837286e+01,1.386055770702635215e+01
1.385613159850299070e+01,1.385590426925968544e+01,1.385548996491562512e+01,1.385474079211859966e+01,1.385342026156359552e+01,-1.059474230701094033e+00,-2.064615171762302914e-01,1.372074215273551623e+01,1.390542428782989859e+01,1.386675778708845996e+01,1.386044666892490440e+01
1.385614100569667073e+01,1.385592146782457235e+01,1.385552137351309021e+01,1.385479795776005218e+01,1.385352318923346004e+01,-7.995261833861139422e+00,2.756908095130096825e+00,1.375754624211297283e+01,1.390149408816549226e+01,1.386633418393543948e+01,1.386047633566214898e+01
1.385614082498830335e+01,1.385592113997988051e+01,1.385552078748172988e+01,1.385479696152200013e+01,1.385352179628194413e+01,1.834896355370213783e+00,7.425024463966265920e+00,1.380759727229900236e+01,1.389385623609087794e+01,1.386522760340337079e+01,1.386021104312483665e+01
1.385616033505307954e+01,1.385595680786638439e+01,1.385558591842262288e+01,1.385491544655357643e+01,1.385373473026201196e+01,1.030411623299057133e+01,1.113644290003476556e+01,1.385160406496231467e+01,1.388404941054502117e+01,1.386376255743160613e+01,1.385993651968610507e+01
1.385618387431623688e+01,1.385599984868768075e+01,1.385566454177996398e+01,1.385505862005376798e+01,1.385399278603189188e+01,1.201316288350526484e+01,1.284406442530829651e+01,1.386176761879556807e+01,1.387542618560935459e+01,1.386245335139203583e+01,1.385966219651668752e+01
1.385620599057697433e+01,1.385604029398692916e+01,1.385573844367762675e+01,1.385519324631927773e+01,1.385423551129788144e+01,1.335067384160695703e+01,1.352439528407454183e+01,1.386393417737214584e+01,1.386817055812989707e+01,1.386122029023026059e+01,1.385933301410969065e+01
