1.385623424602206022e+01,1.385609207143570742e+01,1.385583308918401713e+01,1.385536552843491265e+01,1.385454577837815293e+01,-2.912114357551900312e+01,-4.329705357920846431e+00,1.366043748194092444e+01,1.390927912705076253e+01,1.386714475579163697e+01,1.386060080418808838e+01
1.385612862554982883e+01,1.385589896227937068e+01,1.385548041134723007e+01,1.385472355614153983e+01,-3.962405241677876688e+01,-3.078224112587395922e+01,-4.210135894104404919e+00,1.365644989655789132e+01,1.390879044677894250e+01,1.386704940816530929e+01,1.386056391789129805e+01
1.385613081148573933e+01,1.385590295888900414e+01,1.385548770958847342e+01,1.385473682674107110e+01,1.385341319549881511e+01,-2.838051440679602422e+01,-4.084860309896650499e+00,1.366022453292220540e+01,1.390847610513882771e+01,1.386698505417173877e+01,1.386053874047427570e+01
1.385613251393008483e+01,1.385590607132469643e+01,1.385549339198218810e+01,1.385474715755260888e+01,1.385343172685756485e+01,-2.752895865664426367e+01,-3.599704410115053932e+00,1.366791444307432535e+01,1.390807899387568014e+01,1.386712452894393088e+01,1.386059301997464743e+01
1.385612904886701280e+01,1.385589973197247105e+01,1.385548181380158894e+01,1.385472610442698382e+01,-3.502260886662644879e+01,-2.717803011271584168e+01,-2.935853164590979780e+00,1.368689486729125449e+01,1.390781156019973430e+01,1.386705279401534696e+01,1.386056361232608758e+01
1.385613205945370296e+01,1.385590523275877928e+01,1.385549185512774528e+01,1.385474437675775050e+01,1.385342690549950539e+01,-1.079102612907337555e+00,-1.267408735289015098e+00,1.371952690750573112e+01,1.390586430600724910e+01,1.386684846456567044e+01,1.386048190873960451e+01
1.385613895190730283e+01,1.385591783574784586e+01,1.385551487168054052e+01,1.385478626579928729e+01,1.385350231423740297e+01,2.255422488041255669e+00,2.358252091163612008e+00,1.377380867108141338e+01,1.390168505175859082e+01,1.386635373163048257e+01,1.386048241054854202e+01
1.385614209161852983e+01,1.385592357974202926e+01,1.385552537951153695e+01,1.385480548867014861e+01,1.385353747741472930e+01,-1.407736977822162672e+00,6.845914672805659684e+00,1.381495456420043766e+01,1.389422114962419386e+01,1.386529574066711135e+01,1.386023881257288082e+01
1.385615996123303795e+01,1.385595625703444611e+01,1.385558505578707411e+01,1.385491405298856549e+01,1.385373257120129509e+01,7.366054360748643504e+00,1.072092164236379119e+01,1.385092555289704208e+01,1.388463086118563439e+01,1.386391810319964080e+01,1.386001128570904761e+01
1.385617922076085762e+01,1.385599147345810778e+01,1.385564938827829629e+01,1.385503120611891603e+01,1.385394372040486566e+01,1.157843489378006652e+01,1.271029148060853231e+01,1.386690470008868914e+01,1.387579001207678076e+01,1.386252475187490418e+01,1.385969539491422253e+01
1.385620823218303954e+01,1.385604453140452108e+01,1.385574633596428029e+01,1.385520784740934275e+01,1.385426255764764747e+01,1.310974789411654129e+01,1.347538928777455780e+01,1.386641311294971146e+01,1.386900882820045666e+01,1.386132778804670806e+01,1.385939581716237257e+01
