9.797483237160772518e+00,9.797089704392259790e+00,9.796371406467342169e+00,9.795066209729831996e+00,-1.153896382989383085e+01,-2.683474679436061550e+01,-1.520909083318893806e+01,3.864578033472644947e+00,9.869704711260089525e+00,9.814094131664640841e+00,9.803197492439579719e+00
9.797305494768146161e+00,9.796764658555652261e+00,9.795777422476792395e+00,-2.837666341982176732e+01,-3.332566872638198419e+01,-2.840447227378481188e+01,-1.490678721150346320e+01,3.877178097965849890e+00,9.869271937623985025e+00,9.814022654773811638e+00,9.803175343692924315e+00
9.797307508877118210e+00,9.796768350670443937e+00,9.795784180248215733e+00,-2.923777028632967756e+01,-3.322019938526170080e+01,-2.832553040214311579e+01,-1.489916144820885791e+01,3.900352479424644248e+00,9.869734754892693473e+00,9.814220089110266443e+00,9.803243143187064135e+00
9.797296360938579696e+00,9.796747961502065394e+00,9.795746911103620391e+00,-2.891055390097654865e+01,-3.294799863462499445e+01,-2.812067377533482215e+01,-1.485368669779432338e+01,3.959543981519685119e+00,9.869956134618151466e+00,9.814306367186194535e+00,9.803272591915279222e+00
9.797291652458653743e+00,9.796739361573470362e+00,9.795731198728875100e+00,-2.749504686465444436e+01,-3.223588077841761645e+01,-2.755112603433864038e+01,-1.462980253366285055e+01,4.088479144541531163e+00,9.870140804566842618e+00,9.814279448740485634e+00,9.803261089978484222e+00
9.797295075449598656e+00,9.796745625281626957e+00,9.795742647069822340e+00,-3.184631658556944700e+01,-3.038004967466294559e+01,-2.598166990630873840e+01,-1.390647049882078790e+01,4.380881817534849176e+00,9.869581523232410447e+00,9.813997927090825968e+00,9.803163479910804057e+00
9.797311736855405684e+00,9.796776093454582224e+00,9.795798327765139035e+00,-9.510620882718239244e+00,-2.580737408850754733e+01,-2.207971334511454842e+01,-1.157642715175019887e+01,4.944240004041823511e+00,9.867649236816642855e+00,9.813798455006701005e+00,9.803089590122587182e+00
9.797327543705225850e+00,9.796805004399129047e+00,9.795851176391142445e+00,-5.008507960711265916e+00,-1.696359858821099920e+01,-1.435865490883295692e+01,-6.612035479077993827e+00,5.946189553460547117e+00,9.862745648579650748e+00,9.813115213074881993e+00,9.803058089120227692e+00
9.797338976816647005e+00,9.796825924842428535e+00,9.795889444487041686e+00,2.299899670339122792e-01,-5.704921805178390315e+00,-4.276090191059012113e+00,3.219387596326317436e-02,7.375666855006135059e+00,9.853087972907747627e+00,9.811713746848623074e+00,9.802773181520477053e+00
9.797380274302007308e+00,9.796901453852832731e+00,9.796027504981612566e+00,5.241961394034413857e+00,3.008122132743769495e+00,3.622854976273863326e+00,5.464774034257521507e+00,8.676474955102072784e+00,9.839493235111250513e+00,9.809728094898717998e+00,9.802447006343713909e+00
9.797425097724003606e+00,9.796983451832295131e+00,9.796177452354939419e+00,8.085453503854765245e+00,7.338151350333077971e+00,7.558727039126512892e+00,8.217011623397111109e+00,9.384375082264540424e+00,9.826649741107040370e+00,9.807623395470880467e+00,9.802000782967704495e+00
