5.542535787595840446e+01,5.542513607786411711e+01,5.542473157970152897e+01,5.542399857588065970e+01,5.542269746226126870e+01,2.051718043090404109e+01,2.658331440299024351e+01,5.368456289367750855e+01,5.550722006708577538e+01,5.543953959586032454e+01,5.543040297343912925e+01
5.542527342370326693e+01,5.542498172216501473e+01,5.542444990478047373e+01,5.542348713563028184e+01,7.572820309378583303e+00,1.120041739762434574e+01,2.641949883907164676e+01,5.364544166372191114e+01,5.550764921529655993e+01,5.543961183119395741e+01,5.543042769382360291e+01
5.542527165836737169e+01,5.542497849476355043e+01,5.542444401124957665e+01,5.542347641446166051e+01,8.862638079427924254e+00,1.131294440324000306e+01,2.658329427807585077e+01,5.364128834029610715e+01,5.550727831600013928e+01,5.543955583439201718e+01,5.543040897053674598e+01
5.542527265231428402e+01,5.542498031138487136e+01,5.542444732598079327e+01,5.542348243093092464e+01,9.598284398440558363e+00,1.208422581132631279e+01,2.700631170809418791e+01,5.363833745323852042e+01,5.550662724167072781e+01,5.543946339053314176e+01,5.543037851566931806e+01
5.542527390749469873e+01,5.542498260491908013e+01,5.542445150790484121e+01,5.542349000435929440e+01,1.133286832861967497e+01,1.413673034691628061e+01,2.830202754446449021e+01,5.189008307183242863e+01,5.550641380673852154e+01,5.544022692933442897e+01,5.543052637748988332e+01
5.542518856041625241e+01,5.542482651585012832e+01,5.542416610249649978e+01,5.542296848623233529e+01,2.679564030386627138e+01,1.903925414177876974e+01,3.181482425594605346e+01,5.230725795521463084e+01,5.550419121292769375e+01,5.543997973815605462e+01,5.543043900453687911e+01
5.542519968879555137e+01,5.542484686353549250e+01,5.542420327983504080e+01,5.542303625682796309e+01,3.390626788349375431e+01,2.833806509864419354e+01,3.754103915654589940e+01,5.306267316927836930e+01,5.549840581674001072e+01,5.543947799277749766e+01,5.543026377189782750e+01
5.542522049543286045e+01,5.542488490764004894e+01,5.542427278937581292e+01,5.542316295052193453e+01,4.171289485602766689e+01,4.124744045263933856e+01,4.494266321006189457e+01,5.401961921764561225e+01,5.548676876231638744e+01,5.543823338506585685e+01,5.543022652625531066e+01
5.542522856093660977e+01,5.542489966119695310e+01,5.542429977082679216e+01,5.542321224591781004e+01,4.904693918688573717e+01,4.903815116134794039e+01,5.079798819953487055e+01,5.480456076534733256e+01,5.547126580760135539e+01,5.543637866703117822e+01,5.542973196776858913e+01
5.542527366041555581e+01,5.542498212288160175e+01,5.542445041209594336e+01,5.542348662413353111e+01,5.309643534317187630e+01,5.307325301368904036e+01,5.374853822568059769e+01,5.520548946509617139e+01,5.545676011547026718e+01,5.543421550918192509e+01,5.542943098808870417e+01
5.542530110000774357e+01,5.542503231698869115e+01,5.542454218190707138e+01,5.542365402545636499e+01,5.463351933107983882e+01,5.462682442112298986e+01,5.486943961624000821e+01,5.536343785806971596e+01,5.544365707857001979e+01,5.543191451363757949e+01,5.542890036873666304e+01
