9.797505869833655012e+00,9.797131384454198511e+00,9.796447920837202616e+00,9.795206369395474510e+00,-5.585062743489793746e+01,-4.795394391728540029e+01,-2.610124793018509237e+01,2.557070096969994655e+00,9.875424961403016511e+00,9.814334475153442483e+00,9.803233687931236062e+00
9.797331477001135269e+00,9.796812463826197970e+00,9.795865154868392821e+00,-5.737167737929395628e+01,-5.586557000794862660e+01,-4.766168112053438222e+01,-2.600840927393585744e+01,2.570628053679953506e+00,9.875627501346944115e+00,9.814299330521166098e+00,9.803219072812042967e+00
9.797335602634884566e+00,9.796819997358099386e+00,9.795878918640578803e+00,-5.701833489368794261e+01,-5.556095210921018435e+01,-4.783449950182546928e+01,-2.591773017943229007e+01,2.607962514022702294e+00,9.877264804289065836e+00,9.814434952396082323e+00,9.803263901611664721e+00
9.797329416493534282e+00,9.796808688086477090e+00,9.795858248173917815e+00,-5.756876417937553470e+01,-5.568967915808472924e+01,-4.732440451057231456e+01,-2.571394271186114366e+01,2.689379631418189476e+00,9.877828400407395293e+00,9.814548082005435603e+00,9.803300134434344670e+00
9.797325254461734190e+00,9.796801087577522438e+00,9.795844366379970580e+00,-5.591713539919842901e+01,-5.402637109439446306e+01,-4.599869850888491385e+01,-2.515572510450487087e+01,2.880779730638350689e+00,9.878455074648346823e+00,9.814558109256068974e+00,9.803298223786216070e+00
9.797329220138676575e+00,9.796808349110619929e+00,9.795857648868651069e+00,-1.810752643217012903e+01,-4.953082852981287942e+01,-4.270248264619841905e+01,-2.365650055422569409e+01,3.252689507968003380e+00,9.878619238412285952e+00,9.814390093429844697e+00,9.803235529109493029e+00
9.797342917255203787e+00,9.796833397071820215e+00,9.795903429986053013e+00,-1.496993944421412692e+01,-4.159503481038682082e+01,-3.584348667573199521e+01,-1.967644143441165383e+01,3.974921142967783538e+00,9.876348680268053570e+00,9.814008297503612255e+00,9.803106462371836471e+00
9.797362711435171789e+00,9.796869591029862434e+00,9.795969573646635453e+00,-9.504891662695186483e+00,-2.788292338085172162e+01,-2.395098358338641731e+01,-1.250398579686091693e+01,5.266792583689128726e+00,9.870419985347671954e+00,9.813310101656618656e+00,9.803076503664666319e+00
9.797371198256895397e+00,9.796885114812619477e+00,9.795997960841349439e+00,-2.380047221637205723e+00,-1.145193826641388313e+01,-9.394794013322039561e+00,-3.133388061236886735e+00,7.023915241839135071e+00,9.858454530730638155e+00,9.812016257639358585e+00,9.802842880729361497e+00
9.797398458920399733e+00,9.796934973093108567e+00,9.796089086141952507e+00,4.108692346735018930e+00,5.711648529126964746e-01,1.514862512807207295e+00,4.155488990131793514e+00,8.535519103397852803e+00,9.843286006600532545e+00,9.809988699809329304e+00,9.802517106335441710e+00
9.797438372076436863e+00,9.797007997038475580e+00,9.796222610726918134e+00,6.428803057245669805e+00,6.484200800766575234e+00,6.816449129677016217e+00,7.749499250072816814e+00,9.337305408514641414e+00,9.828976354028693407e+00,9.807668859785975357e+00,9.801990860504757208e+00
