9.797514184659274150e+00,9.797146404145513188e+00,9.796475166756820840e+00,9.795255772252396298e+00,-5.883962011264143399e+01,-4.963386439373766024e+01,-2.653878867656827722e+01,2.554212462012689588e+00,9.875076588133293143e+00,9.814250436805872724e+00,9.803206680043185628e+00
9.797334875189783077e+00,9.796818474334054727e+00,9.795875932685961018e+00,-5.958902741867366615e+01,-5.875060722164279525e+01,-4.954982368524039060e+01,-2.648692136643579431e+01,2.570830409914782066e+00,9.875472180753289919e+00,9.814298518777262004e+00,9.803220585727222769e+00
9.797334316751467043e+00,9.796817447950957103e+00,9.795874053539861848e+00,-5.922805774650866795e+01,-5.841115382600648331e+01,-4.929468808661827239e+01,-2.635781094824163517e+01,2.606378629721291418e+00,9.877430463386140502e+00,9.814458711535792190e+00,9.803271475939515867e+00
9.797328739061731184e+00,9.796807269648732941e+00,9.795855470791940078e+00,-5.813744353275026810e+01,-5.753728713999860389e+01,-4.863405528645072451e+01,-2.603349453078254427e+01,2.687210118304886652e+00,9.878071314253322299e+00,9.814349705607943619e+00,9.803235994207522452e+00
9.797333218572381597e+00,9.796815477878288547e+00,9.795870478806834925e+00,-5.614052914935432170e+01,-5.526502188190323750e+01,-4.683401320037452820e+01,-2.505740583153558632e+01,2.873959314355404082e+00,9.878524482716763089e+00,9.814535299112352007e+00,9.803289611868283515e+00
9.797331293054936552e+00,9.796811971894900495e+00,9.795864095179435793e+00,-1.812102650230876222e+01,-4.960174455307095087e+01,-4.249601649584466401e+01,-2.281353363762390529e+01,3.248896994427051599e+00,9.878014364083462340e+00,9.814297881054338646e+00,9.803207559496780021e+00
9.797345093271520255e+00,9.796837205694687967e+00,9.795910210541604712e+00,-1.432066053682457429e+01,-3.981489047852416974e+01,-3.419819165366995861e+01,-1.877484797545613304e+01,4.021161101420362982e+00,9.876190842911405809e+00,9.814100216633447005e+00,9.803131395844371099e+00
9.797363221674862288e+00,9.796870347609166529e+00,9.795970779985706756e+00,-9.181156935759087645e+00,-2.489931693493945630e+01,-2.113953850775656917e+01,-1.076334407766688628e+01,5.382274303544496874e+00,9.869390970353586923e+00,9.813320292928850108e+00,9.803080088079632048e+00
9.797370713357201666e+00,9.796884053423013938e+00,9.795995843196561026e+00,-1.515806818932688316e+00,-8.757749726494704845e+00,-6.840026639717725843e+00,-1.503762811563100321e+00,7.203698738043128991e+00,9.856631336704996471e+00,9.811873520482983224e+00,9.802796245434164391e+00
9.797401708867480963e+00,9.796940741727297564e+00,9.796099446622646312e+00,4.734721804436550663e+00,2.128165330697062707e+00,2.895179869662837469e+00,5.039015514956268760e+00,8.666787908551139452e+00,9.840981378508237398e+00,9.809687771660302147e+00,9.802408413011177046e+00
9.797446936413258811e+00,9.797023478076143377e+00,9.796250715176114454e+00,7.053324196336275165e+00,7.104253784165292629e+00,7.369307028211832034e+00,8.108463634734301095e+00,9.393899486631189788e+00,9.827169430402561190e+00,9.807458655110204759e+00,9.801912685924403235e+00
