1.385623053088917622e+01,1.385608514355575593e+01,1.385582027770749747e+01,1.385534192412752219e+01,1.385450226192975087e+01,-2.846878890932230988e+01,-4.529121686573447825e+00,1.365633965467499955e+01,1.390935673358603708e+01,1.386716439199349438e+01,1.386060875713338092e+01
1.385612773308901069e+01,1.385589721030708432e+01,1.385547708603565376e+01,1.385471737942518011e+01,-3.899067475880942624e+01,-3.026104448209767028e+01,-4.473147959411051033e+00,1.365475502628968485e+01,1.390869725245438637e+01,1.386703208972274659e+01,1.386055724676436718e+01
1.385613103810209878e+01,1.385590325369201281e+01,1.385548812206789826e+01,1.385473744948753705e+01,1.385341420729394279e+01,-2.802374694852429471e+01,-4.211107530863376525e+00,1.365816752220291797e+01,1.390849889953627994e+01,1.386699196637884768e+01,1.386054159390444696e+01
1.385613206466253189e+01,1.385590513111415412e+01,1.385549155036889957e+01,1.385474368339685647e+01,1.385342539035911713e+01,-2.673712873429207804e+01,-3.702857057170469091e+00,1.366595000774598390e+01,1.390803230084694420e+01,1.386711685342458722e+01,1.386059015534999261e+01
1.385612900038370299e+01,1.385589952844208028e+01,1.385548132077313532e+01,1.385472508591703544e+01,-3.326921052864815920e+01,-2.569476413922566849e+01,-2.832847174582514782e+00,1.368401971808381390e+01,1.390781653280136965e+01,1.386705650431323278e+01,1.386056524916656230e+01
1.385613167087903896e+01,1.385590440918852551e+01,1.385549023133544466e+01,1.385474130184801922e+01,1.385342128283386209e+01,-1.180477423554561867e+00,-2.112334061878460290e-01,1.372391800067276968e+01,1.390549953199979072e+01,1.386677021947546429e+01,1.386045123911958754e+01
1.385614093764079513e+01,1.385592135126431046e+01,1.385552117018685792e+01,1.385479760239448765e+01,1.385352259049193435e+01,-8.305066117660189207e+00,3.209874611747865814e+00,1.376004349040008456e+01,1.390128441645191870e+01,1.386628829236273930e+01,1.386045755651800704e+01
1.385614203913927156e+01,1.385592336747635400e+01,1.385552486223183877e+01,1.385480437449183100e+01,1.385353507499484849e+01,6.599601833980940135e+00,7.985969116744424667e+00,1.381531700331128576e+01,1.389372354120367525e+01,1.386518499088212941e+01,1.386019161857029758e+01
1.385616242353254535e+01,1.385596063450316784e+01,1.385559291771658152e+01,1.385492820618023124e+01,1.385375777267223896e+01,1.050562482267964270e+01,1.139639650833379036e+01,1.384724531028507677e+01,1.388351352023959251e+01,1.386385094947647367e+01,1.385998113802092213e+01
1.385617934651889982e+01,1.385599157886188415e+01,1.385564944806858634e+01,1.385503114875838371e+01,1.385394324122347243e+01,1.257878177051348878e+01,1.297555890588445493e+01,1.386155592003052917e+01,1.387443280897040410e+01,1.386232860886111595e+01,1.385959362537921713e+01
1.385621133549195605e+01,1.385605007269228928e+01,1.385575630906825673e+01,1.385522576097685921e+01,1.385429398582927973e+01,1.339637133529072521e+01,1.356241512917745240e+01,1.386186542823612911e+01,1.386747853504191141e+01,1.386096310079049410e+01,1.385936992171889415e+01
