9.797496385218101622e+00,9.797114252668698953e+00,9.796416863213908144e+00,9.795150176347027227e+00,-4.926534853392589497e+01,-4.369800870309095586e+01,-2.453918346029511355e+01,2.547045655154913657e+00,9.874650849962144150e+00,9.814254173121376823e+00,9.803211435282438657e+00
9.797331708294608532e+00,9.796813062904918823e+00,9.795866432883618913e+00,-4.740281418539618841e+01,-4.848200089213831632e+01,-4.390356383156331788e+01,-2.432192172404007735e+01,2.563782599762660652e+00,9.874721991668648613e+00,9.814259667652336816e+00,9.803212790357148876e+00
9.797331824510900233e+00,9.796813257655182738e+00,9.795866776069960480e+00,-5.252347629000902884e+01,-5.098725750950083579e+01,-4.382558489567555426e+01,-2.420081200613448758e+01,2.599115324302876395e+00,9.876438768289020231e+00,9.814375621932914129e+00,9.803249631421087074e+00
9.797327786259982574e+00,9.796805870982437270e+00,9.795853271129336903e+00,-5.050559716086318218e+01,-5.065615353664586706e+01,-4.359568659090951570e+01,-2.433212751740426327e+01,2.680572586074440711e+00,9.877231219119668282e+00,9.814534805685605434e+00,9.803300631429728185e+00
9.797321910006395740e+00,9.796795133073919359e+00,9.795833655203178836e+00,-5.174157502684383303e+01,-4.984214888760273965e+01,-4.296577921496114527e+01,-2.417621975614671470e+01,2.872601862515052229e+00,9.878092052870329098e+00,9.814346723425716235e+00,9.803234411327704123e+00
9.797333902498126079e+00,9.796817074529727165e+00,9.795873760519453910e+00,-1.734755754479516554e+01,-4.762421252442604924e+01,-4.117346205764452094e+01,-2.313560892624247245e+01,3.242126533121712839e+00,9.878166287912854671e+00,9.814369612802813947e+00,9.803232115148215797e+00
9.797341206014731796e+00,9.796830439316991601e+00,9.795898204095692563e+00,-1.453053747108357641e+01,-4.212167262161894854e+01,-3.654646815160168671e+01,-2.048609281392029047e+01,3.934585055776136375e+00,9.876872896381557965e+00,9.814035532857884547e+00,9.803111728763896693e+00
9.797364838526114283e+00,9.796873659480432650e+00,9.795977201789222377e+00,-1.027519243874372989e+01,-3.081528473470870111e+01,-2.655304444391321539e+01,-1.420863184262463719e+01,5.118130710542867057e+00,9.872187131204476884e+00,9.813464850654614935e+00,9.803117990411427840e+00
9.797374022737548316e+00,9.796890467903425659e+00,9.796007958407990657e+00,-3.894034170611369916e+00,-1.462127925265307304e+01,-1.220799913570825623e+01,-4.950767174705340778e+00,6.796037337673347167e+00,9.861664051829883704e+00,9.812167180651595544e+00,9.802878082780281943e+00
9.797407234507986118e+00,9.796951216474758084e+00,9.796118997512998305e+00,-1.477998467954854789e+00,-1.318469075820830838e+00,-1.713201719635684128e-01,3.068478384072662379e+00,8.364708384763620330e+00,9.846541989788258675e+00,9.810288034463077622e+00,9.802410318568991698e+00
9.797463104550201862e+00,9.797053409385403810e+00,9.796305782523267780e+00,9.794948007592223505e+00,5.768411916679301754e+00,6.132798692635526905e+00,7.309821642200678760e+00,9.260445747268864380e+00,9.831772092136352725e+00,9.808103990793492599e+00,9.802159012422917428e+00
