5.542534425865872549e+01,5.542511115569577385e+01,5.542468598323416984e+01,5.542391516889753689e+01,1.740188092964156041e+01,1.100356428324001890e+01,2.649706096898815133e+01,5.358288008804127855e+01,5.550690069727073706e+01,5.543951895765270876e+01,5.543039820800204609e+01
5.542527196928183741e+01,5.542497905956797410e+01,5.542444503093390296e+01,5.542347820558628513e+01,7.627991536148117646e+00,2.828887408015603455e+00,2.546020662312367833e+01,5.157536083637599233e+01,5.550648808045743010e+01,5.544029740345794721e+01,5.543055347294046697e+01
5.542518354035192374e+01,5.542481733534621924e+01,5.542414932682439144e+01,5.542293788850571445e+01,2.092202927371520715e+01,3.938207818157511753e+00,2.569796905989160507e+01,5.160518757741573381e+01,5.550640109558322877e+01,5.544028014086819667e+01,5.543054759015724642e+01
5.542518413348177830e+01,5.542481842012102788e+01,5.542415130875757256e+01,5.542294149941618997e+01,2.133265449651802115e+01,5.449938570661025494e+00,2.643828398587760020e+01,5.169476130597509211e+01,5.550662498892307894e+01,5.544030668239054194e+01,5.543055564586772732e+01
5.542518405262212866e+01,5.542481827216782619e+01,5.542415103938535736e+01,5.542294101920391824e+01,2.327463633952789479e+01,9.141611512986258958e+00,2.810708751990505760e+01,5.190300197298024898e+01,5.550620589733915722e+01,5.544019320467829459e+01,5.543051528150395768e+01
5.542518936983144329e+01,5.542482799362637991e+01,5.542416879951869646e+01,5.542297338926195494e+01,2.703073391357092703e+01,1.706718489335946742e+01,3.204139435100101707e+01,5.231896888579620253e+01,5.550403008560560636e+01,5.543996967500325468e+01,5.543043678659395823e+01
5.542519899617867907e+01,5.542484559419266787e+01,5.542420095608713382e+01,5.542303200041571642e+01,3.406777550750766892e+01,2.919212459003034610e+01,3.885979419575356530e+01,5.310398408818489457e+01,5.549649437256428541e+01,5.543922148597718547e+01,5.543038440234268904e+01
5.542520478957916907e+01,5.542485618787890900e+01,5.542422031543236471e+01,5.542306729706558599e+01,4.380453241391640518e+01,4.394230179950397996e+01,4.649957699001243583e+01,5.413788573481262034e+01,5.548310364198198386e+01,5.543785993578202920e+01,5.543010099851864680e+01
5.542523122732605856e+01,5.542490452704981863e+01,5.542430862332668084e+01,5.542322815574395634e+01,5.068710368492200757e+01,5.059073601191929015e+01,5.177070588889274916e+01,5.489632762031726543e+01,5.546705544772986940e+01,5.543573603652966142e+01,5.542968615620976891e+01
5.542526978986468578e+01,5.542497504157030619e+01,5.542443746105922031e+01,5.542346290365807704e+01,5.372804568308467310e+01,5.369561306488296282e+01,5.414720437452518809e+01,5.524472015875171849e+01,5.545376036257366081e+01,5.543389218759779169e+01,5.542929539816051943e+01
5.542530684455610412e+01,5.542504281917870657e+01,5.542456137176237974e+01,5.542368893325370038e+01,5.485801437705142547e+01,5.484131415517713037e+01,5.500688409063105411e+01,5.536801326872446083e+01,5.544299139556110845e+01,5.543186346509305906e+01,5.542889237217641352e+01
