9.797491258491225707e+00,9.797104385205628319e+00,9.796398290541116438e+00,9.795115530752694255e+00,-5.768497339693207238e+01,-4.943925704078463212e+01,-2.626963851436025976e+01,2.558865647073184757e+00,9.875056978868681057e+00,9.814228984753183838e+00,9.803198493461731999e+00
9.797336271937449936e+00,9.796820981241355142e+00,9.795880456797698699e+00,-5.950764017901106939e+01,-5.858493530498093094e+01,-4.946188553189018933e+01,-2.651201019876571152e+01,2.571081496202439087e+00,9.875623939109001270e+00,9.814116418982935741e+00,9.803162272471201533e+00
9.797340524283715268e+00,9.796828731199134666e+00,9.795894590822337378e+00,-5.917014609665540092e+01,-5.823649251273555905e+01,-4.919521102633850518e+01,-2.637866276910850871e+01,2.606621153986407258e+00,9.877245200353501176e+00,9.814429097865797758e+00,9.803261862574126795e+00
9.797329473072000638e+00,9.796808533113026130e+00,9.795857692963501506e+00,-5.814912234910315192e+01,-5.730946835371256043e+01,-4.851996299290769343e+01,-2.603627732274008721e+01,2.688950717627190734e+00,9.877694290389847254e+00,9.814498016068080588e+00,9.803282998990834329e+00
9.797327730057823203e+00,9.796805353891343771e+00,9.795851890895306724e+00,-5.592247983663430944e+01,-5.486685545598933089e+01,-4.653071170389350186e+01,-2.514537493363462062e+01,2.890389557799618814e+00,9.878088228669328785e+00,9.814453783882035154e+00,9.803263373844650630e+00
9.797333973874986057e+00,9.796816775173617486e+00,9.795872769397711011e+00,-1.791406538706480589e+01,-4.889820143002405217e+01,-4.188725300515988437e+01,-2.255345125902985615e+01,3.308926337690891284e+00,9.877886089452683649e+00,9.814211616398818450e+00,9.803176887955366681e+00
9.797350437482281293e+00,9.796846884041229941e+00,9.795927801201392171e+00,-1.414413674605923177e+01,-3.838864186226968656e+01,-3.274091999250808982e+01,-1.757979281834672491e+01,4.111568988610885711e+00,9.875660980446522075e+00,9.813987804076164778e+00,9.803094900953965407e+00
9.797367392338879100e+00,9.796877888717487437e+00,9.795984472401791265e+00,-8.548555134874193939e+00,-2.242271877031208760e+01,-1.915848837347236611e+01,-9.597006691339231566e+00,5.486732124835811852e+00,9.869100285150031127e+00,9.813165690862312829e+00,9.803023988005518774e+00
9.797380123130169594e+00,9.796901164532741291e+00,9.796027016407645505e+00,-1.292521515649948327e+00,-7.158529267306860788e+00,-5.435890568741086781e+00,-6.898709073507953704e-01,7.277876453809536628e+00,9.856169199265377046e+00,9.811695554295557287e+00,9.802730801505088465e+00
9.797411506187916785e+00,9.796958560209166222e+00,9.796131909249947256e+00,4.922025789699464582e+00,2.866566234828641591e+00,3.541728127468601439e+00,5.417766108094614452e+00,8.702102419127092148e+00,9.840456984205989244e+00,9.809728641021083106e+00,9.802421455788733695e+00
9.797446868699143607e+00,9.797023258227410381e+00,9.796250223697489545e+00,8.007960159011519252e+00,7.368213575191015607e+00,7.601154097611114935e+00,8.251082178337709294e+00,9.407845387336463361e+00,9.826246250360876289e+00,9.807355542533782611e+00,9.802067125620199661e+00
