1.385623621437651565e+01,1.385609552081635343e+01,1.385583924168428283e+01,1.385537660489033129e+01,1.385456575735051743e+01,-2.909679836363552141e+01,-4.559744333789661930e+00,1.365702220353539609e+01,1.390949868447939153e+01,1.386719263245570666e+01,1.386061972458204394e+01
1.385612702791193840e+01,1.385589590327448661e+01,1.385547468109774272e+01,1.385471298818481500e+01,-3.922501029769328795e+01,-3.033239887689301639e+01,-4.496033249692924727e+00,1.365487130630765655e+01,1.390873665456888730e+01,1.386704019113939168e+01,1.386056041013959117e+01
1.385613080433854272e+01,1.385590280818742315e+01,1.385548728997997969e+01,1.385473591762962187e+01,1.385341144176915229e+01,-2.824709135060509269e+01,-4.237803775015194674e+00,1.365791866720578440e+01,1.390850455439878530e+01,1.386699342960271686e+01,1.386054218349303113e+01
1.385613198727973128e+01,1.385590497136034926e+01,1.385549123987311226e+01,1.385474309952725136e+01,1.385342432287742653e+01,-2.698106816974019040e+01,-3.732346194054391830e+00,1.366557871853471084e+01,1.390805114759065120e+01,1.386712112039739253e+01,1.386059184343748640e+01
1.385612884788146637e+01,1.385589923172311089e+01,1.385548076041523657e+01,1.385472404775981659e+01,-3.334916030681812060e+01,-2.554229094985174342e+01,-2.823534152388956109e+00,1.368342683266391013e+01,1.390771265229049192e+01,1.386703620446231433e+01,1.386055741729230029e+01
1.385613209143711799e+01,1.385590515972293346e+01,1.385549158243740742e+01,1.385474373682007432e+01,1.385342561768372249e+01,-1.074999895421858032e+00,-1.825380154144102818e-01,1.372095784112184091e+01,1.390540302376900250e+01,1.386675488110859078e+01,1.386044566839835568e+01
1.385614095557786030e+01,1.385592136496536142e+01,1.385552117443906184e+01,1.385479758044850485e+01,1.385352246885394223e+01,-7.493950899001845301e+00,3.456322096862014526e+00,1.375818924228686768e+01,1.390107073650138858e+01,1.386624820692675186e+01,1.386044173414341429e+01
1.385614257031067176e+01,1.385592431772136024e+01,1.385552657466632454e+01,1.385480745273122594e+01,1.385354048218199807e+01,7.033987022673065859e+00,8.331524874521614166e+00,1.381584849266971915e+01,1.389286405816575432e+01,1.386520441341499321e+01,1.386020050230499834e+01
1.385616142672424012e+01,1.385595879273056852e+01,1.385558953588241948e+01,1.385492203388012555e+01,1.385374663539278473e+01,1.081386642142990517e+01,1.160884829629175385e+01,1.384875351992334025e+01,1.388225723918957755e+01,1.386349930389933682e+01,1.385981159780797611e+01
1.385619064385073251e+01,1.385601220931730992e+01,1.385568708938619054e+01,1.385509955471026444e+01,1.385406589605125660e+01,1.228891417634180172e+01,1.303299676597382728e+01,1.386355392792645524e+01,1.387410180029713658e+01,1.386220801242310685e+01,1.385952733335087572e+01
1.385621646830838571e+01,1.385605944049475013e+01,1.385577340235303012e+01,1.385525686081733454e+01,1.385434995940697789e+01,1.344268687603029200e+01,1.358859660874136921e+01,1.386436883961062350e+01,1.386717847173617280e+01,1.386098766306489694e+01,1.385937802503339000e+01
