1.385623621437706099e+01,1.385609552081685436e+01,1.385583924168464165e+01,1.385537660489024248e+01,1.385456575734901996e+01,-2.909679836362203886e+01,-4.559744333809221395e+00,1.365702220347084150e+01,1.390949868427388125e+01,1.386719263180471629e+01,1.386061972252280405e+01
1.385612702791248196e+01,1.385589590327498755e+01,1.385547468109810154e+01,1.385471298818472619e+01,-3.922501029744199741e+01,-3.033239887695683734e+01,-4.496033249714590951e+00,1.365487130624344303e+01,1.390873665436357065e+01,1.386704019048902126e+01,1.386056040808231771e+01
1.385613080433908628e+01,1.385590280818792053e+01,1.385548728998034029e+01,1.385473591762953660e+01,1.385341144176765837e+01,-2.824709135044559360e+01,-4.237803775032016773e+00,1.365791866714235425e+01,1.390850455419367293e+01,1.386699342895296638e+01,1.386054218143770278e+01
1.385613198728027484e+01,1.385590497136084664e+01,1.385549123987346931e+01,1.385474309952716432e+01,1.385342432287593084e+01,-2.698106816951553810e+01,-3.732346194082178492e+00,1.366557871847198058e+01,1.390805114738573245e+01,1.386712111974824424e+01,1.386059184138407829e+01
1.385612884788200816e+01,1.385589923172361182e+01,1.385548076041559540e+01,1.385472404775972954e+01,-3.334916030654803620e+01,-2.554229094988305349e+01,-2.823534152401058428e+00,1.368342683259979964e+01,1.390771265208574548e+01,1.386703620381377533e+01,1.386055741524080531e+01
1.385613209143766156e+01,1.385590515972343262e+01,1.385549158243776446e+01,1.385474373681999083e+01,1.385342561768223391e+01,-1.074999895448122356e+00,-1.825380154203672944e-01,1.372095784105876248e+01,1.390540302356448343e+01,1.386675488046065041e+01,1.386044566634874542e+01
1.385614095557840386e+01,1.385592136496586058e+01,1.385552117443942066e+01,1.385479758044841958e+01,1.385352246885245542e+01,-7.493950898910370029e+00,3.456322096840278135e+00,1.375818924222277673e+01,1.390107073629702050e+01,1.386624820627934795e+01,1.386044173209549157e+01
1.385614257031121355e+01,1.385592431772185940e+01,1.385552657466668336e+01,1.385480745273114245e+01,1.385354048218051304e+01,7.033987022665813882e+00,8.331524874501692324e+00,1.381584849260593195e+01,1.389286405796155144e+01,1.386520441276806892e+01,1.386020050025855710e+01
1.385616142672478190e+01,1.385595879273106590e+01,1.385558953588277831e+01,1.385492203388004029e+01,1.385374663539129969e+01,1.081386642142380694e+01,1.160884829627155135e+01,1.384875351985928305e+01,1.388225723898548836e+01,1.386349930325279622e+01,1.385981159576272148e+01
1.385619064385127608e+01,1.385601220931780730e+01,1.385568708938654581e+01,1.385509955471018095e+01,1.385406589604977512e+01,1.228891417634125460e+01,1.303299676595382195e+01,1.386355392786251883e+01,1.387410180009316107e+01,1.386220801177688244e+01,1.385952733130656789e+01
1.385621646830892573e+01,1.385605944049524751e+01,1.385577340235338895e+01,1.385525686081725105e+01,1.385434995940549641e+01,1.344268687602382428e+01,1.358859660872150243e+01,1.386436883954660715e+01,1.386717847153227900e+01,1.386098766241893188e+01,1.385937802298983534e+01
