1.385623621437618702e+01,1.385609552081605145e+01,1.385583924168406611e+01,1.385537660489038458e+01,1.385456575735142692e+01,-2.909679836364315975e+01,-4.559744333777776326e+00,1.365702220357452390e+01,1.390949868460393191e+01,1.386719263285017689e+01,1.386061972582971791e+01
1.385612702791160622e+01,1.385589590327418463e+01,1.385547468109752245e+01,1.385471298818486474e+01,-3.922501029784508830e+01,-3.033239887685476788e+01,-4.496033249679732613e+00,1.365487130634656410e+01,1.390873665469326426e+01,1.386704019153334499e+01,1.386056041138563266e+01
1.385613080433821231e+01,1.385590280818711939e+01,1.385548728997976298e+01,1.385473591762967516e+01,1.385341144177005646e+01,-2.824709135070140675e+01,-4.237803775004930884e+00,1.365791866724420345e+01,1.390850455452299173e+01,1.386699342999616036e+01,1.386054218473745081e+01
1.385613198727940265e+01,1.385590497136004551e+01,1.385549123987289377e+01,1.385474309952730465e+01,1.385342432287832892e+01,-2.698106816987589696e+01,-3.732346194037514664e+00,1.366557871857268935e+01,1.390805114771470130e+01,1.386712112079032622e+01,1.386059184468031091e+01
1.385612884788113774e+01,1.385589923172280891e+01,1.385548076041501986e+01,1.385472404775986810e+01,-3.334916030698120437e+01,-2.554229094983289272e+01,-2.823534152381587781e+00,1.368342683270271465e+01,1.390771265241438925e+01,1.386703620485475241e+01,1.386055741853353496e+01
1.385613209143678759e+01,1.385590515972262970e+01,1.385549158243718892e+01,1.385474373682012583e+01,1.385342561768462133e+01,-1.074999895406067107e+00,-1.825380154107416608e-01,1.372095784116000949e+01,1.390540302389272220e+01,1.386675488150052793e+01,1.386044566963802538e+01
1.385614095557753167e+01,1.385592136496505944e+01,1.385552117443884512e+01,1.385479758044855458e+01,1.385352246885484107e+01,-7.493950899056699200e+00,3.456322096875154237e+00,1.375818924232563312e+01,1.390107073662498038e+01,1.386624820731824137e+01,1.386044173538168778e+01
1.385614257031034313e+01,1.385592431772105826e+01,1.385552657466610604e+01,1.385480745273127923e+01,1.385354048218289513e+01,7.033987022677408163e+00,8.331524874533657865e+00,1.381584849270829451e+01,1.389286405828920934e+01,1.386520441380608837e+01,1.386020050354204258e+01
1.385616142672391149e+01,1.385595879273026654e+01,1.385558953588220277e+01,1.385492203388017529e+01,1.385374663539368001e+01,1.081386642143356625e+01,1.160884829630394321e+01,1.384875351996206660e+01,1.388225723931293487e+01,1.386349930429011224e+01,1.385981159904403626e+01
1.385619064385040566e+01,1.385601220931700794e+01,1.385568708938597382e+01,1.385509955471031596e+01,1.385406589605215544e+01,1.228891417634221028e+01,1.303299676598592072e+01,1.386355392796509634e+01,1.387410180042040508e+01,1.386220801281362114e+01,1.385952733458614539e+01
1.385621646830805886e+01,1.385605944049444815e+01,1.385577340235281518e+01,1.385525686081738783e+01,1.385434995940787317e+01,1.344268687603419110e+01,1.358859660875337738e+01,1.386436883964930900e+01,1.386717847185937380e+01,1.386098766345519984e+01,1.385937802626803972e+01
