1.385623453272503802e+01,1.385609245535072986e+01,1.385583364931920158e+01,1.385536641415562187e+01,1.385454729047477862e+01,-2.913739929224945868e+01,-4.523442720218834978e+00,1.365783860574384079e+01,1.390928504053534276e+01,1.386714827503143255e+01,1.386060232193885255e+01
1.385612825364313494e+01,1.385589815228340882e+01,1.385547879569374530e+01,1.385472047766222481e+01,-3.937696931448885351e+01,-3.048506954473586461e+01,-4.453784437295126963e+00,1.365538637390636012e+01,1.390883762895435360e+01,1.386705999294790104e+01,1.386056808812913133e+01
1.385613034930501186e+01,1.385590198469675727e+01,1.385548579547939774e+01,1.385473321025558846e+01,1.385340659871320312e+01,-2.834960772880167923e+01,-4.181177861302453280e+00,1.365852586952305892e+01,1.390835561150582578e+01,1.386696242018289027e+01,1.386053000990363770e+01
1.385613285351858082e+01,1.385590656346104410e+01,1.385549415516883975e+01,1.385474840786968187e+01,1.385343385185593768e+01,-2.702316803403403611e+01,-3.692670463597634622e+00,1.366657337146989093e+01,1.390813237099202127e+01,1.386713672821962717e+01,1.386059784035991171e+01
1.385612853933785615e+01,1.385589867666040931e+01,1.385547975668676557e+01,1.385472223461551167e+01,-3.343513730241878079e+01,-2.571524271103315229e+01,-2.780974966212587773e+00,1.368378735135735447e+01,1.390784221753004601e+01,1.386706211971709024e+01,1.386056746333974843e+01
1.385613149550207623e+01,1.385590407883491437e+01,1.385548961837569948e+01,1.385474017704983574e+01,1.385341925144448894e+01,-1.136945142488263727e+00,-1.130866073556875406e-01,1.372377179350826459e+01,1.390543300718194253e+01,1.386675675914736416e+01,1.386044603209058934e+01
1.385614123166893918e+01,1.385592187888623883e+01,1.385552212336888900e+01,1.385479932388019719e+01,1.385352565867867014e+01,-7.760738587603977834e+00,3.525527448296458921e+00,1.375717687397845523e+01,1.390103391063537863e+01,1.386624246830500695e+01,1.386043959520691793e+01
1.385614255753679203e+01,1.385592430437246847e+01,1.385552655919675047e+01,1.385480742788880981e+01,1.385354040840125833e+01,7.117061010295814505e+00,8.302814984087644845e+00,1.381800735837920158e+01,1.389293151863251907e+01,1.386521667048463335e+01,1.386020541781468296e+01
1.385616141263540158e+01,1.385595877761154426e+01,1.385558952008892319e+01,1.385492202505832715e+01,1.385374668745598825e+01,1.082555487338628453e+01,1.159231570758124619e+01,1.385175384020587330e+01,1.388278948260929724e+01,1.386363834727759503e+01,1.385987762533011569e+01
1.385618703649351247e+01,1.385600562779158906e+01,1.385567509150433452e+01,1.385507778718792338e+01,1.385402704684864617e+01,1.227914803754710604e+01,1.302923936648915948e+01,1.386300299673791514e+01,1.387413501318249942e+01,1.386222962973723583e+01,1.385954025389095357e+01
1.385621467973620824e+01,1.385605618023237540e+01,1.385576745708659629e+01,1.385524603793459519e+01,1.385433039070589700e+01,1.344472375925168173e+01,1.358774259893945668e+01,1.386394920927779850e+01,1.386719403649628291e+01,1.386100313761939162e+01,1.385938938430798117e+01
