9.797483237167353920e+00,9.797089704398766585e+00,9.796371406473623367e+00,9.795066209735418639e+00,-1.153896382958133593e+01,-2.683474679271762753e+01,-1.520909083327686240e+01,3.864578033360561271e+00,9.869704710953634219e+00,9.814094130681407790e+00,9.803197489318327129e+00
9.797305494774606771e+00,9.796764658562043593e+00,9.795777422482970564e+00,-2.837666341754661659e+01,-3.332566872640524025e+01,-2.840447227379803508e+01,-1.490678721142536389e+01,3.877178097873256846e+00,9.869271937317515508e+00,9.814022653792621398e+00,9.803175340578665242e+00
9.797307508883577043e+00,9.796768350676838821e+00,9.795784180254416995e+00,-2.923777028143902967e+01,-3.322019938526990757e+01,-2.832553040216026119e+01,-1.489916144823123645e+01,3.900352479331739453e+00,9.869734754587298653e+00,9.814220088131403230e+00,9.803243140079857199e+00
9.797296360945020766e+00,9.796747961508442515e+00,9.795746911109793231e+00,-2.891055389630788497e+01,-3.294799863462768741e+01,-2.812067377535307955e+01,-1.485368669779538031e+01,3.959543981428399029e+00,9.869956134313561336e+00,9.814306366209557098e+00,9.803272588815048039e+00
9.797291652465085932e+00,9.796739361579836824e+00,9.795731198735035505e+00,-2.749504685985417396e+01,-3.223588077842476451e+01,-2.755112603434921326e+01,-1.462980253369691930e+01,4.088479144448495362e+00,9.870140804263032308e+00,9.814279447766056208e+00,9.803261086885186160e+00
9.797295075456025515e+00,9.796745625287989867e+00,9.795742647075977416e+00,-3.184631658557250944e+01,-3.038004967466958206e+01,-2.598166990632116580e+01,-1.390647049885577147e+01,4.380881817441818704e+00,9.869581522929253836e+00,9.813997926118556592e+00,9.803163476824328981e+00
9.797311736861841425e+00,9.796776093460954016e+00,9.795798327771304770e+00,-9.510620882018084643e+00,-2.580737408998196969e+01,-2.207971334523442763e+01,-1.157642715146556611e+01,4.944240004038621628e+00,9.867649236516319533e+00,9.813798454036792407e+00,9.803089587042764563e+00
9.797327543711677578e+00,9.796805004405515049e+00,9.795851176397317062e+00,-5.008507960591537689e+00,-1.696359858869413628e+01,-1.435865490874185468e+01,-6.612035478787121612e+00,5.946189553370523129e+00,9.862745648278114174e+00,9.813115212106696461e+00,9.803058086046400277e+00
9.797338976823105838e+00,9.796825924848823419e+00,9.795889444493228737e+00,2.299899672413658891e-01,-5.704921807590061178e+00,-4.276090191175397237e+00,3.219387595638334432e-02,7.375666854916213211e+00,9.853087972606520140e+00,9.811713745882121529e+00,9.802773178452001801e+00
9.797380274308460812e+00,9.796901453859220510e+00,9.796027504987794288e+00,5.241961394149589282e+00,3.008122131872952298e+00,3.622854976265359461e+00,5.464774034275992065e+00,8.676474955010649026e+00,9.839493234810378297e+00,9.809728093933602011e+00,9.802447003279654680e+00
9.797425097730453558e+00,9.796983451838684687e+00,9.796177452361128246e+00,8.085453503887945814e+00,7.338151350278629081e+00,7.558727039128469549e+00,8.217011623387664443e+00,9.384375082174104321e+00,9.826649740807136268e+00,9.807623394507157144e+00,9.802000779907341865e+00
