9.797491258466397568e+00,9.797104385181617303e+00,9.796398290519691798e+00,9.795115530739428422e+00,-5.768497339920659073e+01,-4.943925703980126940e+01,-2.626963851397254501e+01,2.558865648240645108e+00,9.875056982593564570e+00,9.814228996575055319e+00,9.803198530831886970e+00
9.797336271912627126e+00,9.796820981217342350e+00,9.795880456776247414e+00,-5.950764018662811594e+01,-5.858493530489489132e+01,-4.946188553173782765e+01,-2.651201019834457995e+01,2.571081497362319279e+00,9.875623942810815237e+00,9.814116430726237184e+00,9.803162309592369894e+00
9.797340524259018579e+00,9.796828731175235561e+00,9.795894590800973134e+00,-5.917014608213607829e+01,-5.823649251269618787e+01,-4.919521102652888800e+01,-2.637866276882969174e+01,2.606621155135370405e+00,9.877245204029650338e+00,9.814429109530834694e+00,9.803261899448941108e+00
9.797329473047458492e+00,9.796808533089283344e+00,9.795857692942290029e+00,-5.814912233870784064e+01,-5.730946835361325498e+01,-4.851996299263785772e+01,-2.603627732237687908e+01,2.688950718771771609e+00,9.877694294042605350e+00,9.814498027656664902e+00,9.803283035623865160e+00
9.797327730033421389e+00,9.796805353867732435e+00,9.795851890874203605e+00,-5.592247982566431119e+01,-5.486685545607579684e+01,-4.653071170475762841e+01,-2.514537493321669004e+01,2.890389559010523080e+00,9.878088232300859417e+00,9.814453795395843727e+00,9.803263410240791842e+00
9.797333973850745892e+00,9.796816775150160694e+00,9.795872769376742895e+00,-1.791406538699853712e+01,-4.889820140123463688e+01,-4.188725300371148563e+01,-2.255345125703174602e+01,3.308926338845745718e+00,9.877886093060613604e+00,9.814211627839783958e+00,9.803176924121732583e+00
9.797350437458204553e+00,9.796846884017933021e+00,9.795927801180567940e+00,-1.414413674648355368e+01,-3.838864186274021506e+01,-3.274091999290683930e+01,-1.757979281789165071e+01,4.111568989738878521e+00,9.875660984030421474e+00,9.813987815447584140e+00,9.803094936901480594e+00
9.797367392314965784e+00,9.796877888694352166e+00,9.795984472381119801e+00,-8.548555134447360260e+00,-2.242271876913836337e+01,-1.915848837206780075e+01,-9.597006690758217218e+00,5.486732125910068092e+00,9.869100288713131164e+00,9.813165702170081772e+00,9.803024023754083771e+00
9.797380123106417926e+00,9.796901164509764115e+00,9.796027016387117925e+00,-1.292521515466836135e+00,-7.158529267180650635e+00,-5.435890568552951052e+00,-6.898709071453188457e-01,7.277876454890355618e+00,9.856169202810873387e+00,9.811695565548628650e+00,9.802730837082737736e+00
9.797411506164330319e+00,9.796958560186354248e+00,9.796131909229577772e+00,4.922025789837363163e+00,2.866566234703302296e+00,3.541728127501712731e+00,5.417766108502888756e+00,8.702102420264687055e+00,9.840456987739031547e+00,9.809728652229678048e+00,9.802421491228562545e+00
9.797446868675701026e+00,9.797023258204733409e+00,9.796250223677239077e+00,8.007960159049508420e+00,7.368213575248738323e+00,7.601154097686260158e+00,8.251082178644333354e+00,9.407845388419250554e+00,9.826246253879576287e+00,9.807355553706159412e+00,9.802067160952299574e+00
