5.542535292164431127e+01,5.542512700336123999e+01,5.542471495844401375e+01,5.542396808597780478e+01,5.542264122268211679e+01,2.100673654074521224e+01,2.542885018406344244e+01,5.155638969689315587e+01,5.550626473274428463e+01,5.544026777828259611e+01,5.543054431783126290e+01
5.542518387539600866e+01,5.542481793969984949e+01,5.542415042092138577e+01,5.542293986342309609e+01,2.072526388414743082e+01,4.676561621859124607e+00,2.556926175944975554e+01,5.156554514923061561e+01,5.550608123160321838e+01,5.544023051440199623e+01,5.543053156284465643e+01
5.542518519766133522e+01,5.542482035719874034e+01,5.542415483711324953e+01,5.542294790860145781e+01,2.040307782649112411e+01,5.253922565038016579e+00,2.585236421372064797e+01,5.159969454014424173e+01,5.550650779276121938e+01,5.544030183985890403e+01,5.543055514176449350e+01
5.542518335658230200e+01,5.542481699045041665e+01,5.542414868789609272e+01,5.542293671705309066e+01,2.117216534560747476e+01,6.961414337378837303e+00,2.670273318218846725e+01,5.168965191858325881e+01,5.550664430767166380e+01,5.544031368922772174e+01,5.543055832812877526e+01
5.542518365976207662e+01,5.542481754436874297e+01,5.542414970007764907e+01,5.542293856866258039e+01,2.326633343479509719e+01,1.108439844212442438e+01,2.867627531094429116e+01,5.189961681758492062e+01,5.550613737193476993e+01,5.544018361276363294e+01,5.543051234653256643e+01
5.542518951225423507e+01,5.542482824579147405e+01,5.542416925098770264e+01,5.542297420047269441e+01,2.701476098225853306e+01,1.880302280724707487e+01,3.265239003524095551e+01,5.230203658587004867e+01,5.550453311675822476e+01,5.544004435408101017e+01,5.543046089900709461e+01
5.542519765477295834e+01,5.542484313429186216e+01,5.542419645778328174e+01,5.542302382221646440e+01,3.324633644268401866e+01,3.005368365170134126e+01,3.896683550004382823e+01,5.302761957754799482e+01,5.549772562987111257e+01,5.543943103984983622e+01,5.543025314758981636e+01
5.542521763497376242e+01,5.542487966446483938e+01,5.542426318608729474e+01,5.542314535621346749e+01,4.300605940239624658e+01,4.291618958336326273e+01,4.614114119483873822e+01,5.403660717609086817e+01,5.548491276449833975e+01,5.543799413130584242e+01,5.543014889221828412e+01
5.542522799363331387e+01,5.542489860803652846e+01,5.542429780608222956e+01,5.542320846952156899e+01,4.994940817348225437e+01,5.003175688901696105e+01,5.147440026621885067e+01,5.483256226459968730e+01,5.546876831344439296e+01,5.543592800665755504e+01,5.542976309447707450e+01
5.542526324555650774e+01,5.542496306909221460e+01,5.542441558149637615e+01,5.542342304664841635e+01,5.352487215994479897e+01,5.347337746603498232e+01,5.401917858308725329e+01,5.521754914997760011e+01,5.545486242123909904e+01,5.543401370316328780e+01,5.542935102201639097e+01
5.542530081760597938e+01,5.542503179096553367e+01,5.542454120308243404e+01,5.542365212390120632e+01,5.478747599552107062e+01,5.477387407394358831e+01,5.496171875227372539e+01,5.536579811595018441e+01,5.544253632707031443e+01,5.543182660408294282e+01,5.542886493172727569e+01
