1.385623053088616885e+01,1.385608514355303811e+01,1.385582027770568914e+01,1.385534192412858445e+01,1.385450226193987966e+01,-2.846878891102591780e+01,-4.529121686439083305e+00,1.365633965508742698e+01,1.390935673490489677e+01,1.386716439616909646e+01,1.386060877033398242e+01
1.385612773308601042e+01,1.385589721030436650e+01,1.385547708603384187e+01,1.385471737942622639e+01,-3.899067476009150823e+01,-3.026104448160783633e+01,-4.473147959293659603e+00,1.365475502670135199e+01,1.390869725376978394e+01,1.386703209388723934e+01,1.386055725992983412e+01
1.385613103809910385e+01,1.385590325368930209e+01,1.385548812206608993e+01,1.385473744948857799e+01,1.385341420730399165e+01,-2.802374694918086462e+01,-4.211107530771610818e+00,1.365816752261038758e+01,1.390849890084815321e+01,1.386699197053232702e+01,1.386054160703512395e+01
1.385613206465955294e+01,1.385590513111145938e+01,1.385549155036710189e+01,1.385474368339790097e+01,1.385342539036914467e+01,-2.673712873580678462e+01,-3.702857057035208399e+00,1.366595000814785976e+01,1.390803230215534469e+01,1.386711685756722900e+01,1.386059016844644454e+01
1.385612900038072404e+01,1.385589952843938910e+01,1.385548132077133765e+01,1.385472508591807461e+01,-3.326921053082418211e+01,-2.569476413871366205e+01,-2.832847174495948472e+00,1.368401971849240439e+01,1.390781653410651941e+01,1.386705650844517024e+01,1.386056526222915153e+01
1.385613167087606357e+01,1.385590440918583255e+01,1.385549023133364521e+01,1.385474130184904418e+01,1.385342128284382568e+01,-1.180477423398691439e+00,-2.112334061576364164e-01,1.372391800107497239e+01,1.390549953330143396e+01,1.386677022359679867e+01,1.386045125214873863e+01
1.385614093763782506e+01,1.385592135126162461e+01,1.385552117018506380e+01,1.385479760239550906e+01,1.385352259050187129e+01,-8.305066118340517889e+00,3.209874611858566595e+00,1.376004349079804712e+01,1.390128441775028278e+01,1.386628829647445826e+01,1.386045756951727093e+01
1.385614203913631393e+01,1.385592336747367881e+01,1.385552486223005353e+01,1.385480437449286129e+01,1.385353507500477477e+01,6.599601834134633194e+00,7.985969116848083971e+00,1.381531700371323979e+01,1.389372354249942987e+01,1.386518499498536094e+01,1.386019163154306710e+01
1.385616242352958949e+01,1.385596063450049442e+01,1.385559291771479451e+01,1.385492820618125442e+01,1.385375777268213682e+01,1.050562482271902098e+01,1.139639650849378683e+01,1.384724531068929920e+01,1.388351352153289220e+01,1.386385095357273300e+01,1.385998115097256900e+01
1.385617934651595462e+01,1.385599157885921962e+01,1.385564944806681353e+01,1.385503114875941932e+01,1.385394324123338450e+01,1.257878177053813573e+01,1.297555890601964990e+01,1.386155592043377638e+01,1.387443281026191144e+01,1.386232861295188989e+01,1.385959363831426927e+01
1.385621133548902328e+01,1.385605007268963540e+01,1.385575630906649280e+01,1.385522576097789837e+01,1.385429398583917049e+01,1.339637133533578250e+01,1.356241512930877846e+01,1.386186542863949889e+01,1.386747853633181471e+01,1.386096310487663708e+01,1.385936993464056854e+01
