9.797491258493590038e+00,9.797104385207916266e+00,9.796398290543155696e+00,9.795115530753951916e+00,-5.768497339671047541e+01,-4.943925704087877193e+01,-2.626963851439596809e+01,2.558865646961349327e+00,9.875056978511246086e+00,9.814228983617743651e+00,9.803198489867829934e+00
9.797336271939824925e+00,9.796820981243653748e+00,9.795880456799750391e+00,-5.950764017818667639e+01,-5.858493530498897428e+01,-4.946188553190464177e+01,-2.651201019880636522e+01,2.571081496090772855e+00,9.875623938752097430e+00,9.814116417849698237e+00,9.803162268884360486e+00
9.797340524286086705e+00,9.796828731201429719e+00,9.795894590824389070e+00,-5.917014609791417712e+01,-5.823649251273901939e+01,-4.919521102632131715e+01,-2.637866276913606711e+01,2.606621153875268160e+00,9.877245199997402025e+00,9.814429096734812674e+00,9.803261858994348543e+00
9.797329473074370298e+00,9.796808533115315853e+00,9.795857692965546093e+00,-5.814912235002306318e+01,-5.730946835372256487e+01,-4.851996299293362824e+01,-2.603627732277542250e+01,2.688950717516008115e+00,9.877694290034369828e+00,9.814498014939287529e+00,9.803282995418035384e+00
9.797327730060189310e+00,9.796805353893631718e+00,9.795851890897351311e+00,-5.592247983756994500e+01,-5.486685545598577107e+01,-4.653071170381334554e+01,-2.514537493367528498e+01,2.890389557681797950e+00,9.878088228314307884e+00,9.814453782755396816e+00,9.803263370278743949e+00
9.797333973877346835e+00,9.796816775175901881e+00,9.795872769399750268e+00,-1.791406538707711249e+01,-4.889820143263143848e+01,-4.188725300531454820e+01,-2.255345125920899108e+01,3.308926337578251164e+00,9.877886089098405265e+00,9.814211615274320621e+00,9.803176884396201274e+00
9.797350437484634966e+00,9.796846884043507231e+00,9.795927801203427876e+00,-1.414413674602850790e+01,-3.838864186222344443e+01,-3.274091999247006868e+01,-1.757979281839038066e+01,4.111568988499874067e+00,9.875660980093073249e+00,9.813987802953731077e+00,9.803094897401278374e+00
9.797367392341229220e+00,9.796877888719757621e+00,9.795984472403819865e+00,-8.548555134918666809e+00,-2.242271877040454342e+01,-1.915848837361441426e+01,-9.597006691396153144e+00,5.486732124729712723e+00,9.869100284797239553e+00,9.813165689741774500e+00,9.803023984458759443e+00
9.797380123132512608e+00,9.796901164535007922e+00,9.796027016409668775e+00,-1.292521515669122323e+00,-7.158529267319330813e+00,-5.435890568759953467e+00,-6.898709073715743045e-01,7.277876453702202042e+00,9.856169198913107721e+00,9.811695553176654983e+00,9.802730797963452147e+00
9.797411506190250918e+00,9.796958560211422196e+00,9.796131909251963421e+00,4.922025789685412711e+00,2.866566234840186134e+00,3.541728127465270770e+00,5.417766108054060226e+00,8.702102419013888479e+00,9.840456983853949069e+00,9.809728639903493530e+00,9.802421452251239842e+00
9.797446868701472411e+00,9.797023258229662801e+00,9.796250223699498605e+00,8.007960159007501133e+00,7.368213575185520448e+00,7.601154097603583182e+00,8.251082178306962334e+00,9.407845387228304546e+00,9.826246250009436523e+00,9.807355541417313916e+00,9.802067122085976081e+00
