5.542535292169188210e+01,5.542512700340648024e+01,5.542471495848137408e+01,5.542396808598928715e+01,5.542264122260996118e+01,2.100673684111151118e+01,2.542885019699773608e+01,5.155638969793608339e+01,5.550626472080951146e+01,5.544026774017034143e+01,5.543054419865073612e+01
5.542518387544071601e+01,5.542481793974133808e+01,5.542415042095355204e+01,5.542293986342735934e+01,2.072526387481034860e+01,4.676561620481664683e+00,2.556926175984296634e+01,5.156554514591377369e+01,5.550608122005959189e+01,5.544023047800209270e+01,5.543053144904908436e+01
5.542518519770494834e+01,5.542482035723973866e+01,5.542415483714617608e+01,5.542294790860925247e+01,2.040307783935095287e+01,5.253922561430084848e+00,2.585236421301483034e+01,5.159969453667634554e+01,5.550650778169990929e+01,5.544030180506518946e+01,5.543055503297173914e+01
5.542518335662447271e+01,5.542481699049022126e+01,5.542414868792842242e+01,5.542293671706181613e+01,2.117216535164629576e+01,6.961414336074938092e+00,2.670273318109363458e+01,5.168965191520106117e+01,5.550664429708537284e+01,5.544031365593076544e+01,5.543055822398745391e+01
5.542518365980272677e+01,5.542481754440713360e+01,5.542414970010892716e+01,5.542293856867130586e+01,2.326633343716012803e+01,1.108439844035662247e+01,2.867627530900858090e+01,5.189961681433248941e+01,5.550613736179253266e+01,5.544018358085601506e+01,5.543051224670956856e+01
5.542518951229347124e+01,5.542482824582855727e+01,5.542416925101794334e+01,5.542297420048134882e+01,2.701476098330576292e+01,1.880302280381447133e+01,3.265239003306799503e+01,5.230203658266372457e+01,5.550453310701615806e+01,5.544004432343422195e+01,5.543046080310669765e+01
5.542519765481088712e+01,5.542484313432773035e+01,5.542419645781262005e+01,5.542302382222509038e+01,3.324633644515733977e+01,3.005368364385145696e+01,3.896683549643518063e+01,5.302761957425644823e+01,5.549772562048084978e+01,5.543943101030477294e+01,5.543025305511846312e+01
5.542521763501043353e+01,5.542487966449953518e+01,5.542426318611570224e+01,5.542314535622192295e+01,4.300605940491006152e+01,4.291618958750179758e+01,4.614114119347614462e+01,5.403660717299161576e+01,5.548491275540985157e+01,5.543799410268486838e+01,5.543014880256103538e+01
5.542522799366884101e+01,5.542489860807013713e+01,5.542429780610974177e+01,5.542320846952972602e+01,4.994940817424154034e+01,5.003175689001470516e+01,5.147440026550216885e+01,5.483256226130649935e+01,5.546876830457892993e+01,5.543592797875529499e+01,5.542976300700708236e+01
5.542526324559113959e+01,5.542496306912498483e+01,5.542441558152322756e+01,5.542342304665643837e+01,5.352487216048137952e+01,5.347337746675773928e+01,5.401917858257155558e+01,5.521754914679339521e+01,5.545486241254602078e+01,5.543401367581697059e+01,5.542935093623230358e+01
5.542530081763988647e+01,5.542503179099763599e+01,5.542454120310876675e+01,5.542365212390915019e+01,5.478747599584083616e+01,5.477387407433754873e+01,5.496171875159315334e+01,5.536579811252114780e+01,5.544253631844270558e+01,5.543182657713909123e+01,5.542886484717394779e+01
