5.542534227161399940e+01,5.542510753420258141e+01,5.542467940411721372e+01,5.542390337523482913e+01,6.061610791782330310e+00,1.093083881144603886e+01,2.656195802561867936e+01,5.154252114364216908e+01,5.550649608340459906e+01,5.544031396670307998e+01,5.543055993585350905e+01
5.542518226835942841e+01,5.542481500083268742e+01,5.542414505188381213e+01,5.542293008248151409e+01,2.059331498367201618e+01,1.129796214334835014e+01,2.667111677308690787e+01,5.155287323973941938e+01,5.550598868936440056e+01,5.544022124044229116e+01,5.543052876692799202e+01
5.542518509054514197e+01,5.542482016121137178e+01,5.542415447833177211e+01,5.542294724903806014e+01,2.020968377265027272e+01,1.160750035044936368e+01,2.688215805878520115e+01,5.158621960423027986e+01,5.550608634467367608e+01,5.544023451069968189e+01,5.543053294701466882e+01
5.542518492083395643e+01,5.542481985064875261e+01,5.542415391083482490e+01,5.542294621742394867e+01,2.079486161472659944e+01,1.239642048211627490e+01,2.736557021187007877e+01,5.167812548135398742e+01,5.550643802501633672e+01,5.544028314261340995e+01,5.543054835534947244e+01
5.542518422982671211e+01,5.542481858726948474e+01,5.542415160438548583e+01,5.542294202943529768e+01,2.302345129998777296e+01,1.415526787207975445e+01,2.849044760207011961e+01,5.188798775117387407e+01,5.550622729708238978e+01,5.544020524490313306e+01,5.543051980642549381e+01
5.542518858766385392e+01,5.542482655511527412e+01,5.542416616220198478e+01,5.542296857159418266e+01,2.744308815209708996e+01,1.860484377161992242e+01,3.149171145712368514e+01,5.230415263513462776e+01,5.550415604958009652e+01,5.543998820668269900e+01,5.543044272400170058e+01
5.542519866756396141e+01,5.542484498566498274e+01,5.542419983723966936e+01,5.542302996181009433e+01,3.390111480041604608e+01,2.850056067339768262e+01,3.787755332515911277e+01,5.309931806538499188e+01,5.549678391330043326e+01,5.543926968793074650e+01,5.543040080698773409e+01
5.542520367993737551e+01,5.542485415259596948e+01,5.542421659230159037e+01,5.542306052234260960e+01,4.375028832438099613e+01,4.385358904874884445e+01,4.578066578130369635e+01,5.414364064419965672e+01,5.548337343892531237e+01,5.543790120387772902e+01,5.543011502677893532e+01
5.542523078964394756e+01,5.542490372207411298e+01,5.542430715027972354e+01,5.542322549028622092e+01,5.066056749598033093e+01,5.053406565130350714e+01,5.147428344757354068e+01,5.490288994644086529e+01,5.546714936122577910e+01,5.543573465779527965e+01,5.542968383083635331e+01
5.542527132954931801e+01,5.542497785297406665e+01,5.542444259509854021e+01,5.542347227765588258e+01,5.371101979048875563e+01,5.366319533798765917e+01,5.403989499807151731e+01,5.525049875148001632e+01,5.545374510546927382e+01,5.543383993919972141e+01,5.542926830832254836e+01
5.542531215326280858e+01,5.542505252292843210e+01,5.542457909558190465e+01,5.542372124508385411e+01,5.484165270722090213e+01,5.473985537983799077e+01,5.497693667972174580e+01,5.537318009560237186e+01,5.544379606238832281e+01,5.543206555601585706e+01,5.542898977230113644e+01
