5.542535418828379079e+01,5.542512933302997169e+01,5.542471924605583666e+01,5.542397602901775144e+01,5.542265627721680943e+01,1.950999987831562521e+01,2.639380623225278200e+01,5.359787579952646297e+01,5.550782406615138598e+01,5.543967286435400865e+01,5.543045081115967321e+01
5.542526827763104791e+01,5.542497231526189694e+01,5.542443272344172556e+01,5.542345583555076161e+01,7.970126315778973236e+00,1.124180114676554609e+01,2.638321435064473519e+01,5.355779649370091988e+01,5.550808811513856256e+01,5.543973013591750032e+01,5.543026764845458843e+01
5.542528124520116251e+01,5.542499602396226521e+01,5.542447601095590670e+01,5.542353454852664640e+01,8.748062258307010453e+00,1.129287430168025352e+01,2.643393633025849709e+01,5.159855483209502580e+01,5.550680830990289394e+01,5.544035390260685858e+01,5.543057233917490123e+01
5.542518192994940307e+01,5.542481439401301202e+01,5.542414395780125602e+01,5.542292811723987711e+01,2.196483884819254584e+01,5.271983857550422314e+00,2.622871441579123442e+01,5.169708120264256479e+01,5.550669149678989811e+01,5.544031153466316653e+01,5.543055684134472472e+01
5.542518428476918046e+01,5.542481870701159608e+01,5.542415184453653865e+01,5.542294250212346185e+01,2.307078791943511931e+01,9.837525613580980988e+00,2.804021452973958617e+01,5.190013260308958820e+01,5.550676315561263152e+01,5.544027757816999724e+01,5.543054261713709963e+01
5.542518768393509987e+01,5.542482492225877877e+01,5.542416320282357844e+01,5.542296322797309927e+01,2.675626986089366710e+01,1.695877669775467922e+01,3.156341164675800570e+01,5.227462562498240572e+01,5.550512543646986074e+01,5.544012803497457753e+01,5.543048736436058022e+01
5.542519643695884213e+01,5.542484092695357134e+01,5.542419244925838484e+01,5.542301656979924473e+01,3.234063484432890334e+01,2.802634743787886151e+01,3.771504858637169377e+01,5.295226329760005513e+01,5.549904985260126011e+01,5.543942416344356161e+01,5.543045190364266261e+01
5.542520142724212917e+01,5.542485005258957642e+01,5.542420912893527429e+01,5.542304700085333025e+01,4.194520832107208719e+01,4.189012320424325253e+01,4.517016133640956355e+01,5.394458411143101273e+01,5.548688497265815300e+01,5.543814793058785995e+01,5.543020320191647698e+01
5.542522460348509128e+01,5.542489242722132303e+01,5.542428653852398668e+01,5.542318800194280470e+01,4.947444490832832997e+01,4.938989163058728593e+01,5.096760179651593603e+01,5.477625882970026794e+01,5.547078397301329034e+01,5.543638385965581250e+01,5.542974227868106141e+01
5.542526644055985230e+01,5.542496892388454199e+01,5.542442628687758344e+01,5.542344255470516856e+01,5.320333728698850706e+01,5.322647293195235818e+01,5.382014475932440689e+01,5.519688049405941399e+01,5.545645244464343193e+01,5.543421230006433831e+01,5.542943627044507338e+01
5.542529554242200618e+01,5.542502215657067666e+01,5.542452361432170704e+01,5.542362012223287593e+01,5.467768948935191275e+01,5.467977726244436099e+01,5.489352618136402384e+01,5.536210159696193500e+01,5.544351157685476750e+01,5.543190946151894138e+01,5.542890233527595001e+01
