9.797500687361603511e+00,9.797121666927608885e+00,9.796429898438118400e+00,9.795173146906515527e+00,-3.844455830797676299e+01,-3.673035619524198125e+01,-2.205284549590943399e+01,2.546250675931231999e+00,9.876169937799122778e+00,9.814220595696445670e+00,9.803195400106487156e+00
9.797336939047733395e+00,9.796822228542076516e+00,9.795882758683800873e+00,-3.821988112059077736e+01,-4.397861376119126220e+01,-3.788206647188435028e+01,-2.120114418770677744e+01,2.558877827422087581e+00,9.875200449400878711e+00,9.814130540185805884e+00,9.803171172342180384e+00
9.797336351625524742e+00,9.796821150693128644e+00,9.795880780864159476e+00,-3.933038795093177242e+01,-4.382551694513344387e+01,-3.776644472601241631e+01,-2.118712248966284761e+01,2.593396762606076766e+00,9.876720092407621721e+00,9.814411136940696778e+00,9.803259967021265453e+00
9.797326904064052044e+00,9.796803867271904664e+00,9.795849192874289457e+00,-3.896465944122370928e+01,-4.342945866282790490e+01,-3.747011808432255719e+01,-2.115587910336221711e+01,2.674400299926773972e+00,9.877298860047330820e+00,9.814523595128271438e+00,9.803295822417169347e+00
9.797322912036598552e+00,9.796796586129589812e+00,9.795835903402426936e+00,-3.793295747616171809e+01,-4.237221599034452879e+01,-3.662174592141167295e+01,-2.086522648348332254e+01,2.884267952547439062e+00,9.877419131584142420e+00,9.814503314880875351e+00,9.803287358447724031e+00
9.797325323470618130e+00,9.796801000186608377e+00,9.795843973245661473e+00,-3.643569178298067612e+01,-3.961426103457657177e+01,-3.432525362614838116e+01,-1.952957786549146846e+01,3.329403904545101156e+00,9.877442458921924739e+00,9.814308172897140636e+00,9.803216026646570214e+00
9.797339979564199552e+00,9.796827805198812911e+00,9.795892967947699148e+00,-1.413472135644435212e+01,-3.178350378743230920e+01,-2.904471326023452349e+01,-1.661157685331278344e+01,4.150946651499999085e+00,9.875622317538606865e+00,9.814077458645856566e+00,9.803127953738961509e+00
9.797360467704580245e+00,9.796865272420697934e+00,9.795961455715449517e+00,-9.009751621882291062e+00,-2.197541151998721176e+01,-1.890181948279089141e+01,-9.752523927307251483e+00,5.494685000304072808e+00,9.868697959390184238e+00,9.813264217628274722e+00,9.803065377006525694e+00
9.797369176015324754e+00,9.796881205041708895e+00,9.795990586640568765e+00,-1.489545252385067187e+00,-7.956315318139274950e+00,-6.311712900037214524e+00,-1.364397270476612078e+00,7.220696318683112125e+00,9.856666460007446062e+00,9.811927364953463737e+00,9.802816847705079439e+00
9.797397646751599964e+00,9.796933276391396106e+00,9.796085758146482192e+00,4.594882495118984167e+00,2.184574552827966087e+00,2.912779888190575317e+00,4.972915298721698463e+00,8.640979579055091619e+00,9.841379917567218527e+00,9.809796224763514871e+00,9.802449210314652106e+00
9.797442180265639067e+00,9.797014737043937771e+00,9.796234691885421952e+00,7.136041538657753591e+00,7.089851840244315362e+00,7.333693946400911656e+00,8.062530190280773112e+00,9.376294138962128599e+00,9.827627185342004523e+00,9.807609965609067615e+00,9.801975415531718028e+00
