9.797500687361694105e+00,9.797121666927699479e+00,9.796429898438203665e+00,9.795173146906588357e+00,-3.844455830795743623e+01,-3.673035619522731565e+01,-2.205284549591062770e+01,2.546250675929448981e+00,9.876169937793449094e+00,9.814220595678310843e+00,9.803195400048945629e+00
9.797336939047825766e+00,9.796822228542167110e+00,9.795882758683886138e+00,-3.821988112057957210e+01,-4.397861376119138299e+01,-3.788206647188454212e+01,-2.120114418770722864e+01,2.558877827420351192e+00,9.875200449395201474e+00,9.814130540167678163e+00,9.803171172284665502e+00
9.797336351625615336e+00,9.796821150693221014e+00,9.795880780864246518e+00,-3.933038795091999873e+01,-4.382551694513350782e+01,-3.776644472601260816e+01,-2.118712248966332723e+01,2.593396762604338601e+00,9.876720092401956919e+00,9.814411136922577938e+00,9.803259966963777217e+00
9.797326904064142639e+00,9.796803867271995259e+00,9.795849192874376499e+00,-3.896465944121035818e+01,-4.342945866282803280e+01,-3.747011808432292668e+01,-2.115587910336298449e+01,2.674400299925030478e+00,9.877298860041667794e+00,9.814523595110163257e+00,9.803295822359709533e+00
9.797322912036689146e+00,9.796796586129680406e+00,9.795835903402513978e+00,-3.793295747614529745e+01,-4.237221599034433694e+01,-3.662174592141191454e+01,-2.086522648348348241e+01,2.884267952545700453e+00,9.877419131578481171e+00,9.814503314862772498e+00,9.803287358390289086e+00
9.797325323470708724e+00,9.796801000186698971e+00,9.795843973245748515e+00,-3.643569178296550604e+01,-3.961426103457302617e+01,-3.432525362614693165e+01,-1.952957786549229624e+01,3.329403904543398518e+00,9.877442458916267043e+00,9.814308172879046666e+00,9.803216026589163690e+00
9.797339979564291923e+00,9.796827805198903505e+00,9.795892967947784413e+00,-1.413472135644377836e+01,-3.178350378741973969e+01,-2.904471326023178435e+01,-1.661157685331350464e+01,4.150946651498237827e+00,9.875622317532949168e+00,9.814077458627767925e+00,9.803127953681579854e+00
9.797360467704670839e+00,9.796865272420788529e+00,9.795961455715533006e+00,-9.009751621881543215e+00,-2.197541151998391484e+01,-1.890181948279104773e+01,-9.752523927308430984e+00,5.494685000302338196e+00,9.868697959384531870e+00,9.813264217610196738e+00,9.803065376949167131e+00
9.797369176015417125e+00,9.796881205041799490e+00,9.795990586640654030e+00,-1.489545252384949947e+00,-7.956315318138273085e+00,-6.311712900037157681e+00,-1.364397270476943369e+00,7.220696318681390835e+00,9.856666460001795471e+00,9.811927364935392859e+00,9.802816847647742193e+00
9.797397646751692335e+00,9.796933276391486700e+00,9.796085758146565681e+00,4.594882495118622678e+00,2.184574552828161487e+00,2.912779888190485167e+00,4.972915298721179767e+00,8.640979579053349013e+00,9.841379917561567936e+00,9.809796224745449322e+00,9.802449210257329071e+00
9.797442180265727885e+00,9.797014737044028365e+00,9.796234691885505441e+00,7.136041538658789207e+00,7.089851840244140391e+00,7.333693946400735797e+00,8.062530190280309483e+00,9.376294138960405533e+00,9.827627185336353932e+00,9.807609965591003842e+00,9.801975415474407427e+00
