1.385623572412815463e+01,1.385609463072575309e+01,1.385583760481825877e+01,1.385537351370089354e+01,1.385455949642057583e+01,-2.395983147858899898e+01,-3.871730968499608849e+00,1.365080222017516043e+01,1.390939963354343512e+01,1.386717895542889778e+01,1.386061491811715740e+01
1.385612694020074542e+01,1.385589575354523717e+01,1.385547441585758577e+01,1.385471250278871480e+01,-7.201290757499847928e+00,-2.461540919925825222e+01,-3.743940506464190854e+00,1.364812799865507387e+01,1.390893049867027109e+01,1.386708617622945283e+01,1.386057890088257416e+01
1.385612916424231500e+01,1.385589981944873728e+01,1.385548183895757290e+01,1.385472599596242205e+01,-3.152178290597982624e+01,-2.473831671535445409e+01,-3.640914923175107454e+00,1.365311040012658061e+01,1.390886865891622826e+01,1.386707053883469953e+01,1.386057254066555799e+01
1.385612978497433900e+01,1.385590095484044681e+01,1.385548391359660059e+01,1.385472977618679735e+01,1.385340037916617817e+01,-2.222976401245326272e+01,-3.301590206161436392e+00,1.366014646804634047e+01,1.390834585018672698e+01,1.386696211161266135e+01,1.386052999352561876e+01
1.385613275305711944e+01,1.385590637925994173e+01,1.385549381483201081e+01,1.385474777424002113e+01,1.385343266502618675e+01,-2.022776312540145582e+01,-2.447757226694303512e+00,1.367711220493323232e+01,1.390767254341178649e+01,1.386703534867610088e+01,1.386055770619623573e+01
1.385613159850347742e+01,1.385590426926015439e+01,1.385548996491603546e+01,1.385474079211883236e+01,1.385342026156325801e+01,-1.059474230726236144e+00,-2.064615171805455063e-01,1.372074215270980346e+01,1.390542428774739392e+01,1.386675778682652016e+01,1.386044666809584669e+01
1.385614100569715745e+01,1.385592146782503953e+01,1.385552137351350055e+01,1.385479795776028489e+01,1.385352318923312609e+01,-7.995261833823208875e+00,2.756908095119981361e+00,1.375754624208721211e+01,1.390149408808307818e+01,1.386633418367380699e+01,1.386047633483403985e+01
1.385614082498879007e+01,1.385592113998034769e+01,1.385552078748214200e+01,1.385479696152223283e+01,1.385352179628160840e+01,1.834896355382506172e+00,7.425024463957679011e+00,1.380759727227328248e+01,1.389385623600854913e+01,1.386522760314200298e+01,1.386021104229755707e+01
1.385616033505356270e+01,1.385595680786685335e+01,1.385558591842303322e+01,1.385491544655380736e+01,1.385373473026167801e+01,1.030411623298758528e+01,1.113644290002701176e+01,1.385160406493660901e+01,1.388404941046276697e+01,1.386376255717046568e+01,1.385993651885952538e+01
1.385618387431672183e+01,1.385599984868814794e+01,1.385566454178037432e+01,1.385505862005399891e+01,1.385399278603155793e+01,1.201316288350004591e+01,1.284406442530061376e+01,1.386176761876984642e+01,1.387542618552714480e+01,1.386245335113107302e+01,1.385966219569065672e+01
1.385620599057745750e+01,1.385604029398739456e+01,1.385573844367803531e+01,1.385519324631950866e+01,1.385423551129754749e+01,1.335067384160502613e+01,1.352439528406674185e+01,1.386393417734645972e+01,1.386817055804773702e+01,1.386122028996944167e+01,1.385933301328410039e+01
