9.797510475020152043e+00,9.797139610541506727e+00,9.796462731634393961e+00,9.795233016530882963e+00,-5.744360021017175910e+01,-4.938753209540079325e+01,-2.620913536952489409e+01,2.559940176493353814e+00,9.875237212652203667e+00,9.814296129638778510e+00,9.803221363518515474e+00
9.797332749042951150e+00,9.796814634839927649e+00,9.795868956486330603e+00,-5.939231492509753707e+01,-5.874788890013130782e+01,-4.950102587544952826e+01,-2.648655194210841657e+01,2.570938206162044715e+00,9.875544223225901419e+00,9.814326204890805982e+00,9.803229555228829994e+00
9.797332808835365725e+00,9.796814703209713926e+00,9.795869049306162424e+00,-5.921438189567797394e+01,-5.841083282237004681e+01,-4.925613690191390504e+01,-2.635740048843577910e+01,2.606388288160986999e+00,9.877430761998429176e+00,9.814459139221897388e+00,9.803271194841427061e+00
9.797328702543138590e+00,9.796807206383903122e+00,9.795855358360558540e+00,-5.817011001503760070e+01,-5.753682637413824352e+01,-4.863470018064644051e+01,-2.573404879526621158e+01,2.691440298646412987e+00,9.877921542441818303e+00,9.814331990279322682e+00,9.803230448330509716e+00
9.797333430131079268e+00,9.796815876592743777e+00,9.795871215981723168e+00,-5.622033421441500423e+01,-5.524101210314815802e+01,-4.678744428848140302e+01,-2.505244564279874098e+01,2.873318763412743504e+00,9.878757636414571053e+00,9.814349780670399426e+00,9.803229617538507412e+00
9.797338288211900448e+00,9.796824759736619370e+00,9.795887455621933526e+00,-1.811106464201429489e+01,-4.958906813768163602e+01,-4.249226567070088834e+01,-2.282389064952188917e+01,3.248760623230376066e+00,9.878048194600921761e+00,9.814301874299543371e+00,9.803208368095107872e+00
9.797345040590204945e+00,9.796837108528603011e+00,9.795910032353615904e+00,-1.434033249607450244e+01,-4.006793476973340518e+01,-3.423493522367843411e+01,-1.875776484088704876e+01,4.021556390654009050e+00,9.876337718789539366e+00,9.814120027693821413e+00,9.803136954582287288e+00
9.797362872338156947e+00,9.796869709170525908e+00,9.795969615066454139e+00,-9.226900139487865360e+00,-2.497009132168033574e+01,-2.116720852772557748e+01,-1.071848542110384273e+01,5.383213997678835128e+00,9.869367495061563744e+00,9.813316564414062526e+00,9.803078597007022665e+00
9.797370800186696371e+00,9.796884216122865752e+00,9.795996144932155758e+00,-1.507265267022432909e+00,-8.647219586547741699e+00,-6.849569126301631172e+00,-1.546553046103491091e+00,7.202255136177425854e+00,9.856656838227351614e+00,9.811878590905655173e+00,9.802797666934505827e+00
9.797401531221286319e+00,9.796940409906472524e+00,9.796098833196404954e+00,4.728975086491638002e+00,2.140685745756330860e+00,2.902907731002692948e+00,5.042339522949997210e+00,8.665653576699579475e+00,9.840872422669614039e+00,9.809665417791283204e+00,9.802400035851762894e+00
9.797447577296832577e+00,9.797024645004334786e+00,9.796252841042891291e+00,7.058869285184066200e+00,7.104402858379183172e+00,7.369576703563351927e+00,8.112149481286696329e+00,9.393510814837897627e+00,9.826903935425347569e+00,9.807388895960517772e+00,9.801884345176810953e+00
