9.797496385209615966e+00,9.797114252660431788e+00,9.796416863206330206e+00,9.795150176341612891e+00,-4.926534853415117965e+01,-4.369800870306183782e+01,-2.453918346024611807e+01,2.547045655452325086e+00,9.874650850943400116e+00,9.814254176239526117e+00,9.803211445149084824e+00
9.797331708286083796e+00,9.796813062896607249e+00,9.795866432875985907e+00,-4.740281419681051744e+01,-4.848200090183851785e+01,-4.390356383197370604e+01,-2.432192172125589735e+01,2.563782600058279293e+00,9.874721992648533231e+00,9.814259670757509824e+00,9.803212800181277942e+00
9.797331824502380826e+00,9.796813257646864059e+00,9.795866776062284842e+00,-5.252347629145626229e+01,-5.098725750944117152e+01,-4.382558489573305138e+01,-2.420081200657647358e+01,2.599115324591061427e+00,9.876438769260122541e+00,9.814375625023711081e+00,9.803249641202116393e+00
9.797327786251527115e+00,9.796805870974200303e+00,9.795853271121785610e+00,-5.050559716752736250e+01,-5.065615353663704923e+01,-4.359568659091064546e+01,-2.433212751722692246e+01,2.680572586374269761e+00,9.877231220087958619e+00,9.814534808763193396e+00,9.803300641168268825e+00
9.797321909997968703e+00,9.796795133065703709e+00,9.795833655195632872e+00,-5.174157502743776860e+01,-4.984214888762367224e+01,-4.296577921506724351e+01,-2.417621975608781071e+01,2.872601862813499718e+00,9.878092053834398811e+00,9.814346726489935335e+00,9.803234421023967471e+00
9.797333902489738122e+00,9.796817074521548818e+00,9.795873760511943473e+00,-1.734755754386524984e+01,-4.762421252535552441e+01,-4.117346205791618985e+01,-2.313560892632990118e+01,3.242126533421456180e+00,9.878166288872545664e+00,9.814369615853863138e+00,9.803232124802935488e+00
9.797341206006384695e+00,9.796830439308855887e+00,9.795898204088224759e+00,-1.453053747026276632e+01,-4.212167262351277230e+01,-3.654646815183190256e+01,-2.048609281364420553e+01,3.934585056060852626e+00,9.876872897337255708e+00,9.814035535896181273e+00,9.803111738378264661e+00
9.797364838517799157e+00,9.796873659472327134e+00,9.795977201781779442e+00,-1.027519243822600004e+01,-3.081528473493885656e+01,-2.655304444388952589e+01,-1.420863184259485479e+01,5.118130710842526021e+00,9.872187132156510003e+00,9.813464853680921252e+00,9.803117999988195663e+00
9.797374022729265164e+00,9.796890467895352117e+00,9.796007958400577920e+00,-3.894034170262610672e+00,-1.462127925283635932e+01,-1.220799913535882197e+01,-4.950767174706511398e+00,6.796037337961019276e+00,9.861664052778413847e+00,9.812167183667249049e+00,9.802878092323730641e+00
9.797407234499738493e+00,9.796951216466721846e+00,9.796118997505617543e+00,-1.477998468748864980e+00,-1.318469075888893727e+00,-1.713201719572836623e-01,3.068478384192069974e+00,8.364708385053955197e+00,9.846541990733868488e+00,9.810288037469849343e+00,9.802410328084681268e+00
9.797463104542005752e+00,9.797053409377415534e+00,9.796305782515940308e+00,9.794948007586970817e+00,5.768411916626222435e+00,6.132798692654793271e+00,7.309821642283746534e+00,9.260445747562680907e+00,9.831772093079893082e+00,9.808103993793125142e+00,9.802159021916800441e+00
