9.797504710867023903e+00,9.797129265921780572e+00,9.796444066735453760e+00,9.795199475023258273e+00,-4.547963460718192863e+01,-4.260758423891699209e+01,-2.584737317321393135e+01,2.551591858499753229e+00,9.876185378778730595e+00,9.814167532063912347e+00,9.803175997179920387e+00
9.797341087394762837e+00,9.796829929237599544e+00,9.795896964264672491e+00,-5.695582349132303079e+01,-5.422191214546558058e+01,-4.611804891938844264e+01,-2.580038877003856612e+01,2.566412520941378173e+00,9.876166794833677542e+00,9.814147258688844744e+00,9.803168768333044625e+00
9.797342466259319593e+00,9.796832467914722287e+00,9.795901627475965157e+00,-5.661930108530415140e+01,-5.390848364676481452e+01,-4.589686836217224908e+01,-2.570397709116704021e+01,2.601902337810215293e+00,9.877475631958461122e+00,9.814443125360600817e+00,9.803265005533001286e+00
9.797330321953840127e+00,9.796810275128613910e+00,9.795861085399891977e+00,-5.576468101291264645e+01,-5.312916698724430375e+01,-4.533644921497106850e+01,-2.547166556057993958e+01,2.682932571745657579e+00,9.878199000412715591e+00,9.814346632119299585e+00,9.803233405073619622e+00
9.797334501769913828e+00,9.796817960331614117e+00,9.795875162362118971e+00,-5.384060640721897073e+01,-5.135945137247797732e+01,-4.396560010996362422e+01,-2.488709215881049630e+01,2.866410785566423591e+00,9.878799239502360052e+00,9.814330203087425986e+00,9.803222158201252867e+00
9.797340192717349794e+00,9.796828397387958631e+00,9.795894268022252049e+00,-1.832565808811835595e+01,-4.778079348620008204e+01,-4.115255180608067320e+01,-2.337671679190257024e+01,3.236612700441525714e+00,9.878870010342795993e+00,9.814374825562934390e+00,9.803227738216081733e+00
9.797345933162423748e+00,9.796838913121474590e+00,9.795913512610574969e+00,-1.507656009652442464e+01,-4.071468092538825090e+01,-3.527333866927394013e+01,-1.978571187166727796e+01,3.957041179528453689e+00,9.876784826698909114e+00,9.813991167730705456e+00,9.803096295836558838e+00
9.797367302600449079e+00,9.796877988094404799e+00,9.795984923234012598e+00,-9.962525806033092124e+00,-2.805570226647367349e+01,-2.422309534757690130e+01,-1.277560255467599681e+01,5.237542361776299948e+00,9.871076534907906819e+00,9.813309365751177182e+00,9.803069801953226303e+00
9.797376693784789481e+00,9.796895171149458292e+00,9.796016351331038763e+00,-2.939816964914669484e+00,-1.206766003832682266e+01,-9.796726531028411955e+00,-3.427381932236297502e+00,6.994563197436035829e+00,9.859667731941460289e+00,9.812037585412847207e+00,9.802837713442242418e+00
9.797408254259146076e+00,9.796952895086207036e+00,9.796121861472965264e+00,1.547889967912432496e-01,3.188746815128951084e-01,1.273136158081742408e+00,3.952271703748759357e+00,8.516102337811457090e+00,9.844335240436350887e+00,9.810022737389459735e+00,9.802516970611842240e+00
9.797447922589038072e+00,9.797025460930381513e+00,9.796254533392025010e+00,6.325414054834304523e+00,6.384258151742484344e+00,6.723289249592228956e+00,7.675207293209254544e+00,9.329875554196656040e+00,9.830022997308994093e+00,9.807851469409799350e+00,9.802057963358508985e+00
