1.385623053088761303e+01,1.385608514355434551e+01,1.385582027770655955e+01,1.385534192412807641e+01,1.385450226193502132e+01,-2.846878891021753333e+01,-4.529121686504165467e+00,1.365633965488953194e+01,1.390935673427226682e+01,1.386716439416639091e+01,1.386060876400395259e+01
1.385612773308745282e+01,1.385589721030567212e+01,1.385547708603471406e+01,1.385471737942572545e+01,-3.899067475948014305e+01,-3.026104448183701834e+01,-4.473147959350761482e+00,1.365475502650394901e+01,1.390869725313923055e+01,1.386703209189117381e+01,1.386055725362079905e+01
1.385613103810054092e+01,1.385590325369060416e+01,1.385548812206695857e+01,1.385473744948808239e+01,1.385341420729917772e+01,-2.802374694886803752e+01,-4.211107530816276423e+00,1.365816752241510201e+01,1.390849890021970126e+01,1.386699196854283933e+01,1.386054160074686514e+01
1.385613206466098291e+01,1.385590513111275257e+01,1.385549155036796520e+01,1.385474368339740181e+01,1.385342539036434317e+01,-2.673712873508304710e+01,-3.702857057100619187e+00,1.366595000795538262e+01,1.390803230152895864e+01,1.386711685558421081e+01,1.386059016217860318e+01
1.385612900038215223e+01,1.385589952844068051e+01,1.385548132077220274e+01,1.385472508591758078e+01,-3.326921052978497784e+01,-2.569476413895682043e+01,-2.832847174537997503e+00,1.368401971829686659e+01,1.390781653348208735e+01,1.386705650646853627e+01,1.386056525598150202e+01
1.385613167087748820e+01,1.385590440918712396e+01,1.385549023133451030e+01,1.385474130184855568e+01,1.385342128283906327e+01,-1.180477423472634513e+00,-2.112334061728984302e-01,1.372391800088257163e+01,1.390549953267907313e+01,1.386677022162647965e+01,1.386045124592100919e+01
1.385614093763924792e+01,1.385592135126291069e+01,1.385552117018592355e+01,1.385479760239502411e+01,1.385352259049712487e+01,-8.305066118019437837e+00,3.209874611805455302e+00,1.376004349060777976e+01,1.390128441712984753e+01,1.386628829450986089e+01,1.386045756330733703e+01
1.385614203913772968e+01,1.385592336747495779e+01,1.385552486223090796e+01,1.385480437449237101e+01,1.385353507500003545e+01,6.599601834061734174e+00,7.985969116798441902e+00,1.381531700352121561e+01,1.389372354188056136e+01,1.386518499302581731e+01,1.386019162534890015e+01
1.385616242353100347e+01,1.385596063450177340e+01,1.385559291771565071e+01,1.385492820618076948e+01,1.385375777267741526e+01,1.050562482270034792e+01,1.139639650841751717e+01,1.384724531049628204e+01,1.388351352091545898e+01,1.386385095161732828e+01,1.385998114479095733e+01
1.385617934651736327e+01,1.385599157886049326e+01,1.385564944806766263e+01,1.385503114875892905e+01,1.385394324122865584e+01,1.257878177052643665e+01,1.297555890595519124e+01,1.386155592024129746e+01,1.387443280964554404e+01,1.386232861099974656e+01,1.385959363214252349e+01
1.385621133549042661e+01,1.385605007269090194e+01,1.385575630906733480e+01,1.385522576097740455e+01,1.385429398583445249e+01,1.339637133531436675e+01,1.356241512924614767e+01,1.386186542844701819e+01,1.386747853571638700e+01,1.386096310292723643e+01,1.385936992847676663e+01
