1.385623621437690289e+01,1.385609552081670870e+01,1.385583924168453862e+01,1.385537660489026734e+01,1.385456575734945517e+01,-2.909679836362604277e+01,-4.559744333803573468e+00,1.365702220348947904e+01,1.390949868433322401e+01,1.386719263199270102e+01,1.386061972311747326e+01
1.385612702791232564e+01,1.385589590327484188e+01,1.385547468109799851e+01,1.385471298818475105e+01,-3.922501029751469304e+01,-3.033239887693828862e+01,-4.496033249708360380e+00,1.365487130626198464e+01,1.390873665442286722e+01,1.386704019067685678e+01,1.386056040867651262e+01
1.385613080433892819e+01,1.385590280818777842e+01,1.385548728998023549e+01,1.385473591762955969e+01,1.385341144176809003e+01,-2.824709135049172914e+01,-4.237803775027161102e+00,1.365791866716067737e+01,1.390850455425291976e+01,1.386699342914065092e+01,1.386054218203143051e+01
1.385613198728011852e+01,1.385590497136070276e+01,1.385549123987336451e+01,1.385474309952719096e+01,1.385342432287636427e+01,-2.698106816958048171e+01,-3.732346194074142254e+00,1.366557871849010297e+01,1.390805114744493309e+01,1.386712111993578489e+01,1.386059184197734240e+01
1.385612884788185362e+01,1.385589923172346616e+01,1.385548076041549237e+01,1.385472404775975619e+01,-3.334916030662614617e+01,-2.554229094987397986e+01,-2.823534152397565222e+00,1.368342683261832526e+01,1.390771265214490526e+01,1.386703620400116677e+01,1.386055741583360756e+01
1.385613209143750524e+01,1.385590515972328873e+01,1.385549158243766144e+01,1.385474373682001570e+01,1.385342561768266378e+01,-1.074999895440523545e+00,-1.825380154186624360e-01,1.372095784107698613e+01,1.390540302362358460e+01,1.386675488064789974e+01,1.386044566694109292e+01
1.385614095557824754e+01,1.385592136496571669e+01,1.385552117443931763e+01,1.385479758044844267e+01,1.385352246885288707e+01,-7.493950898936912353e+00,3.456322096846556668e+00,1.375818924224130058e+01,1.390107073635608614e+01,1.386624820646646583e+01,1.386044173268743229e+01
1.385614257031105723e+01,1.385592431772171551e+01,1.385552657466658033e+01,1.385480745273116732e+01,1.385354048218094292e+01,7.033987022667917977e+00,8.331524874507447720e+00,1.381584849262436698e+01,1.389286405802057800e+01,1.386520441295507133e+01,1.386020050085014077e+01
1.385616142672462558e+01,1.385595879273092201e+01,1.385558953588267528e+01,1.385492203388006516e+01,1.385374663539172957e+01,1.081386642142557619e+01,1.160884829627739734e+01,1.384875351987779979e+01,1.388225723904448827e+01,1.386349930343970804e+01,1.385981159635401738e+01
1.385619064385111798e+01,1.385601220931766342e+01,1.385568708938644455e+01,1.385509955471020405e+01,1.385406589605020500e+01,1.228891417634139671e+01,1.303299676595960221e+01,1.386355392788100360e+01,1.387410180015213257e+01,1.386220801196371788e+01,1.385952733189763464e+01
1.385621646830876941e+01,1.385605944049510185e+01,1.385577340235328414e+01,1.385525686081727592e+01,1.385434995940592451e+01,1.344268687602569479e+01,1.358859660872724717e+01,1.386436883956511679e+01,1.386717847159123096e+01,1.386098766260570514e+01,1.385937802358072091e+01
