1.385623621437640196e+01,1.385609552081624685e+01,1.385583924168420822e+01,1.385537660489034906e+01,1.385456575735083717e+01,-2.909679836363822147e+01,-4.559744333785491044e+00,1.365702220354915752e+01,1.390949868452319471e+01,1.386719263259445256e+01,1.386061972502090356e+01
1.385612702791182116e+01,1.385589590327438003e+01,1.385547468109766633e+01,1.385471298818483277e+01,-3.922501029774671366e+01,-3.033239887687951963e+01,-4.496033249688297317e+00,1.365487130632134516e+01,1.390873665461263897e+01,1.386704019127796883e+01,1.386056041057791433e+01
1.385613080433842548e+01,1.385590280818731657e+01,1.385548728997990509e+01,1.385473591762963963e+01,1.385341144176947026e+01,-2.824709135063901400e+01,-4.237803775011599328e+00,1.365791866721929892e+01,1.390850455444248013e+01,1.386699342974112881e+01,1.386054218393081960e+01
1.385613198727961581e+01,1.385590497136024268e+01,1.385549123987303410e+01,1.385474309952726912e+01,1.385342432287774272e+01,-2.698106816978791755e+01,-3.732346194048446364e+00,1.366557871854807260e+01,1.390805114763429629e+01,1.386712112053563573e+01,1.386059184387475085e+01
1.385612884788135091e+01,1.385589923172300431e+01,1.385548076041516197e+01,1.385472404775983435e+01,-3.334916030687552535e+01,-2.554229094984509274e+01,-2.823534152386379503e+00,1.368342683267756499e+01,1.390771265233408371e+01,1.386703620460039588e+01,1.386055741772904426e+01
1.385613209143700075e+01,1.385590515972282688e+01,1.385549158243733103e+01,1.385474373682009386e+01,1.385342561768403868e+01,-1.074999895416290929e+00,-1.825380154131464039e-01,1.372095784113526840e+01,1.390540302381253568e+01,1.386675488124650713e+01,1.386044566883458451e+01
1.385614095557774483e+01,1.385592136496525484e+01,1.385552117443898723e+01,1.385479758044852261e+01,1.385352246885425842e+01,-7.493950899021189826e+00,3.456322096866638383e+00,1.375818924230050655e+01,1.390107073654488268e+01,1.386624820706451899e+01,1.386044173457918482e+01
1.385614257031055452e+01,1.385592431772125366e+01,1.385552657466624638e+01,1.385480745273124548e+01,1.385354048218231426e+01,7.033987022674597078e+00,8.331524874525845448e+00,1.381584849268329762e+01,1.389286405820920223e+01,1.386520441355263245e+01,1.386020050274036564e+01
1.385616142672412465e+01,1.385595879273046194e+01,1.385558953588234488e+01,1.385492203388014509e+01,1.385374663539310092e+01,1.081386642143120014e+01,1.160884829629604731e+01,1.384875351993696846e+01,1.388225723923299171e+01,1.386349930403687125e+01,1.385981159824302011e+01
1.385619064385061883e+01,1.385601220931720334e+01,1.385568708938611238e+01,1.385509955471028221e+01,1.385406589605157279e+01,1.228891417634194028e+01,1.303299676597808343e+01,1.386355392794005503e+01,1.387410180034052232e+01,1.386220801256055424e+01,1.385952733378565682e+01
1.385621646830827025e+01,1.385605944049464355e+01,1.385577340235295551e+01,1.385525686081735586e+01,1.385434995940729408e+01,1.344268687603166690e+01,1.358859660874559694e+01,1.386436883962424105e+01,1.386717847177953544e+01,1.386098766320227682e+01,1.385937802546796860e+01
