9.797494704130061294e+00,9.797110709383529681e+00,9.796409865815553175e+00,9.795136618572314546e+00,-5.504250748136013982e+01,-4.789829019464580995e+01,-2.559838274860154073e+01,2.552276478885124433e+00,9.874554780836467316e+00,9.814297323275086526e+00,9.803227903796386755e+00
9.797327403349303410e+00,9.796804783116993320e+00,9.795850869885383005e+00,-5.238473558801596397e+01,-5.467744408664213296e+01,-4.816086485179550181e+01,-2.553067974150263808e+01,2.569142527082670657e+00,9.874903257911370247e+00,9.814117629278355182e+00,9.803169087380634750e+00
9.797335069340030955e+00,9.796818786124477541e+00,9.795876442211554291e+00,-5.417093051830654815e+01,-5.490637833595044270e+01,-4.798500745351933006e+01,-2.549358729070258534e+01,2.604449297362516180e+00,9.876164977242659404e+00,9.814376065621834400e+00,9.803252091157091286e+00
9.797325344826743887e+00,9.796801007539338357e+00,9.795843957515304012e+00,-1.955375136084399657e+01,-5.303044443546991715e+01,-4.684292398570689642e+01,-2.512250862463992362e+01,2.684649514749144483e+00,9.876759999714948890e+00,9.814477371569180875e+00,9.803283751436302040e+00
9.797322276167664157e+00,9.796795398135959232e+00,9.795833709925235055e+00,-1.898331845685955699e+01,-5.040356832226670036e+01,-4.496449680560546369e+01,-2.463542536210529832e+01,2.899918040427680310e+00,9.877592303173180710e+00,9.814471003617446954e+00,9.803274050717444510e+00
9.797328983567686223e+00,9.796807661976139059e+00,9.795856126760863702e+00,-1.750547141061777623e+01,-4.809436113280438008e+01,-4.159542778528479090e+01,-2.237406926757171632e+01,3.320931962699334328e+00,9.877309409797438988e+00,9.814229420116733493e+00,9.803188486542099511e+00
9.797344807959536439e+00,9.796836607078349246e+00,9.795909034292119344e+00,-1.353886558114720096e+01,-3.644629958805460745e+01,-3.261174074542555701e+01,-1.769683441204318086e+01,4.134685667386394314e+00,9.875329713388236286e+00,9.813982829943123321e+00,9.803096111333688967e+00
9.797365212297128423e+00,9.796873912470267953e+00,9.795977215591845422e+00,-8.684382135627112476e+00,-2.265120745540176017e+01,-1.929449784106461863e+01,-9.455163456036459024e+00,5.490351643496619971e+00,9.868852324154559597e+00,9.813208549544947701e+00,9.803042718246221199e+00
9.797374738408922923e+00,9.796891340088247802e+00,9.796009084678830803e+00,-1.303560739179888017e+00,-7.158670070791822937e+00,-5.487526095791469771e+00,-6.234158978978570076e-01,7.268472719205060883e+00,9.855985978546458526e+00,9.811722765712557859e+00,9.802743657899975815e+00
9.797407556324142064e+00,9.796951356763528906e+00,9.796118765452707322e+00,4.899992939012797422e+00,2.853844360588748685e+00,3.511599160509700557e+00,5.439144880384400693e+00,8.694822873121378137e+00,9.840450847624335751e+00,9.809777866955416314e+00,9.802442820817608649e+00
9.797442461924294577e+00,9.797015226814705713e+00,9.796235576106859355e+00,8.010322610715874703e+00,7.357349169760906804e+00,7.589333146288137044e+00,8.253665494993153828e+00,9.404405244178457579e+00,9.826502530023413229e+00,9.807251795523354687e+00,9.802023837036108134e+00
