5.542534425865820680e+01,5.542511115569531910e+01,5.542468598323389983e+01,5.542391516889787795e+01,1.740188092933923159e+01,1.100356426595491577e+01,2.649706096213103379e+01,5.358288009662566509e+01,5.550690069765929024e+01,5.543951895856636725e+01,5.543039821085318408e+01
5.542527196928129030e+01,5.542497905956741278e+01,5.542444503093342689e+01,5.542347820558620697e+01,7.627991441099707615e+00,2.828887442908681216e+00,2.546020663428731723e+01,5.157536083728345488e+01,5.550648808073795237e+01,5.544029740435557585e+01,5.543055347578211922e+01
5.542518354035144768e+01,5.542481733534585686e+01,5.542414932682431328e+01,5.542293788850641079e+01,2.092202926293692045e+01,3.938207809024306449e+00,2.569796906041443663e+01,5.160518757772680232e+01,5.550640109586328208e+01,5.544028014176474528e+01,5.543054759299441514e+01
5.542518413348126671e+01,5.542481842012061577e+01,5.542415130875739493e+01,5.542294149941669446e+01,2.133265449302004768e+01,5.449938568979368014e+00,2.643828398608911812e+01,5.169476130613338682e+01,5.550662498920672050e+01,5.544030668328643685e+01,5.543055564870057594e+01
5.542518405262160286e+01,5.542481827216735724e+01,5.542415103938508025e+01,5.542294101920425931e+01,2.327463633890529593e+01,9.141611511998576134e+00,2.810708751982423337e+01,5.190300197310771324e+01,5.550620589762317536e+01,5.544019320557291053e+01,5.543051528433232278e+01
5.542518936983091749e+01,5.542482799362590384e+01,5.542416879951839803e+01,5.542297338926226047e+01,2.703073391304959827e+01,1.706718489405359307e+01,3.204139435122843338e+01,5.231896888592009986e+01,5.550403008588820342e+01,5.543996967589633584e+01,5.543043678941788244e+01
5.542519899617815327e+01,5.542484559419220602e+01,5.542420095608684960e+01,5.542303200041605749e+01,3.406777550720005365e+01,2.919212459087279044e+01,3.885979419605295959e+01,5.310398408832488570e+01,5.549649437284679721e+01,5.543922148686903029e+01,5.543038440516263421e+01
5.542520478957865748e+01,5.542485618787844714e+01,5.542422031543209471e+01,5.542306729706591994e+01,4.380453241370822326e+01,4.394230179914849543e+01,4.649957699005543788e+01,5.413788573491665090e+01,5.548310364226348668e+01,5.543785993667268031e+01,5.543010100133510321e+01
5.542523122732553986e+01,5.542490452704935677e+01,5.542430862332642505e+01,5.542322815574431161e+01,5.068710368489085738e+01,5.059073601187395752e+01,5.177070588889449709e+01,5.489632762043567737e+01,5.546705544801191934e+01,5.543573603741955225e+01,5.542968615902347551e+01
5.542526978986417419e+01,5.542497504156985144e+01,5.542443746105895741e+01,5.542346290365841099e+01,5.372804568306443684e+01,5.369561306485557850e+01,5.414720437452159985e+01,5.524472015885900333e+01,5.545376036285563259e+01,5.543389218848702171e+01,5.542929540097203756e+01
5.542530684455559964e+01,5.542504281917825892e+01,5.542456137176212394e+01,5.542368893325404144e+01,5.485801437704495243e+01,5.484131415516809938e+01,5.500688409064930795e+01,5.536801326881817431e+01,5.544299139584246916e+01,5.543186346598166381e+01,5.542889237498620503e+01
