9.797483237167382342e+00,9.797089704398795007e+00,9.796371406473650012e+00,9.795066209735441731e+00,-1.153896382958000366e+01,-2.683474679271061092e+01,-1.520909083327723721e+01,3.864578033360081211e+00,9.869704710952316162e+00,9.814094130677180061e+00,9.803197489304908530e+00
9.797305494774635193e+00,9.796764658562072015e+00,9.795777422482998986e+00,-2.837666341753688926e+01,-3.332566872640532551e+01,-2.840447227379808837e+01,-1.490678721142503704e+01,3.877178097872860274e+00,9.869271937316197452e+00,9.814022653788398998e+00,9.803175340565251972e+00
9.797307508883603688e+00,9.796768350676867243e+00,9.795784180254443640e+00,-2.923777028141809353e+01,-3.322019938526994309e+01,-2.832553040216035001e+01,-1.489916144823132527e+01,3.900352479331341993e+00,9.869734754585982373e+00,9.814220088127180830e+00,9.803243140066451033e+00
9.797296360945049187e+00,9.796747961508469160e+00,9.795746911109819877e+00,-2.891055389628787609e+01,-3.294799863462771583e+01,-2.812067377535316126e+01,-1.485368669779541051e+01,3.959543981428010007e+00,9.869956134312246832e+00,9.814306366205340026e+00,9.803272588801650755e+00
9.797291652465114353e+00,9.796739361579865246e+00,9.795731198735062151e+00,-2.749504685983355401e+01,-3.223588077842482136e+01,-2.755112603434926655e+01,-1.462980253369704897e+01,4.088479144448097458e+00,9.870140804261717804e+00,9.814279447761840913e+00,9.803261086871795982e+00
9.797295075456053937e+00,9.796745625288018289e+00,9.795742647076004062e+00,-3.184631658557250233e+01,-3.038004967466962114e+01,-2.598166990632123685e+01,-1.390647049885593489e+01,4.380881817441416359e+00,9.869581522927941108e+00,9.813997926114343073e+00,9.803163476810947685e+00
9.797311736861868070e+00,9.796776093460980661e+00,9.795798327771331415e+00,-9.510620882015089705e+00,-2.580737408998834326e+01,-2.207971334523494633e+01,-1.157642715146433332e+01,4.944240004038599423e+00,9.867649236515015687e+00,9.813798454032584218e+00,9.803089587029390373e+00
9.797327543711705999e+00,9.796805004405541695e+00,9.795851176397343707e+00,-5.008507960591024322e+00,-1.696359858869625725e+01,-1.435865490874146921e+01,-6.612035478785875497e+00,5.946189553370127001e+00,9.862745648276803223e+00,9.813115212102488272e+00,9.803058086033033192e+00
9.797338976823134260e+00,9.796825924848851841e+00,9.795889444493257159e+00,2.299899672422700547e-01,-5.704921807600502603e+00,-4.276090191175899946e+00,3.219387595635847532e-02,7.375666854915821524e+00,9.853087972605210965e+00,9.811713745877915116e+00,9.802773178438640045e+00
9.797380274308489234e+00,9.796901453859248932e+00,9.796027504987820933e+00,5.241961394150081333e+00,3.008122131869169991e+00,3.622854976265321270e+00,5.464774034276075554e+00,8.676474955010247569e+00,9.839493234809065569e+00,9.809728093929397374e+00,9.802447003266298253e+00
9.797425097730481980e+00,9.796983451838713108e+00,9.796177452361154891e+00,8.085453503888089699e+00,7.338151350278392826e+00,7.558727039128477543e+00,8.217011623387621810e+00,9.384375082173709970e+00,9.826649740805828870e+00,9.807623394502954284e+00,9.802000779893988991e+00
