1.385622978770584801e+01,1.385608374793843112e+01,1.385581769368682892e+01,1.385533719857370727e+01,1.385449380873835068e+01,-1.695449092821681347e+01,-4.756133235567148176e-01,1.364730712328470652e+01,1.390931474919922550e+01,1.386716654948583383e+01,1.386061045379230450e+01
1.385612689694732502e+01,1.385589564522564388e+01,1.385547418577777989e+01,1.385471203913303739e+01,-6.381794541530526388e+00,-1.787855028221140685e+01,-4.357826832775277826e-01,1.364617729105993860e+01,1.390919051597176903e+01,1.386714296536963964e+01,1.386060139319828188e+01
1.385612738788429787e+01,1.385589654337097798e+01,1.385547582674335132e+01,1.385471502446191927e+01,-6.879681523257104914e+00,-1.768672887409657690e+01,-3.319733045955537420e-01,1.364823531646961818e+01,1.390896112657928896e+01,1.386709578968744871e+01,1.386058291751935201e+01
1.385612865122275927e+01,1.385589885260245602e+01,1.385548004231057106e+01,1.385472268823966147e+01,-6.663413273704470896e+00,-1.706117411388507321e+01,-6.052938600841750727e-02,1.365543073958493991e+01,1.390846003420783639e+01,1.386699021667975273e+01,1.386054135691367151e+01
1.385613165587526119e+01,1.385590434461445319e+01,1.385549006811222839e+01,1.385474091727386714e+01,1.385342025719637604e+01,-2.796182065201482381e+00,8.312253578850683500e-01,1.367995771201094790e+01,1.390766904197609222e+01,1.386703397001578963e+01,1.386055710747508130e+01
1.385613165181522533e+01,1.385590433907087515e+01,1.385549006471157618e+01,1.385474094822956204e+01,1.385342053020244890e+01,-5.602654289488573358e-01,1.696043932751434058e+00,1.371007728560827132e+01,1.390566488253405097e+01,1.386681778299612056e+01,1.386047083761038223e+01
1.385613879094728063e+01,1.385591739027388769e+01,1.385551389677848633e+01,1.385478431417019607e+01,1.385349856676409175e+01,2.382376465290130696e+00,4.621221881341780247e+00,1.376037930494179307e+01,1.390125700030370837e+01,1.386628286806983468e+01,1.386045537196127952e+01
1.385614210304453309e+01,1.385592344825337108e+01,1.385552497292321661e+01,1.385480454052354204e+01,1.385353535059649488e+01,6.671752583770458322e+00,8.341602088091498501e+00,1.380891279653345194e+01,1.389318363403328327e+01,1.386507338049212379e+01,1.386014491697972772e+01
1.385616427792471761e+01,1.385596398694204723e+01,1.385559899380541893e+01,1.385493917457966973e+01,1.385377717487232196e+01,1.055377088250038398e+01,1.149923089512449259e+01,1.384479546336534028e+01,1.388345218827881666e+01,1.386384262153253744e+01,1.385997801308190702e+01
1.385617881251471317e+01,1.385599056611900615e+01,1.385564755848442609e+01,1.385502765489629695e+01,1.385393681549724931e+01,1.258723823138063835e+01,1.299897710932608064e+01,1.385870044405884371e+01,1.387449570415585853e+01,1.386237735710768959e+01,1.385962320667877634e+01
1.385620684689361681e+01,1.385604183158235259e+01,1.385574122009713172e+01,1.385519823269083162e+01,1.385424416681442672e+01,1.341060576452400355e+01,1.356966240477578012e+01,1.386197677843003362e+01,1.386752862770100947e+01,1.386098311857119825e+01,1.385938284091292871e+01
