5.542534425865589043e+01,5.542511115569325852e+01,5.542468598323270612e+01,5.542391516889941983e+01,1.740188092799002817e+01,1.100356418795584545e+01,2.649706093118907191e+01,5.358288013535853622e+01,5.550690069940083049e+01,5.543951896265073742e+01,5.543039822359085633e+01
5.542527196927882471e+01,5.542497905956492588e+01,5.542444503093126684e+01,5.542347820558585170e+01,7.627991012201352561e+00,2.828887600418337200e+00,2.546020668470464798e+01,5.157536084137625210e+01,5.550648808198965867e+01,5.544029740835998865e+01,5.543055348845264518e+01
5.542518354034933736e+01,5.542481733534424393e+01,5.542414932682396511e+01,5.542293788850953007e+01,2.092202921427877982e+01,3.938207767789773328e+00,2.569796906278528326e+01,5.160518757912620202e+01,5.550640109711048353e+01,5.544028014575678753e+01,5.543054760562115746e+01
5.542518413347902850e+01,5.542481842011873994e+01,5.542415130875657781e+01,5.542294149941896819e+01,2.133265447723755059e+01,5.449938561396509229e+00,2.643828398704691907e+01,5.169476130684201820e+01,5.550662499046784149e+01,5.544030668726820466e+01,5.543055566128453648e+01
5.542518405261924386e+01,5.542481827216527535e+01,5.542415103938385812e+01,5.542294101920575145e+01,2.327463633610878802e+01,9.141611507554461724e+00,2.810708751945893624e+01,5.190300197367587032e+01,5.550620589888369949e+01,5.544019320954166119e+01,5.543051529687314627e+01
5.542518936982855848e+01,5.542482799362377932e+01,5.542416879951711906e+01,5.542297338926361761e+01,2.703073391071152543e+01,1.706718489716048026e+01,3.204139435224615795e+01,5.231896888647079891e+01,5.550403008714010156e+01,5.543996967985113145e+01,5.543043680191672706e+01
5.542519899617582269e+01,5.542484559419013834e+01,5.542420095608563457e+01,5.542303200041752120e+01,3.406777550582727798e+01,2.919212459463106413e+01,3.885979419738800544e+01,5.310398408894621980e+01,5.549649437409623687e+01,5.543922149081188167e+01,5.543038441762352875e+01
5.542520478957634822e+01,5.542485618787640078e+01,5.542422031543090100e+01,5.542306729706739077e+01,4.380453241278114263e+01,4.394230179756523569e+01,4.649957699024589886e+01,5.413788573537682680e+01,5.548310364350667356e+01,5.543785994060465327e+01,5.543010101376304988e+01
5.542523122732326613e+01,5.542490452704736015e+01,5.542430862332525265e+01,5.542322815574582506e+01,5.068710368475277761e+01,5.059073601167303025e+01,5.177070588890109804e+01,5.489632762095909158e+01,5.546705544925598019e+01,5.543573604134358135e+01,5.542968617142524579e+01
5.542526978986192177e+01,5.542497504156785482e+01,5.542443746105779923e+01,5.542346290365992445e+01,5.372804568297461714e+01,5.369561306473396911e+01,5.414720437450466761e+01,5.524472015933246638e+01,5.545376036409817289e+01,5.543389219240449961e+01,5.542929541335303867e+01
5.542530684455334722e+01,5.542504281917626940e+01,5.542456137176097286e+01,5.542368893325555490e+01,5.485801437701624650e+01,5.484131415512788976e+01,5.500688409072931506e+01,5.536801326923099253e+01,5.544299139708133595e+01,5.543186346989345736e+01,5.542889238735082813e+01
