1.385623621437702369e+01,1.385609552081681883e+01,1.385583924168461856e+01,1.385537660489024780e+01,1.385456575734912477e+01,-2.909679836362298033e+01,-4.559744333807877581e+00,1.365702220347524509e+01,1.390949868428790737e+01,1.386719263184914297e+01,1.386061972266334053e+01
1.385612702791244288e+01,1.385589590327495202e+01,1.385547468109807667e+01,1.385471298818473329e+01,-3.922501029745915702e+01,-3.033239887695245329e+01,-4.496033249713123681e+00,1.365487130624782708e+01,1.390873665437758433e+01,1.386704019053341419e+01,1.386056040822274937e+01
1.385613080433904898e+01,1.385590280818788855e+01,1.385548728998031720e+01,1.385473591762954193e+01,1.385341144176776140e+01,-2.824709135045650399e+01,-4.237803775030873688e+00,1.365791866714668501e+01,1.390850455420767773e+01,1.386699342899732379e+01,1.386054218157802964e+01
1.385613198728023754e+01,1.385590497136081289e+01,1.385549123987344444e+01,1.385474309952716965e+01,1.385342432287603387e+01,-2.698106816953088583e+01,-3.732346194080270685e+00,1.366557871847626160e+01,1.390805114739972659e+01,1.386712111979257145e+01,1.386059184152430213e+01
1.385612884788197263e+01,1.385589923172357629e+01,1.385548076041557053e+01,1.385472404775973487e+01,-3.334916030656651742e+01,-2.554229094988089699e+01,-2.823534152400226205e+00,1.368342683260417836e+01,1.390771265209972896e+01,1.386703620385806701e+01,1.386055741538092789e+01
1.385613209143762248e+01,1.385590515972339887e+01,1.385549158243773959e+01,1.385474373681999438e+01,1.385342561768233516e+01,-1.074999895446318021e+00,-1.825380154199609528e-01,1.372095784106306660e+01,1.390540302357845270e+01,1.386675488050491367e+01,1.386044566648876675e+01
1.385614095557836833e+01,1.385592136496582683e+01,1.385552117443939757e+01,1.385479758044842491e+01,1.385352246885255667e+01,-7.493950898916651227e+00,3.456322096841772051e+00,1.375818924222715545e+01,1.390107073631098267e+01,1.386624820632357924e+01,1.386044173223542231e+01
1.385614257031117802e+01,1.385592431772182564e+01,1.385552657466665849e+01,1.385480745273114778e+01,1.385354048218061429e+01,7.033987022666309485e+00,8.331524874503047684e+00,1.381584849261028758e+01,1.389286405797550472e+01,1.386520441281227534e+01,1.386020050039840967e+01
1.385616142672474638e+01,1.385595879273103215e+01,1.385558953588275344e+01,1.385492203388004739e+01,1.385374663539140094e+01,1.081386642142422616e+01,1.160884829627293691e+01,1.384875351986366177e+01,1.388225723899943986e+01,1.386349930329698488e+01,1.385981159590251011e+01
1.385619064385123878e+01,1.385601220931777355e+01,1.385568708938652271e+01,1.385509955471018628e+01,1.385406589604987637e+01,1.228891417634128658e+01,1.303299676595518974e+01,1.386355392786688867e+01,1.387410180010710192e+01,1.386220801182105333e+01,1.385952733144630677e+01
1.385621646830889020e+01,1.385605944049521199e+01,1.385577340235336408e+01,1.385525686081725638e+01,1.385434995940559588e+01,1.344268687602426482e+01,1.358859660872286312e+01,1.386436883955098587e+01,1.386717847154621452e+01,1.386098766246308678e+01,1.385937802312953337e+01
