1.385623756386186045e+01,1.385609800401272729e+01,1.385584377863211358e+01,1.385538478229120329e+01,1.385457992110532288e+01,-2.841080970798342520e+01,-4.550676355459857270e+00,1.366030669322801216e+01,1.390946066114100077e+01,1.386718160893374119e+01,1.386061514310398124e+01
1.385612756621572927e+01,1.385589690586044931e+01,1.385547653060578277e+01,1.385471637331963990e+01,-7.236467774875639414e+00,-2.948972211368901597e+01,-4.483006942763461566e+00,1.365453691794131075e+01,1.390896559018782419e+01,1.386708754398177135e+01,1.386057896404982159e+01
1.385612953993040009e+01,1.385590051418279778e+01,1.385548311792207699e+01,1.385472834173206280e+01,1.385339783361479249e+01,-2.817737312744226585e+01,-4.301323956366744028e+00,1.365619586329778556e+01,1.390853793575197983e+01,1.386700166084169084e+01,1.386054551593337614e+01
1.385613169028467695e+01,1.385590444503049312e+01,1.385549029511838626e+01,1.385474139249918224e+01,1.385342124277007869e+01,-2.656840850793348352e+01,-3.823362926509438431e+00,1.366566616293299496e+01,1.390821179614469827e+01,1.386715392014809289e+01,1.386060461442130531e+01
1.385612804938071463e+01,1.385589778774293634e+01,1.385547814115336251e+01,1.385471930379007333e+01,-3.279107617936481489e+01,-2.547738884078810528e+01,-2.671831344363333471e+00,1.368474240347921089e+01,1.390776771588848426e+01,1.386704793285247561e+01,1.386056203213724913e+01
1.385613178185742100e+01,1.385590461204826696e+01,1.385549060143484112e+01,1.385474197231425464e+01,1.385342246814763811e+01,-7.804929945439336159e-01,-9.359571130801569439e-02,1.372415069660350184e+01,1.390532780793494538e+01,1.386673667768277518e+01,1.386043837620239749e+01
1.385614160411588358e+01,1.385592256914454978e+01,1.385552339243883146e+01,1.385480163620225191e+01,1.385352978752638542e+01,3.081811379504354687e+00,3.683801021409597531e+00,1.376687723599906299e+01,1.390118660427245345e+01,1.386626067796492734e+01,1.386044570255037733e+01
1.385614322898820561e+01,1.385592554286552414e+01,1.385552883635120480e+01,1.385481161468975131e+01,1.385354814713058502e+01,7.000726854311006164e+00,8.049090410550231667e+00,1.381415477078422427e+01,1.389319089007741148e+01,1.386506574152506133e+01,1.386014076828849895e+01
1.385616526091847156e+01,1.385596582056033199e+01,1.385560238207540529e+01,1.385494539256266222e+01,1.385378848138630303e+01,1.060737269561392715e+01,1.148553034122319616e+01,1.385022485621941257e+01,1.388330131838407766e+01,1.386378439392330009e+01,1.385994831931416016e+01
1.385618210751315971e+01,1.385599662758321671e+01,1.385565866936646273e+01,1.385504793434391146e+01,1.385397346849768496e+01,1.220974441350882245e+01,1.298503031459414103e+01,1.386112520012652638e+01,1.387470744679301760e+01,1.386243992417533022e+01,1.385965607804156363e+01
1.385620551022576663e+01,1.385603942844197789e+01,1.385573688153863259e+01,1.385519042935844780e+01,1.385423042478284117e+01,1.343031404424118946e+01,1.357260077647157814e+01,1.386399251462998805e+01,1.386740648865427517e+01,1.386089725192405275e+01,1.385932179540638565e+01
