1.385623424601676845e+01,1.385609207143067678e+01,1.385583308917980538e+01,1.385536552843330327e+01,1.385454577838477697e+01,-2.912114357497688033e+01,-4.329705357768931506e+00,1.366043748231720478e+01,1.390927912824711754e+01,1.386714475958451054e+01,1.386060081618263773e+01
1.385612862554452285e+01,1.385589896227432760e+01,1.385548041134300945e+01,1.385472355613992335e+01,-3.962405242728608812e+01,-3.078224112586501349e+01,-4.210135893627301229e+00,1.365644989692761868e+01,1.390879044797125452e+01,1.386704941194629725e+01,1.386056392984845509e+01
1.385613081148044756e+01,1.385590295888397350e+01,1.385548770958426701e+01,1.385473682673945817e+01,1.385341319550539652e+01,-2.838051441414747345e+01,-4.084860309283240731e+00,1.366022453328892716e+01,1.390847610632730813e+01,1.386698505794099390e+01,1.386053875239441169e+01
1.385613251392481970e+01,1.385590607131969421e+01,1.385549339197800478e+01,1.385474715755101904e+01,1.385343172686414803e+01,-2.752895866993148033e+01,-3.599704409376674796e+00,1.366791444342107731e+01,1.390807899506013889e+01,1.386712453270163437e+01,1.386059303185843916e+01
1.385612904886176366e+01,1.385589973196747948e+01,1.385548181379741806e+01,1.385472610442539931e+01,-3.502260888883171930e+01,-2.717803011223695364e+01,-2.935853163980548075e+00,1.368689486766871610e+01,1.390781156138148766e+01,1.386705279776178124e+01,1.386056362417389565e+01
1.385613205944844850e+01,1.385590523275378061e+01,1.385549185512356019e+01,1.385474437675613579e+01,1.385342690550600508e+01,-1.079102612329921218e+00,-1.267408735172844025e+00,1.371952690789175833e+01,1.390586430718590982e+01,1.386684846830118545e+01,1.386048192055270434e+01
1.385613895190207145e+01,1.385591783574286850e+01,1.385551487167637497e+01,1.385478626579768502e+01,1.385350231424388667e+01,2.255422488554146732e+00,2.358252090741107310e+00,1.377380867143347842e+01,1.390168505293273604e+01,1.386635373535529325e+01,1.386048242232880057e+01
1.385614209161330734e+01,1.385592357973706079e+01,1.385552537950738028e+01,1.385480548866854988e+01,1.385353747742120234e+01,-1.407736977378728938e+00,6.845914673003187900e+00,1.381495456456824122e+01,1.389422115079815967e+01,1.386529574438354118e+01,1.386023882432544596e+01
1.385615996122781368e+01,1.385595625702946698e+01,1.385558505578288546e+01,1.385491405298689571e+01,1.385373257120761181e+01,7.366054360732904982e+00,1.072092164247316148e+01,1.385092555326777841e+01,1.388463086235536537e+01,1.386391810690815163e+01,1.386001129743853610e+01
1.385617922075565644e+01,1.385599147345316240e+01,1.385564938827415560e+01,1.385503120611731553e+01,1.385394372041129429e+01,1.157843489387116520e+01,1.271029148072180348e+01,1.386690470045570223e+01,1.387579001324466077e+01,1.386252475557743047e+01,1.385969540662538790e+01
1.385620823217786324e+01,1.385604453139960057e+01,1.385574633596015559e+01,1.385520784740774758e+01,1.385426255765406012e+01,1.310974789415514863e+01,1.347538928788667079e+01,1.386641311331518622e+01,1.386900882936655321e+01,1.386132779174424812e+01,1.385939582885861654e+01
