9.797500687361633709e+00,9.797121666927639083e+00,9.796429898438146822e+00,9.795173146906538619e+00,-3.844455830797024021e+01,-3.673035619523700746e+01,-2.205284549590982834e+01,2.546250675930628038e+00,9.876169937797209641e+00,9.814220595690327897e+00,9.803195400087069800e+00
9.797336939047765370e+00,9.796822228542106714e+00,9.795882758683829294e+00,-3.821988112058697595e+01,-4.397861376119131194e+01,-3.788206647188440712e+01,-2.120114418770691600e+01,2.558877827421503603e+00,9.875200449398962022e+00,9.814130540179689888e+00,9.803171172322773685e+00
9.797336351625554940e+00,9.796821150693160618e+00,9.795880780864189674e+00,-3.933038795092780759e+01,-4.382551694513345808e+01,-3.776644472601248026e+01,-2.118712248966302880e+01,2.593396762605492789e+00,9.876720092405710361e+00,9.814411136934584334e+00,9.803259967001867636e+00
9.797326904064084019e+00,9.796803867271936639e+00,9.795849192874319655e+00,-3.896465944121920444e+01,-4.342945866282796175e+01,-3.747011808432267799e+01,-2.115587910336244803e+01,2.674400299926191327e+00,9.877298860045419460e+00,9.814523595122162547e+00,9.803295822397780412e+00
9.797322912036628750e+00,9.796796586129621787e+00,9.795835903402455358e+00,-3.793295747615620428e+01,-4.237221599034447195e+01,-3.662174592141175822e+01,-2.086522648348334386e+01,2.884267952546854641e+00,9.877419131582232836e+00,9.814503314874768236e+00,9.803287358428343978e+00
9.797325323470650105e+00,9.796801000186636799e+00,9.795843973245689895e+00,-3.643569178297556732e+01,-3.961426103457537096e+01,-3.432525362614789088e+01,-1.952957786549177399e+01,3.329403904544538051e+00,9.877442458920016932e+00,9.814308172891037074e+00,9.803216026627199042e+00
9.797339979564231527e+00,9.796827805198843109e+00,9.795892967947727570e+00,-1.413472135644416561e+01,-3.178350378742806726e+01,-2.904471326023359268e+01,-1.661157685331302503e+01,4.150946651499402229e+00,9.875622317536697281e+00,9.814077458639753004e+00,9.803127953719600995e+00
9.797360467704610443e+00,9.796865272420728132e+00,9.795961455715476163e+00,-9.009751621882031714e+00,-2.197541151998608555e+01,-1.890181948279096247e+01,-9.752523927307652940e+00,5.494685000303485722e+00,9.868697959388278207e+00,9.813264217622174712e+00,9.803065376987172286e+00
9.797369176015356729e+00,9.796881205041739094e+00,9.795990586640598963e+00,-1.489545252385035212e+00,-7.956315318138939219e+00,-6.311712900037187879e+00,-1.364397270476724877e+00,7.220696318682533033e+00,9.856666460005540031e+00,9.811927364947367280e+00,9.802816847685734913e+00
9.797397646751631939e+00,9.796933276391428080e+00,9.796085758146510614e+00,4.594882495118870480e+00,2.184574552828030036e+00,2.912779888190539790e+00,4.972915298721523492e+00,8.640979579054503645e+00,9.841379917565312496e+00,9.809796224757420191e+00,9.802449210295311133e+00
9.797442180265669265e+00,9.797014737043969745e+00,9.796234691885450374e+00,7.136041538658103534e+00,7.089851840244257630e+00,7.333693946400853036e+00,8.062530190280618569e+00,9.376294138961549507e+00,9.827627185340098492e+00,9.807609965602972935e+00,9.801975415512380607e+00
