9.797500687360857441e+00,9.797121666926873473e+00,9.796429898437414963e+00,9.795173146905913342e+00,-3.844455830813572561e+01,-3.673035619536248930e+01,-2.205284549589957521e+01,2.546250675945843867e+00,9.876169937845768132e+00,9.814220595845549511e+00,9.803195400579532759e+00
9.797336939046978443e+00,9.796822228541332223e+00,9.795882758683086777e+00,-3.821988112068282106e+01,-4.397861376119032428e+01,-3.788206647188258103e+01,-2.120114418770292986e+01,2.558877827436392582e+00,9.875200449447543605e+00,9.814130540334819131e+00,9.803171172814916901e+00
9.797336351624766237e+00,9.796821150692382574e+00,9.795880780863443604e+00,-3.933038795102830676e+01,-4.382551694513269780e+01,-3.776644472601094549e+01,-2.118712248965879041e+01,2.593396762620378215e+00,9.876720092454199573e+00,9.814411137089598114e+00,9.803259967493682225e+00
9.797326904063295316e+00,9.796803867271160371e+00,9.795849192873577138e+00,-3.896465944133334602e+01,-4.342945866282693146e+01,-3.747011808431949476e+01,-2.115587910335569077e+01,2.674400299941141590e+00,9.877298860093874922e+00,9.814523595277075074e+00,9.803295822889273481e+00
9.797322912035841824e+00,9.796796586128845519e+00,9.795835903401712841e+00,-3.793295747629681358e+01,-4.237221599034602804e+01,-3.662174592140963370e+01,-2.086522648348171671e+01,2.884267952561729853e+00,9.877419131630652771e+00,9.814503315029579511e+00,9.803287358919517303e+00
9.797325323469863179e+00,9.796801000185864083e+00,9.795843973244950931e+00,-3.643569178310567480e+01,-3.961426103460566850e+01,-3.432525362616032538e+01,-1.952957786548480712e+01,3.329403904559063765e+00,9.877442458968381800e+00,9.814308173045745320e+00,9.803216027118057951e+00
9.797339979563448153e+00,9.796827805198070394e+00,9.795892967946988605e+00,-1.413472135644902394e+01,-3.178350378753556171e+01,-2.904471326025710454e+01,-1.661157685330682199e+01,4.150946651514377805e+00,9.875622317585069254e+00,9.814077458794372433e+00,9.803127954210154371e+00
9.797360467703827069e+00,9.796865272419957194e+00,9.795961455714738975e+00,-9.009751621888590023e+00,-2.197541152001419107e+01,-1.890181948278958757e+01,-9.752523927297636064e+00,5.494685000318339618e+00,9.868697959436611100e+00,9.813264217776703546e+00,9.803065377477444997e+00
9.797369176014576908e+00,9.796881205040969931e+00,9.795990586639861775e+00,-1.489545252386156093e+00,-7.956315318147613169e+00,-6.311712900037724339e+00,-1.364397270473935997e+00,7.220696318697267024e+00,9.856666460053849832e+00,9.811927365101817955e+00,9.802816848175762487e+00
9.797397646750855671e+00,9.796933276390660694e+00,9.796085758145776978e+00,4.594882495122007526e+00,2.184574552826309635e+00,2.912779888191288968e+00,4.972915298725940403e+00,8.640979579069400174e+00,9.841379917613609862e+00,9.809796224911810469e+00,9.802449210785141531e+00
9.797442180264892997e+00,9.797014737043204136e+00,9.796234691884720291e+00,7.136041538649253724e+00,7.089851840245752435e+00,7.333693946402353170e+00,8.062530190284588727e+00,9.376294138976250636e+00,9.827627185388383424e+00,9.807609965757315251e+00,9.801975416002051134e+00
