1.385622978770650349e+01,1.385608374793906528e+01,1.385581769368740623e+01,1.385533719857410162e+01,1.385449380873816239e+01,-1.695449092829356275e+01,-4.756133235629353972e-01,1.364730712325782847e+01,1.390931474911450394e+01,1.386716654921659853e+01,1.386061045293984151e+01
1.385612689694797517e+01,1.385589564522627626e+01,1.385547418577835543e+01,1.385471203913342642e+01,-6.381794541511718322e+00,-1.787855028219715336e+01,-4.357826832886899648e-01,1.364617729103313515e+01,1.390919051588715405e+01,1.386714296510075073e+01,1.386060139234691491e+01
1.385612738788494624e+01,1.385589654337160859e+01,1.385547582674392508e+01,1.385471502446230652e+01,-6.879681523246558683e+00,-1.768672887406796335e+01,-3.319733046097264051e-01,1.364823531644292842e+01,1.390896112649478056e+01,1.386709578941890619e+01,1.386058291666907571e+01
1.385612865122340764e+01,1.385589885260308485e+01,1.385548004231114305e+01,1.385472268824004871e+01,-6.663413273694020589e+00,-1.706117411385215732e+01,-6.052938602362178955e-02,1.365543073955837450e+01,1.390846003412343634e+01,1.386699021641155127e+01,1.386054135606447701e+01
1.385613165587590956e+01,1.385590434461508380e+01,1.385549006811280037e+01,1.385474091727425616e+01,1.385342025719618064e+01,-2.796182065199503963e+00,8.312253578667183618e-01,1.367995771198410537e+01,1.390766904189179343e+01,1.386703396974792923e+01,1.386055710662696683e+01
1.385613165181587192e+01,1.385590433907150398e+01,1.385549006471214994e+01,1.385474094822995106e+01,1.385342053020225705e+01,-5.602654289410209376e-01,1.696043932744075944e+00,1.371007728558232763e+01,1.390566488244988896e+01,1.386681778272859589e+01,1.386047083676331582e+01
1.385613879094793077e+01,1.385591739027451474e+01,1.385551389677905654e+01,1.385478431417058331e+01,1.385349856676389990e+01,2.382376465289795853e+00,4.621221881332626680e+00,1.376037930491548522e+01,1.390125700021963340e+01,1.386628286780261909e+01,1.386045537111517945e+01
1.385614210304517968e+01,1.385592344825399813e+01,1.385552497292379037e+01,1.385480454052393107e+01,1.385353535059630303e+01,6.671752583772772027e+00,8.341602088083512001e+00,1.380891279650726489e+01,1.389318363394929534e+01,1.386507338022517644e+01,1.386014491613446609e+01
1.385616427792536243e+01,1.385596398694267606e+01,1.385559899380598736e+01,1.385493917458005697e+01,1.385377717487213189e+01,1.055377088250000917e+01,1.149923089511720065e+01,1.384479546333907152e+01,1.388345218819489091e+01,1.386384262126580680e+01,1.385997801223732040e+01
1.385617881251535799e+01,1.385599056611963320e+01,1.385564755848499630e+01,1.385502765489668420e+01,1.385393681549705747e+01,1.258723823137975906e+01,1.299897710931882777e+01,1.385870044403253942e+01,1.387449570407196831e+01,1.386237735684113304e+01,1.385962320583472263e+01
1.385620684689426163e+01,1.385604183158298142e+01,1.385574122009770193e+01,1.385519823269121709e+01,1.385424416681423665e+01,1.341060576452279562e+01,1.356966240476786290e+01,1.386197677840365117e+01,1.386752862761712990e+01,1.386098311830477492e+01,1.385938284006930488e+01
