1.385623395241557887e+01,1.385609139745307772e+01,1.385583169062134345e+01,1.385536264933801576e+01,1.385453930513545195e+01,-2.779828416594418528e+01,-4.486410663944457866e+00,1.365629357464051630e+01,1.390929112786443156e+01,1.386715184725860084e+01,1.386060391884725007e+01
1.385612800609352391e+01,1.385589771170775109e+01,1.385547800273123009e+01,1.385471904622508532e+01,-7.598854904501971319e+00,-2.903161352323775191e+01,-4.400463064688294068e+00,1.365287827722736758e+01,1.390902113006830199e+01,1.386710035702896704e+01,1.386058410003024299e+01
1.385612909997597519e+01,1.385589971151235389e+01,1.385548165387669073e+01,1.385472568143530125e+01,-3.726077371992087706e+01,-2.907350854438725563e+01,-4.343439524554293385e+00,1.365719918771478980e+01,1.390868793532051484e+01,1.386702960395023077e+01,1.386055621021443685e+01
1.385613114794098877e+01,1.385590345449718086e+01,1.385548848767325225e+01,1.385473811131036825e+01,1.385341539201671068e+01,-2.624537575137190260e+01,-3.833672447181027287e+00,1.366686380193576156e+01,1.390834284277830335e+01,1.386695526564606595e+01,1.386052680595360798e+01
1.385613337525547983e+01,1.385590752442712770e+01,1.385549591603917285e+01,1.385475161656522047e+01,1.385343964286710161e+01,-2.305514050695353845e+01,-2.812926170542984217e+00,1.368298063908430251e+01,1.390779804169698153e+01,1.386705525179179332e+01,1.386056497312233660e+01
1.385613151979253388e+01,1.385590413231603080e+01,1.385548972465084105e+01,1.385474037645282586e+01,1.385341959930072697e+01,-9.822492744808890563e-01,-3.273289781973636181e-01,1.372432097632348302e+01,1.390548077627615697e+01,1.386676608518349951e+01,1.386044960698494144e+01
1.385614105237360860e+01,1.385592155740271281e+01,1.385552154318732931e+01,1.385479827896575600e+01,1.385352381170411817e+01,-7.998907625524649845e+00,3.126360927374412846e+00,1.375840278190516663e+01,1.390131450133978674e+01,1.386629669477630955e+01,1.386046115312671212e+01
1.385614168238907595e+01,1.385592271573819012e+01,1.385552367217981384e+01,1.385480220823172992e+01,1.385353117311017002e+01,6.570569521152934911e+00,7.797298124370006356e+00,1.381548913276208523e+01,1.389377438211963423e+01,1.386519433510245491e+01,1.386019539721425886e+01
1.385616237261590200e+01,1.385596054234855856e+01,1.385559275094758291e+01,1.385492791031694715e+01,1.385375728753685465e+01,1.036591092918091661e+01,1.123004909566683551e+01,1.384632136681055314e+01,1.388412361435973352e+01,1.386380212851846849e+01,1.385995759243563796e+01
1.385618092150542680e+01,1.385599445710862554e+01,1.385565469899422908e+01,1.385504068282938483e+01,1.385396030442159621e+01,1.246534354430004043e+01,1.290539230795159220e+01,1.386110977124800314e+01,1.387475751710341143e+01,1.386244052619822398e+01,1.385965446215208985e+01
1.385620712755561357e+01,1.385604238091677232e+01,1.385574226525122654e+01,1.385520022107584381e+01,1.385424813975697234e+01,1.335873851695161818e+01,1.353771487142643082e+01,1.386204040489803013e+01,1.386798979219556038e+01,1.386117517337965488e+01,1.385930958443018923e+01
