1.385623395241580802e+01,1.385609139745329443e+01,1.385583169062151931e+01,1.385536264933806549e+01,1.385453930513510556e+01,-2.779828416595250218e+01,-4.486410663946756472e+00,1.365629357462217897e+01,1.390929112780661292e+01,1.386715184707529680e+01,1.386060391826721805e+01
1.385612800609375128e+01,1.385589771170796425e+01,1.385547800273140595e+01,1.385471904622513506e+01,-7.598854904525608411e+00,-2.903161352324013578e+01,-4.400463064698398874e+00,1.365287827720953473e+01,1.390902113001053664e+01,1.386710035684579445e+01,1.386058409945062664e+01
1.385612909997620434e+01,1.385589971151256705e+01,1.385548165387686481e+01,1.385472568143535099e+01,-3.726077371982616881e+01,-2.907350854439514976e+01,-4.343439524559699727e+00,1.365719918769668340e+01,1.390868793526277614e+01,1.386702960376718607e+01,1.386055620963523083e+01
1.385613114794121614e+01,1.385590345449739758e+01,1.385548848767342989e+01,1.385473811131041799e+01,1.385341539201636607e+01,-2.624537575134536382e+01,-3.833672447185103138e+00,1.366686380191792516e+01,1.390834284272061439e+01,1.386695526546315449e+01,1.386052680537481407e+01
1.385613337525570721e+01,1.385590752442734086e+01,1.385549591603934694e+01,1.385475161656526844e+01,1.385343964286675522e+01,-2.305514050688731587e+01,-2.812926170548372795e+00,1.368298063906682671e+01,1.390779804163934408e+01,1.386705525160901331e+01,1.386056497254394770e+01
1.385613151979276125e+01,1.385590413231624396e+01,1.385548972465101691e+01,1.385474037645287559e+01,1.385341959930038058e+01,-9.822492744999142822e-01,-3.273289782011983284e-01,1.372432097630554004e+01,1.390548077621854262e+01,1.386676608500084384e+01,1.386044960640695223e+01
1.385614105237383242e+01,1.385592155740292775e+01,1.385552154318750695e+01,1.385479827896580574e+01,1.385352381170377356e+01,-7.998907625487806428e+00,3.126360927372409115e+00,1.375840278188754340e+01,1.390131450128222568e+01,1.386629669459376757e+01,1.386046115254908173e+01
1.385614168238930333e+01,1.385592271573840506e+01,1.385552367217998793e+01,1.385480220823177788e+01,1.385353117310982540e+01,6.570569521150516401e+00,7.797298124384930418e+00,1.381548913274409074e+01,1.389377438206204829e+01,1.386519433492000175e+01,1.386019539663694466e+01
1.385616237261612937e+01,1.385596054234877350e+01,1.385559275094776055e+01,1.385492791031699866e+01,1.385375728753651359e+01,1.036591092919801760e+01,1.123004909565738885e+01,1.384632136679246628e+01,1.388412361430218489e+01,1.386380212833610415e+01,1.385995759185858134e+01
1.385618092150565417e+01,1.385599445710884225e+01,1.385565469899440671e+01,1.385504068282943635e+01,1.385396030442125337e+01,1.246534354429838665e+01,1.290539230794638215e+01,1.386110977122993226e+01,1.387475751704590721e+01,1.386244052601592891e+01,1.385965446157523573e+01
1.385620712755584094e+01,1.385604238091698370e+01,1.385574226525139885e+01,1.385520022107589355e+01,1.385424813975662772e+01,1.335873851695039249e+01,1.353771487142095609e+01,1.386204040487988820e+01,1.386798979213805794e+01,1.386117517319741133e+01,1.385930958385350031e+01
