9.797501880171711974e+00,9.797123847520159856e+00,9.796433913777905289e+00,9.795180655654753821e+00,-5.199094376895983061e+01,-4.947499392309806154e+01,-2.653602379775081488e+01,2.554730752274733341e+00,9.874894003301426082e+00,9.814220248156701132e+00,9.803196771509119500e+00
9.797335690532408492e+00,9.796819928368309505e+00,9.795878546963820099e+00,-5.946029243603533132e+01,-5.862626430079519224e+01,-4.948569176195420027e+01,-2.648673818269665858e+01,2.570858395515501549e+00,9.875527294200919570e+00,9.814317114951988330e+00,9.803226384213967748e+00
9.797333312244321135e+00,9.796815579640005822e+00,9.795870603533293419e+00,-5.919981234622338206e+01,-5.828975438501478123e+01,-4.923780082880219311e+01,-2.635793361652835642e+01,2.606770009080051853e+00,9.877460600508394251e+00,9.814467392589881101e+00,9.803273923604040263e+00
9.797328276143455028e+00,9.796806384510194476e+00,9.795853810128649641e+00,-5.822466797199945177e+01,-5.738665983714721364e+01,-4.855048544316975523e+01,-2.598517765438954896e+01,2.689931401088664575e+00,9.877896968037896741e+00,9.814530594857789225e+00,9.803293090160316581e+00
9.797326869750648370e+00,9.796803827206248982e+00,9.795849149763725450e+00,-5.624804943856021566e+01,-5.501009021272060551e+01,-4.664222329261227884e+01,-2.515226228536445063e+01,2.881772259990764695e+00,9.878526943706640751e+00,9.814517942263950800e+00,9.803282882783793895e+00
9.797332532689232210e+00,9.796814181874461624e+00,9.795868077610387914e+00,-1.809362095038760998e+01,-4.920864514532765099e+01,-4.216135231351830015e+01,-2.270491374000586760e+01,3.276533032351546026e+00,9.877963940533026843e+00,9.814221664187652294e+00,9.803179862857279048e+00
9.797350315588372993e+00,9.796846701613016961e+00,9.795927511181830027e+00,-1.435969996007994709e+01,-3.920939801278976233e+01,-3.349504906273915594e+01,-1.797934726765549129e+01,4.071284677761477511e+00,9.875947635211453246e+00,9.813993674962146585e+00,9.803094432824225990e+00
9.797369209261171719e+00,9.796881255843549852e+00,9.795990676142567466e+00,-8.918552118767610892e+00,-2.350908451320879422e+01,-2.009880423335812338e+01,-1.014625782964919054e+01,5.469583150329587973e+00,9.869441636096146553e+00,9.813143810841333803e+00,9.803012303876085909e+00
9.797384721821405407e+00,9.796909616446278335e+00,9.796042511989195845e+00,-1.419440537866345053e+00,-7.836097217166237527e+00,-6.042963357222925325e+00,-1.010146001217727019e+00,7.300543857552166394e+00,9.856537077824771842e+00,9.811619128540328916e+00,9.802696385530614620e+00
9.797421257048945620e+00,9.796976432578871297e+00,9.796164621633330682e+00,4.867574925204840142e+00,2.595884879151611813e+00,3.310844255898365063e+00,5.306127487651247421e+00,8.728623288465996666e+00,9.840598897992846261e+00,9.809579460376513182e+00,9.802354930807950950e+00
9.797461847491398146e+00,9.797050690831143882e+00,9.796300402231311821e+00,7.233007841321200004e+00,7.279709154614025124e+00,7.525717006034025935e+00,8.211570306939524500e+00,9.419903128356640565e+00,9.826716513493002125e+00,9.807332259028019195e+00,9.802045821062440822e+00
