9.797504710868889077e+00,9.797129265923604891e+00,9.796444066737146628e+00,9.795199475024531921e+00,-4.547963459094417260e+01,-4.260758421171444610e+01,-2.584737317317739169e+01,2.551591858481084163e+00,9.876185378590015773e+00,9.814167531454835114e+00,9.803175995249471697e+00
9.797341087396622683e+00,9.796829929239406098e+00,9.795896964266331608e+00,-5.695582347135985657e+01,-5.422191218502496923e+01,-4.611804889440685429e+01,-2.580038876036368478e+01,2.566412520753273974e+00,9.876166794573013163e+00,9.814147258069459312e+00,9.803168766402484025e+00
9.797342466261490301e+00,9.796832467917115039e+00,9.795901627478704299e+00,-5.661930107437293458e+01,-5.390848361836431479e+01,-4.589686836141608239e+01,-2.570397708954178029e+01,2.601902337176781099e+00,9.877475631701335246e+00,9.814443124742975755e+00,9.803265003606059125e+00
9.797330321955982413e+00,9.796810275130953372e+00,9.795861085402529866e+00,-5.576468101313126624e+01,-5.312916698076788435e+01,-4.533644921317087295e+01,-2.547166555987711689e+01,2.682932569906988807e+00,9.878199000092427795e+00,9.814346631493632955e+00,9.803233403147284974e+00
9.797334501772256843e+00,9.796817960334312403e+00,9.795875162365412336e+00,-5.384060640628911898e+01,-5.135945137157713702e+01,-4.396560010899539606e+01,-2.488709215881405612e+01,2.866410785489654778e+00,9.878799239310945168e+00,9.814330202482027588e+00,9.803222156284142841e+00
9.797340192719211416e+00,9.796828397389781173e+00,9.795894268023946694e+00,-1.832565808805333774e+01,-4.778079348619412769e+01,-4.115255180608837549e+01,-2.337671679192195739e+01,3.236612700382548891e+00,9.878870010152958514e+00,9.814374824958738586e+00,9.803227736302321915e+00
9.797345933164280041e+00,9.796838913123290027e+00,9.795913512612258955e+00,-1.507656009662368035e+01,-4.071468092518313142e+01,-3.527333866929284767e+01,-1.978571187167536038e+01,3.957041179470795367e+00,9.876784826509384274e+00,9.813991167127513293e+00,9.803096293925973370e+00
9.797367302602303596e+00,9.796877988096218459e+00,9.795984923235696584e+00,-9.962525806092198621e+00,-2.805570226633595254e+01,-2.422309534755918037e+01,-1.277560255473434125e+01,5.237542361717614448e+00,9.871076534718705275e+00,9.813309365148928265e+00,9.803069800045596693e+00
9.797376693786640445e+00,9.796895171151266624e+00,9.796016351332715644e+00,-2.939816964971681656e+00,-1.206766003834663792e+01,-9.796726531159452023e+00,-3.427381932175193491e+00,6.994563197384696451e+00,9.859667731752656650e+00,9.812037584811442059e+00,9.802837711537211618e+00
9.797408254260991711e+00,9.796952895088011815e+00,9.796121861474638592e+00,1.547889957815753448e-01,3.188746814618914627e-01,1.273136157932999168e+00,3.952271703981802720e+00,8.516102337808597156e+00,9.844335240249478147e+00,9.810022736788994280e+00,9.802516968709021228e+00
9.797447922590878377e+00,9.797025460932177410e+00,9.796254533393687680e+00,6.325414053752304255e+00,6.384258151357480315e+00,6.723289249649038624e+00,7.675207293133089692e+00,9.329875554106829227e+00,9.830022997118536665e+00,9.807851468809277051e+00,9.802057961457171231e+00
