1.385623756385958494e+01,1.385609800401061875e+01,1.385584377863052907e+01,1.385538478229128501e+01,1.385457992111067327e+01,-2.841080970813725770e+01,-4.550676355408481477e+00,1.366030669347097692e+01,1.390946066190888430e+01,1.386718161136595029e+01,1.386061515079524398e+01
1.385612756621346087e+01,1.385589690585834788e+01,1.385547653060420714e+01,1.385471637331973049e+01,-7.236467774690364507e+00,-2.948972211369825658e+01,-4.483006942645549664e+00,1.365453691817960546e+01,1.390896559095390828e+01,1.386708754640863717e+01,1.386057897172424092e+01
1.385612953992813701e+01,1.385590051418070168e+01,1.385548311792050669e+01,1.385472834173215162e+01,1.385339783362013577e+01,-2.817737312750839962e+01,-4.301323956241015267e+00,1.365619586353324166e+01,1.390853793651634973e+01,1.386700166326327377e+01,1.386054552359112080e+01
1.385613169028241742e+01,1.385590444502840057e+01,1.385549029511681951e+01,1.385474139249927283e+01,1.385342124277540776e+01,-2.656840850837432555e+01,-3.823362926395213357e+00,1.366566616316706195e+01,1.390821179690740550e+01,1.386715392256446577e+01,1.386060462206258137e+01
1.385612804937845866e+01,1.385589778774084735e+01,1.385547814115179577e+01,1.385471930379016214e+01,-3.279107617994615964e+01,-2.547738884074237475e+01,-2.671831344306618838e+00,1.368474240371755712e+01,1.390776771664968692e+01,1.386704793526371304e+01,1.386056203976224310e+01
1.385613178185517391e+01,1.385590461204618506e+01,1.385549060143327971e+01,1.385474197231434346e+01,1.385342246815294232e+01,-7.804929944102279027e-01,-9.359571124408150311e-02,1.372415069684328515e+01,1.390532780869461682e+01,1.386673668008894111e+01,1.386043838381132254e+01
1.385614160411363471e+01,1.385592256914246789e+01,1.385552339243727005e+01,1.385480163620233540e+01,1.385352978753167363e+01,3.081811379489722391e+00,3.683801021488617877e+00,1.376687723623755488e+01,1.390118660503059189e+01,1.386626068036639126e+01,1.386044571014465454e+01
1.385614322898596029e+01,1.385592554286344580e+01,1.385552883634964516e+01,1.385481161468983302e+01,1.385354814713586080e+01,7.000726854291404067e+00,8.049090410624742731e+00,1.381415477102234313e+01,1.389319089083425141e+01,1.386506574392248581e+01,1.386014077587018356e+01
1.385616526091622802e+01,1.385596582055825543e+01,1.385560238207384565e+01,1.385494539256274393e+01,1.385378848139156993e+01,1.060737269563230711e+01,1.148553034129765393e+01,1.385022485645703938e+01,1.388330131913981447e+01,1.386378439631738502e+01,1.385994832688564671e+01
1.385618210751092150e+01,1.385599662758114192e+01,1.385565866936490664e+01,1.385504793434399318e+01,1.385397346850294298e+01,1.220974441354422169e+01,1.298503031466794866e+01,1.386112520036428819e+01,1.387470744754796037e+01,1.386243992656675772e+01,1.385965608560494466e+01
1.385620551022352842e+01,1.385603942843990311e+01,1.385573688153707828e+01,1.385519042935852951e+01,1.385423042478809208e+01,1.343031404426222153e+01,1.357260077654509622e+01,1.386399251486725959e+01,1.386740648940848253e+01,1.386089725431327224e+01,1.385932180296329719e+01
