1.385623453272399530e+01,1.385609245534975109e+01,1.385583364931843064e+01,1.385536641415550108e+01,1.385454729047672018e+01,-2.913739929179781640e+01,-4.523442720213397550e+00,1.365783860583855969e+01,1.390928504083423256e+01,1.386714827597841904e+01,1.386060232493352373e+01
1.385612825364208867e+01,1.385589815228243182e+01,1.385547879569296903e+01,1.385472047766209869e+01,-3.937696931473967510e+01,-3.048506954466467533e+01,-4.453784437280865482e+00,1.365538637399944299e+01,1.390883762925245470e+01,1.386705999389250366e+01,1.386056809111628496e+01
1.385613034930396914e+01,1.385590198469578027e+01,1.385548579547862502e+01,1.385473321025546234e+01,1.385340659871512159e+01,-2.834960772910273619e+01,-4.181177861294083087e+00,1.365852586961477755e+01,1.390835561180316482e+01,1.386696242112513389e+01,1.386053001288333952e+01
1.385613285351754342e+01,1.385590656346007066e+01,1.385549415516807059e+01,1.385474840786955752e+01,1.385343385185785436e+01,-2.702316803477738105e+01,-3.692670463576094519e+00,1.366657337155926832e+01,1.390813237128858582e+01,1.386713672915954731e+01,1.386059784333228251e+01
1.385612853933682231e+01,1.385589867665943764e+01,1.385547975668599818e+01,1.385472223461538732e+01,-3.343513730356977476e+01,-2.571524271085606017e+01,-2.780974966193799247e+00,1.368378735144943370e+01,1.390784221782595331e+01,1.386706212065472599e+01,1.386056746630486813e+01
1.385613149550104239e+01,1.385590407883394448e+01,1.385548961837493032e+01,1.385474017704970962e+01,1.385341925144639141e+01,-1.136945142412300935e+00,-1.130866073635630187e-01,1.372377179359694210e+01,1.390543300747703270e+01,1.386675676008271729e+01,1.386044603504855033e+01
1.385614123166790534e+01,1.385592187888526894e+01,1.385552212336812161e+01,1.385479932388007285e+01,1.385352565868056729e+01,-7.760738587995387405e+00,3.525527448339622616e+00,1.375717687406703860e+01,1.390103391092979024e+01,1.386624246923832970e+01,1.386043959815855331e+01
1.385614255753576174e+01,1.385592430437150568e+01,1.385552655919598664e+01,1.385480742788868724e+01,1.385354040840315548e+01,7.117061010349797101e+00,8.302814984108653817e+00,1.381800735846696782e+01,1.389293151892626810e+01,1.386521667141613356e+01,1.386020542076069617e+01
1.385616141263437129e+01,1.385595877761057793e+01,1.385558952008816114e+01,1.385492202505820103e+01,1.385374668745788185e+01,1.082555487340369105e+01,1.159231570762462482e+01,1.385175384029435719e+01,1.388278948290241921e+01,1.386363834820756935e+01,1.385987762827158143e+01
1.385618703649248573e+01,1.385600562779062805e+01,1.385567509150357779e+01,1.385507778718780614e+01,1.385402704685054864e+01,1.227914803749895079e+01,1.302923936651915149e+01,1.386300299682884152e+01,1.387413501347539757e+01,1.386222963066605374e+01,1.385954025682883817e+01
1.385621467973518506e+01,1.385605618023141616e+01,1.385576745708583957e+01,1.385524603793448151e+01,1.385433039070779593e+01,1.344472375926116570e+01,1.358774259896738457e+01,1.386394920936884745e+01,1.386719403678888440e+01,1.386100313854723609e+01,1.385938938724302716e+01
