1.385622978770589242e+01,1.385608374793847375e+01,1.385581769368686800e+01,1.385533719857373214e+01,1.385449380873833647e+01,-1.695449092822200399e+01,-4.756133235571313733e-01,1.364730712328289819e+01,1.390931474919352695e+01,1.386716654946772209e+01,1.386061045373496725e+01
1.385612689694736943e+01,1.385589564522568651e+01,1.385547418577781897e+01,1.385471203913306404e+01,-6.381794541529243858e+00,-1.787855028221044762e+01,-4.357826832782683013e-01,1.364617729105813737e+01,1.390919051596607758e+01,1.386714296535155810e+01,1.386060139314103878e+01
1.385612738788434228e+01,1.385589654337102061e+01,1.385547582674339040e+01,1.385471502446194592e+01,-6.879681523256381048e+00,-1.768672887409464778e+01,-3.319733045965076457e-01,1.364823531646782229e+01,1.390896112657360817e+01,1.386709578966939560e+01,1.386058291746220128e+01
1.385612865122280191e+01,1.385589885260249687e+01,1.385548004231060837e+01,1.385472268823968633e+01,-6.663413273703744366e+00,-1.706117411388286342e+01,-6.052938600944246517e-02,1.365543073958315468e+01,1.390846003420216270e+01,1.386699021666172982e+01,1.386054135685661137e+01
1.385613165587530382e+01,1.385590434461449583e+01,1.385549006811226747e+01,1.385474091727389379e+01,1.385342025719636183e+01,-2.796182065201338052e+00,8.312253578838406654e-01,1.367995771200914490e+01,1.390766904197042564e+01,1.386703396999779514e+01,1.386055710741811176e+01
1.385613165181526973e+01,1.385590433907091779e+01,1.385549006471161526e+01,1.385474094822959046e+01,1.385342053020243824e+01,-5.602654289483299799e-01,1.696043932750947114e+00,1.371007728560652872e+01,1.390566488252839861e+01,1.386681778297815271e+01,1.386047083755349973e+01
1.385613879094732681e+01,1.385591739027392855e+01,1.385551389677852541e+01,1.385478431417022094e+01,1.385349856676407754e+01,2.382376465290110268e+00,4.621221881341157633e+00,1.376037930494002559e+01,1.390125700029806310e+01,1.386628286805189525e+01,1.386045537190448229e+01
1.385614210304457572e+01,1.385592344825341193e+01,1.385552497292325569e+01,1.385480454052356869e+01,1.385353535059648067e+01,6.671752583770614642e+00,8.341602088090965594e+00,1.380891279653169335e+01,1.389318363402764689e+01,1.386507338047420745e+01,1.386014491692299799e+01
1.385616427792476202e+01,1.385596398694208986e+01,1.385559899380545801e+01,1.385493917457969637e+01,1.385377717487230953e+01,1.055377088250035911e+01,1.149923089512400587e+01,1.384479546336357814e+01,1.388345218827318561e+01,1.386384262151463886e+01,1.385997801302523591e+01
1.385617881251475580e+01,1.385599056611904700e+01,1.385564755848446339e+01,1.385502765489632182e+01,1.385393681549723510e+01,1.258723823138058151e+01,1.299897710932559391e+01,1.385870044405707802e+01,1.387449570415023103e+01,1.386237735708980523e+01,1.385962320662214964e+01
1.385620684689365945e+01,1.385604183158239522e+01,1.385574122009716902e+01,1.385519823269085649e+01,1.385424416681441429e+01,1.341060576452392361e+01,1.356966240477525076e+01,1.386197677842826259e+01,1.386752862769538197e+01,1.386098311855332454e+01,1.385938284085634109e+01
