9.797483237166476400e+00,9.797089704397899723e+00,9.796371406472786703e+00,9.795066209734672569e+00,-1.153896382962249234e+01,-2.683474679293665943e+01,-1.520909083326501055e+01,3.864578033375522637e+00,9.869704710994612995e+00,9.814094130812918593e+00,9.803197489735989478e+00
9.797305494773743462e+00,9.796764658561189165e+00,9.795777422482146335e+00,-2.837666341784905555e+01,-3.332566872640215649e+01,-2.840447227379628359e+01,-1.490678721143575558e+01,3.877178097885650487e+00,9.869271937358554680e+00,9.814022653924052264e+00,9.803175340995998965e+00
9.797307508882713734e+00,9.796768350675984394e+00,9.795784180253589213e+00,-2.923777028209111251e+01,-3.322019938526880622e+01,-2.832553040215798390e+01,-1.489916144822821842e+01,3.900352479344195267e+00,9.869734754628256113e+00,9.814220088262711528e+00,9.803243140496848085e+00
9.797296360944159233e+00,9.796747961507588087e+00,9.795746911108965449e+00,-2.891055389693132938e+01,-3.294799863462733214e+01,-2.812067377535064594e+01,-1.485368669779522932e+01,3.959543981440661220e+00,9.869956134354469057e+00,9.814306366340755261e+00,9.803272589231703193e+00
9.797291652464222622e+00,9.796739361578984173e+00,9.795731198734211276e+00,-2.749504686049595037e+01,-3.223588077842381239e+01,-2.755112603434780283e+01,-1.462980253369233630e+01,4.088479144461003578e+00,9.870140804303892068e+00,9.814279447897146014e+00,9.803261087301507359e+00
9.797295075455162205e+00,9.796745625287135439e+00,9.795742647075153187e+00,-3.184631658557209377e+01,-3.038004967466870099e+01,-2.598166990631951734e+01,-1.390647049885107478e+01,4.380881817454342020e+00,9.869581522970086951e+00,9.813997926249539816e+00,9.803163477240318002e+00
9.797311736860974563e+00,9.796776093460096035e+00,9.795798327770475211e+00,-9.510620882111773255e+00,-2.580737408978422209e+01,-2.207971334521831608e+01,-1.157642715150373292e+01,4.944240004039106573e+00,9.867649236556825798e+00,9.813798454167638852e+00,9.803089587458423182e+00
9.797327543710808939e+00,9.796805004404655293e+00,9.795851176396485727e+00,-5.008507960607521348e+00,-1.696359858862842174e+01,-1.435865490875395700e+01,-6.612035478826163271e+00,5.946189553382668080e+00,9.862745648318835379e+00,9.813115212237473628e+00,9.803058086461771126e+00
9.797338976822235423e+00,9.796825924847960110e+00,9.795889444492395626e+00,2.299899672135250484e-01,-5.704921807265224132e+00,-4.276090191159724441e+00,3.219387595732481344e-02,7.375666854928367044e+00,9.853087972647244897e+00,9.811713746012820536e+00,9.802773178867113302e+00
9.797380274307590398e+00,9.796901453858358977e+00,9.796027504986959400e+00,5.241961394134110996e+00,3.008122131990421888e+00,3.622854976266522975e+00,5.464774034273521153e+00,8.676474955023019575e+00,9.839493234851094172e+00,9.809728094064237069e+00,9.802447003694551242e+00
9.797425097729583143e+00,9.796983451837823154e+00,9.796177452360293358e+00,8.085453503883490711e+00,7.338151350285987640e+00,7.558727039128211977e+00,8.217011623388952302e+00,9.384375082186352302e+00,9.826649740847757997e+00,9.807623394637705161e+00,9.802000780322050133e+00
