5.542533915056878868e+01,5.542510180377473716e+01,5.542466888860960239e+01,5.542388403588741852e+01,1.718643882481472218e+01,1.121119584166822492e+01,2.653351098558542276e+01,5.347965968655178415e+01,5.550815326278765127e+01,5.543954846514456847e+01,5.543041148684235964e+01
5.542526854070291620e+01,5.542497276256165151e+01,5.542443349262642016e+01,5.542345711550058240e+01,7.329879604277104832e+00,1.141441709151640005e+01,2.642610160398062291e+01,5.342140663494313202e+01,5.550807299852595378e+01,5.543956562971990820e+01,5.543041949491239251e+01
5.542526631571057294e+01,5.542496869347884569e+01,5.542442605356903584e+01,5.542344353036149585e+01,8.099467168596719446e+00,1.159276849318802327e+01,2.658655187104673701e+01,5.343708846146476787e+01,5.550788472244353500e+01,5.543953072459099474e+01,5.543040728147403939e+01
5.542526739410045877e+01,5.542497066501852032e+01,5.542442965434786828e+01,5.542345008562509179e+01,8.989516869480169703e+00,1.241002062671371675e+01,2.706118427919857794e+01,5.344310771159717177e+01,5.550688348643458880e+01,5.543960853146728596e+01,5.543043537041283741e+01
5.542526425915977484e+01,5.542496493321074524e+01,5.542441918314703742e+01,5.542343100588837501e+01,1.197566114666480708e+01,1.470264920298452083e+01,2.846771997782136054e+01,5.188444828416126597e+01,5.550649327030046720e+01,5.544024226239685760e+01,5.543053157756806826e+01
5.542518802443656512e+01,5.542482550721941692e+01,5.542416423132131342e+01,5.542296504971471904e+01,2.679121267363584735e+01,2.004377893934578481e+01,3.222645532909648125e+01,5.230010671439417536e+01,5.550411121092365363e+01,5.543998284640588281e+01,5.543044111085423253e+01
5.542519866612825297e+01,5.542484496455986687e+01,5.542419977947507448e+01,5.542302983543983430e+01,3.389874776880106566e+01,3.041489019498044399e+01,3.878828481802505479e+01,5.309385777643914395e+01,5.549668716620026032e+01,5.543925669048923055e+01,5.543039662026033909e+01
5.542520377076485971e+01,5.542485429991805290e+01,5.542421684142630767e+01,5.542306095091430507e+01,4.375978795021117662e+01,4.387765678814152182e+01,4.649232999604823391e+01,5.413721814853069958e+01,5.548319927357580639e+01,5.543787509970647420e+01,5.543010621176601660e+01
5.542523100531630575e+01,5.542490409711375321e+01,5.542430781379637494e+01,5.542322666540700027e+01,5.067351686083092943e+01,5.056512923947141047e+01,5.176044399012319275e+01,5.489652196347493884e+01,5.546710776561447176e+01,5.543574660693521139e+01,5.542969024961711000e+01
5.542526953148142610e+01,5.542497454609667784e+01,5.542443653209980425e+01,5.542346119312711039e+01,5.372663395285293575e+01,5.369155030460748890e+01,5.414343029143902442e+01,5.524834138199030065e+01,5.545396872227468066e+01,5.543393173132585616e+01,5.542931120468754358e+01
5.542530678415306511e+01,5.542504268914448318e+01,5.542456111751063474e+01,5.542368848367205203e+01,5.485071558677047676e+01,5.481012900898920037e+01,5.501121850903194854e+01,5.536796197754691207e+01,5.544330317920266538e+01,5.543197555106088004e+01,5.542895111353470128e+01
