9.797504710869306521e+00,9.797129265924011676e+00,9.796444066737524992e+00,9.795199475024817914e+00,-4.547963458734281517e+01,-4.260758420568370752e+01,-2.584737317316922400e+01,2.551591858476856878e+00,9.876185378547614135e+00,9.814167531317979254e+00,9.803175994815646277e+00
9.797341087397040127e+00,9.796829929239811108e+00,9.795896964266704643e+00,-5.695582346688735953e+01,-5.422191219388505345e+01,-4.611804888881166420e+01,-2.580038875819666089e+01,2.566412520711093048e+00,9.876166794514473324e+00,9.814147257930219581e+00,9.803168765968399256e+00
9.797342466261977023e+00,9.796832467917651499e+00,9.795901627479317142e+00,-5.661930107194046258e+01,-5.390848361204369610e+01,-4.589686836124684532e+01,-2.570397708917937862e+01,2.601902337028829226e+00,9.877475631643042320e+00,9.814443124603974056e+00,9.803265003172526804e+00
9.797330321956465582e+00,9.796810275131480950e+00,9.795861085403130275e+00,-5.576468101317642834e+01,-5.312916697933303567e+01,-4.533644921276716389e+01,-2.547166555972077262e+01,2.682932569497164188e+00,9.878199000020639886e+00,9.814346631352860229e+00,9.803233402713688704e+00
9.797334501772784421e+00,9.796817960334916364e+00,9.795875162366147748e+00,-5.384060640608196024e+01,-5.135945137137648686e+01,-4.396560010877975344e+01,-2.488709215881487680e+01,2.866410785472409462e+00,9.878799239267848975e+00,9.814330202345701082e+00,9.803222155852377995e+00
9.797340192719628860e+00,9.796828397390189735e+00,9.795894268024328611e+00,-1.832565808803927609e+01,-4.778079348619282030e+01,-4.115255180609013763e+01,-2.337671679192630592e+01,3.236612700369276840e+00,9.878870010110192723e+00,9.814374824822612808e+00,9.803227735871084647e+00
9.797345933164697485e+00,9.796838913123698589e+00,9.795913512612637319e+00,-1.507656009664612640e+01,-4.071468092513750747e+01,-3.527333866929701855e+01,-1.978571187167730727e+01,3.957041179457791102e+00,9.876784826466668221e+00,9.813991166991540283e+00,9.803096293495229929e+00
9.797367302602721040e+00,9.796877988096627021e+00,9.795984923236074948e+00,-9.962525806105565707e+00,-2.805570226630582908e+01,-2.422309534755542160e+01,-1.277560255474734419e+01,5.237542361704399241e+00,9.871076534676040737e+00,9.813309365013104468e+00,9.803069799615311553e+00
9.797376693787056112e+00,9.796895171151675186e+00,9.796016351333094008e+00,-2.939816964984556691e+00,-1.206766003835091539e+01,-9.796726531188937770e+00,-3.427381932161140732e+00,6.994563197373137697e+00,9.859667731710059613e+00,9.812037584675751489e+00,9.802837711107333263e+00
9.797408254261407379e+00,9.796952895088416824e+00,9.796121861475015180e+00,1.547889955534333950e-01,3.188746814503042870e-01,1.273136157899295462e+00,3.952271704034538313e+00,8.516102337807989642e+00,9.844335240207303883e+00,9.810022736653468911e+00,9.802516968279494591e+00
9.797447922591290492e+00,9.797025460932582419e+00,9.796254533394062491e+00,6.325414053507290468e+00,6.384258151270351789e+00,6.723289249661608125e+00,7.675207293116082852e+00,9.329875554086644485e+00,9.830022997075545277e+00,9.807851468673700168e+00,9.802057961027861310e+00
