5.542533915057245508e+01,5.542510180377794882e+01,5.542466888861139296e+01,5.542388403588472556e+01,1.718643882556181524e+01,1.121119584150598314e+01,2.653351098537857666e+01,5.347965968588540875e+01,5.550815326072788025e+01,5.543954845862956660e+01,5.543041146625323279e+01
5.542526854070648312e+01,5.542497276256477790e+01,5.542443349262815389e+01,5.542345711549785392e+01,7.329879604243835445e+00,1.141441709144764971e+01,2.642610160377875417e+01,5.342140663429339043e+01,5.550807299647389925e+01,5.543956562322717474e+01,5.543041947439314754e+01
5.542526631571418250e+01,5.542496869348201471e+01,5.542442605357079799e+01,5.542344353035882420e+01,8.099467168467757716e+00,1.159276849315592450e+01,2.658655187083314075e+01,5.343708846081158725e+01,5.550788472039853616e+01,5.543953071812022415e+01,5.543040726102410076e+01
5.542526739410404701e+01,5.542497066502166092e+01,5.542442965434961621e+01,5.542345008562242015e+01,8.989516869396226184e+00,1.241002062667382688e+01,2.706118427898752898e+01,5.344310771094874468e+01,5.550688348439648223e+01,5.543960852501815850e+01,5.543043535003123168e+01
5.542526425916337018e+01,5.542496493321390005e+01,5.542441918314879956e+01,5.542343100588573179e+01,1.197566114659925773e+01,1.470264920293882227e+01,2.846771997761191386e+01,5.188444828352020011e+01,5.550649326826962948e+01,5.544024225597130595e+01,5.543053155726167347e+01
5.542518802444011783e+01,5.542482550722253620e+01,5.542416423132304715e+01,5.542296504971204740e+01,2.679121267374666004e+01,2.004377893915511777e+01,3.222645532890432207e+01,5.230010671375200104e+01,5.550411120890007766e+01,5.543998284000342380e+01,5.543044109062073233e+01
5.542519866613180568e+01,5.542484496456297904e+01,5.542419977947680820e+01,5.542302983543719108e+01,3.389874776889026009e+01,3.041489019473439015e+01,3.878828481781171433e+01,5.309385777580332899e+01,5.549668716418356951e+01,5.543925668410807361e+01,5.543039660009344516e+01
5.542520377076840532e+01,5.542485429992117218e+01,5.542421684142803429e+01,5.542306095091168316e+01,4.375978795023026180e+01,4.387765678814587034e+01,4.649232999581603565e+01,5.413721814789300169e+01,5.548319927156497755e+01,5.543787509334386243e+01,5.543010619165706743e+01
5.542523100531984426e+01,5.542490409711686539e+01,5.542430781379810867e+01,5.542322666540438547e+01,5.067351686084326445e+01,5.056512923946351634e+01,5.176044398990934781e+01,5.489652196283890362e+01,5.546710776360850303e+01,5.543574660058776260e+01,5.542969022955476532e+01
5.542526953148495750e+01,5.542497454609979002e+01,5.542443653210153798e+01,5.542346119312450980e+01,5.372663395285283627e+01,5.369155030457500288e+01,5.414343029123607209e+01,5.524834138135586414e+01,5.545396872027261281e+01,5.543393172499047949e+01,5.542931118466208318e+01
5.542530678415661782e+01,5.542504268914760246e+01,5.542456111751238268e+01,5.542368848366946565e+01,5.485071558676499137e+01,5.481012900892618234e+01,5.501121850883613718e+01,5.536796197691688803e+01,5.544330317720431367e+01,5.543197554473542255e+01,5.542895109353827365e+01
