9.797501880168585586e+00,9.797123847517129391e+00,9.796433913775178581e+00,9.795180655652981017e+00,-5.199094372159873245e+01,-4.947499393193188411e+01,-2.653602379831400526e+01,2.554730752388689741e+00,9.874894003735775527e+00,9.814220249539953755e+00,9.803196775888590508e+00
9.797335690529266117e+00,9.796819928365264829e+00,9.795878546961075628e+00,-5.946029245491705240e+01,-5.862626430082637796e+01,-4.948569176193954178e+01,-2.648673818259750945e+01,2.570858395651920869e+00,9.875527294635757514e+00,9.814317116333089785e+00,9.803226388586134377e+00
9.797333312241180536e+00,9.796815579636961147e+00,9.795870603530543619e+00,-5.919981234501724998e+01,-5.828975438504911466e+01,-4.923780082895385135e+01,-2.635793361651840883e+01,2.606770009215043871e+00,9.877460600942518099e+00,9.814467393968643094e+00,9.803273927968838564e+00
9.797328276140321535e+00,9.796806384507155130e+00,9.795853810125908723e+00,-5.822466797116599224e+01,-5.738665983713222118e+01,-4.855048544309395453e+01,-2.598517765434766602e+01,2.689931401223164986e+00,9.877896968471114647e+00,9.814530596234225968e+00,9.803293094517835371e+00
9.797326869747520206e+00,9.796803827203214965e+00,9.795849149760989860e+00,-5.624804943810956104e+01,-5.501009021267599763e+01,-4.664222329257131605e+01,-2.515226228534049113e+01,2.881772260125952556e+00,9.878526944139084165e+00,9.814517943638099595e+00,9.803282887134097123e+00
9.797332532686107598e+00,9.796814181871432936e+00,9.795868077607655877e+00,-1.809362095032692963e+01,-4.920864514525526090e+01,-4.216135231342872203e+01,-2.270491373998663676e+01,3.276533032485925201e+00,9.877963940964818335e+00,9.814221665559577090e+00,9.803179867200523034e+00
9.797350315585255487e+00,9.796846701609995378e+00,9.795927511179105096e+00,-1.435969995997364990e+01,-3.920939801278640857e+01,-3.349504906273634930e+01,-1.797934726763694968e+01,4.071284677895116388e+00,9.875947635642583933e+00,9.813993676331923766e+00,9.803094437160662977e+00
9.797369209258061318e+00,9.796881255840531821e+00,9.795990676139847864e+00,-8.918552118672732121e+00,-2.350908451266777277e+01,-2.009880423305904884e+01,-1.014625782952527722e+01,5.469583150458476872e+00,9.869441636526589789e+00,9.813143812209117911e+00,9.803012308206284331e+00
9.797384721818302111e+00,9.796909616443267410e+00,9.796042511986483348e+00,-1.419440537819832926e+00,-7.836097216881942273e+00,-6.042963357264103053e+00,-1.010146001182487652e+00,7.300543857683541304e+00,9.856537078254696382e+00,9.811619129906398840e+00,9.802696389855427128e+00
9.797421257045849430e+00,9.796976432575871030e+00,9.796164621630627067e+00,4.867574925234967154e+00,2.595884879438342896e+00,3.310844255892219756e+00,5.306127487709560775e+00,8.728623288602836539e+00,9.840598898422442176e+00,9.809579461741186890e+00,9.802354935128397173e+00
9.797461847488312614e+00,9.797050690828150721e+00,9.796300402228615312e+00,7.233007841101555258e+00,7.279709154586142539e+00,7.525717006056122926e+00,8.211570306939671937e+00,9.419903128472537190e+00,9.826716513920926488e+00,9.807332260391307344e+00,9.802045825379346766e+00
