1.385623424602025011e+01,1.385609207143398791e+01,1.385583308918257828e+01,1.385536552843437264e+01,1.385454577838045154e+01,-2.912114357534341025e+01,-4.329705357869615412e+00,1.366043748207062869e+01,1.390927912746348838e+01,1.386714475710052419e+01,1.386060080832940500e+01
1.385612862554801339e+01,1.385589896227764406e+01,1.385548041134578767e+01,1.385472355614099982e+01,-3.962405242049672438e+01,-3.078224112585190397e+01,-4.210135893943671270e+00,1.365644989668547638e+01,1.390879044719097735e+01,1.386704940947232068e+01,1.386056392202673493e+01
1.385613081148392212e+01,1.385590295888728107e+01,1.385548770958703280e+01,1.385473682674052753e+01,1.385341319550110839e+01,-2.838051440941332615e+01,-4.084860309692424529e+00,1.366022453304875306e+01,1.390847610555023195e+01,1.386698505547689919e+01,1.386053874460387902e+01
1.385613251392827650e+01,1.385590607132298047e+01,1.385549339198075280e+01,1.385474715755207242e+01,1.385343172685985991e+01,-2.752895866134478808e+01,-3.599704409866596677e+00,1.366791444319397186e+01,1.390807899428637739e+01,1.386712453024725278e+01,1.386059302409849536e+01
1.385612904886520624e+01,1.385589973197075508e+01,1.385548181380015720e+01,1.385472610442645092e+01,-3.502260887444428050e+01,-2.717803011250091672e+01,-2.935853164386693415e+00,1.368689486742211336e+01,1.390781156061017221e+01,1.386705279531690671e+01,1.386056361644423163e+01
1.385613205945189108e+01,1.385590523275705621e+01,1.385549185512630643e+01,1.385474437675720338e+01,1.385342690550178091e+01,-1.079102612697369956e+00,-1.267408735249961893e+00,1.371952690764000060e+01,1.390586430641727134e+01,1.386684846586550890e+01,1.386048191285223119e+01
1.385613895190549627e+01,1.385591783574612812e+01,1.385551487167910523e+01,1.385478626579874373e+01,1.385350231423967671e+01,2.255422488223040478e+00,2.358252091016376895e+00,1.377380867120347574e+01,1.390168505216765737e+01,1.386635373292857309e+01,1.386048241465590536e+01
1.385614209161672505e+01,1.385592357974031330e+01,1.385552537951010166e+01,1.385480548866960504e+01,1.385353747741700303e+01,-1.407736977685475566e+00,6.845914672878706142e+00,1.381495456432919688e+01,1.389422115003387859e+01,1.386529574196400105e+01,1.386023881667587077e+01
1.385615996123122784e+01,1.385595625703272304e+01,1.385558505578562460e+01,1.385491405298799350e+01,1.385373257120350843e+01,7.366054360742470664e+00,1.072092164240173773e+01,1.385092555302638218e+01,1.388463086159415560e+01,1.386391810449514495e+01,1.386001128980828412e+01
1.385617922075905462e+01,1.385599147345639537e+01,1.385564938827686454e+01,1.385503120611837247e+01,1.385394372040712874e+01,1.157843489381037116e+01,1.271029148064808822e+01,1.386690470021693145e+01,1.387579001248504085e+01,1.386252475316946331e+01,1.385969539901052094e+01
1.385620823218124364e+01,1.385604453140281578e+01,1.385574633596285210e+01,1.385520784740879918e+01,1.385426255764990344e+01,1.310974789412966146e+01,1.347538928781377976e+01,1.386641311307754165e+01,1.386900882860840056e+01,1.386132778934046073e+01,1.385939582125626757e+01
