1.385623572237509116e+01,1.385609462765545530e+01,1.385583759936397286e+01,1.385537350401859591e+01,1.385455947972452861e+01,-2.395905905308752892e+01,-3.871698580036881054e+00,1.365080528965660100e+01,1.390939972654104828e+01,1.386717902650671519e+01,1.386061510690054988e+01
1.385612693997889444e+01,1.385589575326062395e+01,1.385547441546484748e+01,1.385471250222375517e+01,-7.201360740858499199e+00,-2.461541147729223766e+01,-3.743928034887035849e+00,1.364812879085042496e+01,1.390893053662322743e+01,1.386708623565822052e+01,1.386057907714950943e+01
1.385612916408497242e+01,1.385589981927267367e+01,1.385548183875270212e+01,1.385472599572325691e+01,-3.152182353397886061e+01,-2.473837634188536683e+01,-3.640897312346323744e+00,1.365311082215204408e+01,1.390886869033744766e+01,1.386707059474627179e+01,1.386057270821686771e+01
1.385612978481833935e+01,1.385590095465944316e+01,1.385548391337498408e+01,1.385472977590799992e+01,1.385340037884183317e+01,-2.222979533146513731e+01,-3.301578797110100716e+00,1.366014677847507741e+01,1.390834588004724992e+01,1.386696216499626111e+01,1.386053015345736128e+01
1.385613275290259594e+01,1.385590637907546707e+01,1.385549381459767559e+01,1.385474777393087820e+01,1.385343266463700473e+01,-2.022778437475222191e+01,-2.447749438201741512e+00,1.367711244269766269e+01,1.390767256301797516e+01,1.386703539799946050e+01,1.386055785856356337e+01
1.385613159839666508e+01,1.385590426915760176e+01,1.385548996482575035e+01,1.385474079206532849e+01,1.385342026162349072e+01,-1.059473242575242224e+00,-2.064569694069438022e-01,1.372074224618900651e+01,1.390542430045912425e+01,1.386675783297677889e+01,1.386044681373614118e+01
1.385614100561263839e+01,1.385592146775875655e+01,1.385552137348471646e+01,1.385479795781298407e+01,1.385352318947445305e+01,-7.995261717506991772e+00,2.756906143448142998e+00,1.375754632541693923e+01,1.390149409877864883e+01,1.386633422776790425e+01,1.386047647508928016e+01
1.385614082491873589e+01,1.385592113993652674e+01,1.385552078749024574e+01,1.385479696163742602e+01,1.385352179662896788e+01,1.834898619193762404e+00,7.425024464841808225e+00,1.380759737166438761e+01,1.389385625572911565e+01,1.386522764788120732e+01,1.386021117911733924e+01
1.385616033494139643e+01,1.385595680774271976e+01,1.385558591828113784e+01,1.385491544639289785e+01,1.385373473011121348e+01,1.030411578521457550e+01,1.113644302678919651e+01,1.385160410787555385e+01,1.388404942588220692e+01,1.386376259996990790e+01,1.385993665194741808e+01
1.385618387422565689e+01,1.385599984859985767e+01,1.385566454170106887e+01,1.385505862000362320e+01,1.385399278607448537e+01,1.201316329066621513e+01,1.284406441464074788e+01,1.386176763008247725e+01,1.387542619970483315e+01,1.386245339295110668e+01,1.385966232617102811e+01
1.385620599048453450e+01,1.385604029389346081e+01,1.385573844358608930e+01,1.385519324624341309e+01,1.385423551128979369e+01,1.335067382251927626e+01,1.352439528609344954e+01,1.386393418520050247e+01,1.386817057174607370e+01,1.386122033109813501e+01,1.385933314176123332e+01
