9.797500687361285543e+00,9.797121666927296246e+00,9.796429898437819972e+00,9.795173146906257955e+00,-3.844455830804449192e+01,-3.673035619529328955e+01,-2.205284549590524179e+01,2.546250675937456354e+00,9.876169937819000211e+00,9.814220595759987731e+00,9.803195400308082341e+00
9.797336939047411875e+00,9.796822228541760325e+00,9.795882758683495339e+00,-3.821988112062998511e+01,-4.397861376119085719e+01,-3.788206647188359000e+01,-2.120114418770514320e+01,2.558877827428188478e+00,9.875200449420766802e+00,9.814130540249315970e+00,9.803171172543663658e+00
9.797336351625201445e+00,9.796821150692812452e+00,9.795880780863853943e+00,-3.933038795097296969e+01,-4.382551694513312412e+01,-3.776644472601179814e+01,-2.118712248966111034e+01,2.593396762612164785e+00,9.876720092427476061e+00,9.814411137004164232e+00,9.803259967222633264e+00
9.797326904063730524e+00,9.796803867271588473e+00,9.795849192873987477e+00,-3.896465944127047010e+01,-4.342945866282747858e+01,-3.747011808432122848e+01,-2.115587910335942112e+01,2.674400299932899294e+00,9.877298860067172726e+00,9.814523595191703365e+00,9.803295822618423472e+00
9.797322912036275255e+00,9.796796586129273621e+00,9.795835903402123179e+00,-3.793295747621930047e+01,-4.237221599034516828e+01,-3.662174592141079899e+01,-2.086522648348264042e+01,2.884267952553527081e+00,9.877419131603970115e+00,9.814503314944269974e+00,9.803287358648866245e+00
9.797325323470296610e+00,9.796801000186290409e+00,9.795843973245359493e+00,-3.643569178303399525e+01,-3.961426103458895653e+01,-3.432525362615345443e+01,-1.952957786548862629e+01,3.329403904551060833e+00,9.877442458941732895e+00,9.814308172960499732e+00,9.803216026847602294e+00
9.797339979563879808e+00,9.796827805198494943e+00,9.795892967947397167e+00,-1.413472135644634875e+01,-3.178350378747630600e+01,-2.904471326024413713e+01,-1.661157685331023970e+01,4.150946651506128404e+00,9.875622317558416796e+00,9.814077458709183688e+00,9.803127953939887007e+00
9.797360467704258724e+00,9.796865272420381743e+00,9.795961455715145760e+00,-9.009751621884968031e+00,-2.197541151999872255e+01,-1.890181948279034430e+01,-9.752523927303156981e+00,5.494685000310155942e+00,9.868697959409983511e+00,9.813264217691569868e+00,9.803065377207351716e+00
9.797369176015005010e+00,9.796881205041394480e+00,9.795990586640266784e+00,-1.489545252385525487e+00,-7.956315318142834769e+00,-6.311712900037420582e+00,-1.364397270475484980e+00,7.220696318689149962e+00,9.856666460027236454e+00,9.811927365016734015e+00,9.802816847905821973e+00
9.797397646751281997e+00,9.796933276391083467e+00,9.796085758146180211e+00,4.594882495120277355e+00,2.184574552827257321e+00,2.912779888190878630e+00,4.972915298723507682e+00,8.640979579061195182e+00,9.841379917587005366e+00,9.809796224826765609e+00,9.802449210515323585e+00
9.797442180265321099e+00,9.797014737043625132e+00,9.796234691885121748e+00,7.136041538654124494e+00,7.089851840244924652e+00,7.333693946401527164e+00,8.062530190282402032e+00,9.376294138968152225e+00,9.827627185361786033e+00,9.807609965672300589e+00,9.801975415732332664e+00
