9.797504710869855415e+00,9.797129265924549912e+00,9.796444066738022372e+00,9.795199475025192726e+00,-4.547963458262313452e+01,-4.260758419778159833e+01,-2.584737317315849836e+01,2.551591858471242702e+00,9.876185378491738831e+00,9.814167531137620415e+00,9.803175994243886748e+00
9.797341087397590798e+00,9.796829929240345791e+00,9.795896964267194917e+00,-5.695582346099875792e+01,-5.422191220554874036e+01,-4.611804888144592951e+01,-2.580038875534387444e+01,2.566412520655560581e+00,9.876166794437335028e+00,9.814147257746681063e+00,9.803168765396167217e+00
9.797342466262618288e+00,9.796832467918356713e+00,9.795901627480125384e+00,-5.661930106873547430e+01,-5.390848360371598602e+01,-4.589686836102397649e+01,-2.570397708870201825e+01,2.601902336834924778e+00,9.877475631566293046e+00,9.814443124420721531e+00,9.803265002600893396e+00
9.797330321957099741e+00,9.796810275132175505e+00,9.795861085403915425e+00,-5.576468101323658288e+01,-5.312916697744084615e+01,-4.533644921223557844e+01,-2.547166555951480049e+01,2.682932568957315134e+00,9.878198999926013357e+00,9.814346631167222057e+00,9.803233402141838582e+00
9.797334501773475424e+00,9.796817960335712172e+00,9.795875162367115863e+00,-5.384060640580910473e+01,-5.135945137111216496e+01,-4.396560010849568556e+01,-2.488709215881599945e+01,2.866410785449676535e+00,9.878799239211003780e+00,9.814330202165875150e+00,9.803222155282808714e+00
9.797340192720181307e+00,9.796828397390729748e+00,9.795894268024829543e+00,-1.832565808802086238e+01,-4.778079348619110078e+01,-4.115255180609241847e+01,-2.337671679193209329e+01,3.236612700351742422e+00,9.878870010053768524e+00,9.814374824643007145e+00,9.803227735302078472e+00
9.797345933165248155e+00,9.796838913124235049e+00,9.795913512613136476e+00,-1.507656009667573827e+01,-4.071468092507767267e+01,-3.527333866930251816e+01,-1.978571187167990786e+01,3.957041179440634160e+00,9.876784826410295537e+00,9.813991166812103373e+00,9.803096292926751332e+00
9.797367302603269934e+00,9.796877988097165257e+00,9.795984923236570552e+00,-9.962525806123217365e+00,-2.805570226626658226e+01,-2.422309534755062899e+01,-1.277560255476444695e+01,5.237542361686946535e+00,9.871076534619726672e+00,9.813309364833823878e+00,9.803069799047326782e+00
9.797376693787606783e+00,9.796895171152211645e+00,9.796016351333591388e+00,-2.939816965001551097e+00,-1.206766003835643986e+01,-9.796726531227820445e+00,-3.427381932142386844e+00,6.994563197357892115e+00,9.859667731653830813e+00,9.812037584496613007e+00,9.802837710539781924e+00
9.797408254261956273e+00,9.796952895088953284e+00,9.796121861475510784e+00,1.547889952520513646e-01,3.188746814349494585e-01,1.273136157854714234e+00,3.952271704104249661e+00,8.516102337807218703e+00,9.844335240151620425e+00,9.810022736474522276e+00,9.802516967712323392e+00
9.797447922591837610e+00,9.797025460933115326e+00,9.796254533394556319e+00,6.325414053183330054e+00,6.384258151155178140e+00,6.723289249678053636e+00,7.675207293093726513e+00,9.329875554060045317e+00,9.830022997018780018e+00,9.807851468494666491e+00,9.802057960460908603e+00
