1.385623453272671490e+01,1.385609245535230016e+01,1.385583364932044148e+01,1.385536641415580839e+01,1.385454729047164690e+01,-2.913739929297536335e+01,-4.523442720227317082e+00,1.365783860559111673e+01,1.390928504005323418e+01,1.386714827350362711e+01,1.386060231710581192e+01
1.385612825364481537e+01,1.385589815228498800e+01,1.385547879569498875e+01,1.385472047766242198e+01,-3.937696931407769085e+01,-3.048506954485305442e+01,-4.453784437317639622e+00,1.365538637375612119e+01,1.390883762847297511e+01,1.386705999142222723e+01,1.386056808330280354e+01
1.385613034930669230e+01,1.385590198469833467e+01,1.385548579548064296e+01,1.385473321025578741e+01,1.385340659871009983e+01,-2.834960772830918785e+01,-4.181177861315468647e+00,1.365852586937487700e+01,1.390835561102514362e+01,1.386696241865932322e+01,1.386053000508397126e+01
1.385613285352025592e+01,1.385590656346261262e+01,1.385549415517007787e+01,1.385474840786987372e+01,1.385343385185283260e+01,-2.702316803282585056e+01,-3.692670463632130584e+00,1.366657337132532213e+01,1.390813237051205320e+01,1.386713672669814557e+01,1.386059783554681246e+01
1.385612853933952948e+01,1.385589867666197605e+01,1.385547975668800547e+01,1.385472223461570884e+01,-3.343513730054688438e+01,-2.571524271132091144e+01,-2.780974966242679258e+00,1.368378735120823109e+01,1.390784221705062151e+01,1.386706211819765144e+01,1.386056745853314354e+01
1.385613149550375311e+01,1.385590407883648467e+01,1.385548961837694115e+01,1.385474017705004002e+01,1.385341925144140163e+01,-1.136945142612839188e+00,-1.130866073418523854e-01,1.372377179336456088e+01,1.390543300670332627e+01,1.386675675762998416e+01,1.386044602729041841e+01
1.385614123167061251e+01,1.385592187888780913e+01,1.385552212337012890e+01,1.385479932388039970e+01,1.385352565867558283e+01,-7.760738586961732466e+00,3.525527448226238647e+00,1.375717687383473731e+01,1.390103391015740009e+01,1.386624246678946193e+01,1.386043959041244023e+01
1.385614255753846003e+01,1.385592430437403522e+01,1.385552655919798681e+01,1.385480742788900699e+01,1.385354040839817102e+01,7.117061010207468286e+00,8.302814984053638270e+00,1.381800735823666137e+01,1.389293151815519956e+01,1.386521666897073857e+01,1.386020541302527675e+01
1.385616141263706957e+01,1.385595877761310746e+01,1.385558952009015954e+01,1.385492202505852255e+01,1.385374668745290450e+01,1.082555487335780242e+01,1.159231570751062712e+01,1.385175384006205590e+01,1.388278948213264741e+01,1.386363834576510712e+01,1.385987762054481998e+01
1.385618703649517869e+01,1.385600562779314870e+01,1.385567509150556376e+01,1.385507778718810989e+01,1.385402704684554820e+01,1.227914803762592655e+01,1.302923936644035408e+01,1.386300299658999080e+01,1.387413501270592953e+01,1.386222962822576932e+01,1.385954024910888194e+01
1.385621467973787091e+01,1.385605618023393149e+01,1.385576745708782198e+01,1.385524603793478349e+01,1.385433039070280259e+01,1.344472375923619012e+01,1.358774259889399261e+01,1.386394920912959350e+01,1.386719403601996881e+01,1.386100313610880974e+01,1.385938937952847816e+01
