9.797505869834054693e+00,9.797131384454587533e+00,9.796447920837556111e+00,9.795206369395721424e+00,-5.585062743485180903e+01,-4.795394391727170813e+01,-2.610124793018026068e+01,2.557070096954292993e+00,9.875424961354232423e+00,9.814334474998078761e+00,9.803233687439139032e+00
9.797331477001540279e+00,9.796812463826594097e+00,9.795865154868755198e+00,-5.737167737914785448e+01,-5.586557000788206295e+01,-4.766168112052584149e+01,-2.600840927396279056e+01,2.570628053664386847e+00,9.875627501298229305e+00,9.814299330365949814e+00,9.803219072320418448e+00
9.797335602635289575e+00,9.796819997358493737e+00,9.795878918640939403e+00,-5.701833489361703755e+01,-5.556095210916031135e+01,-4.783449950182711774e+01,-2.591773017944172963e+01,2.607962514007642785e+00,9.877264804240306617e+00,9.814434952241008148e+00,9.803263901120516266e+00
9.797329416493941068e+00,9.796808688086871442e+00,9.795858248174280192e+00,-5.756876417939742652e+01,-5.568967915808585190e+01,-4.732440451057502173e+01,-2.571394271186645497e+01,2.689379631403379989e+00,9.877828400358701799e+00,9.814548081850515970e+00,9.803300133943677608e+00
9.797325254462139199e+00,9.796801087577916789e+00,9.795844366380331181e+00,-5.591713539924375453e+01,-5.402637109439631047e+01,-4.599869850888575229e+01,-2.515572510450659038e+01,2.880779730623200141e+00,9.878455074599679975e+00,9.814558109101296779e+00,9.803298223296025071e+00
9.797329220139081585e+00,9.796808349111014280e+00,9.795857648869011669e+00,-1.810752643220050118e+01,-4.953082853006784347e+01,-4.270248264614962608e+01,-2.365650055421047426e+01,3.252689507955233594e+00,9.878619238363706145e+00,9.814390093275227045e+00,9.803235528619776318e+00
9.797342917255608796e+00,9.796833397072212790e+00,9.795903429986411837e+00,-1.496993944424996847e+01,-4.159503481056175644e+01,-3.584348667581110703e+01,-1.967644143441961901e+01,3.974921142954367159e+00,9.876348680219507514e+00,9.814008297349133159e+00,9.803106461882572731e+00
9.797362711435575022e+00,9.796869591030256785e+00,9.795969573646994277e+00,-9.504891662715616363e+00,-2.788292338074467835e+01,-2.395098358342587375e+01,-1.250398579684352285e+01,5.266792583676449979e+00,9.870419985299170307e+00,9.813310101502274563e+00,9.803076503175820022e+00
9.797371198257296854e+00,9.796885114813010276e+00,9.795997960841708263e+00,-2.380047221648512235e+00,-1.145193826652498004e+01,-9.394794013316754899e+00,-3.133388061249370082e+00,7.023915241823038613e+00,9.858454530682113415e+00,9.812016257485124626e+00,9.802842880240881129e+00
9.797398458920801190e+00,9.796934973093499366e+00,9.796089086142309554e+00,4.108692346728711087e+00,5.711648529142578923e-01,1.514862512806625539e+00,4.155488990127635063e+00,8.535519103382961603e+00,9.843286006552062872e+00,9.809988699655193045e+00,9.802517105847261547e+00
9.797438372076834767e+00,9.797007997038862825e+00,9.796222610727273405e+00,6.428803057243401398e+00,6.484200800766428685e+00,6.816449129676112051e+00,7.749499250067998446e+00,9.337305408499663173e+00,9.828976353980255709e+00,9.807668859631917258e+00,9.801990860016820406e+00
