1.385623053088625056e+01,1.385608514355311094e+01,1.385582027770573887e+01,1.385534192412855603e+01,1.385450226193960255e+01,-2.846878891098041464e+01,-4.529121686442812766e+00,1.365633965507618086e+01,1.390935673486894331e+01,1.386716439605529061e+01,1.386060876997433056e+01
1.385612773308609214e+01,1.385589721030444110e+01,1.385547708603389161e+01,1.385471737942619797e+01,-3.899067476005693322e+01,-3.026104448162059057e+01,-4.473147959296958298e+00,1.365475502669013963e+01,1.390869725373396903e+01,1.386703209377387402e+01,1.386055725957157847e+01
1.385613103809918734e+01,1.385590325368937670e+01,1.385548812206613967e+01,1.385473744948854957e+01,1.385341420730371631e+01,-2.802374694916321829e+01,-4.211107530774164331e+00,1.365816752259929956e+01,1.390849890081247864e+01,1.386699197041940046e+01,1.386054160667825208e+01
1.385613206465963465e+01,1.385590513111153399e+01,1.385549155036715163e+01,1.385474368339787077e+01,1.385342539036887288e+01,-2.673712873576582894e+01,-3.702857057038921873e+00,1.366595000813693517e+01,1.390803230211980335e+01,1.386711685745473233e+01,1.386059016809092981e+01
1.385612900038080575e+01,1.385589952843946193e+01,1.385548132077138739e+01,1.385472508591804441e+01,-3.326921053076537760e+01,-2.569476413872736131e+01,-2.832847174498350107e+00,1.368401971848131637e+01,1.390781653407111307e+01,1.386705650833309633e+01,1.386056526187497440e+01
1.385613167087614173e+01,1.385590440918590716e+01,1.385549023133369673e+01,1.385474130184901576e+01,1.385342128284355212e+01,-1.180477423402853443e+00,-2.112334061585361411e-01,1.372391800106406379e+01,1.390549953326616084e+01,1.386677022348514399e+01,1.386045125179588666e+01
1.385614093763790677e+01,1.385592135126169566e+01,1.385552117018511176e+01,1.385479760239548241e+01,1.385352259050160129e+01,-8.305066118322521618e+00,3.209874611855551230e+00,1.376004349078726818e+01,1.390128441771513934e+01,1.386628829636318372e+01,1.386045756916559668e+01
1.385614203913639386e+01,1.385592336747375164e+01,1.385552486223010149e+01,1.385480437449283286e+01,1.385353507500450654e+01,6.599601834130526257e+00,7.985969116845266669e+00,1.381531700370236493e+01,1.389372354246438945e+01,1.386518499487442035e+01,1.386019163119243736e+01
1.385616242352966943e+01,1.385596063450056548e+01,1.385559291771484425e+01,1.385492820618122600e+01,1.385375777268187036e+01,1.050562482271797293e+01,1.139639650848947738e+01,1.384724531067837106e+01,1.388351352149794593e+01,1.386385095346206597e+01,1.385998115062277236e+01
1.385617934651603278e+01,1.385599157885929245e+01,1.385564944806685972e+01,1.385503114875939090e+01,1.385394324123311449e+01,1.257878177053748026e+01,1.297555890601600481e+01,1.386155592042288376e+01,1.387443281022703800e+01,1.386232861284144136e+01,1.385959363796512456e+01
1.385621133548910322e+01,1.385605007268970823e+01,1.385575630906653899e+01,1.385522576097786995e+01,1.385429398583890404e+01,1.339637133533457458e+01,1.356241512930523996e+01,1.386186542862860982e+01,1.386747853629699989e+01,1.386096310476636617e+01,1.385936993429194786e+01
