5.542534227161395677e+01,5.542510753420253877e+01,5.542467940411717109e+01,5.542390337523481492e+01,6.061610791784268315e+00,1.093083881144602465e+01,2.656195802561866515e+01,5.154252114364486204e+01,5.550649608341319663e+01,5.544031396673034351e+01,5.543055993593979736e+01
5.542518226835937867e+01,5.542481500083263768e+01,5.542414505188378371e+01,5.542293008248149278e+01,2.059331498366961100e+01,1.129796214335321913e+01,2.667111677308866291e+01,5.155287323974218339e+01,5.550598868937298391e+01,5.544022124046952626e+01,5.543052876701419507e+01
5.542518509054509934e+01,5.542482016121132204e+01,5.542415447833172948e+01,5.542294724903803882e+01,2.020968377264582116e+01,1.160750035045323614e+01,2.688215805878712672e+01,5.158621960423302966e+01,5.550608634468224523e+01,5.544023451072688857e+01,5.543053294710077239e+01
5.542518492083390669e+01,5.542481985064870287e+01,5.542415391083478937e+01,5.542294621742392735e+01,2.079486161472354411e+01,1.239642048211981873e+01,2.736557021187224947e+01,5.167812548135673012e+01,5.550643802502489876e+01,5.544028314264058110e+01,5.543054835543549075e+01
5.542518422982666948e+01,5.542481858726944211e+01,5.542415160438545740e+01,5.542294202943527637e+01,2.302345129998626305e+01,1.415526787208268544e+01,2.849044760207196347e+01,5.188798775117659545e+01,5.550622729709094472e+01,5.544020524493028290e+01,5.543051980651142685e+01
5.542518858766381129e+01,5.542482655511523149e+01,5.542416616220194925e+01,5.542296857159415424e+01,2.744308815209632257e+01,1.860484377162148206e+01,3.149171145712467279e+01,5.230415263513735624e+01,5.550415604958864435e+01,5.543998820670982752e+01,5.543044272408754125e+01
5.542519866756390456e+01,5.542484498566493301e+01,5.542419983723963384e+01,5.542302996181007302e+01,3.390111480041561265e+01,2.850056067339906463e+01,3.787755332515958173e+01,5.309931806538772037e+01,5.549678391330897398e+01,5.543926968795784660e+01,5.543040080707349659e+01
5.542520367993732577e+01,5.542485415259592685e+01,5.542421659230154773e+01,5.542306052234258829e+01,4.375028832438076165e+01,4.385358904874853891e+01,4.578066578130547271e+01,5.414364064420252021e+01,5.548337343893385309e+01,5.543790120390480070e+01,5.543011502686461256e+01
5.542523078964389072e+01,5.542490372207406324e+01,5.542430715027968802e+01,5.542322549028619960e+01,5.066056749597981934e+01,5.053406565130262607e+01,5.147428344757634022e+01,5.490288994644384957e+01,5.546714936123431983e+01,5.543573465782232290e+01,5.542968383092198081e+01
5.542527132954926827e+01,5.542497785297402402e+01,5.542444259509850468e+01,5.542347227765586126e+01,5.371101979048806641e+01,5.366319533798649388e+01,5.403989499807299524e+01,5.525049875148299350e+01,5.545374510547782165e+01,5.543383993922676467e+01,5.542926830840812613e+01
5.542531215326276595e+01,5.542505252292839657e+01,5.542457909558186913e+01,5.542372124508382569e+01,5.484165270722024843e+01,5.473985537983831762e+01,5.497693667972263398e+01,5.537318009560507903e+01,5.544379606239684222e+01,5.543206555604288610e+01,5.542898977238667868e+01
