1.385623572412847260e+01,1.385609463072606218e+01,1.385583760481852877e+01,1.385537351370104631e+01,1.385455949642035378e+01,-2.395983147861135976e+01,-3.871730968506510884e+00,1.365080222015809142e+01,1.390939963348909103e+01,1.386717895525637090e+01,1.386061491757103781e+01
1.385612694020106517e+01,1.385589575354554626e+01,1.385547441585785577e+01,1.385471250278886757e+01,-7.201290757510174778e+00,-2.461540919921814208e+01,-3.743940506472412721e+00,1.364812799863809012e+01,1.390893049861597675e+01,1.386708617605708405e+01,1.386057890033695017e+01
1.385612916424263474e+01,1.385589981944904636e+01,1.385548183895784291e+01,1.385472599596257481e+01,-3.152178290587037424e+01,-2.473831671533794108e+01,-3.640914923181692409e+00,1.365311040010962174e+01,1.390886865886198187e+01,1.386707053866248884e+01,1.386057254012043494e+01
1.385612978497465875e+01,1.385590095484075590e+01,1.385548391359687059e+01,1.385472977618694657e+01,1.385340037916595790e+01,-2.222976401236783062e+01,-3.301590206170438080e+00,1.366014646802958055e+01,1.390834585013253566e+01,1.386696211144061053e+01,1.386052999298099309e+01
1.385613275305743741e+01,1.385590637926024726e+01,1.385549381483227904e+01,1.385474777424017390e+01,1.385343266502596649e+01,-2.022776312532214504e+01,-2.447757226704393219e+00,1.367711220491657897e+01,1.390767254335765202e+01,1.386703534850420461e+01,1.386055770565209677e+01
1.385613159850379716e+01,1.385590426926046170e+01,1.385548996491630547e+01,1.385474079211898335e+01,1.385342026156303774e+01,-1.059474230742715406e+00,-2.064615171833708018e-01,1.372074215269294939e+01,1.390542428769330030e+01,1.386675778665477665e+01,1.386044666755219623e+01
1.385614100569747720e+01,1.385592146782534684e+01,1.385552137351377056e+01,1.385479795776043588e+01,1.385352318923290227e+01,-7.995261833798231521e+00,2.756908095113351997e+00,1.375754624207032251e+01,1.390149408802902897e+01,1.386633418350220381e+01,1.386047633429082637e+01
1.385614082498910804e+01,1.385592113998065500e+01,1.385552078748240845e+01,1.385479696152238205e+01,1.385352179628138813e+01,1.834896355390608136e+00,7.425024463952047071e+00,1.380759727225641242e+01,1.389385623595453367e+01,1.386522760297052059e+01,1.386021104175472907e+01
1.385616033505388245e+01,1.385595680786715889e+01,1.385558591842330323e+01,1.385491544655396012e+01,1.385373473026145952e+01,1.030411623298562418e+01,1.113644290002192427e+01,1.385160406491974072e+01,1.388404941040878882e+01,1.386376255699908988e+01,1.385993651831701712e+01
1.385618387431703979e+01,1.385599984868845347e+01,1.385566454178064255e+01,1.385505862005414990e+01,1.385399278603133766e+01,1.201316288349662997e+01,1.284406442529556891e+01,1.386176761875296748e+01,1.387542618547318618e+01,1.386245335095977715e+01,1.385966219514839892e+01
1.385620599057777547e+01,1.385604029398769832e+01,1.385573844367830176e+01,1.385519324631966143e+01,1.385423551129732900e+01,1.335067384160375425e+01,1.352439528406162061e+01,1.386393417732959676e+01,1.386817055799379794e+01,1.386122028979821508e+01,1.385933301274204865e+01
