5.542534425865034109e+01,5.542511115568835578e+01,5.542468598322983553e+01,5.542391516890300807e+01,1.740188092482116389e+01,1.100356399897403925e+01,2.649706085622557339e+01,5.358288022917514581e+01,5.550690070354360728e+01,5.543951897229517556e+01,5.543039825361702810e+01
5.542527196927295563e+01,5.542497905955897863e+01,5.542444503092606567e+01,5.542347820558483562e+01,7.627989973094058129e+00,2.828887982363725406e+00,2.546020680710219253e+01,5.157536085127769354e+01,5.550648808493042452e+01,5.544029741776198250e+01,5.543055351816147436e+01
5.542518354034434935e+01,5.542481733534043542e+01,5.542414932682316930e+01,5.542293788851693392e+01,2.092202909626873009e+01,3.938207667774711318e+00,2.569796906859811969e+01,5.160518758248853999e+01,5.550640110002542116e+01,5.544028015508168750e+01,5.543054763507551286e+01
5.542518413347374917e+01,5.542481842011436299e+01,5.542415130875467355e+01,5.542294149942426884e+01,2.133265443902451963e+01,5.449938543068062913e+00,2.643828398938663327e+01,5.169476130852154938e+01,5.550662499340182876e+01,5.544030669652212850e+01,5.543055569049036535e+01
5.542518405261371583e+01,5.542481827216037971e+01,5.542415103938097332e+01,5.542294101920917626e+01,2.327463632942078675e+01,9.141611496874009646e+00,2.810708751856987320e+01,5.190300197500710766e+01,5.550620590180204772e+01,5.544019321871931538e+01,5.543051532583365315e+01
5.542518936982303046e+01,5.542482799361884815e+01,5.542416879951407083e+01,5.542297338926668004e+01,2.703073390514130026e+01,1.706718490451990533e+01,3.204139435465585706e+01,5.231896888775091981e+01,5.550403009002396004e+01,5.543996968895250177e+01,5.543043683064181693e+01
5.542519899617042256e+01,5.542484559418534218e+01,5.542420095608278530e+01,5.542303200042084654e+01,3.406777550260275689e+01,2.919212460345185534e+01,3.885979420051778987e+01,5.310398409038521805e+01,5.549649437696167098e+01,5.543922149984575753e+01,5.543038444613654292e+01
5.542520478957102625e+01,5.542485618787168278e+01,5.542422031542808725e+01,5.542306729707070190e+01,4.380453241061567837e+01,4.394230179386622126e+01,4.649957699068438899e+01,5.413788573643267199e+01,5.548310364634647840e+01,5.543785994957922014e+01,5.543010104209362510e+01
5.542523122731803653e+01,5.542490452704272741e+01,5.542430862332255970e+01,5.542322815574922856e+01,5.068710368443422709e+01,5.059073601120960717e+01,5.177070588890953218e+01,5.489632762215765638e+01,5.546705545208883592e+01,5.543573605027212636e+01,5.542968619961055765e+01
5.542526978985672770e+01,5.542497504156325761e+01,5.542443746105511337e+01,5.542346290366327821e+01,5.372804568276694681e+01,5.369561306445195470e+01,5.414720437445940604e+01,5.524472016041197975e+01,5.545376036692024968e+01,5.543389220129601824e+01,5.542929544142371867e+01
5.542530684454820289e+01,5.542504281917172193e+01,5.542456137175832964e+01,5.542368893325893708e+01,5.485801437694969707e+01,5.484131415503364337e+01,5.500688409090857078e+01,5.536801327016786445e+01,5.544299139988909531e+01,5.543186347875428055e+01,5.542889241533179501e+01
