1.385623395241329092e+01,1.385609139745091412e+01,1.385583169061957420e+01,1.385536264933749884e+01,1.385453930513890697e+01,-2.779828416585132800e+01,-4.486410663922726805e+00,1.365629357482447048e+01,1.390929112844365712e+01,1.386715184909452603e+01,1.386060392465478763e+01
1.385612800609124307e+01,1.385589771170559459e+01,1.385547800272947327e+01,1.385471904622458617e+01,-7.598854904273354194e+00,-2.903161352321397004e+01,-4.400463064587929019e+00,1.365287827740591808e+01,1.390902113064634982e+01,1.386710035886155623e+01,1.386058410582729827e+01
1.385612909997369613e+01,1.385589971151019917e+01,1.385548165387493391e+01,1.385472568143480032e+01,-3.726077372085385520e+01,-2.907350854430836762e+01,-4.343439524500182003e+00,1.365719918789580767e+01,1.390868793589766383e+01,1.386702960577954258e+01,1.386055621600105070e+01
1.385613114793871148e+01,1.385590345449502969e+01,1.385548848767149721e+01,1.385473811130986199e+01,1.385341539202016392e+01,-2.624537575162669611e+01,-3.833672447140281214e+00,1.366686380211397633e+01,1.390834284335433502e+01,1.386695526747208973e+01,1.386052681172985857e+01
1.385613337525320787e+01,1.385590752442498186e+01,1.385549591603742137e+01,1.385475161656471954e+01,1.385343964287055307e+01,-2.305514050760688960e+01,-2.812926170489256528e+00,1.368298063925869634e+01,1.390779804227188166e+01,1.386705525361457703e+01,1.386056497888840688e+01
1.385613151979026725e+01,1.385590413231388496e+01,1.385548972464909312e+01,1.385474037645232492e+01,1.385341959930417133e+01,-9.822492742930886145e-01,-3.273289781588291092e-01,1.372432097650229821e+01,1.390548077685019379e+01,1.386676608700311952e+01,1.386044961274093623e+01
1.385614105237133842e+01,1.385592155740056874e+01,1.385552154318558138e+01,1.385479827896524974e+01,1.385352381170755010e+01,-7.998907625885696149e+00,3.126360927394578937e+00,1.375840278208070266e+01,1.390131450191275952e+01,1.386629669659301811e+01,1.386046115887369901e+01
1.385614168238681287e+01,1.385592271573604961e+01,1.385552367217806768e+01,1.385480220823122721e+01,1.385353117311360194e+01,6.570569521176499173e+00,7.797298124223527083e+00,1.381548913294110648e+01,1.389377438269236897e+01,1.386519433691671566e+01,1.386019540295326280e+01
1.385616237261363892e+01,1.385596054234641628e+01,1.385559275094583143e+01,1.385492791031642668e+01,1.385375728754024571e+01,1.036591092901205968e+01,1.123004909576025412e+01,1.384632136699037375e+01,1.388412361493167957e+01,1.386380213033061359e+01,1.385995759816821327e+01
1.385618092150317082e+01,1.385599445710649036e+01,1.385565469899248114e+01,1.385504068282886792e+01,1.385396030442498727e+01,1.246534354431618929e+01,1.290539230800323267e+01,1.386110977142756084e+01,1.387475751767458476e+01,1.386244052800864601e+01,1.385965446787957234e+01
1.385620712755336648e+01,1.385604238091464602e+01,1.385574226524948926e+01,1.385520022107534288e+01,1.385424813976038472e+01,1.335873851696358017e+01,1.353771487148077135e+01,1.386204040507821134e+01,1.386798979276645305e+01,1.386117517518875886e+01,1.385930959015354347e+01
