9.797496385219261583e+00,9.797114252669826939e+00,9.796416863214940207e+00,9.795150176347759086e+00,-4.926534853389793511e+01,-4.369800870309959606e+01,-2.453918346029841047e+01,2.547045655113851392e+00,9.874650849826064558e+00,9.814254172688707811e+00,9.803211433912142780e+00
9.797331708295775599e+00,9.796813062906053915e+00,9.795866432884663411e+00,-4.740281418382085832e+01,-4.848200089079188047e+01,-4.390356383150434283e+01,-2.432192172444538159e+01,2.563782599721649458e+00,9.874721991532318555e+00,9.814259667220097683e+00,9.803212788988423299e+00
9.797331824512070853e+00,9.796813257656324936e+00,9.795866776071010307e+00,-5.252347628982130345e+01,-5.098725750950942626e+01,-4.382558489566710591e+01,-2.420081200607049254e+01,2.599115324262772475e+00,9.876438768153491310e+00,9.814375621501298497e+00,9.803249630054002850e+00
9.797327786261146088e+00,9.796805870983570586e+00,9.795853271130374296e+00,-5.050559715990340948e+01,-5.065615353664721709e+01,-4.359568659090948728e+01,-2.433212751742910029e+01,2.680572586032510696e+00,9.877231218984098504e+00,9.814534805254462313e+00,9.803300630064240906e+00
9.797321910007561030e+00,9.796795133075054451e+00,9.795833655204219781e+00,-5.174157502676856524e+01,-4.984214888759998985e+01,-4.296577921494708363e+01,-2.417621975615502095e+01,2.872601862473162626e+00,9.878092052734920969e+00,9.814346722995079375e+00,9.803234409963820895e+00
9.797333902499287817e+00,9.796817074530860481e+00,9.795873760520493079e+00,-1.734755754493617630e+01,-4.762421252430221585e+01,-4.117346205760794930e+01,-2.313560892623014453e+01,3.242126533079484840e+00,9.878166287777633059e+00,9.814369612372678020e+00,9.803232113785917079e+00
9.797341206015893533e+00,9.796830439318123140e+00,9.795898204096729955e+00,-1.453053747120775796e+01,-4.212167262133895917e+01,-3.654646815156878858e+01,-2.048609281395918202e+01,3.934585055736146586e+00,9.876872896246487343e+00,9.814035532428238895e+00,9.803111727403146958e+00
9.797364838527272468e+00,9.796873659481560637e+00,9.795977201790256217e+00,-1.027519243882249889e+01,-3.081528473467147933e+01,-2.655304444391539320e+01,-1.420863184262339018e+01,5.118130710500356173e+00,9.872187131069527055e+00,9.813464850225427583e+00,9.803117989052129388e+00
9.797374022738706500e+00,9.796890467904555422e+00,9.796007958409026273e+00,-3.894034170664127714e+00,-1.462127925262559991e+01,-1.220799913575525508e+01,-4.950767174707169538e+00,6.796037337632441222e+00,9.861664051695079536e+00,9.812167180222823859e+00,9.802878081422274903e+00
9.797407234509142526e+00,9.796951216475884294e+00,9.796118997514030369e+00,-1.477998467847488229e+00,-1.318469075811428581e+00,-1.713201719642913901e-01,3.068478384055961516e+00,8.364708384722332468e+00,9.846541989653577076e+00,9.810288034034648774e+00,9.802410317212062907e+00
9.797463104551356494e+00,9.797053409386526468e+00,9.796305782524296291e+00,9.794948007592953587e+00,5.768411916686048357e+00,6.132798692631981297e+00,7.309821642188672364e+00,9.260445747226951241e+00,9.831772092001720864e+00,9.808103990365333757e+00,9.802159011066832406e+00
