5.542533750421212346e+01,5.542509880296874769e+01,5.542466341474434444e+01,5.542387406403552319e+01,1.901966978793698004e+01,1.098350877164907580e+01,2.647191882987860723e+01,5.355191652174166705e+01,5.550808517029638267e+01,5.543973022268129114e+01,5.543026771816244747e+01
5.542528118288846883e+01,5.542499588452468373e+01,5.542447573007832773e+01,5.542353401261387091e+01,7.585759219062644831e+00,1.115952818292750770e+01,2.634047600605707729e+01,5.352647273695630759e+01,5.550816383945232246e+01,5.543952583493324937e+01,5.543040201299548642e+01
5.542527055572215744e+01,5.542497645690156105e+01,5.542444025445496436e+01,5.542346946508919814e+01,8.279871332579954668e+00,1.137256860795713287e+01,2.651567483937636638e+01,5.353294731556647434e+01,5.550781713491988967e+01,5.543969956187699211e+01,5.543025862824972450e+01
5.542528108502722262e+01,5.542499570481828641e+01,5.542447539740879847e+01,5.542353338164956256e+01,9.074174597675927600e+00,1.214421744949658155e+01,2.698142417501721724e+01,5.354318574307889378e+01,5.550701091035641355e+01,5.543957616180687609e+01,5.543042050129916021e+01
5.542526825710741889e+01,5.542497225404787287e+01,5.542443257555308378e+01,5.542345546814071611e+01,1.113013883311824159e+01,1.432025135113697800e+01,2.834068239577447201e+01,5.188707441175132118e+01,5.550663458484983437e+01,5.544026530527504804e+01,5.543053915180178848e+01
5.542518747012121594e+01,5.542482450347814193e+01,5.542416240811185446e+01,5.542296174259809760e+01,2.676100645324187965e+01,1.959363692198590456e+01,3.197667416248294003e+01,5.228922502465484712e+01,5.550463106920546608e+01,5.544005697385142639e+01,5.543046469830233036e+01
5.542519753765108703e+01,5.542484291160046439e+01,5.542419604318825321e+01,5.542302306592191741e+01,3.306771073094979130e+01,2.956235755128108522e+01,3.822823494266007316e+01,5.302363800827846774e+01,5.549801634752741109e+01,5.543947830494255413e+01,5.543026837327292355e+01
5.542521665366362527e+01,5.542487786233314750e+01,5.542425988788825464e+01,5.542313935493969268e+01,4.293588407468642743e+01,4.280325520298242736e+01,4.582444956212921028e+01,5.404118875148036238e+01,5.548511927267294652e+01,5.543802368455881435e+01,5.543015870194722083e+01
5.542522778536708472e+01,5.542489821986458054e+01,5.542429709188855469e+01,5.542320718043430361e+01,4.992578554837772487e+01,4.999019645707021198e+01,5.136894351958892457e+01,5.483749658168183316e+01,5.546898514589210549e+01,5.543596299497541224e+01,5.542977582358857802e+01
5.542526303343484528e+01,5.542496267438107793e+01,5.542441485671696455e+01,5.542342174525100518e+01,5.351333377936933999e+01,5.345433127049703614e+01,5.398773509154602834e+01,5.522263858679318105e+01,5.545528157733687635e+01,5.543409798444821490e+01,5.542938544661943467e+01
5.542529999735602786e+01,5.542503028579633906e+01,5.542453845609281871e+01,5.542364717520347028e+01,5.477767635101197641e+01,5.475665098056982316e+01,5.495178888652588967e+01,5.535945619111120664e+01,5.544392363932411172e+01,5.543199772235583112e+01,5.542896350673636618e+01
