1.385623572412681526e+01,1.385609463072446523e+01,1.385583760481712545e+01,1.385537351370025760e+01,1.385455949642150664e+01,-2.395983147849441153e+01,-3.871730968470847856e+00,1.365080222024675471e+01,1.390939963377130795e+01,1.386717895615218765e+01,1.386061492040613352e+01
1.385612694019940250e+01,1.385589575354394576e+01,1.385547441585645068e+01,1.385471250278807531e+01,-7.201290757457145197e+00,-2.461540919942657624e+01,-3.743940506429812132e+00,1.364812799872624183e+01,1.390893049889774602e+01,1.386708617695150103e+01,1.386057890316762453e+01
1.385612916424097563e+01,1.385589981944744764e+01,1.385548183895643604e+01,1.385472599596178256e+01,-3.152178290643857395e+01,-2.473831671542424360e+01,-3.640914923147566817e+00,1.365311040019759048e+01,1.390886865914332660e+01,1.386707053955551494e+01,1.386057254294669683e+01
1.385612978497299963e+01,1.385590095483916073e+01,1.385548391359546905e+01,1.385472977618615786e+01,1.385340037916710010e+01,-2.222976401281124126e+01,-3.301590206123767857e+00,1.366014646811647282e+01,1.390834585041341143e+01,1.386696211233224751e+01,1.386052999580288336e+01
1.385613275305578185e+01,1.385590637925865565e+01,1.385549381483087927e+01,1.385474777423938164e+01,1.385343266502710868e+01,-2.022776312573335389e+01,-2.447757226652130136e+00,1.367711220500286196e+01,1.390767254363806060e+01,1.386703534939447735e+01,1.386055770846969004e+01
1.385613159850214338e+01,1.385590426925886831e+01,1.385548996491490747e+01,1.385474079211819465e+01,1.385342026156417816e+01,-1.059474230657523997e+00,-2.064615171686243755e-01,1.372074215278021825e+01,1.390542428797330743e+01,1.386675778754369581e+01,1.386044667036549605e+01
1.385614100569582519e+01,1.385592146782375522e+01,1.385552137351237434e+01,1.385479795775964718e+01,1.385352318923403914e+01,-7.995261833926736728e+00,2.756908095147695192e+00,1.375754624215772992e+01,1.390149408830865596e+01,1.386633418438989196e+01,1.386047633710027860e+01
1.385614082498745780e+01,1.385592113997906694e+01,1.385552078748101223e+01,1.385479696152159335e+01,1.385352179628252500e+01,1.834896355349095565e+00,7.425024463981163336e+00,1.380759727234367418e+01,1.389385623623382671e+01,1.386522760385713227e+01,1.386021104456081687e+01
1.385616033505223399e+01,1.385595680786557260e+01,1.385558591842190879e+01,1.385491544655317142e+01,1.385373473026259106e+01,1.030411623299568902e+01,1.113644290004823745e+01,1.385160406500694208e+01,1.388404941068777454e+01,1.386376255788477785e+01,1.385993652112028229e+01
1.385618387431539489e+01,1.385599984868687073e+01,1.385566454177925166e+01,1.385505862005336652e+01,1.385399278603247097e+01,1.201316288351434913e+01,1.284406442532162451e+01,1.386176761884019015e+01,1.387542618575197828e+01,1.386245335184474570e+01,1.385966219794944365e+01
1.385620599057613589e+01,1.385604029398611914e+01,1.385573844367691265e+01,1.385519324631887805e+01,1.385423551129845876e+01,1.335067384161030191e+01,1.352439528408806879e+01,1.386393417741669687e+01,1.386817055827239997e+01,1.386122029068259209e+01,1.385933301554130281e+01
