1.385623424601719833e+01,1.385609207143108357e+01,1.385583308918015000e+01,1.385536552843344005e+01,1.385454577838424939e+01,-2.912114357502423090e+01,-4.329705357781533870e+00,1.366043748228691257e+01,1.390927912815090650e+01,1.386714475927962198e+01,1.386060081521915244e+01
1.385612862554495450e+01,1.385589896227473616e+01,1.385548041134335406e+01,1.385472355614006013e+01,-3.962405242647155035e+01,-3.078224112585952099e+01,-4.210135893666931750e+00,1.365644989689789845e+01,1.390879044787560126e+01,1.386704941164309268e+01,1.386056392889026689e+01
1.385613081148087566e+01,1.385590295888438206e+01,1.385548770958460807e+01,1.385473682673959317e+01,1.385341319550487604e+01,-2.838051441358274474e+01,-4.084860309334985118e+00,1.366022453325944142e+01,1.390847610623218600e+01,1.386698505763944667e+01,1.386053875144145842e+01
1.385613251392524425e+01,1.385590607132009922e+01,1.385549339197834229e+01,1.385474715755115049e+01,1.385343172686362756e+01,-2.752895866890092336e+01,-3.599704409438104769e+00,1.366791444339320094e+01,1.390807899496556388e+01,1.386712453240171250e+01,1.386059303091060713e+01
1.385612904886218644e+01,1.385589973196788449e+01,1.385548181379775556e+01,1.385472610442553076e+01,-3.502260888709709974e+01,-2.717803011225926113e+01,-2.935853164031712481e+00,1.368689486763856422e+01,1.390781156128734963e+01,1.386705279746345632e+01,1.386056362323112978e+01
1.385613205944887127e+01,1.385590523275418207e+01,1.385549185512389769e+01,1.385474437675626902e+01,1.385342690550549349e+01,-1.079102612372869974e+00,-1.267408735182522506e+00,1.371952690786106999e+01,1.390586430709223009e+01,1.386684846800439885e+01,1.386048191961480924e+01
1.385613895190249067e+01,1.385591783574326818e+01,1.385551487167671070e+01,1.385478626579781647e+01,1.385350231424337863e+01,2.255422488514451373e+00,2.358252090774616505e+00,1.377380867140536047e+01,1.390168505283961053e+01,1.386635373505999169e+01,1.386048242139549913e+01
1.385614209161372656e+01,1.385592357973746047e+01,1.385552537950771423e+01,1.385480548866867778e+01,1.385353747742069430e+01,-1.407736977419666857e+00,6.845914672988897998e+00,1.381495456453927062e+01,1.389422115070526864e+01,1.386529574408945820e+01,1.386023882339603475e+01
1.385615996122823290e+01,1.385595625702986666e+01,1.385558505578321942e+01,1.385491405298703071e+01,1.385373257120711621e+01,7.366054360733937045e+00,1.072092164246443247e+01,1.385092555323842944e+01,1.388463086226290955e+01,1.386391810661513624e+01,1.386001129651232588e+01
1.385617922075607211e+01,1.385599147345355675e+01,1.385564938827448600e+01,1.385503120611744698e+01,1.385394372041079336e+01,1.157843489386347535e+01,1.271029148071284709e+01,1.386690470042671208e+01,1.387579001315247496e+01,1.386252475528525352e+01,1.385969540570173208e+01
1.385620823217827891e+01,1.385604453139999315e+01,1.385574633596048599e+01,1.385520784740788081e+01,1.385426255765355741e+01,1.310974789415197961e+01,1.347538928787783163e+01,1.386641311328635950e+01,1.386900882927460543e+01,1.386132779145276572e+01,1.385939582793703728e+01
