1.385623453272678418e+01,1.385609245535236767e+01,1.385583364932049122e+01,1.385536641415581727e+01,1.385454729047151723e+01,-2.913739929300561826e+01,-4.523442720227655478e+00,1.365783860558473428e+01,1.390928504003308852e+01,1.386714827343977596e+01,1.386060231690377975e+01
1.385612825364488465e+01,1.385589815228505373e+01,1.385547879569504204e+01,1.385472047766243087e+01,-3.937696931406038203e+01,-3.048506954485800691e+01,-4.453784437318572209e+00,1.365538637374983821e+01,1.390883762845284366e+01,1.386705999135841694e+01,1.386056808310090460e+01
1.385613034930675980e+01,1.385590198469840040e+01,1.385548579548069270e+01,1.385473321025579807e+01,1.385340659870997015e+01,-2.834960772828842224e+01,-4.181177861315985567e+00,1.365852586936867574e+01,1.390835561100502993e+01,1.386696241859555556e+01,1.386053000488220377e+01
1.385613285352032520e+01,1.385590656346267835e+01,1.385549415517013117e+01,1.385474840786988437e+01,1.385343385185270115e+01,-2.702316803277514623e+01,-3.692670463633533018e+00,1.366657337131927186e+01,1.390813237049195195e+01,1.386713672663442232e+01,1.386059783534517820e+01
1.385612853933960054e+01,1.385589867666204356e+01,1.385547975668805520e+01,1.385472223461571772e+01,-3.343513730046826993e+01,-2.571524271133298001e+01,-2.780974966243930702e+00,1.368378735120198542e+01,1.390784221703053092e+01,1.386706211813396727e+01,1.386056745833164072e+01
1.385613149550382417e+01,1.385590407883655217e+01,1.385548961837699267e+01,1.385474017705004890e+01,1.385341925144127373e+01,-1.136945142618129179e+00,-1.130866073412404305e-01,1.372377179335854080e+01,1.390543300668325344e+01,1.386675675756634263e+01,1.386044602708904705e+01
1.385614123167068179e+01,1.385592187888787485e+01,1.385552212337018041e+01,1.385479932388040680e+01,1.385352565867545493e+01,-7.760738586934598615e+00,3.525527448223299665e+00,1.375717687382870480e+01,1.390103391013734324e+01,1.386624246672585770e+01,1.386043959021118255e+01
1.385614255753853108e+01,1.385592430437410272e+01,1.385552655919803655e+01,1.385480742788901587e+01,1.385354040839804313e+01,7.117061010203745042e+00,8.302814984052211855e+00,1.381800735823067683e+01,1.389293151813515870e+01,1.386521666890716986e+01,1.386020541282412033e+01
1.385616141263713885e+01,1.385595877761317496e+01,1.385558952009020928e+01,1.385492202505853143e+01,1.385374668745277660e+01,1.082555487335660160e+01,1.159231570750766060e+01,1.385175384005601629e+01,1.388278948211262609e+01,1.386363834570156683e+01,1.385987762034374882e+01
1.385618703649524974e+01,1.385600562779321443e+01,1.385567509150561705e+01,1.385507778718811700e+01,1.385402704684541675e+01,1.227914803762925011e+01,1.302923936643830416e+01,1.386300299658377710e+01,1.387413501268590110e+01,1.386222962816225035e+01,1.385954024890787650e+01
1.385621467973794196e+01,1.385605618023399721e+01,1.385576745708787350e+01,1.385524603793479237e+01,1.385433039070267114e+01,1.344472375923553820e+01,1.358774259889208125e+01,1.386394920912336559e+01,1.386719403599994749e+01,1.386100313604530498e+01,1.385938937932752424e+01
