5.542534425865876102e+01,5.542511115569580227e+01,5.542468598323418405e+01,5.542391516889750847e+01,1.740188092966321420e+01,1.100356428447624246e+01,2.649706096947857503e+01,5.358288008742732700e+01,5.550690069724291220e+01,5.543951895758725357e+01,5.543039820779773663e+01
5.542527196928188005e+01,5.542497905956800253e+01,5.542444503093393848e+01,5.542347820558629223e+01,7.627991542945947501e+00,2.828887405520247533e+00,2.546020662232541554e+01,5.157536083631108426e+01,5.550648808043731464e+01,5.544029740339361467e+01,5.543055347273675437e+01
5.542518354035195216e+01,5.542481733534624766e+01,5.542414932682440565e+01,5.542293788850567182e+01,2.092202927448598615e+01,3.938207818810655070e+00,2.569796905985425184e+01,5.160518757739347961e+01,5.550640109556314883e+01,5.544028014080390676e+01,5.543054758995377540e+01
5.542518413348181383e+01,5.542481842012105631e+01,5.542415130875758678e+01,5.542294149941615444e+01,2.133265449676819259e+01,5.449938570781315050e+00,2.643828398586247275e+01,5.169476130596374475e+01,5.550662498890272900e+01,5.544030668232628045e+01,5.543055564566449789e+01
5.542518405262217129e+01,5.542481827216786883e+01,5.542415103938537868e+01,5.542294101920389693e+01,2.327463633957245648e+01,9.141611513056936644e+00,2.810708751991084853e+01,5.190300197297111140e+01,5.550620589731876464e+01,5.544019320461408995e+01,5.543051528130097694e+01
5.542518936983148592e+01,5.542482799362640833e+01,5.542416879951871778e+01,5.542297338926192651e+01,2.703073391360825184e+01,1.706718489330975430e+01,3.204139435098472433e+01,5.231896888578731364e+01,5.550403008558531326e+01,5.543996967493914951e+01,5.543043678639123328e+01
5.542519899617871459e+01,5.542484559419270340e+01,5.542420095608714803e+01,5.542303200041569511e+01,3.406777550752971706e+01,2.919212458996996062e+01,3.885979419573211402e+01,5.310398408817485461e+01,5.549649437254399231e+01,5.543922148591313714e+01,5.543038440214017726e+01
5.542520478957921171e+01,5.542485618787894452e+01,5.542422031543239314e+01,5.542306729706557178e+01,4.380453241393132657e+01,4.394230179952947424e+01,4.649957699000935207e+01,5.413788573480514543e+01,5.548310364196176181e+01,5.543785993571805193e+01,5.543010099831633397e+01
5.542523122732609409e+01,5.542490452704984705e+01,5.542430862332669506e+01,5.542322815574393502e+01,5.068710368492423868e+01,5.059073601192254444e+01,5.177070588889260705e+01,5.489632762030876023e+01,5.546705544770959762e+01,5.543573603646572678e+01,5.542968615600759819e+01
5.542526978986472841e+01,5.542497504157033461e+01,5.542443746105924163e+01,5.542346290365804862e+01,5.372804568308612971e+01,5.369561306488492392e+01,5.414720437452544388e+01,5.524472015874401620e+01,5.545376036255339613e+01,5.543389218753389258e+01,5.542929539795846949e+01
5.542530684455614676e+01,5.542504281917874209e+01,5.542456137176240816e+01,5.542368893325367196e+01,5.485801437705189443e+01,5.484131415517776986e+01,5.500688409062974671e+01,5.536801326871773199e+01,5.544299139554087930e+01,5.543186346502919548e+01,5.542889237197446306e+01
