1.385623424602190212e+01,1.385609207143555821e+01,1.385583308918389100e+01,1.385536552843486646e+01,1.385454577837835544e+01,-2.912114357550417765e+01,-4.329705357916423303e+00,1.366043748195222207e+01,1.390927912708673020e+01,1.386714475590571638e+01,1.386060080454912580e+01
1.385612862554967251e+01,1.385589896227921969e+01,1.385548041134710573e+01,1.385472355614149542e+01,-3.962405241710666104e+01,-3.078224112587125205e+01,-4.210135894090553776e+00,1.365644989656900776e+01,1.390879044681487997e+01,1.386704940827931942e+01,1.386056391825211875e+01
1.385613081148558123e+01,1.385590295888885493e+01,1.385548770958834730e+01,1.385473682674102491e+01,1.385341319549901584e+01,-2.838051440702754391e+01,-4.084860309879166707e+00,1.366022453293323835e+01,1.390847610517473854e+01,1.386698505428568140e+01,1.386053874083488324e+01
1.385613251392992851e+01,1.385590607132454899e+01,1.385549339198206198e+01,1.385474715755256270e+01,1.385343172685776736e+01,-2.752895865705883693e+01,-3.599704410093657714e+00,1.366791444308475434e+01,1.390807899391155900e+01,1.386712452905780424e+01,1.386059302033504181e+01
1.385612904886685470e+01,1.385589973197232183e+01,1.385548181380146282e+01,1.385472610442693764e+01,-3.502260886731443179e+01,-2.717803011269500146e+01,-2.935853164573448915e+00,1.368689486730268712e+01,1.390781156023561849e+01,1.386705279412915637e+01,1.386056361268626880e+01
1.385613205945354665e+01,1.385590523275863006e+01,1.385549185512761738e+01,1.385474437675770432e+01,1.385342690549970612e+01,-1.079102612888593882e+00,-1.267408735285663557e+00,1.371952690751747994e+01,1.390586430604312618e+01,1.386684846467941767e+01,1.386048190909958322e+01
1.385613895190714473e+01,1.385591783574769309e+01,1.385551487168041440e+01,1.385478626579924111e+01,1.385350231423760370e+01,2.255422488057310382e+00,2.358252091150720098e+00,1.377380867109207685e+01,1.390168505179440928e+01,1.386635373174416230e+01,1.386048241090832533e+01
1.385614209161837351e+01,1.385592357974187827e+01,1.385552537951141083e+01,1.385480548867010242e+01,1.385353747741492825e+01,-1.407736977810947643e+00,6.845914672812215329e+00,1.381495456421173706e+01,1.389422114966009403e+01,1.386529574078075910e+01,1.386023881293250781e+01
1.385615996123287985e+01,1.385595625703429690e+01,1.385558505578694621e+01,1.385491405298851575e+01,1.385373257120148693e+01,7.366054360748064411e+00,1.072092164236710765e+01,1.385092555290837701e+01,1.388463086122144752e+01,1.386391810331322461e+01,1.386001128606853072e+01
1.385617922076069952e+01,1.385599147345795856e+01,1.385564938827817372e+01,1.385503120611886985e+01,1.385394372040506639e+01,1.157843489378265822e+01,1.271029148061200154e+01,1.386690470009993348e+01,1.387579001211258678e+01,1.386252475198845602e+01,1.385969539527359373e+01
1.385620823218288322e+01,1.385604453140437542e+01,1.385574633596415595e+01,1.385520784740929479e+01,1.385426255764784464e+01,1.310974789411767638e+01,1.347538928777800038e+01,1.386641311296092383e+01,1.386900882823624848e+01,1.386132778816023148e+01,1.385939581752165672e+01
