5.542535292169436900e+01,5.542512700340832765e+01,5.542471495848116092e+01,5.542396808598250857e+01,5.542264122258229975e+01,2.100673685646733801e+01,2.542885019742338315e+01,5.155638969722267007e+01,5.550626471776530479e+01,5.544026773051654544e+01,5.543054416815839147e+01
5.542518387544314606e+01,5.542481793974307891e+01,5.542415042095313993e+01,5.542293986342025391e+01,2.072526387430662353e+01,4.676561620371742833e+00,2.556926175962122727e+01,5.156554514497204877e+01,5.550608121702396858e+01,5.544023046840084135e+01,5.543053141872624678e+01
5.542518519770739260e+01,5.542482035724152212e+01,5.542415483714587765e+01,5.542294790860235310e+01,2.040307783999434221e+01,5.253922561190275786e+00,2.585236421273480545e+01,5.159969453572377063e+01,5.550650777867941343e+01,5.544030179551677406e+01,5.543055500281634806e+01
5.542518335662690276e+01,5.542481699049200472e+01,5.542414868792813820e+01,5.542293671705500913e+01,2.117216535194055638e+01,6.961414335946216170e+00,2.670273318079158287e+01,5.168965191425017736e+01,5.550664429408124789e+01,5.544031364643463888e+01,5.543055819399712902e+01
5.542518365980514261e+01,5.542481754440890995e+01,5.542414970010864295e+01,5.542293856866453439e+01,2.326633343726899028e+01,1.108439844018908893e+01,2.867627530865927454e+01,5.189961681338587596e+01,5.550613735880467914e+01,5.544018357141125364e+01,5.543051221688128294e+01
5.542518951229587287e+01,5.542482824583031231e+01,5.542416925101765912e+01,5.542297420047461287e+01,2.701476098335287901e+01,1.880302280352375632e+01,3.265239003269294926e+01,5.230203658171672032e+01,5.550453310404371621e+01,5.544004431403863009e+01,5.543046077343358036e+01
5.542519765481326743e+01,5.542484313432947118e+01,5.542419645781232873e+01,5.542302382221838286e+01,3.324633644529092891e+01,3.005368364327173580e+01,3.896683549596400553e+01,5.302761957330103826e+01,5.549772561752261879e+01,5.543943100095428633e+01,5.543025302558771727e+01
5.542521763501279253e+01,5.542487966450126180e+01,5.542426318611540381e+01,5.542314535621524385e+01,4.300605940505099056e+01,4.291618958769784342e+01,4.614114119315356533e+01,5.403660717204640207e+01,5.548491275246449561e+01,5.543799409337390216e+01,5.543014877315216893e+01
5.542522799367117869e+01,5.542489860807184243e+01,5.542429780610943624e+01,5.542320846952306823e+01,4.994940817426831359e+01,5.003175689000639181e+01,5.147440026522109235e+01,5.483256226034568215e+01,5.546876830164307393e+01,5.543592796947611845e+01,5.542976297769625660e+01
5.542526324559347017e+01,5.542496306912667592e+01,5.542441558152291492e+01,5.542342304664978769e+01,5.352487216049436114e+01,5.347337746673281345e+01,5.401917858230339675e+01,5.521754914583799234e+01,5.545486240961766100e+01,5.543401366656305385e+01,5.542935090699909750e+01
5.542530081764219574e+01,5.542503179099930577e+01,5.542454120310846122e+01,5.542365212390252793e+01,5.478747599583955008e+01,5.477387407429100108e+01,5.496171875131322793e+01,5.536579811154719266e+01,5.544253631551558215e+01,5.543182656790339990e+01,5.542886481799837384e+01
