1.385623572412869464e+01,1.385609463072627534e+01,1.385583760481871352e+01,1.385537351370114934e+01,1.385455949642020101e+01,-2.395983147862681051e+01,-3.871730968511255533e+00,1.365080222014624844e+01,1.390939963345137542e+01,1.386717895513664445e+01,1.386061491719201300e+01
1.385612694020128544e+01,1.385589575354575942e+01,1.385547441585804407e+01,1.385471250278897060e+01,-7.201290757517400110e+00,-2.461540919919031367e+01,-3.743940506478110386e+00,1.364812799862630577e+01,1.390893049857828956e+01,1.386708617593743398e+01,1.386057889995817405e+01
1.385612916424285501e+01,1.385589981944925775e+01,1.385548183895803120e+01,1.385472599596267962e+01,-3.152178290579439235e+01,-2.473831671532652976e+01,-3.640914923186275409e+00,1.365311040009784627e+01,1.390886865882431600e+01,1.386707053854291694e+01,1.386057253974190751e+01
1.385612978497487902e+01,1.385590095484096906e+01,1.385548391359705711e+01,1.385472977618705315e+01,1.385340037916580158e+01,-2.222976401230850385e+01,-3.301590206176689080e+00,1.366014646801794186e+01,1.390834585009489999e+01,1.386696211132111500e+01,1.386052999260270902e+01
1.385613275305765768e+01,1.385590637926046220e+01,1.385549381483246734e+01,1.385474777424027693e+01,1.385343266502581372e+01,-2.022776312526703180e+01,-2.447757226711415157e+00,1.367711220490501312e+01,1.390767254332004299e+01,1.386703534838478902e+01,1.386055770527405784e+01
1.385613159850401743e+01,1.385590426926067309e+01,1.385548996491649376e+01,1.385474079211908816e+01,1.385342026156288497e+01,-1.059474230754198665e+00,-2.064615171852919318e-01,1.372074215268123965e+01,1.390542428765571614e+01,1.386675778653543745e+01,1.386044666717439888e+01
1.385614100569769747e+01,1.385592146782556000e+01,1.385552137351395885e+01,1.385479795776054246e+01,1.385352318923275128e+01,-7.995261833780869409e+00,2.756908095108761003e+00,1.375754624205858434e+01,1.390149408799146258e+01,1.386633418338293211e+01,1.386047633391324752e+01
1.385614082498932831e+01,1.385592113998086816e+01,1.385552078748259675e+01,1.385479696152248863e+01,1.385352179628123537e+01,1.834896355396272938e+00,7.425024463948134645e+00,1.380759727224468136e+01,1.389385623591698860e+01,1.386522760285130929e+01,1.386021104137734028e+01
1.385616033505410272e+01,1.385595680786737205e+01,1.385558591842348974e+01,1.385491544655406315e+01,1.385373473026130497e+01,1.030411623298425638e+01,1.113644290001839465e+01,1.385160406490801144e+01,1.388404941037125795e+01,1.386376255687993186e+01,1.385993651793978643e+01
1.385618387431725829e+01,1.385599984868866485e+01,1.385566454178082907e+01,1.385505862005425470e+01,1.385399278603118489e+01,1.201316288349425321e+01,1.284406442529206416e+01,1.386176761874122754e+01,1.387542618543566419e+01,1.386245335084065999e+01,1.385966219477129613e+01
1.385620599057799573e+01,1.385604029398791326e+01,1.385573844367849006e+01,1.385519324631976623e+01,1.385423551129717445e+01,1.335067384160287141e+01,1.352439528405805902e+01,1.386393417731787103e+01,1.386817055795628661e+01,1.386122028967912989e+01,1.385933301236504711e+01
