5.542535292167936944e+01,5.542512700339565868e+01,5.542471495847605212e+01,5.542396808600156533e+01,5.542264122267835091e+01,2.100673676478888652e+01,2.542885019420655368e+01,5.155638969928118343e+01,5.550626472893936381e+01,5.544026776597260664e+01,5.543054427988842292e+01
5.542518387542864389e+01,5.542481793973119863e+01,5.542415042094926036e+01,5.542293986344118650e+01,2.072526387723241825e+01,4.676561620849551737e+00,2.556926176024794728e+01,5.156554514836855674e+01,5.550608122808196043e+01,5.544023050334043035e+01,5.543053152881243761e+01
5.542518519769294016e+01,5.542482035722949263e+01,5.542415483714145807e+01,5.542294790862191434e+01,2.040307783609654635e+01,5.253922562420967779e+00,2.585236421370014881e+01,5.159969453916529858e+01,5.550650778958612364e+01,5.544030182994990952e+01,5.543055511130729940e+01
5.542518335661262086e+01,5.542481699048007471e+01,5.542414868792364047e+01,5.542293671707399483e+01,2.117216535012308398e+01,6.961414336505367118e+00,2.670273318188030132e+01,5.168965191766305622e+01,5.550664430483273293e+01,5.544031368037560981e+01,5.543055830094200331e+01
5.542518365979108808e+01,5.542481754439715758e+01,5.542414970010420916e+01,5.542293856868323587e+01,2.326633343656076747e+01,1.108439844096211147e+01,2.867627531001938479e+01,5.189961681675563199e+01,5.550613736940516674e+01,5.544018360487675778e+01,5.543051232233288772e+01
5.542518951228201729e+01,5.542482824581874468e+01,5.542416925101331060e+01,5.542297420049306567e+01,2.701476098302331508e+01,1.880302280497972944e+01,3.265239003418312080e+01,5.230203658507110021e+01,5.550453311450272054e+01,5.544004434705607309e+01,5.543046087747738682e+01
5.542519765479961791e+01,5.542484313431808118e+01,5.542419645780804416e+01,5.542302382223658697e+01,3.324633644447111180e+01,3.005368364634313139e+01,3.896683549798437696e+01,5.302761957668631254e+01,5.549772562785293673e+01,5.543943103356660629e+01,5.543025312835850826e+01
5.542521763499935616e+01,5.542487966449004233e+01,5.542426318611120450e+01,5.542314535623324900e+01,4.300605940419943352e+01,4.291618958640193426e+01,4.614114119433571659e+01,5.403660717535960600e+01,5.548491276268099881e+01,5.543799412563608087e+01,5.543014887484713427e+01
5.542522799365795549e+01,5.542489860806081481e+01,5.542429780610535772e+01,5.542320846954095970e+01,4.994940817405823452e+01,5.003175688985794523e+01,5.147440026616682474e+01,5.483256226373227094e+01,5.546876831177316092e+01,5.543592800145916044e+01,5.542976307853486873e+01
5.542526324558041040e+01,5.542496306911579040e+01,5.542441558151890746e+01,5.542342304666755126e+01,5.352487216036179518e+01,5.347337746667761849e+01,5.401917858317471399e+01,5.521754914918412283e+01,5.545486241967955721e+01,5.543401369832589864e+01,5.542935100716520225e+01
5.542530081762927097e+01,5.542503179098852684e+01,5.542454120310449639e+01,5.542365212392016360e+01,5.478747599578609595e+01,5.477387407435547573e+01,5.496171875224695214e+01,5.536579811498713610e+01,5.544253632554981692e+01,5.543182659950407043e+01,5.542886491766630286e+01
