9.797501880171571642e+00,9.797123847520023077e+00,9.796433913777782720e+00,9.795180655654673885e+00,-5.199094376681902219e+01,-4.947499392349683944e+01,-2.653602379777624876e+01,2.554730752279870121e+00,9.874894003320950020e+00,9.814220248218880727e+00,9.803196771706016222e+00
9.797335690532266383e+00,9.796819928368172725e+00,9.795878546963697531e+00,-5.946029243689006449e+01,-5.862626430079654227e+01,-4.948569176195356079e+01,-2.648673818269216440e+01,2.570858395521629980e+00,9.875527294220475483e+00,9.814317115014105752e+00,9.803226384410640648e+00
9.797333312244179027e+00,9.796815579639869043e+00,9.795870603533170851e+00,-5.919981234616945187e+01,-5.828975438501629469e+01,-4.923780082880893616e+01,-2.635793361652790168e+01,2.606770009086122553e+00,9.877460600527928847e+00,9.814467392651927469e+00,9.803273923800489342e+00
9.797328276143312920e+00,9.796806384510059473e+00,9.795853810128528849e+00,-5.822466797196335619e+01,-5.738665983714657415e+01,-4.855048544316638015e+01,-2.598517765438763760e+01,2.689931401094721064e+00,9.877896968057399363e+00,9.814530594919762763e+00,9.803293090356540063e+00
9.797326869750506262e+00,9.796803827206112203e+00,9.795849149763601105e+00,-5.624804943854183392e+01,-5.501009021271856625e+01,-4.664222329261040301e+01,-2.515226228536333863e+01,2.881772259996852270e+00,9.878526943726120280e+00,9.814517942325855060e+00,9.803282882979797108e+00
9.797332532689091877e+00,9.796814181874324845e+00,9.795868077610265345e+00,-1.809362095038486018e+01,-4.920864514532589595e+01,-4.216135231351418611e+01,-2.270491374000505758e+01,3.276533032357607844e+00,9.877963940552486832e+00,9.814221664249487276e+00,9.803179863053061993e+00
9.797350315588232661e+00,9.796846701612880182e+00,9.795927511181705682e+00,-1.435969996007510829e+01,-3.920939801278962733e+01,-3.349504906273901383e+01,-1.797934726765465996e+01,4.071284677767496696e+00,9.875947635230891919e+00,9.813993675023914065e+00,9.803094433019801102e+00
9.797369209261031386e+00,9.796881255843413072e+00,9.795990676142444897e+00,-8.918552118763331649e+00,-2.350908451318453629e+01,-2.009880423334463728e+01,-1.014625782964361278e+01,5.469583150335401989e+00,9.869441636115563909e+00,9.813143810903040887e+00,9.803012304071467398e+00
9.797384721821265074e+00,9.796909616446141555e+00,9.796042511989075052e+00,-1.419440537864257834e+00,-7.836097217153218608e+00,-6.042963357224763854e+00,-1.010146001216128298e+00,7.300543857558091432e+00,9.856537077844174988e+00,9.811619128601982709e+00,9.802696385725832684e+00
9.797421257048807064e+00,9.796976432578736294e+00,9.796164621633208114e+00,4.867574925206195502e+00,2.595884879164614745e+00,3.310844255898081734e+00,5.306127487653879982e+00,8.728623288472173058e+00,9.840598898012240525e+00,9.809579460438126119e+00,9.802354931003032235e+00
9.797461847491261366e+00,9.797050690831007103e+00,9.796300402231189253e+00,7.233007841311319908e+00,7.279709154612752364e+00,7.525717006035003820e+00,8.211570306939520947e+00,9.419903128361870159e+00,9.826716513512325335e+00,9.807332259089584170e+00,9.802045821257410196e+00
