1.385623424601957510e+01,1.385609207143334665e+01,1.385583308918204359e+01,1.385536552843417013e+01,1.385454577838130064e+01,-2.912114357527526209e+01,-4.329705357850317071e+00,1.366043748211874842e+01,1.390927912761651086e+01,1.386714475758570231e+01,1.386060080986394993e+01
1.385612862554733482e+01,1.385589896227699924e+01,1.385548041134525121e+01,1.385472355614079376e+01,-3.962405242185027276e+01,-3.078224112584880956e+01,-4.210135893883037106e+00,1.365644989673277010e+01,1.390879044734355574e+01,1.386704940995620561e+01,1.386056392355721378e+01
1.385613081148324710e+01,1.385590295888663803e+01,1.385548770958649456e+01,1.385473682674032325e+01,1.385341319550195216e+01,-2.838051441036191491e+01,-4.084860309614736451e+00,1.366022453309566131e+01,1.390847610570238935e+01,1.386698505595950870e+01,1.386053874613032555e+01
1.385613251392760503e+01,1.385590607132234098e+01,1.385549339198021812e+01,1.385474715755186992e+01,1.385343172686070723e+01,-2.752895866305618355e+01,-3.599704409772783720e+00,1.366791444323832572e+01,1.390807899443809248e+01,1.386712453072860285e+01,1.386059302562098061e+01
1.385612904886453478e+01,1.385589973197011560e+01,1.385548181379962429e+01,1.385472610442624841e+01,-3.502260887730042782e+01,-2.717803011243460531e+01,-2.935853164309266461e+00,1.368689486747045692e+01,1.390781156076160663e+01,1.386705279579702932e+01,1.386056361796278580e+01
1.385613205945121962e+01,1.385590523275641850e+01,1.385549185512576997e+01,1.385474437675699910e+01,1.385342690550261580e+01,-1.079102612622445889e+00,-1.267408735235216355e+00,1.371952690768948813e+01,1.390586430656837891e+01,1.386684846634443957e+01,1.386048191436698573e+01
1.385613895190482836e+01,1.385591783574549041e+01,1.385551487167857232e+01,1.385478626579854122e+01,1.385350231424051159e+01,2.255422488289124949e+00,2.358252090962191794e+00,1.377380867124856678e+01,1.390168505231824270e+01,1.386635373340632427e+01,1.386048241616705923e+01
1.385614209161605714e+01,1.385592357973967736e+01,1.385552537950957230e+01,1.385480548866940254e+01,1.385353747741783259e+01,-1.407736977630394293e+00,6.845914672904473974e+00,1.381495456437643199e+01,1.389422115018451009e+01,1.386529574244084984e+01,1.386023881818399062e+01
1.385615996123055993e+01,1.385595625703208356e+01,1.385558505578508814e+01,1.385491405298778034e+01,1.385373257120432022e+01,7.366054360740386109e+00,1.072092164241574430e+01,1.385092555307394946e+01,1.388463086174427374e+01,1.386391810497111265e+01,1.386001129131386378e+01
1.385617922075838848e+01,1.385599147345576121e+01,1.385564938827633341e+01,1.385503120611816996e+01,1.385394372040795474e+01,1.157843489382191038e+01,1.271029148066262593e+01,1.386690470026403865e+01,1.387579001263495826e+01,1.386252475364477377e+01,1.385969540051408799e+01
1.385620823218058106e+01,1.385604453140218340e+01,1.385574633596232452e+01,1.385520784740859668e+01,1.385426255765072945e+01,1.310974789413458197e+01,1.347538928782817536e+01,1.386641311312446234e+01,1.386900882875811902e+01,1.386132778981522051e+01,1.385939582275819149e+01
