1.385623572412876570e+01,1.385609463072634284e+01,1.385583760481877746e+01,1.385537351370118486e+01,1.385455949642014772e+01,-2.395983147863187668e+01,-3.871730968512838267e+00,1.365080222014236355e+01,1.390939963343900487e+01,1.386717895509736920e+01,1.386061491706767512e+01
1.385612694020136004e+01,1.385589575354583047e+01,1.385547441585810446e+01,1.385471250278900612e+01,-7.201290757519778651e+00,-2.461540919918119030e+01,-3.743940506479987995e+00,1.364812799862243864e+01,1.390893049856592434e+01,1.386708617589818004e+01,1.386057889983390012e+01
1.385612916424292784e+01,1.385589981944932703e+01,1.385548183895809160e+01,1.385472599596271337e+01,-3.152178290576947717e+01,-2.473831671532280652e+01,-3.640914923187775543e+00,1.365311040009398624e+01,1.390886865881195789e+01,1.386707053850368432e+01,1.386057253961769753e+01
1.385612978497495007e+01,1.385590095484104012e+01,1.385548391359711928e+01,1.385472977618708867e+01,1.385340037916575007e+01,-2.222976401228904919e+01,-3.301590206178743436e+00,1.366014646801412447e+01,1.390834585008255075e+01,1.386696211128190193e+01,1.386052999247856476e+01
1.385613275305773229e+01,1.385590637926053148e+01,1.385549381483252951e+01,1.385474777424031245e+01,1.385343266502576398e+01,-2.022776312524894848e+01,-2.447757226713711098e+00,1.367711220490122059e+01,1.390767254330770086e+01,1.386703534834559548e+01,1.386055770514997576e+01
1.385613159850409026e+01,1.385590426926074414e+01,1.385548996491655416e+01,1.385474079211912368e+01,1.385342026156283168e+01,-1.059474230757988966e+00,-2.064615171859291998e-01,1.372074215267739561e+01,1.390542428764337757e+01,1.386675778649626167e+01,1.386044666705037898e+01
1.385614100569776852e+01,1.385592146782562928e+01,1.385552137351401925e+01,1.385479795776057621e+01,1.385352318923269976e+01,-7.995261833775153093e+00,2.756908095107247547e+00,1.375754624205472965e+01,1.390149408797913111e+01,1.386633418334377588e+01,1.386047633378928268e+01
1.385614082498940292e+01,1.385592113998093922e+01,1.385552078748265714e+01,1.385479696152252416e+01,1.385352179628118563e+01,1.834896355398131007e+00,7.425024463946853004e+00,1.380759727224083022e+01,1.389385623590466068e+01,1.386522760281216904e+01,1.386021104125342518e+01
1.385616033505417377e+01,1.385595680786744133e+01,1.385558591842355192e+01,1.385491544655409868e+01,1.385373473026125524e+01,1.030411623298380519e+01,1.113644290001723469e+01,1.385160406490416030e+01,1.388404941035893714e+01,1.386376255684080583e+01,1.385993651781591396e+01
1.385618387431733112e+01,1.385599984868873591e+01,1.385566454178089124e+01,1.385505862005429023e+01,1.385399278603113160e+01,1.201316288349347516e+01,1.284406442529091130e+01,1.386176761873737284e+01,1.387542618542334338e+01,1.386245335080154284e+01,1.385966219464745208e+01
1.385620599057806857e+01,1.385604029398798076e+01,1.385573844367855045e+01,1.385519324631979998e+01,1.385423551129712472e+01,1.335067384160257831e+01,1.352439528405688840e+01,1.386393417731401811e+01,1.386817055794396580e+01,1.386122028964001984e+01,1.385933301224122971e+01
