1.385622978770577696e+01,1.385608374793836006e+01,1.385581769368676497e+01,1.385533719857366286e+01,1.385449380873837022e+01,-1.695449092820842907e+01,-4.756133235560431327e-01,1.364730712328763218e+01,1.390931474920844835e+01,1.386716654951513839e+01,1.386061045388508361e+01
1.385612689694725574e+01,1.385589564522557637e+01,1.385547418577771950e+01,1.385471203913299654e+01,-6.381794541532576304e+00,-1.787855028221296649e+01,-4.357826832763020963e-01,1.364617729106285715e+01,1.390919051598097766e+01,1.386714296539889446e+01,1.386060139329090291e+01
1.385612738788422860e+01,1.385589654337091048e+01,1.385547582674328737e+01,1.385471502446187486e+01,-6.879681523258255993e+00,-1.768672887409968908e+01,-3.319733045940029825e-01,1.364823531647252430e+01,1.390896112658847983e+01,1.386709578971665557e+01,1.386058291761181849e+01
1.385612865122268822e+01,1.385589885260238674e+01,1.385548004231050889e+01,1.385472268823961883e+01,-6.663413273705618423e+00,-1.706117411388864014e+01,-6.052938600676682768e-02,1.365543073958783182e+01,1.390846003421701127e+01,1.386699021670891163e+01,1.386054135700598167e+01
1.385613165587519013e+01,1.385590434461438569e+01,1.385549006811216444e+01,1.385474091727382628e+01,1.385342025719639558e+01,-2.796182065201698208e+00,8.312253578870745230e-01,1.367995771201386646e+01,1.390766904198525289e+01,1.386703397004489879e+01,1.386055710756723869e+01
1.385613165181515427e+01,1.385590433907080765e+01,1.385549006471151579e+01,1.385474094822951940e+01,1.385342053020247022e+01,-5.602654289497139839e-01,1.696043932752245631e+00,1.371007728561109218e+01,1.390566488254319566e+01,1.386681778302518353e+01,1.386047083770239041e+01
1.385613879094721312e+01,1.385591739027382019e+01,1.385551389677842415e+01,1.385478431417015344e+01,1.385349856676411306e+01,2.382376465290158229e+00,4.621221881342768789e+00,1.376037930494465300e+01,1.390125700031283884e+01,1.386628286809885324e+01,1.386045537205315270e+01
1.385614210304446381e+01,1.385592344825330180e+01,1.385552497292315621e+01,1.385480454052350119e+01,1.385353535059651620e+01,6.671752583770204303e+00,8.341602088092365364e+00,1.380891279653629589e+01,1.389318363404240131e+01,1.386507338052110327e+01,1.386014491707148011e+01
1.385616427792464833e+01,1.385596398694197973e+01,1.385559899380535498e+01,1.385493917457962709e+01,1.385377717487234328e+01,1.055377088250042839e+01,1.149923089512528485e+01,1.384479546336819311e+01,1.388345218828792582e+01,1.386384262156148850e+01,1.385997801317356526e+01
1.385617881251464212e+01,1.385599056611893687e+01,1.385564755848436391e+01,1.385502765489625432e+01,1.385393681549727063e+01,1.258723823138073428e+01,1.299897710932686756e+01,1.385870044406170010e+01,1.387449570416496414e+01,1.386237735713661401e+01,1.385962320677035642e+01
1.385620684689354576e+01,1.385604183158228508e+01,1.385574122009706954e+01,1.385519823269078898e+01,1.385424416681444626e+01,1.341060576452413500e+01,1.356966240477664165e+01,1.386197677843289355e+01,1.386752862771010975e+01,1.386098311860010313e+01,1.385938284100445017e+01
