5.542535292169726091e+01,5.542512700341112009e+01,5.542471495848361940e+01,5.542396808598384439e+01,5.542264122258001180e+01,2.100673687294520064e+01,2.542885019814812608e+01,5.155638969732302002e+01,5.550626471723469990e+01,5.544026772880060605e+01,5.543054416272929075e+01
5.542518387544597402e+01,5.542481793974575055e+01,5.542415042095538524e+01,5.542293986342120604e+01,2.072526387379867430e+01,4.676561620338002712e+00,2.556926175965365644e+01,5.156554514482380114e+01,5.550608121648747328e+01,5.544023046669347110e+01,5.543053141332825362e+01
5.542518519771024188e+01,5.542482035724425060e+01,5.542415483714821534e+01,5.542294790860350417e+01,2.040307784070833819e+01,5.253922561016565851e+00,2.585236421270435159e+01,5.159969453555925156e+01,5.550650777814422554e+01,5.544030179381897483e+01,5.543055499744951931e+01
5.542518335662975915e+01,5.542481699049474031e+01,5.542414868793049720e+01,5.542293671705621705e+01,2.117216535228062568e+01,6.961414335890804495e+00,2.670273318073669699e+01,5.168965191408283744e+01,5.550664429354895901e+01,5.544031364474659540e+01,5.543055818866118045e+01
5.542518365980798478e+01,5.542481754441163133e+01,5.542414970011100195e+01,5.542293856866572810e+01,2.326633343741159266e+01,1.108439844009344455e+01,2.867627530855308748e+01,5.189961681321855735e+01,5.550613735827543849e+01,5.544018356973285222e+01,5.543051221157579533e+01
5.542518951229870083e+01,5.542482824583302659e+01,5.542416925102001102e+01,5.542297420047580658e+01,2.701476098343048093e+01,1.880302280329606646e+01,3.265239003255792483e+01,5.230203658154452029e+01,5.550453310351717562e+01,5.544004431236945152e+01,5.543046076815734580e+01
5.542519765481608829e+01,5.542484313433217835e+01,5.542419645781467352e+01,5.542302382221959078e+01,3.324633644546319999e+01,3.005368364272680637e+01,3.896683549572188099e+01,5.302761957311530949e+01,5.549772561699857931e+01,5.543943099929361296e+01,5.543025302033841939e+01
5.542521763501559917e+01,5.542487966450394765e+01,5.542426318611774150e+01,5.542314535621645177e+01,4.300605940523247739e+01,4.291618958799838879e+01,4.614114119307100026e+01,5.403660717186765083e+01,5.548491275194302830e+01,5.543799409172071790e+01,5.543014876792601342e+01
5.542522799367397113e+01,5.542489860807451407e+01,5.542429780611175971e+01,5.542320846952426905e+01,4.994940817432536306e+01,5.003175689008381255e+01,5.147440026518282252e+01,5.483256226014620438e+01,5.546876830112258006e+01,5.543592796782884591e+01,5.542976297248870310e+01
5.542526324559624129e+01,5.542496306912934045e+01,5.542441558152523129e+01,5.542342304665098141e+01,5.352487216053606289e+01,5.347337746679151849e+01,5.401917858227874092e+01,5.521754914564166938e+01,5.545486240909777109e+01,5.543401366492038562e+01,5.542935090180627355e+01
5.542530081764497396e+01,5.542503179100197030e+01,5.542454120311077759e+01,5.542365212390373586e+01,5.478747599586530725e+01,5.477387407432538424e+01,5.496171875127498652e+01,5.536579811132813944e+01,5.544253631499097423e+01,5.543182656626282068e+01,5.542886481281585986e+01
