1.385622978770524583e+01,1.385608374793784314e+01,1.385581769368629423e+01,1.385533719857334134e+01,1.385449380873852121e+01,-1.695449092814548564e+01,-4.756133235510080493e-01,1.364730712330948847e+01,1.390931474927731237e+01,1.386716654973394824e+01,1.386061045457773133e+01
1.385612689694672639e+01,1.385589564522506123e+01,1.385547418577725054e+01,1.385471203913267857e+01,-6.381794541548011956e+00,-1.787855028222454479e+01,-4.357826832672246908e-01,1.364617729108463351e+01,1.390919051604970313e+01,1.386714296561726378e+01,1.386060139398215973e+01
1.385612738788369924e+01,1.385589654337039534e+01,1.385547582674282197e+01,1.385471502446155867e+01,-6.879681523266949483e+00,-1.768672887412296646e+01,-3.319733045824835305e-01,1.364823531649419408e+01,1.390896112665707207e+01,1.386709578993458791e+01,1.386058291830169154e+01
1.385612865122216064e+01,1.385589885260187337e+01,1.385548004231004349e+01,1.385472268823930264e+01,-6.663413273714253293e+00,-1.706117411391543826e+01,-6.052938599441048950e-02,1.365543073960938614e+01,1.390846003428546496e+01,1.386699021692641054e+01,1.386054135769448870e+01
1.385613165587466256e+01,1.385590434461387233e+01,1.385549006811170081e+01,1.385474091727350832e+01,1.385342025719655190e+01,-2.796182065203383083e+00,8.312253579019994731e-01,1.367995771203563393e+01,1.390766904205357335e+01,1.386703397026196605e+01,1.386055710825437615e+01
1.385613165181463025e+01,1.385590433907029606e+01,1.385549006471105216e+01,1.385474094822920677e+01,1.385342053020262654e+01,-5.602654289561588286e-01,1.696043932758208861e+00,1.371007728563210648e+01,1.390566488261135980e+01,1.386681778324182623e+01,1.386047083838820626e+01
1.385613879094668732e+01,1.385591739027330860e+01,1.385551389677796053e+01,1.385478431416983724e+01,1.385349856676426938e+01,2.382376465290416689e+00,4.621221881350191296e+00,1.376037930496594974e+01,1.390125700038088752e+01,1.386628286831511048e+01,1.386045537273774642e+01
1.385614210304393978e+01,1.385592344825279199e+01,1.385552497292269436e+01,1.385480454052318677e+01,1.385353535059667074e+01,6.671752583768302713e+00,8.341602088098838408e+00,1.380891279655748427e+01,1.389318363411034163e+01,1.386507338073701945e+01,1.386014491775501689e+01
1.385616427792412608e+01,1.385596398694147169e+01,1.385559899380489313e+01,1.385493917457931268e+01,1.385377717487249782e+01,1.055377088250071793e+01,1.149923089513117702e+01,1.384479546338943656e+01,1.388345218835578621e+01,1.386384262177712756e+01,1.385997801385625294e+01
1.385617881251411987e+01,1.385599056611842883e+01,1.385564755848390206e+01,1.385502765489593990e+01,1.385393681549742162e+01,1.258723823138143416e+01,1.299897710933272421e+01,1.385870044408295954e+01,1.387449570423276590e+01,1.386237735735203458e+01,1.385962320745236909e+01
1.385620684689302351e+01,1.385604183158177705e+01,1.385574122009660769e+01,1.385519823269047279e+01,1.385424416681459903e+01,1.341060576452510311e+01,1.356966240478303831e+01,1.386197677845421161e+01,1.386752862777787954e+01,1.386098311881534784e+01,1.385938284168592105e+01
