9.797500687361631933e+00,9.797121666927637307e+00,9.796429898438145045e+00,9.795173146906538619e+00,-3.844455830797069495e+01,-3.673035619523740536e+01,-2.205284549590982479e+01,2.546250675930665341e+00,9.876169937797351750e+00,9.814220595690786197e+00,9.803195400088522860e+00
9.797336939047761817e+00,9.796822228542104938e+00,9.795882758683827518e+00,-3.821988112058726728e+01,-4.397861376119130483e+01,-3.788206647188438581e+01,-2.120114418770691245e+01,2.558877827421551121e+00,9.875200449399104130e+00,9.814130540180146411e+00,9.803171172324224969e+00
9.797336351625553164e+00,9.796821150693158842e+00,9.795880780864186121e+00,-3.933038795092809181e+01,-4.382551694513347940e+01,-3.776644472601246605e+01,-2.118712248966301104e+01,2.593396762605538974e+00,9.876720092405854245e+00,9.814411136935040858e+00,9.803259967003317144e+00
9.797326904064082242e+00,9.796803867271933086e+00,9.795849192874316103e+00,-3.896465944121955260e+01,-4.342945866282794753e+01,-3.747011808432268509e+01,-2.115587910336245514e+01,2.674400299926241065e+00,9.877298860045563345e+00,9.814523595122619071e+00,9.803295822399231696e+00
9.797322912036626974e+00,9.796796586129620010e+00,9.795835903402453582e+00,-3.793295747615661639e+01,-4.237221599034445774e+01,-3.662174592141175822e+01,-2.086522648348336517e+01,2.884267952546902603e+00,9.877419131582374945e+00,9.814503314875222983e+00,9.803287358429793485e+00
9.797325323470648328e+00,9.796801000186635022e+00,9.795843973245688119e+00,-3.643569178297596522e+01,-3.961426103457542780e+01,-3.432525362614792641e+01,-1.952957786549175268e+01,3.329403904544581128e+00,9.877442458920159041e+00,9.814308172891491822e+00,9.803216026628648549e+00
9.797339979564227974e+00,9.796827805198839556e+00,9.795892967947727570e+00,-1.413472135644418515e+01,-3.178350378742838700e+01,-2.904471326023366728e+01,-1.661157685331300726e+01,4.150946651499448414e+00,9.875622317536839390e+00,9.814077458640209528e+00,9.803127953721048726e+00
9.797360467704608666e+00,9.796865272420724580e+00,9.795961455715476163e+00,-9.009751621882049477e+00,-2.197541151998618858e+01,-1.890181948279094826e+01,-9.752523927307620966e+00,5.494685000303531908e+00,9.868697959388418539e+00,9.813264217622631236e+00,9.803065376988620017e+00
9.797369176015353176e+00,9.796881205041737317e+00,9.795990586640597186e+00,-1.489545252385042318e+00,-7.956315318138962311e+00,-6.311712900037184326e+00,-1.364397270476711554e+00,7.220696318682577441e+00,9.856666460005682140e+00,9.811927364947822028e+00,9.802816847687180868e+00
9.797397646751630162e+00,9.796933276391424528e+00,9.796085758146508837e+00,4.594882495118877586e+00,2.184574552828032701e+00,2.912779888190544675e+00,4.972915298721538591e+00,8.640979579054548054e+00,9.841379917565454605e+00,9.809796224757874938e+00,9.802449210296758864e+00
9.797442180265667488e+00,9.797014737043966193e+00,9.796234691885448598e+00,7.136041538658076888e+00,7.089851840244259407e+00,7.333693946400855701e+00,8.062530190280629228e+00,9.376294138961592139e+00,9.827627185340242377e+00,9.807609965603429458e+00,9.801975415513828338e+00
