1.385623572412864135e+01,1.385609463072622383e+01,1.385583760481867088e+01,1.385537351370112447e+01,1.385455949642023477e+01,-2.395983147862322937e+01,-3.871730968510147974e+00,1.365080222014901423e+01,1.390939963346017905e+01,1.386717895516459009e+01,1.386061491728048622e+01
1.385612694020123392e+01,1.385589575354570968e+01,1.385547441585799966e+01,1.385471250278894573e+01,-7.201290757515725005e+00,-2.461540919919681869e+01,-3.743940506476785224e+00,1.364812799862905734e+01,1.390893049858708608e+01,1.386708617596536541e+01,1.386057890004659754e+01
1.385612916424280172e+01,1.385589981944920623e+01,1.385548183895798502e+01,1.385472599596265653e+01,-3.152178290581211328e+01,-2.473831671532919430e+01,-3.640914923185208707e+00,1.365311040010059784e+01,1.390886865883310719e+01,1.386707053857083238e+01,1.386057253983027948e+01
1.385612978497482572e+01,1.385590095484091933e+01,1.385548391359701448e+01,1.385472977618702828e+01,1.385340037916583711e+01,-2.222976401232235233e+01,-3.301590206175220032e+00,1.366014646802065791e+01,1.390834585010368585e+01,1.386696211134901446e+01,1.386052999269103125e+01
1.385613275305760794e+01,1.385590637926041069e+01,1.385549381483242470e+01,1.385474777424025383e+01,1.385343266502584925e+01,-2.022776312527988196e+01,-2.447757226709774692e+00,1.367711220490771495e+01,1.390767254332882530e+01,1.386703534841267249e+01,1.386055770536233211e+01
1.385613159850396592e+01,1.385590426926062335e+01,1.385548996491644935e+01,1.385474079211906329e+01,1.385342026156292050e+01,-1.059474230751524804e+00,-2.064615171848416253e-01,1.372074215268397523e+01,1.390542428766449135e+01,1.386675778656330493e+01,1.386044666726262165e+01
1.385614100569764418e+01,1.385592146782551026e+01,1.385552137351391444e+01,1.385479795776051759e+01,1.385352318923278503e+01,-7.995261833784939043e+00,2.756908095109824153e+00,1.375754624206132348e+01,1.390149408800023778e+01,1.386633418341078539e+01,1.386047633400142587e+01
1.385614082498927679e+01,1.385592113998081842e+01,1.385552078748255411e+01,1.385479696152246376e+01,1.385352179628127089e+01,1.834896355394947776e+00,7.425024463949046805e+00,1.380759727224742228e+01,1.389385623592575669e+01,1.386522760287915190e+01,1.386021104146547955e+01
1.385616033505404943e+01,1.385595680786732231e+01,1.385558591842344711e+01,1.385491544655404184e+01,1.385373473026134228e+01,1.030411623298457968e+01,1.113644290001921888e+01,1.385160406491075236e+01,1.388404941038002427e+01,1.386376255690776205e+01,1.385993651802789550e+01
1.385618387431720677e+01,1.385599984868861512e+01,1.385566454178078644e+01,1.385505862005422983e+01,1.385399278603122042e+01,1.201316288349480743e+01,1.284406442529288128e+01,1.386176761874396846e+01,1.387542618544442874e+01,1.386245335086848129e+01,1.385966219485937678e+01
1.385620599057794422e+01,1.385604029398786352e+01,1.385573844367844565e+01,1.385519324631974136e+01,1.385423551129721176e+01,1.335067384160307924e+01,1.352439528405889035e+01,1.386393417732061017e+01,1.386817055796504761e+01,1.386122028970694586e+01,1.385933301245310645e+01
