1.385623621436969799e+01,1.385609552081008999e+01,1.385583924167977798e+01,1.385537660489137757e+01,1.385456575736913187e+01,-2.909679836372808381e+01,-4.559744333541798866e+00,1.365702220433949421e+01,1.390949868703595271e+01,1.386719264054954159e+01,1.386061975016187020e+01
1.385612702790512429e+01,1.385589590326823028e+01,1.385547468109323432e+01,1.385471298818584351e+01,-3.922501030072826467e+01,-3.033239887615915364e+01,-4.496033249416684363e+00,1.365487130710517683e+01,1.390873665711542984e+01,1.386704019920144582e+01,1.386056043561905149e+01
1.385613080433175526e+01,1.385590280818118813e+01,1.385548728997548906e+01,1.385473591763064150e+01,1.385341144178759976e+01,-2.824709135251941916e+01,-4.237803774800529943e+00,1.365791866799152743e+01,1.390850455693526655e+01,1.386699343763344494e+01,1.386054220887361055e+01
1.385613198727298467e+01,1.385590497135414978e+01,1.385549123986865006e+01,1.385474309952828165e+01,1.385342432289581893e+01,-2.698106817246177158e+01,-3.732346193707270388e+00,1.366557871930948309e+01,1.390805115011740334e+01,1.386712112839738609e+01,1.386059186872100923e+01
1.385612884787473575e+01,1.385589923171692739e+01,1.385548076041078147e+01,1.385472404776082911e+01,-3.334916031007473691e+01,-2.554229094948124157e+01,-2.823534152233322381e+00,1.368342683345301047e+01,1.390771265480780983e+01,1.386703621243191087e+01,1.386055744247980570e+01
1.385613209143039626e+01,1.385590515971675529e+01,1.385549158243295054e+01,1.385474373682106908e+01,1.385342561770194081e+01,-1.074999895116222515e+00,-1.825380153304951847e-01,1.372095784189693291e+01,1.390540302627646696e+01,1.386675488904828768e+01,1.386044569349165556e+01
1.385614095557116165e+01,1.385592136495920457e+01,1.385552117443462095e+01,1.385479758044949250e+01,1.385352246887209660e+01,-7.493950900045360797e+00,3.456322097127100257e+00,1.375818924307134594e+01,1.390107073900053791e+01,1.386624821483958669e+01,1.386044175915282928e+01
1.385614257030399088e+01,1.385592431771522470e+01,1.385552657466189785e+01,1.385480745273221181e+01,1.385354048220008849e+01,7.033987022755976426e+00,8.331524874765072752e+00,1.381584849344924493e+01,1.389286406065717472e+01,1.386520442130423092e+01,1.386020052724101248e+01
1.385616142671758055e+01,1.385595879272444897e+01,1.385558953587800701e+01,1.385492203388110610e+01,1.385374663541082185e+01,1.081386642149961475e+01,1.160884829653410755e+01,1.384875352070433152e+01,1.388225724167491926e+01,1.386349931176941297e+01,1.385981162268545930e+01
1.385619064384410137e+01,1.385601220931121524e+01,1.385568708938179583e+01,1.385509955471125210e+01,1.385406589606925820e+01,1.228891417635859362e+01,1.303299676621708159e+01,1.386355392870452263e+01,1.387410180277732330e+01,1.386220802027771271e+01,1.385952735818158743e+01
1.385621646830177056e+01,1.385605944048867144e+01,1.385577340234864785e+01,1.385525686081832575e+01,1.385434995942494396e+01,1.344268687610743029e+01,1.358859660898274768e+01,1.386436884038836936e+01,1.386717847421218508e+01,1.386098767090685868e+01,1.385937804982719967e+01
