1.385623053088874990e+01,1.385608514355537224e+01,1.385582027770724167e+01,1.385534192412767496e+01,1.385450226193118795e+01,-2.846878890956847385e+01,-4.529121686554686832e+00,1.365633965473352518e+01,1.390935673377329351e+01,1.386716439258648492e+01,1.386060875900865241e+01
1.385612773308858614e+01,1.385589721030669708e+01,1.385547708603539618e+01,1.385471737942533110e+01,-3.899067475899316548e+01,-3.026104448202525532e+01,-4.473147959394773387e+00,1.365475502634816607e+01,1.390869725264135681e+01,1.386703209031480100e+01,1.386055724863667038e+01
1.385613103810167424e+01,1.385590325369162734e+01,1.385548812206764069e+01,1.385473744948768626e+01,1.385341420729537276e+01,-2.802374694861853754e+01,-4.211107530850667580e+00,1.365816752226085029e+01,1.390849889972294839e+01,1.386699196696997127e+01,1.386054159577381029e+01
1.385613206466211089e+01,1.385590513111377220e+01,1.385549155036864377e+01,1.385474368339700568e+01,1.385342539036054532e+01,-2.673712873450846672e+01,-3.702857057151542897e+00,1.366595000780318792e+01,1.390803230103331600e+01,1.386711685401479244e+01,1.386059015721645693e+01
1.385612900038327666e+01,1.385589952844169837e+01,1.385548132077288130e+01,1.385472508591718466e+01,-3.326921052895933428e+01,-2.569476413915176849e+01,-2.832847174570498616e+00,1.368401971814205353e+01,1.390781653298747322e+01,1.386705650490252850e+01,1.386056525103015247e+01
1.385613167087861441e+01,1.385590440918814181e+01,1.385549023133518887e+01,1.385474130184816488e+01,1.385342128283528496e+01,-1.180477423532031445e+00,-2.112334061839415966e-01,1.372391800073013712e+01,1.390549953218558699e+01,1.386677022006385940e+01,1.386045124098033199e+01
1.385614093764037236e+01,1.385592135126392677e+01,1.385552117018660390e+01,1.385479760239463332e+01,1.385352259049335544e+01,-8.305066117759388078e+00,3.209874611763577690e+00,1.376004349045689779e+01,1.390128441663742365e+01,1.386628829295031196e+01,1.386045755837620774e+01
1.385614203913885056e+01,1.385592336747597386e+01,1.385552486223158652e+01,1.385480437449197844e+01,1.385353507499626780e+01,6.599601834003172129e+00,7.985969116759187969e+00,1.381531700336874025e+01,1.389372354138896171e+01,1.386518499146897909e+01,1.386019162042623876e+01
1.385616242353212257e+01,1.385596063450278592e+01,1.385559291771632573e+01,1.385492820618037868e+01,1.385375777267365649e+01,1.050562482268533770e+01,1.139639650835673912e+01,1.384724531034290251e+01,1.388351352042466047e+01,1.386385095006272472e+01,1.385998113987505675e+01
1.385617934651848060e+01,1.385599157886150401e+01,1.385564944806833410e+01,1.385503114875853470e+01,1.385394324122489351e+01,1.257878177051705038e+01,1.297555890590384031e+01,1.386155592008825010e+01,1.387443280915531751e+01,1.386232860944689982e+01,1.385959362723193067e+01
1.385621133549153861e+01,1.385605007269190914e+01,1.385575630906800626e+01,1.385522576097701020e+01,1.385429398583069727e+01,1.339637133529722135e+01,1.356241512919627468e+01,1.386186542829389623e+01,1.386747853522668095e+01,1.386096310137587651e+01,1.385936992357045838e+01
