5.542535787595711838e+01,5.542513607786298024e+01,5.542473157970086817e+01,5.542399857588151235e+01,5.542269746226691041e+01,2.051718043112595780e+01,2.658331440302815452e+01,5.368456289389669678e+01,5.550722006778015327e+01,5.543953959805707399e+01,5.543040298037571034e+01
5.542527342370205190e+01,5.542498172216394892e+01,5.542444990477988398e+01,5.542348713563120555e+01,7.572820309548145445e+00,1.120041739761912325e+01,2.641949883915282982e+01,5.364544166394050251e+01,5.550764921598664614e+01,5.543961183337694365e+01,5.543042770071673431e+01
5.542527165836612824e+01,5.542497849476245619e+01,5.542444401124895137e+01,5.542347641446252737e+01,8.862638079447986428e+00,1.131294440325273065e+01,2.658329427814567225e+01,5.364128834051295769e+01,5.550727831668615408e+01,5.543955583656142494e+01,5.543040897738698902e+01
5.542527265231304767e+01,5.542498031138377712e+01,5.542444732598016799e+01,5.542348243093178439e+01,9.598284398477549217e+00,1.208422581133848439e+01,2.700631170816524218e+01,5.363833745345473858e+01,5.550662724235245093e+01,5.543946339268913448e+01,5.543037852247728381e+01
5.542527390749346239e+01,5.542498260491798590e+01,5.542445150790422304e+01,5.542349000436015416e+01,1.133286832865912785e+01,1.413673034692806851e+01,2.830202754453470249e+01,5.189008307204646542e+01,5.550641380741569719e+01,5.544022693147572056e+01,5.543052638425096035e+01
5.542518856041503739e+01,5.542482651584906250e+01,5.542416610249590292e+01,5.542296848623320216e+01,2.679564030382108797e+01,1.903925414185723142e+01,3.181482425600870556e+01,5.230725795542829815e+01,5.550419121360032193e+01,5.543997974028295062e+01,5.543043901125255957e+01
5.542519968879435055e+01,5.542484686353442669e+01,5.542420327983443684e+01,5.542303625682881574e+01,3.390626788345259257e+01,2.833806509873699753e+01,3.754103915661102064e+01,5.306267316948944313e+01,5.549840581740838985e+01,5.543947799489117756e+01,5.543026377857184173e+01
5.542522049543165963e+01,5.542488490763899733e+01,5.542427278937520896e+01,5.542316295052278008e+01,4.171289485601572267e+01,4.124744045262311687e+01,4.494266321014022481e+01,5.401961921785714082e+01,5.548676876298104332e+01,5.543823338716778437e+01,5.543022653289303037e+01
5.542522856093541606e+01,5.542489966119589440e+01,5.542429977082619530e+01,5.542321224591864137e+01,4.904693918687775067e+01,4.903815116134461505e+01,5.079798819960419110e+01,5.480456076555695688e+01,5.547126580826288489e+01,5.543637866912354184e+01,5.542973197437652999e+01
5.542527366041436210e+01,5.542498212288055015e+01,5.542445041209533940e+01,5.542348662413436244e+01,5.309643534317148550e+01,5.307325301369944981e+01,5.374853822574638684e+01,5.520548946530442436e+01,5.545676011612925294e+01,5.543421551126653668e+01,5.542943099467335344e+01
5.542530110000654986e+01,5.542503231698764665e+01,5.542454218190646742e+01,5.542365402545718212e+01,5.463351933108283021e+01,5.462682442113981551e+01,5.486943961630453970e+01,5.536343785827592967e+01,5.544365707922686681e+01,5.543191451571626516e+01,5.542890037530391112e+01
