9.797496385208296132e+00,9.797114252659143929e+00,9.796416863205148928e+00,9.795150176340762016e+00,-4.926534853418935711e+01,-4.369800870306267626e+01,-2.453918346023460728e+01,2.547045655498095140e+00,9.874650851093717208e+00,9.814254176716923794e+00,9.803211446658332662e+00
9.797331708284762186e+00,9.796813062895317614e+00,9.795866432874799301e+00,-4.740281419856763989e+01,-4.848200090332326795e+01,-4.390356383203425850e+01,-2.432192172085095905e+01,2.563782600103538645e+00,9.874721992798148662e+00,9.814259671231392090e+00,9.803212801679206834e+00
9.797331824501064546e+00,9.796813257645576201e+00,9.795866776061096459e+00,-5.252347629169241117e+01,-5.098725750943238211e+01,-4.382558489574138605e+01,-2.420081200664120047e+01,2.599115324635066226e+00,9.876438769407938523e+00,9.814375625493880761e+00,9.803249642688662391e+00
9.797327786250223269e+00,9.796805870972931984e+00,9.795853271120620320e+00,-5.050559716850879965e+01,-5.065615353663583420e+01,-4.359568659091093679e+01,-2.433212751719998224e+01,2.680572586419816439e+00,9.877231220234863329e+00,9.814534809229844114e+00,9.803300642643600682e+00
9.797321909996671963e+00,9.796795133064440719e+00,9.795833655194469358e+00,-5.174157502753654114e+01,-4.984214888762700468e+01,-4.296577921508418996e+01,-2.417621975607892892e+01,2.872601862858664923e+00,9.878092053980195075e+00,9.814346726953068867e+00,9.803234422488195321e+00
9.797333902488450263e+00,9.796817074520294710e+00,9.795873760510788841e+00,-1.734755754373590975e+01,-4.762421252550338124e+01,-4.117346205795898584e+01,-2.313560892634311728e+01,3.242126533466663130e+00,9.878166289017217494e+00,9.814369616313552314e+00,9.803232126256293810e+00
9.797341206005109271e+00,9.796830439307612437e+00,9.795898204087080785e+00,-1.453053747014821440e+01,-4.212167262378407884e+01,-3.654646815186607967e+01,-2.048609281360259615e+01,3.934585056103908851e+00,9.876872897480884816e+00,9.814035536352541556e+00,9.803111739821103399e+00
9.797364838516532615e+00,9.796873659471092566e+00,9.795977201780644350e+00,-1.027519243815422101e+01,-3.081528473496837606e+01,-2.655304444388467999e+01,-1.420863184258451639e+01,5.118130710887379919e+00,9.872187132299160339e+00,9.813464854134162252e+00,9.803118001421267991e+00
9.797374022728007503e+00,9.796890467894126431e+00,9.796007958399448157e+00,-3.894034170213876322e+00,-1.462127925286212360e+01,-1.220799913530374958e+01,-4.950767174708779805e+00,6.796037338004000006e+00,9.861664052920174228e+00,9.812167184117731367e+00,9.802878093748180532e+00
9.797407234498491491e+00,9.796951216465503265e+00,9.796118997504498438e+00,-1.477998468873318316e+00,-1.318469075899351139e+00,-1.713201719561752157e-01,3.068478384210193255e+00,8.364708385097310739e+00,9.846541990874877470e+00,9.810288037918034831e+00,9.802410329501963560e+00
9.797463104540767631e+00,9.797053409376209387e+00,9.796305782514831861e+00,9.794948007586171457e+00,5.768411916617441904e+00,6.132798692656811212e+00,7.309821642295942112e+00,9.260445747606425471e+00,9.831772093220335407e+00,9.808103994239459666e+00,9.802159023328460563e+00
