1.385623053088889023e+01,1.385608514355549836e+01,1.385582027770732516e+01,1.385534192412762522e+01,1.385450226193071543e+01,-2.846878890948753238e+01,-4.529121686560874771e+00,1.365633965471424105e+01,1.390935673371158998e+01,1.386716439239109100e+01,1.386060875839076090e+01
1.385612773308872647e+01,1.385589721030682497e+01,1.385547708603548145e+01,1.385471737942528137e+01,-3.899067475893266277e+01,-3.026104448204901232e+01,-4.473147959400163742e+00,1.365475502632889970e+01,1.390869725257975453e+01,1.386703209011973925e+01,1.386055724801983224e+01
1.385613103810181279e+01,1.385590325369175346e+01,1.385548812206772595e+01,1.385473744948763652e+01,1.385341420729490203e+01,-2.802374694858749749e+01,-4.211107530854874881e+00,1.365816752224176511e+01,1.390849889966145270e+01,1.386699196677523993e+01,1.386054159515801487e+01
1.385613206466224767e+01,1.385590513111389832e+01,1.385549155036873081e+01,1.385474368339695594e+01,1.385342539036007636e+01,-2.673712873443721350e+01,-3.702857057157785903e+00,1.366595000778434432e+01,1.390803230097192689e+01,1.386711685382038795e+01,1.386059015660168825e+01
1.385612900038341877e+01,1.385589952844182449e+01,1.385548132077296657e+01,1.385472508591713670e+01,-3.326921052885687402e+01,-2.569476413917607260e+01,-2.832847174574470550e+00,1.368401971812287243e+01,1.390781653292617825e+01,1.386705650470844375e+01,1.386056525041640164e+01
1.385613167087875475e+01,1.385590440918826971e+01,1.385549023133527413e+01,1.385474130184811870e+01,1.385342128283481600e+01,-1.180477423539446402e+00,-2.112334061852445544e-01,1.372391800071124024e+01,1.390549953212440037e+01,1.386677021987009439e+01,1.386045124036759013e+01
1.385614093764051091e+01,1.385592135126405466e+01,1.385552117018668739e+01,1.385479760239458535e+01,1.385352259049288648e+01,-8.305066117726818575e+00,3.209874611758392504e+00,1.376004349043818742e+01,1.390128441657633829e+01,1.386628829275683827e+01,1.386045755776436650e+01
1.385614203913898734e+01,1.385592336747609998e+01,1.385552486223166824e+01,1.385480437449193047e+01,1.385353507499580061e+01,6.599601833995869526e+00,7.985969116754318087e+00,1.381531700334982382e+01,1.389372354132795628e+01,1.386518499127576121e+01,1.386019161981519687e+01
1.385616242353226113e+01,1.385596063450291382e+01,1.385559291771641099e+01,1.385492820618032894e+01,1.385375777267319108e+01,1.050562482268346542e+01,1.139639650834918783e+01,1.384724531032386352e+01,1.388351352036373143e+01,1.386385094986972000e+01,1.385998113926465436e+01
1.385617934651861916e+01,1.385599157886163013e+01,1.385564944806841581e+01,1.385503114875848496e+01,1.385394324122442811e+01,1.257878177051587620e+01,1.297555890589745964e+01,1.386155592006924664e+01,1.387443280909443999e+01,1.386232860925405674e+01,1.385959362662203276e+01
1.385621133549167538e+01,1.385605007269203526e+01,1.385575630906808797e+01,1.385522576097696046e+01,1.385429398583023186e+01,1.339637133529508262e+01,1.356241512919007874e+01,1.386186542827487678e+01,1.386747853516585671e+01,1.386096310118317732e+01,1.385936992296096726e+01
