1.385623621437476594e+01,1.385609552081474583e+01,1.385583924168312997e+01,1.385537660489060841e+01,1.385456575735532425e+01,-2.909679836367199712e+01,-4.559744333726420074e+00,1.365702220374270226e+01,1.390949868513906651e+01,1.386719263454497053e+01,1.386061973118903623e+01
1.385612702791018513e+01,1.385589590327287901e+01,1.385547468109658453e+01,1.385471298818508679e+01,-3.922501029849301091e+01,-3.033239887669378732e+01,-4.496033249622674255e+00,1.365487130651368552e+01,1.390873665522732239e+01,1.386704019322471204e+01,1.386056041673411698e+01
1.385613080433679301e+01,1.385590280818581554e+01,1.385548728997882684e+01,1.385473591762989365e+01,1.385341144177393424e+01,-2.824709135111190506e+01,-4.237803774960594794e+00,1.365791866740912219e+01,1.390850455505594674e+01,1.386699343168413456e+01,1.386054219007522192e+01
1.385613198727799045e+01,1.385590497135874877e+01,1.385549123987196118e+01,1.385474309952752670e+01,1.385342432288220316e+01,-2.698106817045570693e+01,-3.732346193964929171e+00,1.366557871873562036e+01,1.390805114824660293e+01,1.386712112247496620e+01,1.386059185000752514e+01
1.385612884787972732e+01,1.385589923172151217e+01,1.385548076041408905e+01,1.385472404776008837e+01,-3.334916030767712414e+01,-2.554229094975302061e+01,-2.823534152349601811e+00,1.368342683286901895e+01,1.390771265294528014e+01,1.386703620653607416e+01,1.386055742385027045e+01
1.385613209143537716e+01,1.385590515972133296e+01,1.385549158243625456e+01,1.385474373682034255e+01,1.385342561768847425e+01,-1.074999895339272538e+00,-1.825380153943925166e-01,1.372095784132354268e+01,1.390540302442249398e+01,1.386675488317857052e+01,1.386044567494443847e+01
1.385614095557612124e+01,1.385592136496376447e+01,1.385552117443791431e+01,1.385479758044876952e+01,1.385352246885868688e+01,-7.493950899287392886e+00,3.456322096931350174e+00,1.375818924249155017e+01,1.390107073715386576e+01,1.386624820899334054e+01,1.386044174067888157e+01
1.385614257030893270e+01,1.385592431771976507e+01,1.385552657466517701e+01,1.385480745273149239e+01,1.385354048218673384e+01,7.033987022695709967e+00,8.331524874585193530e+00,1.381584849287333938e+01,1.389286405881722430e+01,1.386520441547858518e+01,1.386020050883114152e+01
1.385616142672250461e+01,1.385595879272897335e+01,1.385558953588127551e+01,1.385492203388039023e+01,1.385374663539751339e+01,1.081386642144896193e+01,1.160884829635585191e+01,1.384875352012766037e+01,1.388225723984029081e+01,1.386349930596049340e+01,1.385981160432666925e+01
1.385619064384900412e+01,1.385601220931572186e+01,1.385568708938504656e+01,1.385509955471053267e+01,1.385406589605598171e+01,1.228891417634450534e+01,1.303299676603758428e+01,1.386355392813026910e+01,1.387410180094718370e+01,1.386220801448228990e+01,1.385952733986360030e+01
1.385621646830665732e+01,1.385605944049316207e+01,1.385577340235188970e+01,1.385525686081760455e+01,1.385434995941169767e+01,1.344268687605076629e+01,1.358859660880467146e+01,1.386436883981458656e+01,1.386717847238569412e+01,1.386098766512246883e+01,1.385937803154140013e+01
