9.797504710867874778e+00,9.797129265922613683e+00,9.796444066736226475e+00,9.795199475023840918e+00,-4.547963459973340861e+01,-4.260758422643655763e+01,-2.584737317319718741e+01,2.551591858491267129e+00,9.876185378692659000e+00,9.814167531786118559e+00,9.803175996299520634e+00
9.797341087395613712e+00,9.796829929238423773e+00,9.795896964265429219e+00,-5.695582348220715119e+01,-5.422191216353230203e+01,-4.611804890797945689e+01,-2.580038876562020889e+01,2.566412520855508639e+00,9.876166794714768216e+00,9.814147258406409335e+00,9.803168767452804744e+00
9.797342466260310800e+00,9.796832467915812970e+00,9.795901627477215712e+00,-5.661930108030126263e+01,-5.390848363376731811e+01,-4.589686836182684715e+01,-2.570397709042368461e+01,2.601902337525187736e+00,9.877475631841553749e+00,9.814443125079094443e+00,9.803265004654642567e+00
9.797330321954817123e+00,9.796810275129679724e+00,9.795861085401091017e+00,-5.576468101301504277e+01,-5.312916698427614648e+01,-4.533644921414941820e+01,-2.547166556025825201e+01,2.682932570904604130e+00,9.878199000266516094e+00,9.814346631834112600e+00,9.803233404195726308e+00
9.797334501770984971e+00,9.796817960332846908e+00,9.795875162363623545e+00,-5.384060640679354037e+01,-5.135945137206580569e+01,-4.396560010952062925e+01,-2.488709215881207371e+01,2.866410785531414707e+00,9.878799239415135602e+00,9.814330202811577308e+00,9.803222157327780906e+00
9.797340192718198892e+00,9.796828397388791743e+00,9.795894268023024765e+00,-1.832565808808828578e+01,-4.778079348619733224e+01,-4.115255180608420460e+01,-2.337671679191140583e+01,3.236612700414661870e+00,9.878870010256315837e+00,9.814374825287700332e+00,9.803227737344343495e+00
9.797345933163269294e+00,9.796838913122302372e+00,9.795913512611344132e+00,-1.507656009656957785e+01,-4.071468092529428873e+01,-3.527333866928260875e+01,-1.978571187167085910e+01,3.957041179502192030e+00,9.876784826612588830e+00,9.813991167455988318e+00,9.803096294966463731e+00
9.797367302601294625e+00,9.796877988095232581e+00,9.795984923234779984e+00,-9.962525806059971956e+00,-2.805570226641012965e+01,-2.422309534756857374e+01,-1.277560255470268480e+01,5.237542361749569331e+00,9.871076534821753512e+00,9.813309365476950319e+00,9.803069801084660639e+00
9.797376693785633250e+00,9.796895171150284298e+00,9.796016351331804373e+00,-2.939816964940641597e+00,-1.206766003833602063e+01,-9.796726531088138401e+00,-3.427381932208736437e+00,6.994563197412640321e+00,9.859667731855504158e+00,9.812037585139055551e+00,9.802837712575023232e+00
9.797408254259986293e+00,9.796952895087029489e+00,9.796121861473729098e+00,1.547889963319013518e-01,3.188746814897509552e-01,1.273136158014159136e+00,3.952271703854711493e+00,8.516102337810115941e+00,9.844335240351286487e+00,9.810022737116138813e+00,9.802516969745761699e+00
9.797447922589878289e+00,9.797025460931200413e+00,9.796254533392781738e+00,6.325414054342514802e+00,6.384258151567445694e+00,6.723289249618316532e+00,7.675207293174422851e+00,9.329875554155686146e+00,9.830022997222306103e+00,9.807851469136485534e+00,9.802057962493208265e+00
