9.797505869833788239e+00,9.797131384454329961e+00,9.796447920837321632e+00,9.795206369395557999e+00,-5.585062743488251868e+01,-4.795394391728081018e+01,-2.610124793018347233e+01,2.557070096964736194e+00,9.875424961386709555e+00,9.814334475101508914e+00,9.803233687766740090e+00
9.797331477001270272e+00,9.796812463826331197e+00,9.795865154868515390e+00,-5.737167737924528410e+01,-5.586557000792628713e+01,-4.766168112053151162e+01,-2.600840927394484936e+01,2.570628053674753666e+00,9.875627501330660252e+00,9.814299330469282268e+00,9.803219072647715748e+00
9.797335602635019569e+00,9.796819997358230836e+00,9.795878918640697819e+00,-5.701833489366433838e+01,-5.556095210919349370e+01,-4.783449950182601640e+01,-2.591773017943542357e+01,2.607962514017667655e+00,9.877264804272767762e+00,9.814434952344250007e+00,9.803263901447506257e+00
9.797329416493671062e+00,9.796808688086608541e+00,9.795858248174040384e+00,-5.756876417938291013e+01,-5.568967915808511293e+01,-4.732440451057320274e+01,-2.571394271186291647e+01,2.689379631413236105e+00,9.877828400391122088e+00,9.814548081953658354e+00,9.803300134270358512e+00
9.797325254461869193e+00,9.796801087577655665e+00,9.795844366380089596e+00,-5.591713539921363463e+01,-5.402637109439508833e+01,-4.599869850888519807e+01,-2.515572510450544996e+01,2.880779730633297842e+00,9.878455074632080724e+00,9.814558109204343239e+00,9.803298223622398666e+00
9.797329220138813355e+00,9.796808349110751379e+00,9.795857648868770085e+00,-1.810752643218028268e+01,-4.953082852989835061e+01,-4.270248264618209788e+01,-2.365650055422063502e+01,3.252689507963749005e+00,9.878619238396051827e+00,9.814390093378175806e+00,9.803235528945842603e+00
9.797342917255338790e+00,9.796833397071951666e+00,9.795903429986172029e+00,-1.496993944422610312e+01,-4.159503481044559692e+01,-3.584348667575839897e+01,-1.967644143441432192e+01,3.974921142963296017e+00,9.876348680251831880e+00,9.814008297451993101e+00,9.803106462208347693e+00
9.797362711435306792e+00,9.796869591029993884e+00,9.795969573646754469e+00,-9.504891662702005917e+00,-2.788292338081610922e+01,-2.395098358339962985e+01,-1.250398579685509937e+01,5.266792583684890339e+00,9.870419985331464474e+00,9.813310101605045688e+00,9.803076503501328531e+00
9.797371198257028624e+00,9.796885114812750928e+00,9.795997960841468455e+00,-2.380047221640978705e+00,-1.145193826645106228e+01,-9.394794013320300508e+00,-3.133388061241051403e+00,7.023915241833755374e+00,9.858454530714423569e+00,9.812016257587824697e+00,9.802842880566153383e+00
9.797398458920534736e+00,9.796934973093238241e+00,9.796089086142071523e+00,4.108692346732915723e+00,5.711648529132133945e-01,1.514862512807016337e+00,4.155488990130404403e+00,8.535519103392877227e+00,9.843286006584337500e+00,9.809988699757832720e+00,9.802517106172338401e+00
9.797438372076570090e+00,9.797007997038605254e+00,9.796222610727037150e+00,6.428803057244919295e+00,6.484200800766522832e+00,6.816449129676713348e+00,7.749499250071206546e+00,9.337305408509635640e+00,9.828976354012510797e+00,9.807668859734503641e+00,9.801990860341742717e+00
