9.797494704128199672e+00,9.797110709381719573e+00,9.796409865813908269e+00,9.795136618571179454e+00,-5.504250748138126426e+01,-4.789829019477213023e+01,-2.559838274867807328e+01,2.552276478958036332e+00,9.874554781070681742e+00,9.814297324018951940e+00,9.803227906151889215e+00
9.797327403347427577e+00,9.796804783115169002e+00,9.795850869883720335e+00,-5.238473557477693987e+01,-5.467744408535171630e+01,-4.816086485174462695e+01,-2.553067974176023824e+01,2.569142527149581134e+00,9.874903258145071305e+00,9.814117630021275573e+00,9.803169089733273722e+00
9.797335069338176439e+00,9.796818786122676315e+00,9.795876442209916490e+00,-5.417093048450272619e+01,-5.490637835190414506e+01,-4.798500745372287213e+01,-2.549358729259449774e+01,2.604449297805175423e+00,9.876164977496836528e+00,9.814376066366412132e+00,9.803252093507602183e+00
9.797325344824852067e+00,9.796801007537469630e+00,9.795843957513543643e+00,-1.955375136297337946e+01,-5.303044438163131247e+01,-4.684292400320190097e+01,-2.512250862153134534e+01,2.684649514880648624e+00,9.876759999946079560e+00,9.814477372310204117e+00,9.803283753783189169e+00
9.797322276165788324e+00,9.796795398134126032e+00,9.795833709923551069e+00,-1.898331844866784124e+01,-5.040356836201605972e+01,-4.496449680829589823e+01,-2.463542536540581196e+01,2.899918040414907416e+00,9.877592303402193963e+00,9.814471004357402606e+00,9.803274053061418414e+00
9.797328983565810390e+00,9.796807661974305859e+00,9.795856126759172611e+00,-1.750547140406133906e+01,-4.809436111864516761e+01,-4.159542778160424348e+01,-2.237406926770013627e+01,3.320931962714869012e+00,9.877309410028409786e+00,9.814229420855877351e+00,9.803188488883275653e+00
9.797344807957671264e+00,9.796836607076537362e+00,9.795909034290470885e+00,-1.353886558050091793e+01,-3.644629958227901056e+01,-3.261174074617661489e+01,-1.769683441263475032e+01,4.134685667462809633e+00,9.875329713622242878e+00,9.813982830681817759e+00,9.803096113672259193e+00
9.797365212295266801e+00,9.796873912468454293e+00,9.795977215590182752e+00,-8.684382136306211919e+00,-2.265120744795236618e+01,-1.929449784087421449e+01,-9.455163456179121795e+00,5.490351643561854900e+00,9.868852324386995889e+00,9.813208550282679354e+00,9.803042720582254788e+00
9.797374738407066630e+00,9.796891340086441247e+00,9.796009084677184120e+00,-1.303560739346295350e+00,-7.158670070656551587e+00,-5.487526095773583634e+00,-6.234158979346009488e-01,7.268472719279728267e+00,9.855985978778708301e+00,9.811722766449612720e+00,9.802743660233865342e+00
9.797407556322294653e+00,9.796951356761731233e+00,9.796118765451065968e+00,4.899992938954163435e+00,2.853844361277285469e+00,3.511599160458354518e+00,5.439144880401842741e+00,8.694822873199138158e+00,9.840450847856086369e+00,9.809777867691860109e+00,9.802442823149743134e+00
9.797442461922452495e+00,9.797015226812915145e+00,9.796235576105228660e+00,8.010322610714567304e+00,7.357349169794604293e+00,7.589333146293326671e+00,8.253665495014049114e+00,9.404405244250446216e+00,9.826502530254883183e+00,9.807251796259318866e+00,9.802023839366849955e+00
