9.797494704130292220e+00,9.797110709383753502e+00,9.796409865815759233e+00,9.795136618572456655e+00,-5.504250748135692817e+01,-4.789829019463023485e+01,-2.559838274859190221e+01,2.552276478876071231e+00,9.874554780807374144e+00,9.814297323182682220e+00,9.803227903503751506e+00
9.797327403349537889e+00,9.796804783117218918e+00,9.795850869885589063e+00,-5.238473558965379340e+01,-5.467744408680267298e+01,-4.816086485180180432e+01,-2.553067974147085550e+01,2.569142527074363969e+00,9.874903257882330365e+00,9.814117629186034364e+00,9.803169087088248190e+00
9.797335069340261882e+00,9.796818786124701361e+00,9.795876442211756796e+00,-5.417093052249598628e+01,-5.490637833397077117e+01,-4.798500745349408447e+01,-2.549358729046790728e+01,2.604449297307580125e+00,9.876164977211068674e+00,9.814376065529273774e+00,9.803252090864855717e+00
9.797325344826978366e+00,9.796801007539571060e+00,9.795843957515520728e+00,-1.955375136057976349e+01,-5.303044444214975783e+01,-4.684292398353509412e+01,-2.512250862502573057e+01,2.684649514732815767e+00,9.876759999686209213e+00,9.814477371477027035e+00,9.803283751144409308e+00
9.797322276167896860e+00,9.796795398136186606e+00,9.795833709925444666e+00,-1.898331845787671668e+01,-5.040356831732992759e+01,-4.496449680527073411e+01,-2.463542536169564201e+01,2.899918040429241284e+00,9.877592303144691499e+00,9.814471003525389037e+00,9.803274050425804020e+00
9.797328983567918925e+00,9.796807661976368209e+00,9.795856126761075089e+00,-1.750547141143194807e+01,-4.809436113456433759e+01,-4.159542778574143540e+01,-2.237406926755572556e+01,3.320931962697360795e+00,9.877309409768697535e+00,9.814229420024744854e+00,9.803188486250702383e+00
9.797344807959767365e+00,9.796836607078574843e+00,9.795909034292325401e+00,-1.353886558122746742e+01,-3.644629958876678444e+01,-3.261174074533251144e+01,-1.769683441196971785e+01,4.134685667376910345e+00,9.875329713359107586e+00,9.813982829851157774e+00,9.803096111042512106e+00
9.797365212297361126e+00,9.796873912470495327e+00,9.795977215592051479e+00,-8.684382135542765724e+00,-2.265120745633045374e+01,-1.929449784108825128e+01,-9.455163456018670587e+00,5.490351643488494915e+00,9.868852324125615638e+00,9.813208549453070972e+00,9.803042717955262830e+00
9.797374738409153849e+00,9.796891340088471622e+00,9.796009084679036860e+00,-1.303560739159150828e+00,-7.158670070808991426e+00,-5.487526095793668901e+00,-6.234158978932597961e-01,7.268472719195758991e+00,9.855985978517528778e+00,9.811722765620737974e+00,9.802743657609203964e+00
9.797407556324371214e+00,9.796951356763752727e+00,9.796118765452911603e+00,4.899992939020123117e+00,2.853844360502821864e+00,3.511599160516117202e+00,5.439144880382232650e+00,8.694822873111688111e+00,9.840450847595462847e+00,9.809777866863651496e+00,9.802442820526989564e+00
9.797442461924523727e+00,9.797015226814929534e+00,9.796235576107063636e+00,8.010322610716048786e+00,7.357349169756702167e+00,7.589333146287492227e+00,8.253665494990553242e+00,9.404405244169488753e+00,9.826502529994566970e+00,9.807251795431630725e+00,9.802023836745609842e+00
