9.797494704104872554e+00,9.797110709359033720e+00,9.796409865793236804e+00,9.795136618556878005e+00,-5.504250748094236911e+01,-4.789829019649504716e+01,-2.559838274949259329e+01,2.552276479869085346e+00,9.874554783977202987e+00,9.814297333244489607e+00,9.803227935329161369e+00
9.797327403324029405e+00,9.796804783092399660e+00,9.795850869862949395e+00,-5.238473540252464744e+01,-5.467744406966660620e+01,-4.816086485110666615e+01,-2.553067974524325123e+01,2.569142527975044832e+00,9.874903261033272983e+00,9.814117639194389398e+00,9.803169118746168920e+00
9.797335069315142420e+00,9.796818786100287113e+00,9.795876442189547006e+00,-5.417093005365243386e+01,-5.490637855228976605e+01,-4.798500745628972908e+01,-2.549358731644012011e+01,2.604449303362024626e+00,9.876164980630187884e+00,9.814376075519993137e+00,9.803252122366178156e+00
9.797325344801429026e+00,9.796801007514320148e+00,9.795843957491738863e+00,-1.955375138977368721e+01,-5.303044370422146159e+01,-4.684292422194175742e+01,-2.512250858253843333e+01,2.684649516512090273e+00,9.876760002777894343e+00,9.814477381379523635e+00,9.803283782470980867e+00
9.797322276142651276e+00,9.796795398111525444e+00,9.795833709902762365e+00,-1.898331834651063588e+01,-5.040356885626071914e+01,-4.496449684109673939e+01,-2.463542540673388004e+01,2.899918040225148097e+00,9.877592306195467131e+00,9.814471013373845310e+00,9.803274081587822764e+00
9.797328983542774594e+00,9.796807661951769219e+00,9.795856126738364367e+00,-1.750547132237724668e+01,-4.809436094430952124e+01,-4.159542773526538184e+01,-2.237406926923902972e+01,3.320931962876686239e+00,9.877309412832641300e+00,9.814229429823628337e+00,9.803188517253616396e+00
9.797344807934885935e+00,9.796836607054375534e+00,9.795909034270280813e+00,-1.353886557245216338e+01,-3.644629950448485545e+01,-3.261174075581358522e+01,-1.769683441999839602e+01,4.134685668412268811e+00,9.875329716452977635e+00,9.813982839607051645e+00,9.803096141893465898e+00
9.797365212272589829e+00,9.796873912446345756e+00,9.795977215569919849e+00,-8.684382144765741884e+00,-2.265120735932439544e+01,-1.929449783846555988e+01,-9.455163457877555189e+00,5.490351644343872906e+00,9.868852327186866447e+00,9.813208559162172051e+00,9.803042748666504380e+00
9.797374738384570847e+00,9.796891340064538767e+00,9.796009084657168131e+00,-1.303560741343764207e+00,-7.158670069364090338e+00,-5.487526095530158798e+00,-6.234158983498252482e-01,7.268472720174905533e+00,9.855985981566684373e+00,9.811722775291721987e+00,9.802743688201038808e+00
9.797407556299965847e+00,9.796951356739993955e+00,9.796118765431216957e+00,4.899992938275511634e+00,2.853844369395031944e+00,3.511599159859283059e+00,5.439144880615511823e+00,8.694822874129341628e+00,9.840450850630361401e+00,9.809777876502712601e+00,9.802442851022261650e+00
9.797442461900265798e+00,9.797015226791332410e+00,9.796235576085551955e+00,8.010322610706158031e+00,7.357349170194970256e+00,7.589333146355867754e+00,8.253665495263753371e+00,9.404405245110584843e+00,9.826502533019590757e+00,9.807251805045138937e+00,9.802023867164653126e+00
