5.542533819114700577e+01,5.542510017948453793e+01,5.542466609498424646e+01,5.542387936369583912e+01,1.972097567972258503e+01,6.908039728526070178e+00,2.884952115984593490e+01,5.156530268597409616e+01,5.550568716429879856e+01,5.544015325565462149e+01,5.543050518129663118e+01
5.542518788980073907e+01,5.542482537270105070e+01,5.542416409715441006e+01,5.542296487352894019e+01,2.055185588583810485e+01,7.119263291198741683e+00,2.884152567062166383e+01,5.157535800731619702e+01,5.550545794091947016e+01,5.544011318636930241e+01,5.543049182355890991e+01
5.542518901737368253e+01,5.542482743556189462e+01,5.542416786608457357e+01,5.542297173650888453e+01,2.050896383462997363e+01,7.311026394933691108e+00,2.895944160929912670e+01,5.161058447588717968e+01,5.550598461226746849e+01,5.544020425692262677e+01,5.543052212194700701e+01
5.542518650786233536e+01,5.542482284638646206e+01,5.542415948293334083e+01,5.542295647287222948e+01,2.105737773766534815e+01,8.276660516678038704e+00,2.943473991176698235e+01,5.170224553328907291e+01,5.550636448457528616e+01,5.544025739256532148e+01,5.543053900191945615e+01
5.542518571303921249e+01,5.542482139181443301e+01,5.542415682607128957e+01,5.542295164571767430e+01,2.325381057530504592e+01,1.055069825191329613e+01,3.036667677830097745e+01,5.191116361312366934e+01,5.550631729241945322e+01,5.544020128894440091e+01,5.543051729656139770e+01
5.542518981673829614e+01,5.542482889658708700e+01,5.542417054000956966e+01,5.542297665922410488e+01,2.691464482489136145e+01,1.577253815810962934e+01,3.273152004187254249e+01,5.229698155495672296e+01,5.550485472112249141e+01,5.544008287153599213e+01,5.543047250503723689e+01
5.542519762486297452e+01,5.542484317391041770e+01,5.542419663149618714e+01,5.542302425688725975e+01,3.293793161858431517e+01,2.576184890580606890e+01,3.766041964665107145e+01,5.302522733273104905e+01,5.549832548230797613e+01,5.543929191330408912e+01,5.543040592648594611e+01
5.542520535058943665e+01,5.542485730126229271e+01,5.542422244686743937e+01,5.542307132088343025e+01,4.278646506394898807e+01,3.807507858263909384e+01,4.458578543280046347e+01,5.403868200791276877e+01,5.548562704118198496e+01,5.543809022636706629e+01,5.543018046134220356e+01
5.542522793871309261e+01,5.542489860458506001e+01,5.542429790959639746e+01,5.542320882226438528e+01,4.984753241036410998e+01,4.769532343808132424e+01,5.052250801155312843e+01,5.483957622260440701e+01,5.547011744382700726e+01,5.543611765358474486e+01,5.542982952521106199e+01
5.542526482273420640e+01,5.542496605565656864e+01,5.542442116483536552e+01,5.542343348564341454e+01,5.322799570734043328e+01,5.260985166381335887e+01,5.362893019495336944e+01,5.522305834110441936e+01,5.545640848244580923e+01,5.543405364734719853e+01,5.542935399425019227e+01
5.542531179871050995e+01,5.542505196835625014e+01,5.542457817487242266e+01,5.542371971433249200e+01,5.463844511343018695e+01,5.449057328903244013e+01,5.482853550290573708e+01,5.536034654359620788e+01,5.544512222896840115e+01,5.543226363205167218e+01,5.542908795506885866e+01
