5.542534425865736125e+01,5.542511115569456592e+01,5.542468598323347351e+01,5.542391516889843928e+01,1.740188092884871196e+01,1.100356423776019987e+01,2.649706095094612124e+01,5.358288011062742839e+01,5.550690069829101247e+01,5.543951896004999469e+01,5.543039821548155999e+01
5.542527196928040212e+01,5.542497905956651039e+01,5.542444503093264530e+01,5.542347820558608618e+01,7.627991286062137277e+00,2.828887499834550567e+00,2.546020665250438242e+01,5.157536083876328803e+01,5.550648808119305500e+01,5.544029740581172661e+01,5.543055348039077046e+01
5.542518354035067318e+01,5.542481733534526711e+01,5.542414932682418538e+01,5.542293788850754765e+01,2.092202924535201447e+01,3.938207794122746463e+00,2.569796906126931191e+01,5.160518757823345481e+01,5.550640109631720520e+01,5.544028014321781939e+01,5.543054759759164796e+01
5.542518413348045669e+01,5.542481842011993365e+01,5.542415130875708940e+01,5.542294149941752579e+01,2.133265448731459557e+01,5.449938566237236159e+00,2.643828398643474031e+01,5.169476130639063172e+01,5.550662498966610769e+01,5.544030668473718038e+01,5.543055565328667456e+01
5.542518405262075021e+01,5.542481827216660406e+01,5.542415103938463972e+01,5.542294101920479932e+01,2.327463633789197317e+01,9.141611510389683559e+00,2.810708751969227848e+01,5.190300197331440302e+01,5.550620589808278282e+01,5.544019320702028608e+01,5.543051528890708823e+01
5.542518936983005773e+01,5.542482799362512935e+01,5.542416879951794328e+01,5.542297338926275074e+01,2.703073391220177157e+01,1.706718489518141268e+01,3.204139435159790139e+01,5.231896888612074292e+01,5.550403008634510371e+01,5.543996967733995973e+01,5.543043679398155632e+01
5.542519899617730061e+01,5.542484559419145285e+01,5.542420095608640906e+01,5.542303200041659750e+01,3.406777550670092580e+01,2.919212459223945899e+01,3.885979419653855871e+01,5.310398408855141383e+01,5.549649437330319302e+01,5.543922148830952068e+01,5.543038440971628233e+01
5.542520478957781194e+01,5.542485618787770818e+01,5.542422031543166128e+01,5.542306729706646706e+01,4.380453241337079362e+01,4.394230179857225238e+01,4.649957699012495027e+01,5.413788573508473689e+01,5.548310364271794981e+01,5.543785993811026458e+01,5.543010100588001876e+01
5.542523122732471563e+01,5.542490452704863202e+01,5.542430862332599872e+01,5.542322815574486583e+01,5.068710368484048701e+01,5.059073601180065083e+01,5.177070588889711189e+01,5.489632762062691995e+01,5.546705544846696512e+01,5.543573603885509726e+01,5.542968616356148459e+01
5.542526978986335706e+01,5.542497504156912669e+01,5.542443746105853108e+01,5.542346290365895811e+01,5.372804568303168082e+01,5.369561306481125484e+01,5.414720437451560997e+01,5.524472015903214839e+01,5.545376036331035863e+01,5.543389218992085432e+01,5.542929540550455414e+01
5.542530684455476830e+01,5.542504281917753417e+01,5.542456137176171183e+01,5.542368893325460277e+01,5.485801437703449324e+01,5.484131415515346930e+01,5.500688409067866047e+01,5.536801326896926412e+01,5.544299139629603701e+01,5.543186346741397585e+01,5.542889237951437309e+01
