9.797504710744497913e+00,9.797129265801457265e+00,9.796444066622292723e+00,9.795199474933038886e+00,-4.547963620660852513e+01,-4.260758695252680184e+01,-2.584737317586771965e+01,2.551591859019378017e+00,9.876185389083373067e+00,9.814167565267743143e+00,9.803176101734553782e+00
9.797341087276292271e+00,9.796829929121891212e+00,9.795896964157071451e+00,-5.695582475330063232e+01,-5.422190960182753372e+01,-4.611805052478270994e+01,-2.580038939028140632e+01,2.566412532495070842e+00,9.876166809503200028e+00,9.814147291759411473e+00,9.803168870416154590e+00
9.797342466124231208e+00,9.796832467764980734e+00,9.795901627302473713e+00,-5.661930195684087153e+01,-5.390848590326661594e+01,-4.589686841106028936e+01,-2.570397721287278259e+01,2.601902311799263678e+00,9.877475640429018711e+00,9.814443156680273006e+00,9.803265104759915971e+00
9.797330321846493106e+00,9.796810275026713200e+00,9.795861085310866301e+00,-5.576468095799170044e+01,-5.312916757038718174e+01,-4.533644932381854886e+01,-2.547166561718559308e+01,2.682932711747573418e+00,9.878199020123506813e+00,9.814346664377891827e+00,9.803233502380988895e+00
9.797334501623650382e+00,9.796817960156753102e+00,9.795875162137919645e+00,-5.384060647940403044e+01,-5.135945144252194439e+01,-4.396560018538970382e+01,-2.488709215902386873e+01,2.866410789907189560e+00,9.878799249066638311e+00,9.814330233124795910e+00,9.803222252742187948e+00
9.797340192611041942e+00,9.796828397283514178e+00,9.795894267923968002e+00,-1.832565809744561136e+01,-4.778079348690562256e+01,-4.115255180567303483e+01,-2.337671679102374256e+01,3.236612703317013118e+00,9.878870019587823847e+00,9.814374854889424071e+00,9.803227830567331935e+00
9.797345933059180112e+00,9.796838913020222250e+00,9.795913512515658894e+00,-1.507656009194827540e+01,-4.071468094150446149e+01,-3.527333866763479620e+01,-1.978571187232052608e+01,3.957041182261161527e+00,9.876784835740364699e+00,9.813991196413343943e+00,9.803096386171160859e+00
9.797367302499958797e+00,9.796877987995864956e+00,9.795984923141668688e+00,-9.962525803424526316e+00,-2.805570228244273068e+01,-2.422309535076418285e+01,-1.277560255034004300e+01,5.237542364616751378e+00,9.871076543763175337e+00,9.813309393851612938e+00,9.803069890480792026e+00
9.797376693686896232e+00,9.796895171053487061e+00,9.796016351241158659e+00,-2.939816962064380590e+00,-1.206766003566795398e+01,-9.796726524336820674e+00,-3.427381932528282604e+00,6.994563200042971829e+00,9.859667740636586686e+00,9.812037613018542714e+00,9.802837800435016291e+00
9.797408254163480379e+00,9.796952894992431382e+00,9.796121861385167051e+00,1.547890394622477572e-01,3.188746830884001682e-01,1.273136163537954779e+00,3.952271694591725559e+00,8.516102338339992528e+00,9.844335248932129190e+00,9.810022764584971355e+00,9.802517056377551441e+00
9.797447922495431172e+00,9.797025460838675315e+00,9.796254533306285595e+00,6.325414096027202504e+00,6.384258166867594397e+00,6.723289244826567312e+00,7.675207298192822769e+00,9.329875559038571353e+00,9.830023005906642908e+00,9.807851496324802909e+00,9.802058048178972527e+00
