1.385622978770557978e+01,1.385608374793817177e+01,1.385581769368659266e+01,1.385533719857354384e+01,1.385449380873842529e+01,-1.695449092818531156e+01,-4.756133235541961657e-01,1.364730712329567197e+01,1.390931474923377564e+01,1.386716654959561978e+01,1.386061045413986292e+01
1.385612689694706035e+01,1.385589564522538808e+01,1.385547418577754897e+01,1.385471203913287930e+01,-6.381794541538264198e+00,-1.787855028221722264e+01,-4.357826832729685407e-01,1.364617729107086852e+01,1.390919051600625878e+01,1.386714296547922665e+01,1.386060139354521503e+01
1.385612738788403320e+01,1.385589654337072041e+01,1.385547582674311862e+01,1.385471502446176117e+01,-6.879681523261458764e+00,-1.768672887410824757e+01,-3.319733045897663715e-01,1.364823531648049482e+01,1.390896112661371831e+01,1.386709578979684210e+01,1.386058291786566876e+01
1.385612865122249460e+01,1.385589885260219845e+01,1.385548004231033659e+01,1.385472268823950159e+01,-6.663413273708778561e+00,-1.706117411389850957e+01,-6.052938600221624554e-02,1.365543073959576148e+01,1.390846003424220179e+01,1.386699021678895249e+01,1.386054135725937542e+01
1.385613165587499651e+01,1.385590434461419562e+01,1.385549006811199391e+01,1.385474091727370904e+01,1.385342025719645420e+01,-2.796182065202321265e+00,8.312253578925625774e-01,1.367995771202187782e+01,1.390766904201039722e+01,1.386703397012479755e+01,1.386055710782017414e+01
1.385613165181496242e+01,1.385590433907061758e+01,1.385549006471134525e+01,1.385474094822940394e+01,1.385342053020252706e+01,-5.602654289520789810e-01,1.696043932754442096e+00,1.371007728561882821e+01,1.390566488256828848e+01,1.386681778310493840e+01,1.386047083795488177e+01
1.385613879094701772e+01,1.385591739027363012e+01,1.385551389677825362e+01,1.385478431417003797e+01,1.385349856676416991e+01,2.382376465290262146e+00,4.621221881345507043e+00,1.376037930495249206e+01,1.390125700033789258e+01,1.386628286817848021e+01,1.386045537230523372e+01
1.385614210304427019e+01,1.385592344825311351e+01,1.385552497292298568e+01,1.385480454052338573e+01,1.385353535059657304e+01,6.671752583769504419e+00,8.341602088094749234e+00,1.380891279654409942e+01,1.389318363406741952e+01,1.386507338060061656e+01,1.386014491732320941e+01
1.385616427792445471e+01,1.385596398694179143e+01,1.385559899380518445e+01,1.385493917457951163e+01,1.385377717487240012e+01,1.055377088250053319e+01,1.149923089512745378e+01,1.384479546337601619e+01,1.388345218831291916e+01,1.386384262164090586e+01,1.385997801342501035e+01
1.385617881251445027e+01,1.385599056611875035e+01,1.385564755848419338e+01,1.385502765489613886e+01,1.385393681549732392e+01,1.258723823138099007e+01,1.299897710932902228e+01,1.385870044406953028e+01,1.387449570418993616e+01,1.386237735721596032e+01,1.385962320702157591e+01
1.385620684689335391e+01,1.385604183158210034e+01,1.385574122009689901e+01,1.385519823269067174e+01,1.385424416681450310e+01,1.341060576452449027e+01,1.356966240477899710e+01,1.386197677844074505e+01,1.386752862773507289e+01,1.386098311867939081e+01,1.385938284125548847e+01
