9.797496385219339743e+00,9.797114252669903323e+00,9.796416863215011261e+00,9.795150176347810600e+00,-4.926534853389604507e+01,-4.369800870310024266e+01,-2.453918346029859521e+01,2.547045655111050078e+00,9.874650849816729803e+00,9.814254172659028441e+00,9.803211433818127318e+00
9.797331708295853758e+00,9.796813062906133851e+00,9.795866432884734465e+00,-4.740281418371285582e+01,-4.848200089069951702e+01,-4.390356383150027852e+01,-2.432192172447337697e+01,2.563782599718837041e+00,9.874721991522962483e+00,9.814259667190434300e+00,9.803212788894475338e+00
9.797331824512150789e+00,9.796813257656403096e+00,9.795866776071083137e+00,-5.252347628980854921e+01,-5.098725750951002311e+01,-4.382558489566650195e+01,-2.420081200606608718e+01,2.599115324260014237e+00,9.876438768144188529e+00,9.814375621471665312e+00,9.803249629960133049e+00
9.797327786261226024e+00,9.796805870983648745e+00,9.795853271130445350e+00,-5.050559715983726505e+01,-5.065615353664730236e+01,-4.359568659090948728e+01,-2.433212751743079849e+01,2.680572586029636106e+00,9.877231218974786842e+00,9.814534805224848668e+00,9.803300629970438607e+00
9.797321910007639190e+00,9.796795133075132611e+00,9.795833655204290835e+00,-5.174157502676344933e+01,-4.984214888759981932e+01,-4.296577921494614571e+01,-2.417621975615560359e+01,2.872601862470292478e+00,9.878092052725614636e+00,9.814346722965488823e+00,9.803234409870091426e+00
9.797333902499369529e+00,9.796817074530938640e+00,9.795873760520564133e+00,-1.734755754494594981e+01,-4.762421252429375329e+01,-4.117346205760545530e+01,-2.313560892622929543e+01,3.242126533076585382e+00,9.878166287768339160e+00,9.814369612343108784e+00,9.803232113692256888e+00
9.797341206015971693e+00,9.796830439318199524e+00,9.795898204096801010e+00,-1.453053747121637684e+01,-4.212167262131960399e+01,-3.654646815156651485e+01,-2.048609281396188209e+01,3.934585055733387016e+00,9.876872896237198773e+00,9.814035532398692752e+00,9.803111727309556045e+00
9.797364838527350628e+00,9.796873659481638796e+00,9.795977201790329048e+00,-1.027519243882797539e+01,-3.081528473466887874e+01,-2.655304444391551044e+01,-1.420863184262325873e+01,5.118130710497438507e+00,9.872187131060243814e+00,9.813464850195902756e+00,9.803117988958600648e+00
9.797374022738786437e+00,9.796890467904631805e+00,9.796007958409095551e+00,-3.894034170667783457e+00,-1.462127925262369033e+01,-1.220799913575845963e+01,-4.950767174707297436e+00,6.796037337629622144e+00,9.861664051685805177e+00,9.812167180193315019e+00,9.802878081328803006e+00
9.797407234509222462e+00,9.796951216475962454e+00,9.796118997514101423e+00,-1.477998467840144770e+00,-1.318469075810781987e+00,-1.713201719643500098e-01,3.068478384054807329e+00,8.364708384719488521e+00,9.846541989644306270e+00,9.810288034005155922e+00,9.802410317118638972e+00
9.797463104551434654e+00,9.797053409386602851e+00,9.796305782524367345e+00,9.794948007593003325e+00,5.768411916686502217e+00,6.132798692631727278e+00,7.309821642187845470e+00,9.260445747224061108e+00,9.831772091992451834e+00,9.808103990335851563e+00,9.802159010973447550e+00
