5.542535418828411764e+01,5.542512933303028433e+01,5.542471924605608535e+01,5.542397602901780829e+01,5.542265627721624810e+01,1.950999987912629763e+01,2.639380623313327945e+01,5.359787579837187366e+01,5.550782406604654540e+01,5.543967286406284245e+01,5.543045081024389731e+01
5.542526827763135344e+01,5.542497231526218826e+01,5.542443272344195293e+01,5.542345583555082555e+01,7.970126323615641439e+00,1.124180116085947034e+01,2.638321435496625966e+01,5.355779648711497032e+01,5.550808811496756334e+01,5.543973013561851815e+01,5.543026764753858515e+01
5.542528124520153199e+01,5.542499602396266312e+01,5.542447601095633303e+01,5.542353454852703720e+01,8.748062314445082421e+00,1.129287442164025990e+01,2.643393639523376848e+01,5.159855482947170202e+01,5.550680830978474489e+01,5.544035390231594107e+01,5.543057233826382912e+01
5.542518192994972992e+01,5.542481439401330334e+01,5.542414395780146918e+01,5.542292811723987001e+01,2.196483886172955025e+01,5.271983583490740699e+00,2.622871440280631106e+01,5.169708119830545456e+01,5.550669149664926749e+01,5.544031153437012449e+01,5.543055684043542186e+01
5.542518428476954284e+01,5.542481870701195845e+01,5.542415184453689392e+01,5.542294250212371765e+01,2.307078793843508890e+01,9.837525686957715010e+00,2.804021452802935244e+01,5.190013260180368349e+01,5.550676315550067841e+01,5.544027757788092003e+01,5.543054261623136370e+01
5.542518768393546225e+01,5.542482492225915536e+01,5.542416320282394793e+01,5.542296322797338348e+01,2.675626986646975780e+01,1.695877669559691725e+01,3.156341164265590749e+01,5.227462562453051476e+01,5.550512543637411511e+01,5.544012803468853434e+01,5.543048736345809147e+01
5.542519643695916898e+01,5.542484092695388398e+01,5.542419244925864064e+01,5.542301656979931579e+01,3.234063484554984313e+01,2.802634743378462900e+01,3.771504858487976009e+01,5.295226329740869886e+01,5.549904985250904588e+01,5.543942416315867661e+01,5.543045190274263945e+01
5.542520142724245602e+01,5.542485005258988195e+01,5.542420912893553009e+01,5.542304700085338709e+01,4.194520832140801758e+01,4.189012320480935614e+01,4.517016133650855636e+01,5.394458411141147991e+01,5.548688497256896568e+01,5.543814793030399812e+01,5.543020320101861387e+01
5.542522460348540392e+01,5.542489242722162146e+01,5.542428653852422116e+01,5.542318800194284734e+01,4.947444490829972352e+01,4.938989163053562947e+01,5.096760179654846468e+01,5.477625882965843118e+01,5.547078397292352747e+01,5.543638385937237700e+01,5.542974227778483964e+01
5.542526644056017204e+01,5.542496892388483332e+01,5.542442628687782502e+01,5.542344255470521119e+01,5.320333728699115738e+01,5.322647293195563378e+01,5.382014475933608821e+01,5.519688049402142127e+01,5.545645244455364775e+01,5.543421229978130071e+01,5.542943626955015191e+01
5.542529554242231882e+01,5.542502215657097508e+01,5.542452361432194152e+01,5.542362012223291856e+01,5.467768948935171380e+01,5.467977726244455283e+01,5.489352618135899320e+01,5.536210159692653576e+01,5.544351157676459252e+01,5.543190946123607432e+01,5.542890233438193093e+01
