1.385623621437575359e+01,1.385609552081565354e+01,1.385583924168378189e+01,1.385537660489045209e+01,1.385456575735261353e+01,-2.909679836365262418e+01,-4.559744333762153268e+00,1.365702220362578956e+01,1.390949868476708673e+01,1.386719263336693686e+01,1.386061972746402304e+01
1.385612702791117279e+01,1.385589590327378673e+01,1.385547468109723823e+01,1.385471298818493224e+01,-3.922501029804339368e+01,-3.033239887680514002e+01,-4.496033249662400699e+00,1.365487130639753133e+01,1.390873665485615973e+01,1.386704019204926652e+01,1.386056041301728747e+01
1.385613080433778066e+01,1.385590280818672326e+01,1.385548728997947876e+01,1.385473591762974088e+01,1.385341144177123951e+01,-2.824709135082713374e+01,-4.237803774991470540e+00,1.365791866729450987e+01,1.390850455468561364e+01,1.386699343051125055e+01,1.386054218636648550e+01
1.385613198727897277e+01,1.385590497135964938e+01,1.385549123987260955e+01,1.385474309952737215e+01,1.385342432287951198e+01,-2.698106817005330882e+01,-3.732346194015385699e+00,1.366557871862241313e+01,1.390805114787706565e+01,1.386712112130460284e+01,1.386059184630675922e+01
1.385612884788070787e+01,1.385589923172241456e+01,1.385548076041473564e+01,1.385472404775993560e+01,-3.334916030719426061e+01,-2.554229094980837544e+01,-2.823534152371893313e+00,1.368342683275349181e+01,1.390771265257650668e+01,1.386703620536821191e+01,1.386055742015741998e+01
1.385613209143635771e+01,1.385590515972223358e+01,1.385549158243690471e+01,1.385474373682019333e+01,1.385342561768579728e+01,-1.074999895385522652e+00,-1.825380154058477977e-01,1.372095784120995177e+01,1.390540302405456075e+01,1.386675488201318629e+01,1.386044567125937732e+01
1.385614095557710002e+01,1.385592136496466331e+01,1.385552117443856091e+01,1.385479758044862031e+01,1.385352246885601701e+01,-7.493950899127870713e+00,3.456322096892328943e+00,1.375818924237633212e+01,1.390107073678660399e+01,1.386624820783017853e+01,1.386044173700077664e+01
1.385614257030991325e+01,1.385592431772066391e+01,1.385552657466582360e+01,1.385480745273134495e+01,1.385354048218406930e+01,7.033987022683051649e+00,8.331524874549412374e+00,1.381584849275873594e+01,1.389286405845061623e+01,1.386520441431738604e+01,1.386020050515914548e+01
1.385616142672348161e+01,1.385595879272987219e+01,1.385558953588191855e+01,1.385492203388024279e+01,1.385374663539485240e+01,1.081386642143831267e+01,1.160884829631984694e+01,1.384875352001268922e+01,1.388225723947418189e+01,1.386349930480088943e+01,1.385981160065955287e+01
1.385619064384997756e+01,1.385601220931661715e+01,1.385568708938568960e+01,1.385509955471038346e+01,1.385406589605332428e+01,1.228891417634281780e+01,1.303299676600172319e+01,1.386355392801560527e+01,1.387410180058150999e+01,1.386220801332397556e+01,1.385952733620038657e+01
1.385621646830763076e+01,1.385605944049405736e+01,1.385577340235253274e+01,1.385525686081745533e+01,1.385434995940904557e+01,1.344268687603927503e+01,1.358859660876906617e+01,1.386436883969986056e+01,1.386717847202036680e+01,1.386098766396521142e+01,1.385937802788127549e+01
