1.385623621437678032e+01,1.385609552081659501e+01,1.385583924168445691e+01,1.385537660489028866e+01,1.385456575734979445e+01,-2.909679836362912653e+01,-4.559744333799139682e+00,1.365702220350416596e+01,1.390949868437997594e+01,1.386719263214079767e+01,1.386061972358594119e+01
1.385612702791220130e+01,1.385589590327472997e+01,1.385547468109791680e+01,1.385471298818477237e+01,-3.922501029757182778e+01,-3.033239887692374381e+01,-4.496033249703444312e+00,1.365487130627659518e+01,1.390873665446957830e+01,1.386704019082481842e+01,1.386056040914455778e+01
1.385613080433880562e+01,1.385590280818766473e+01,1.385548728998015378e+01,1.385473591762958101e+01,1.385341144176842931e+01,-2.824709135052802367e+01,-4.237803775023360586e+00,1.365791866717510672e+01,1.390850455429958643e+01,1.386699342928847933e+01,1.386054218249904757e+01
1.385613198727999418e+01,1.385590497136059085e+01,1.385549123987328457e+01,1.385474309952720873e+01,1.385342432287670178e+01,-2.698106816963159460e+01,-3.732346194067845957e+00,1.366557871850437067e+01,1.390805114749155535e+01,1.386712112008348008e+01,1.386059184244454556e+01
1.385612884788172749e+01,1.385589923172335247e+01,1.385548076041541066e+01,1.385472404775977395e+01,-3.334916030668759390e+01,-2.554229094986685311e+01,-2.823534152394820751e+00,1.368342683263291093e+01,1.390771265219149200e+01,1.386703620414873228e+01,1.386055741630039329e+01
1.385613209143737912e+01,1.385590515972317505e+01,1.385549158243757972e+01,1.385474373682003346e+01,1.385342561768300129e+01,-1.074999895434521235e+00,-1.825380154173057434e-01,1.372095784109133909e+01,1.390540302367012160e+01,1.386675488079533203e+01,1.386044566740747008e+01
1.385614095557812320e+01,1.385592136496560300e+01,1.385552117443923592e+01,1.385479758044846221e+01,1.385352246885322458e+01,-7.493950898957747242e+00,3.456322096851515369e+00,1.375818924225588447e+01,1.390107073640259117e+01,1.386624820661378266e+01,1.386044173315344175e+01
1.385614257031093288e+01,1.385592431772160182e+01,1.385552657466649862e+01,1.385480745273118686e+01,1.385354048218128042e+01,7.033987022669569100e+00,8.331524874511980983e+00,1.381584849263888515e+01,1.389286405806704572e+01,1.386520441310228513e+01,1.386020050131582870e+01
1.385616142672450124e+01,1.385595879273080833e+01,1.385558953588259357e+01,1.385492203388008470e+01,1.385374663539206708e+01,1.081386642142696530e+01,1.160884829628199810e+01,1.384875351989237480e+01,1.388225723909093112e+01,1.386349930358683480e+01,1.385981159681944774e+01
1.385619064385099719e+01,1.385601220931754973e+01,1.385568708938636284e+01,1.385509955471022359e+01,1.385406589605054073e+01,1.228891417634151750e+01,1.303299676596415857e+01,1.386355392789555196e+01,1.387410180019855055e+01,1.386220801211077713e+01,1.385952733236285894e+01
1.385621646830864684e+01,1.385605944049499172e+01,1.385577340235320243e+01,1.385525686081729546e+01,1.385434995940626202e+01,1.344268687602717094e+01,1.358859660873176800e+01,1.386436883957968469e+01,1.386717847163763118e+01,1.386098766275270933e+01,1.385937802404578179e+01
