1.385623572412850280e+01,1.385609463072609060e+01,1.385583760481855364e+01,1.385537351370106052e+01,1.385455949642033247e+01,-2.395983147861343809e+01,-3.871730968507127280e+00,1.365080222015652112e+01,1.390939963348408881e+01,1.386717895524050093e+01,1.386061491752078823e+01
1.385612694020109359e+01,1.385589575354557468e+01,1.385547441585788064e+01,1.385471250278888178e+01,-7.201290757511145557e+00,-2.461540919921445791e+01,-3.743940506473175667e+00,1.364812799863652870e+01,1.390893049861098163e+01,1.386708617604122296e+01,1.386057890028674322e+01
1.385612916424266317e+01,1.385589981944907478e+01,1.385548183895786778e+01,1.385472599596258902e+01,-3.152178290586028808e+01,-2.473831671533643473e+01,-3.640914923182295482e+00,1.365311040010805854e+01,1.390886865885698853e+01,1.386707053864664019e+01,1.386057254007026351e+01
1.385612978497468539e+01,1.385590095484078432e+01,1.385548391359689546e+01,1.385472977618696433e+01,1.385340037916593481e+01,-2.222976401235996491e+01,-3.301590206171265862e+00,1.366014646802803867e+01,1.390834585012754765e+01,1.386696211142477253e+01,1.386052999293085541e+01
1.385613275305746583e+01,1.385590637926027746e+01,1.385549381483230391e+01,1.385474777424018811e+01,1.385343266502594517e+01,-2.022776312531482645e+01,-2.447757226705328470e+00,1.367711220491504776e+01,1.390767254335266756e+01,1.386703534848837904e+01,1.386055770560199818e+01
1.385613159850382559e+01,1.385590426926048835e+01,1.385548996491633034e+01,1.385474079211899578e+01,1.385342026156301642e+01,-1.059474230744239964e+00,-2.064615171836288177e-01,1.372074215269139863e+01,1.390542428768831940e+01,1.386675778663896352e+01,1.386044666750213317e+01
1.385614100569750562e+01,1.385592146782537526e+01,1.385552137351379542e+01,1.385479795776045009e+01,1.385352318923288450e+01,-7.995261833795954232e+00,2.756908095112749812e+00,1.375754624206876287e+01,1.390149408802405162e+01,1.386633418348639779e+01,1.386047633424079883e+01
1.385614082498913646e+01,1.385592113998068342e+01,1.385552078748243332e+01,1.385479696152239626e+01,1.385352179628136682e+01,1.834896355391359091e+00,7.425024463951532816e+00,1.380759727225485634e+01,1.389385623594955987e+01,1.386522760295472523e+01,1.386021104170472995e+01
1.385616033505391087e+01,1.385595680786718731e+01,1.385558591842332632e+01,1.385491544655397433e+01,1.385373473026143820e+01,1.030411623298544654e+01,1.113644290002146064e+01,1.385160406491818641e+01,1.388404941040381502e+01,1.386376255698330340e+01,1.385993651826704109e+01
1.385618387431706644e+01,1.385599984868848011e+01,1.385566454178066564e+01,1.385505862005416411e+01,1.385399278603131634e+01,1.201316288349631378e+01,1.284406442529510528e+01,1.386176761875141139e+01,1.387542618546821593e+01,1.386245335094399778e+01,1.385966219509844066e+01
1.385620599057780566e+01,1.385604029398772674e+01,1.385573844367833019e+01,1.385519324631967564e+01,1.385423551129730768e+01,1.335067384160364057e+01,1.352439528406114633e+01,1.386393417732804245e+01,1.386817055798882947e+01,1.386122028978243925e+01,1.385933301269210638e+01
