1.385623053088957590e+01,1.385608514355611831e+01,1.385582027770773905e+01,1.385534192412737653e+01,1.385450226192839196e+01,-2.846878890908878290e+01,-4.529121686591037310e+00,1.365633965461977617e+01,1.390935673340933576e+01,1.386716439143389579e+01,1.386060875536352377e+01
1.385612773308941215e+01,1.385589721030744492e+01,1.385547708603589356e+01,1.385471737942503978e+01,-3.899067475863549959e+01,-3.026104448216696952e+01,-4.473147959426270859e+00,1.365475502623448989e+01,1.390869725227789644e+01,1.386703208916383545e+01,1.386055724499668784e+01
1.385613103810249669e+01,1.385590325369237341e+01,1.385548812206813984e+01,1.385473744948739494e+01,1.385341420729259099e+01,-2.802374694843512160e+01,-4.211107530875266569e+00,1.365816752214822216e+01,1.390849889936001205e+01,1.386699196582062399e+01,1.386054159213893655e+01
1.385613206466293335e+01,1.385590513111451472e+01,1.385549155036914115e+01,1.385474368339671436e+01,1.385342539035776710e+01,-2.673712873408742752e+01,-3.702857057188247758e+00,1.366595000769196311e+01,1.390803230067089302e+01,1.386711685286703855e+01,1.386059015358661739e+01
1.385612900038410089e+01,1.385589952844244266e+01,1.385548132077337513e+01,1.385472508591689511e+01,-3.326921052835384529e+01,-2.569476413929579905e+01,-2.832847174593798201e+00,1.368401971802879658e+01,1.390781653262551387e+01,1.386705650375635201e+01,1.386056524740530449e+01
1.385613167087943864e+01,1.385590440918888788e+01,1.385549023133568625e+01,1.385474130184788066e+01,1.385342128283251917e+01,-1.180477423575945206e+00,-2.112334061914182826e-01,1.372391800061855704e+01,1.390549953182416587e+01,1.386677021891924966e+01,1.386045123736042939e+01
1.385614093764119481e+01,1.385592135126467284e+01,1.385552117018709950e+01,1.385479760239434555e+01,1.385352259049059143e+01,-8.305066117565798933e+00,3.209874611733047445e+00,1.376004349034638530e+01,1.390128441627651590e+01,1.386628829180713041e+01,1.386045755476072827e+01
1.385614203913966946e+01,1.385592336747671460e+01,1.385552486223207680e+01,1.385480437449168889e+01,1.385353507499350556e+01,6.599601833959838793e+00,7.985969116730488260e+00,1.381531700325695411e+01,1.389372354102842877e+01,1.386518499032705520e+01,1.386019161681468503e+01
1.385616242353294325e+01,1.385596063450352666e+01,1.385559291771681956e+01,1.385492820618009091e+01,1.385375777267089958e+01,1.050562482267422482e+01,1.139639650831206552e+01,1.384724531023038097e+01,1.388351352006451833e+01,1.386385094892184533e+01,1.385998113626664363e+01
1.385617934651929772e+01,1.385599157886224120e+01,1.385564944806882437e+01,1.385503114875824338e+01,1.385394324122213305e+01,1.257878177051011015e+01,1.297555890586609983e+01,1.386155591997592040e+01,1.387443280879544005e+01,1.386232860830683222e+01,1.385959362362598846e+01
1.385621133549235395e+01,1.385605007269264455e+01,1.385575630906849653e+01,1.385522576097671887e+01,1.385429398582793681e+01,1.339637133528456658e+01,1.356241512915963021e+01,1.386186542818146883e+01,1.386747853486705750e+01,1.386096310023650879e+01,1.385936991996651457e+01
