5.542535292168547301e+01,5.542512700339997878e+01,5.542471495847467367e+01,5.542396808598205382e+01,5.542264122260122861e+01,2.100673680416401012e+01,2.542885019523589563e+01,5.155638969726596343e+01,5.550626472058522154e+01,5.544026773953969212e+01,5.543054419663464216e+01
5.542518387543449876e+01,5.542481793973516346e+01,5.542415042094738453e+01,5.542293986342102130e+01,2.072526387593413233e+01,4.676561620546578091e+00,2.556926175962975734e+01,5.156554514579686099e+01,5.550608121983854915e+01,5.544023047732085274e+01,5.543053144686507494e+01
5.542518519769875240e+01,5.542482035723350009e+01,5.542415483713983804e+01,5.542294790860249520e+01,2.040307783774244399e+01,5.253922561795755009e+00,2.585236421294115772e+01,5.159969453659297756e+01,5.550650778146643916e+01,5.544030180433260568e+01,5.543055503062441858e+01
5.542518335661831941e+01,5.542481699048402533e+01,5.542414868792207017e+01,5.542293671705498070e+01,2.117216535087503004e+01,6.961414336169088557e+00,2.670273318107285121e+01,5.168965191512111801e+01,5.550664429683638446e+01,5.544031365514788945e+01,5.543055822148194522e+01
5.542518365979666584e+01,5.542481754440102293e+01,5.542414970010263175e+01,5.542293856866447754e+01,2.326633343683370114e+01,1.108439844052739254e+01,2.867627530909889799e+01,5.189961681424964723e+01,5.550613736152813971e+01,5.544018358002458058e+01,5.543051224405149924e+01
5.542518951228748847e+01,5.542482824582251055e+01,5.542416925101171898e+01,5.542297420047455603e+01,2.701476098313000307e+01,1.880302280425087957e+01,3.265239003321177336e+01,5.230203658258844257e+01,5.550453310673773899e+01,5.544004432255715642e+01,5.543046080030507028e+01
5.542519765480497540e+01,5.542484313432176180e+01,5.542419645780644544e+01,5.542302382221831181e+01,3.324633644478063133e+01,3.005368364494966116e+01,3.896683549680069092e+01,5.302761957420704420e+01,5.549772562018969779e+01,5.543943100938651014e+01,5.543025305218723986e+01
5.542521763500459997e+01,5.542487966449363057e+01,5.542426318610959868e+01,5.542314535621517280e+01,4.300605940451756481e+01,4.291618958683060470e+01,4.614114119351076226e+01,5.403660717292555660e+01,5.548491275510691878e+01,5.543799410173099318e+01,5.543014879952045959e+01
5.542522799366307851e+01,5.542489860806431068e+01,5.542429780610370926e+01,5.542320846952303270e+01,4.994940817410894596e+01,5.003175688980955016e+01,5.147440026544363434e+01,5.483256226128095534e+01,5.546876830426880645e+01,5.543592797777336045e+01,5.542976300387968536e+01
5.542526324558544104e+01,5.542496306911920811e+01,5.542441558151723768e+01,5.542342304664975217e+01,5.352487216038154827e+01,5.347337746659293600e+01,5.401917858248430093e+01,5.521754914675953785e+01,5.545486241223052559e+01,5.543401367481307318e+01,5.542935093303685790e+01
5.542530081763423766e+01,5.542503179099189481e+01,5.542454120310280530e+01,5.542365212390247819e+01,5.478747599577424410e+01,5.477387407422341425e+01,5.496171875153331143e+01,5.536579811253223227e+01,5.544253631813359107e+01,5.543182657612135955e+01,5.542886484392930413e+01
