1.385623424602195009e+01,1.385609207143560440e+01,1.385583308918392831e+01,1.385536552843488067e+01,1.385454577837829504e+01,-2.912114357550863630e+01,-4.329705357917761788e+00,1.366043748194883634e+01,1.390927912707595304e+01,1.386714475587153572e+01,1.386060080444095277e+01
1.385612862554971869e+01,1.385589896227926587e+01,1.385548041134714126e+01,1.385472355614150786e+01,-3.962405241700849956e+01,-3.078224112587203010e+01,-4.210135894094732656e+00,1.365644989656567532e+01,1.390879044680411347e+01,1.386704940824516008e+01,1.386056391814401678e+01
1.385613081148562742e+01,1.385590295888890111e+01,1.385548770958838460e+01,1.385473682674103912e+01,1.385341319549895545e+01,-2.838051440695826955e+01,-4.084860309884415841e+00,1.366022453292992900e+01,1.390847610516398092e+01,1.386698505425154693e+01,1.386053874072685232e+01
1.385613251392997469e+01,1.385590607132459340e+01,1.385549339198210106e+01,1.385474715755257691e+01,1.385343172685770519e+01,-2.752895865693472288e+01,-3.599704410100075691e+00,1.366791444308162973e+01,1.390807899390080848e+01,1.386712452902369286e+01,1.386059302022707840e+01
1.385612904886690089e+01,1.385589973197236446e+01,1.385548181380150012e+01,1.385472610442695185e+01,-3.502260886710843124e+01,-2.717803011270119740e+01,-2.935853164578702490e+00,1.368689486729926230e+01,1.390781156022486975e+01,1.386705279409506630e+01,1.386056361257837644e+01
1.385613205945359283e+01,1.385590523275867447e+01,1.385549185512765646e+01,1.385474437675771853e+01,1.385342690549964573e+01,-1.079102612894188962e+00,-1.267408735286664534e+00,1.371952690751396275e+01,1.390586430603237922e+01,1.386684846464534715e+01,1.386048190899175836e+01
1.385613895190719447e+01,1.385591783574773928e+01,1.385551487168045171e+01,1.385478626579925532e+01,1.385350231423754330e+01,2.255422488052500007e+00,2.358252091154579233e+00,1.377380867108888296e+01,1.390168505178368008e+01,1.386635373171011310e+01,1.386048241080056265e+01
1.385614209161841970e+01,1.385592357974192268e+01,1.385552537951144814e+01,1.385480548867011485e+01,1.385353747741486785e+01,-1.407736977814330714e+00,6.845914672810254231e+00,1.381495456420835310e+01,1.389422114964933996e+01,1.386529574074672055e+01,1.386023881282479664e+01
1.385615996123292781e+01,1.385595625703433953e+01,1.385558505578698529e+01,1.385491405298853174e+01,1.385373257120143009e+01,7.366054360748234942e+00,1.072092164236611467e+01,1.385092555290498240e+01,1.388463086121072187e+01,1.386391810327920737e+01,1.386001128596086573e+01
1.385617922076074748e+01,1.385599147345800297e+01,1.385564938827821102e+01,1.385503120611888406e+01,1.385394372040500599e+01,1.157843489378188195e+01,1.271029148061096059e+01,1.386690470009656906e+01,1.387579001210186291e+01,1.386252475195444589e+01,1.385969539516596782e+01
1.385620823218292941e+01,1.385604453140441805e+01,1.385574633596419325e+01,1.385520784740931077e+01,1.385426255764778425e+01,1.310974789411733887e+01,1.347538928777697009e+01,1.386641311295756473e+01,1.386900882822552816e+01,1.386132778812623201e+01,1.385939581741405746e+01
