1.385623424602160725e+01,1.385609207143527755e+01,1.385583308918365475e+01,1.385536552843477764e+01,1.385454577837873558e+01,-2.912114357547592292e+01,-4.329705357908069097e+00,1.366043748197357743e+01,1.390927912715469716e+01,1.386714475612128794e+01,1.386060080523131255e+01
1.385612862554937408e+01,1.385589896227893725e+01,1.385548041134686947e+01,1.385472355614140483e+01,-3.962405241772426479e+01,-3.078224112586652694e+01,-4.210135894064332085e+00,1.365644989659002562e+01,1.390879044688277411e+01,1.386704940849470802e+01,1.386056391893373885e+01
1.385613081148528281e+01,1.385590295888857426e+01,1.385548770958811104e+01,1.385473682674093432e+01,1.385341319549939421e+01,-2.838051440746322740e+01,-4.084860309845962156e+00,1.366022453295407502e+01,1.390847610524257050e+01,1.386698505450089236e+01,1.386053874151594556e+01
1.385613251392963008e+01,1.385590607132426655e+01,1.385549339198182750e+01,1.385474715755247743e+01,1.385343172685814395e+01,-2.752895865783965945e+01,-3.599704410053105264e+00,1.366791444310445769e+01,1.390807899397931102e+01,1.386712452927283934e+01,1.386059302101554991e+01
1.385612904886655805e+01,1.385589973197203761e+01,1.385548181380122656e+01,1.385472610442685060e+01,-3.502260886861094491e+01,-2.717803011265674940e+01,-2.935853164540168869e+00,1.368689486732427341e+01,1.390781156030336874e+01,1.386705279434402449e+01,1.386056361336623155e+01
1.385613205945324822e+01,1.385590523275834585e+01,1.385549185512738113e+01,1.385474437675761372e+01,1.385342690550008271e+01,-1.079102612853365173e+00,-1.267408735279290877e+00,1.371952690753965420e+01,1.390586430611084623e+01,1.386684846489412237e+01,1.386048190977901662e+01
1.385613895190684985e+01,1.385591783574741243e+01,1.385551487168017815e+01,1.385478626579915229e+01,1.385350231423798029e+01,2.255422488087534205e+00,2.358252091126386674e+00,1.377380867111221363e+01,1.390168505186200676e+01,1.386635373195869292e+01,1.386048241158724892e+01
1.385614209161807509e+01,1.385592357974159583e+01,1.385552537951117458e+01,1.385480548867001183e+01,1.385353747741530483e+01,-1.407736977789381783e+00,6.845914672824545022e+00,1.381495456423305512e+01,1.389422114972783362e+01,1.386529574099519202e+01,1.386023881361101573e+01
1.385615996123258142e+01,1.385595625703401268e+01,1.385558505578670818e+01,1.385491405298842338e+01,1.385373257120185642e+01,7.366054360747011032e+00,1.072092164237336576e+01,1.385092555292975902e+01,1.388463086128901303e+01,1.386391810352751008e+01,1.386001128674666916e+01
1.385617922076040287e+01,1.385599147345767435e+01,1.385564938827793569e+01,1.385503120611877925e+01,1.385394372040544120e+01,1.157843489378758406e+01,1.271029148061854386e+01,1.386690470012114851e+01,1.387579001218013275e+01,1.386252475220265090e+01,1.385969539595145150e+01
1.385620823218258657e+01,1.385604453140409298e+01,1.385574633596392147e+01,1.385520784740920774e+01,1.385426255764821946e+01,1.310974789411982577e+01,1.347538928778448941e+01,1.386641311298207668e+01,1.386900882830375892e+01,1.386132778837434643e+01,1.385939581819928179e+01
