9.797500687356968996e+00,9.797121666923038319e+00,9.796429898433748562e+00,9.795173146902778072e+00,-3.844455830896016124e+01,-3.673035619598837087e+01,-2.205284549584843035e+01,2.546250676021631243e+00,9.876169938087542732e+00,9.814220596618246972e+00,9.803195403030267485e+00
9.797336939043050918e+00,9.796822228537454436e+00,9.795882758679377744e+00,-3.821988112115743519e+01,-4.397861376118537180e+01,-3.788206647187357134e+01,-2.120114418768300979e+01,2.558877827510495973e+00,9.875200449689176097e+00,9.814130541106216299e+00,9.803171175261393699e+00
9.797336351620838713e+00,9.796821150688504787e+00,9.795880780859729242e+00,-3.933038795152346268e+01,-4.382551694512899587e+01,-3.776644472600328584e+01,-2.118712248963789690e+01,2.593396762694295088e+00,9.876720092695087772e+00,9.814411137859577750e+00,9.803259969935854912e+00
9.797326904059376673e+00,9.796803867267293242e+00,9.795849192869876987e+00,-3.896465944189692721e+01,-4.342945866282198608e+01,-3.747011808430372781e+01,-2.115587910332205723e+01,2.674400300015376875e+00,9.877298860334327912e+00,9.814523596045702902e+00,9.803295825327174029e+00
9.797322912031930287e+00,9.796796586124985495e+00,9.795835903398019795e+00,-3.793295747699531972e+01,-4.237221599035387243e+01,-3.662174592139922424e+01,-2.086522648347364850e+01,2.884267952635521493e+00,9.877419131870688318e+00,9.814503315796871519e+00,9.803287361353184792e+00
9.797325323465958746e+00,9.796801000182011165e+00,9.795843973241263214e+00,-3.643569178375139472e+01,-3.961426103475676541e+01,-3.432525362622275367e+01,-1.952957786544988039e+01,3.329403904631021760e+00,9.877442459207886216e+00,9.814308173811712166e+00,9.803216029547559884e+00
9.797339979559552603e+00,9.796827805194226357e+00,9.795892967943311547e+00,-1.413472135647449690e+01,-3.178350378807103027e+01,-2.904471326037470291e+01,-1.661157685327603062e+01,4.150946651588475866e+00,9.875622317824355179e+00,9.814077459559088723e+00,9.803127956635615092e+00
9.797360467699945730e+00,9.796865272416127368e+00,9.795961455711076127e+00,-9.009751621922569953e+00,-2.197541152015313060e+01,-1.890181948278303636e+01,-9.752523927248187618e+00,5.494685000391737795e+00,9.868697959675461817e+00,9.813264218540236783e+00,9.803065379899198462e+00
9.797369176010706227e+00,9.796881205037154317e+00,9.795990586636213138e+00,-1.489545252392519004e+00,-7.956315318190890551e+00,-6.311712900040543417e+00,-1.364397270460154132e+00,7.220696318770022160e+00,9.856666460292384357e+00,9.811927365864335115e+00,9.802816850594291864e+00
9.797397646747004529e+00,9.796933276386864620e+00,9.796085758142147881e+00,4.594882495137115441e+00,2.184574552817787563e+00,2.912779888194946487e+00,4.972915298747727419e+00,8.640979579142900491e+00,9.841379917851915238e+00,9.809796225673482084e+00,9.802449213201027689e+00
9.797442180261063172e+00,9.797014737039425825e+00,9.796234691881107182e+00,7.136041538605645940e+00,7.089851840253110993e+00,7.333693946409726827e+00,8.062530190304151745e+00,9.376294139048768628e+00,9.827627185626486295e+00,9.807609966518311850e+00,9.801975418415810992e+00
