9.797483237165204528e+00,9.797089704396643839e+00,9.796371406471573451e+00,9.795066209733594320e+00,-1.153896382968239998e+01,-2.683474679325391676e+01,-1.520909083324791489e+01,3.864578033397194634e+00,9.869704711053893575e+00,9.814094131003146870e+00,9.803197490340027187e+00
9.797305494772496459e+00,9.796764658559954597e+00,9.795777422480952623e+00,-2.837666341828756700e+01,-3.332566872639768008e+01,-2.840447227379370787e+01,-1.490678721145078534e+01,3.877178097903576592e+00,9.869271937417890328e+00,9.814022654114054944e+00,9.803175341599226655e+00
9.797307508881463178e+00,9.796768350674748049e+00,9.795784180252390172e+00,-2.923777028303543446e+01,-3.322019938526725724e+01,-2.832553040215466567e+01,-1.489916144822386279e+01,3.900352479362195535e+00,9.869734754687438993e+00,9.814220088452435320e+00,9.803243141099255098e+00
9.797296360942912230e+00,9.796747961506355296e+00,9.795746911107771737e+00,-2.891055389783364760e+01,-3.294799863462680634e+01,-2.812067377534711099e+01,-1.485368669779499129e+01,3.959543981458366169e+00,9.869956134413548909e+00,9.814306366530219705e+00,9.803272589833294859e+00
9.797291652462977396e+00,9.796739361577751382e+00,9.795731198733017564e+00,-2.749504686142445564e+01,-3.223588077842242683e+01,-2.755112603434573515e+01,-1.462980253368573536e+01,4.088479144479061134e+00,9.870140804362872444e+00,9.814279448086349333e+00,9.803261087902287230e+00
9.797295075453915203e+00,9.796745625285902648e+00,9.795742647073959475e+00,-3.184631658557151113e+01,-3.038004967466741846e+01,-2.598166990631709439e+01,-1.390647049884428021e+01,4.380881817472409345e+00,9.869581523028992720e+00,9.813997926438489117e+00,9.803163477840296736e+00
9.797311736859725784e+00,9.796776093458861467e+00,9.795798327769279723e+00,-9.510620882247248886e+00,-2.580737408949845602e+01,-2.207971334519505291e+01,-1.157642715155889057e+01,4.944240004039782477e+00,9.867649236615232411e+00,9.813798454356286172e+00,9.803089588057613213e+00
9.797327543709556608e+00,9.796805004403415396e+00,9.795851176395286686e+00,-5.008507960630655731e+00,-1.696359858853395863e+01,-1.435865490877151984e+01,-6.612035478882556383e+00,5.946189553400193617e+00,9.862745648377520880e+00,9.813115212425937983e+00,9.803058087060261272e+00
9.797338976820979539e+00,9.796825924846718436e+00,9.795889444491193032e+00,2.299899671733101059e-01,-5.704921806796601658e+00,-4.276090191137084773e+00,3.219387595867395646e-02,7.375666854945880146e+00,9.853087972705912634e+00,9.811713746201087716e+00,9.802773179464972841e+00
9.797380274306334513e+00,9.796901453857115527e+00,9.796027504985756806e+00,5.241961394111774197e+00,3.008122132159786410e+00,3.622854976268184757e+00,5.464774034269938241e+00,8.676474955040836434e+00,9.839493234909728159e+00,9.809728094252344377e+00,9.802447004291893862e+00
9.797425097728327259e+00,9.796983451836577927e+00,9.796177452359087212e+00,8.085453503877051418e+00,7.338151350296595155e+00,7.558727039127838054e+00,8.217011623390805042e+00,9.384375082203986196e+00,9.826649740906232111e+00,9.807623394825631280e+00,9.802000780918946887e+00
