5.542533915057252614e+01,5.542510180377801987e+01,5.542466888861142849e+01,5.542388403588466872e+01,1.718643882557786640e+01,1.121119584150251924e+01,2.653351098537414288e+01,5.347965968587112684e+01,5.550815326068364897e+01,5.543954845848960389e+01,5.543041146581057887e+01
5.542526854070655418e+01,5.542497276256484895e+01,5.542443349262818231e+01,5.542345711549779708e+01,7.329879604243132007e+00,1.141441709144615224e+01,2.642610160377441275e+01,5.342140663427942826e+01,5.550807299642971770e+01,5.543956562308733282e+01,5.543041947395088442e+01
5.542526631571426066e+01,5.542496869348208577e+01,5.542442605357084062e+01,5.542344353035876026e+01,8.099467168464965283e+00,1.159276849315522817e+01,2.658655187082852933e+01,5.343708846079751851e+01,5.550788472035441146e+01,5.543953071798050303e+01,5.543040726058222134e+01
5.542526739410412517e+01,5.542497066502173197e+01,5.542442965434965174e+01,5.542345008562236330e+01,8.989516869394433840e+00,1.241002062667296535e+01,2.706118427898296375e+01,5.344310771093473988e+01,5.550688348435238595e+01,5.543960852487856528e+01,5.543043534958973595e+01
5.542526425916344124e+01,5.542496493321397111e+01,5.542441918314883509e+01,5.542343100588567495e+01,1.197566114659783665e+01,1.470264920293782041e+01,2.846771997760736639e+01,5.188444828350631610e+01,5.550649326822556873e+01,5.544024225583184773e+01,5.543053155682059696e+01
5.542518802444020309e+01,5.542482550722260726e+01,5.542416423132307557e+01,5.542296504971200477e+01,2.679121267374903326e+01,2.004377893915098952e+01,3.222645532890015119e+01,5.230010671373803888e+01,5.550411120885605953e+01,5.543998283986408637e+01,5.543044109018006793e+01
5.542519866613188384e+01,5.542484496456305010e+01,5.542419977947684373e+01,5.542302983543712713e+01,3.389874776889220698e+01,3.041489019472904687e+01,3.878828481780706738e+01,5.309385777578947341e+01,5.549668716413960112e+01,5.543925668396886408e+01,5.543039659965316446e+01
5.542520377076847637e+01,5.542485429992123613e+01,5.542421684142807692e+01,5.542306095091162632e+01,4.375978795023067391e+01,4.387765678814596271e+01,4.649232999581096948e+01,5.413721814787908215e+01,5.548319927152103048e+01,5.543787509320475237e+01,5.543010619121710647e+01
5.542523100531991531e+01,5.542490409711693644e+01,5.542430781379814420e+01,5.542322666540432863e+01,5.067351686084353446e+01,5.056512923946333160e+01,5.176044398990467243e+01,5.489652196282499119e+01,5.546710776356458439e+01,5.543574660044873781e+01,5.542969022911508148e+01
5.542526953148504276e+01,5.542497454609985397e+01,5.542443653210158061e+01,5.542346119312444586e+01,5.372663395285284338e+01,5.369155030457429234e+01,5.414343029123163120e+01,5.524834138134195172e+01,5.545396872022870838e+01,5.543393172485152576e+01,5.542931118422259829e+01
5.542530678415670309e+01,5.542504268914767351e+01,5.542456111751241821e+01,5.542368848366940881e+01,5.485071558676487058e+01,5.481012900892479678e+01,5.501121850883183839e+01,5.536796197690306087e+01,5.544330317716044476e+01,5.543197554459652565e+01,5.542895109309895219e+01
