1.385623572412880655e+01,1.385609463072638192e+01,1.385583760481880944e+01,1.385537351370120263e+01,1.385455949642011930e+01,-2.395983147863468332e+01,-3.871730968513685589e+00,1.365080222014021416e+01,1.390939963343216590e+01,1.386717895507565501e+01,1.386061491699893544e+01
1.385612694020139912e+01,1.385589575354586600e+01,1.385547441585813999e+01,1.385471250278902389e+01,-7.201290757521091379e+00,-2.461540919917614545e+01,-3.743940506481012953e+00,1.364812799862029991e+01,1.390893049855908714e+01,1.386708617587647652e+01,1.386057889976519242e+01
1.385612916424296870e+01,1.385589981944936611e+01,1.385548183895812535e+01,1.385472599596273469e+01,-3.152178290575569264e+01,-2.473831671532072463e+01,-3.640914923188598884e+00,1.365311040009184929e+01,1.390886865880512424e+01,1.386707053848198967e+01,1.386057253954902180e+01
1.385612978497498915e+01,1.385590095484107920e+01,1.385548391359715126e+01,1.385472977618710644e+01,1.385340037916572342e+01,-2.222976401227828092e+01,-3.301590206179866982e+00,1.366014646801201238e+01,1.390834585007571889e+01,1.386696211126021794e+01,1.386052999240991568e+01
1.385613275305777137e+01,1.385590637926057056e+01,1.385549381483256326e+01,1.385474777424033199e+01,1.385343266502573556e+01,-2.022776312523896536e+01,-2.447757226714971424e+00,1.367711220489911916e+01,1.390767254330087610e+01,1.386703534832392215e+01,1.386055770508135865e+01
1.385613159850413112e+01,1.385590426926078145e+01,1.385548996491658968e+01,1.385474079211914145e+01,1.385342026156280326e+01,-1.059474230760061086e+00,-2.064615171862764775e-01,1.372074215267527109e+01,1.390542428763655636e+01,1.386675778647459900e+01,1.386044666698179384e+01
1.385614100569780938e+01,1.385592146782566836e+01,1.385552137351405477e+01,1.385479795776059575e+01,1.385352318923267134e+01,-7.995261833772008941e+00,2.756908095106405554e+00,1.375754624205259802e+01,1.390149408797230990e+01,1.386633418332212209e+01,1.386047633372072596e+01
1.385614082498944022e+01,1.385592113998097652e+01,1.385552078748269267e+01,1.385479696152254192e+01,1.385352179628115721e+01,1.834896355399160406e+00,7.425024463946132691e+00,1.380759727223870215e+01,1.389385623589784302e+01,1.386522760279052235e+01,1.386021104118489333e+01
1.385616033505421640e+01,1.385595680786748041e+01,1.385558591842358567e+01,1.385491544655412000e+01,1.385373473026122859e+01,1.030411623298355650e+01,1.113644290001658987e+01,1.385160406490203222e+01,1.388404941035211948e+01,1.386376255681916447e+01,1.385993651774740165e+01
1.385618387431737020e+01,1.385599984868877499e+01,1.385566454178092499e+01,1.385505862005430799e+01,1.385399278603110673e+01,1.201316288349304529e+01,1.284406442529027359e+01,1.386176761873524121e+01,1.387542618541652928e+01,1.386245335077990859e+01,1.385966219457895754e+01
1.385620599057810765e+01,1.385604029398801984e+01,1.385573844367858420e+01,1.385519324631981775e+01,1.385423551129709807e+01,1.335067384160241843e+01,1.352439528405624358e+01,1.386393417731188826e+01,1.386817055793715525e+01,1.386122028961838915e+01,1.385933301217274760e+01
