1.385623395241556821e+01,1.385609139745306706e+01,1.385583169062133635e+01,1.385536264933801220e+01,1.385453930513546794e+01,-2.779828416594378382e+01,-4.486410663944367272e+00,1.365629357464136362e+01,1.390929112786709965e+01,1.386715184726705985e+01,1.386060391887401622e+01
1.385612800609351325e+01,1.385589771170774043e+01,1.385547800273122121e+01,1.385471904622508532e+01,-7.598854904500878860e+00,-2.903161352323765243e+01,-4.400463064687842873e+00,1.365287827722818648e+01,1.390902113007096652e+01,1.386710035703741895e+01,1.386058410005698782e+01
1.385612909997596454e+01,1.385589971151234323e+01,1.385548165387668185e+01,1.385472568143530125e+01,-3.726077371992525400e+01,-2.907350854438687193e+01,-4.343439524554050912e+00,1.365719918771562646e+01,1.390868793532317760e+01,1.386702960395867557e+01,1.386055621024115858e+01
1.385613114794097811e+01,1.385590345449717375e+01,1.385548848767324515e+01,1.385473811131036470e+01,1.385341539201672845e+01,-2.624537575137314604e+01,-3.833672447180829224e+00,1.366686380193658579e+01,1.390834284278096789e+01,1.386695526565450365e+01,1.386052680598031017e+01
1.385613337525546918e+01,1.385590752442711704e+01,1.385549591603916397e+01,1.385475161656521692e+01,1.385343964286711760e+01,-2.305514050695660089e+01,-2.812926170542723092e+00,1.368298063908511253e+01,1.390779804169964251e+01,1.386705525180022391e+01,1.386056497314901748e+01
1.385613151979252322e+01,1.385590413231602014e+01,1.385548972465083395e+01,1.385474037645282408e+01,1.385341959930074296e+01,-9.822492744799933284e-01,-3.273289781972033019e-01,1.372432097632430725e+01,1.390548077627881440e+01,1.386676608519192655e+01,1.386044960701160100e+01
1.385614105237359794e+01,1.385592155740270215e+01,1.385552154318732221e+01,1.385479827896575422e+01,1.385352381170413416e+01,-7.998907625526342713e+00,3.126360927374510545e+00,1.375840278190597843e+01,1.390131450134244062e+01,1.386629669478472771e+01,1.386046115315335214e+01
1.385614168238906529e+01,1.385592271573817946e+01,1.385552367217980674e+01,1.385480220823172814e+01,1.385353117311018600e+01,6.570569521153043269e+00,7.797298124369321570e+00,1.381548913276291657e+01,1.389377438212229166e+01,1.386519433511086774e+01,1.386019539724088112e+01
1.385616237261589134e+01,1.385596054234854968e+01,1.385559275094757581e+01,1.385492791031694537e+01,1.385375728753687241e+01,1.036591092918012968e+01,1.123004909566727427e+01,1.384632136681138626e+01,1.388412361436238740e+01,1.386380212852687777e+01,1.385995759246224779e+01
1.385618092150541791e+01,1.385599445710861488e+01,1.385565469899422197e+01,1.385504068282938306e+01,1.385396030442161219e+01,1.246534354430011504e+01,1.290539230795183201e+01,1.386110977124883625e+01,1.387475751710606175e+01,1.386244052620662970e+01,1.385965446217868902e+01
1.385620712755560469e+01,1.385604238091676166e+01,1.385574226525121588e+01,1.385520022107584026e+01,1.385424813975698655e+01,1.335873851695167325e+01,1.353771487142668306e+01,1.386204040489886680e+01,1.386798979219821071e+01,1.386117517338805882e+01,1.385930958445678129e+01
