1.385623424602090026e+01,1.385609207143460253e+01,1.385583308918309342e+01,1.385536552843456803e+01,1.385454577837963441e+01,-2.912114357540745857e+01,-4.329705357888046002e+00,1.366043748202431729e+01,1.390927912731615734e+01,1.386714475663334056e+01,1.386060080685149387e+01
1.385612862554866354e+01,1.385589896227826401e+01,1.385548041134630637e+01,1.385472355614119522e+01,-3.962405241918077081e+01,-3.078224112585748884e+01,-4.210135894001532542e+00,1.365644989663993769e+01,1.390879044704398027e+01,1.386704940900607497e+01,1.386056392055177433e+01
1.385613081148457226e+01,1.385590295888789925e+01,1.385548770958754972e+01,1.385473682674072293e+01,1.385341319550029127e+01,-2.838051440848885676e+01,-4.084860309766241038e+00,1.366022453300358208e+01,1.390847610540354395e+01,1.386698505501158252e+01,1.386053874313184586e+01
1.385613251392892309e+01,1.385590607132359509e+01,1.385549339198126617e+01,1.385474715755226605e+01,1.385343172685904278e+01,-2.752895865968103450e+01,-3.599704409956035356e+00,1.366791444315126824e+01,1.390807899414002335e+01,1.386712452978285803e+01,1.386059302262934878e+01
1.385612904886585284e+01,1.385589973197136615e+01,1.385548181380066879e+01,1.385472610442664099e+01,-3.502260887167274461e+01,-2.717803011257159440e+01,-2.935853164460392684e+00,1.368689486737547867e+01,1.390781156046399225e+01,1.386705279485340014e+01,1.386056361497794498e+01
1.385613205945253945e+01,1.385590523275767083e+01,1.385549185512681980e+01,1.385474437675740056e+01,1.385342690550097444e+01,-1.079102612770999059e+00,-1.267408735264031527e+00,1.371952690759220239e+01,1.390586430627132408e+01,1.386684846540286919e+01,1.386048191138870678e+01
1.385613895190614109e+01,1.385591783574674096e+01,1.385551487167961682e+01,1.385478626579894090e+01,1.385350231423887024e+01,2.255422488158756344e+00,2.358252091068754552e+00,1.377380867115997631e+01,1.390168505202212401e+01,1.386635373246679848e+01,1.386048241319501528e+01
1.385614209161736810e+01,1.385592357974092437e+01,1.385552537951061502e+01,1.385480548866980044e+01,1.385353747741619657e+01,-1.407736977736263384e+00,6.845914672853222527e+00,1.381495456428346458e+01,1.389422114988820667e+01,1.386529574150286237e+01,1.386023881521718337e+01
1.385615996123187443e+01,1.385595625703333766e+01,1.385558505578614152e+01,1.385491405298819956e+01,1.385373257120271973e+01,7.366054360744577423e+00,1.072092164238821610e+01,1.385092555298039052e+01,1.388463086144893843e+01,1.386391810403467062e+01,1.386001128835146012e+01
1.385617922075969766e+01,1.385599147345700644e+01,1.385564938827737436e+01,1.385503120611856787e+01,1.385394372040632582e+01,1.157843489379941460e+01,1.271029148063402836e+01,1.386690470017135368e+01,1.387579001233996223e+01,1.386252475270946505e+01,1.385969539755516777e+01
1.385620823218188491e+01,1.385604453140342329e+01,1.385574633596336014e+01,1.385520784740899458e+01,1.385426255764910408e+01,1.310974789412495412e+01,1.347538928779984602e+01,1.386641311303212198e+01,1.386900882846347294e+01,1.386132778888086570e+01,1.385939581980211699e+01
