5.542535292169709749e+01,5.542512700341097798e+01,5.542471495848354834e+01,5.542396808598402203e+01,5.542264122258092840e+01,2.100673687198140271e+01,2.542885019811343028e+01,5.155638969734205546e+01,5.550626471734463507e+01,5.544026772915046308e+01,5.543054416383576921e+01
5.542518387544581060e+01,5.542481793974562265e+01,5.542415042095532840e+01,5.542293986342139078e+01,2.072526387382934132e+01,4.676561620342262415e+00,2.556926175965957526e+01,5.156554514485740270e+01,5.550608121659773531e+01,5.544023046704277391e+01,5.543053141443274257e+01
5.542518519771008556e+01,5.542482035724410139e+01,5.542415483714815139e+01,5.542294790860368181e+01,2.040307784066725105e+01,5.253922561029091831e+00,2.585236421271396878e+01,5.159969453559381947e+01,5.550650777825438809e+01,5.544030179416765236e+01,5.543055499855199741e+01
5.542518335662958862e+01,5.542481699049460531e+01,5.542414868793044036e+01,5.542293671705638758e+01,2.117216535226145879e+01,6.961414335896421335e+00,2.670273318074775659e+01,5.168965191411754745e+01,5.550664429365892261e+01,5.544031364509464765e+01,5.543055818976166904e+01
5.542518365980781425e+01,5.542481754441149633e+01,5.542414970011093089e+01,5.542293856866591284e+01,2.326633343740398985e+01,1.108439844010152697e+01,2.867627530856718110e+01,5.189961681325327447e+01,5.550613735838521734e+01,5.544018357008027920e+01,5.543051221267430151e+01
5.542518951229853741e+01,5.542482824583288448e+01,5.542416925101994707e+01,5.542297420047598422e+01,2.701476098342666177e+01,1.880302280331203946e+01,3.265239003257379125e+01,5.230203658157952162e+01,5.550453310362677684e+01,5.544004431271628164e+01,5.543046076925395482e+01
5.542519765481591776e+01,5.542484313433203624e+01,5.542419645781460247e+01,5.542302382221976131e+01,3.324633644545376399e+01,3.005368364276164073e+01,3.896683549574411387e+01,5.302761957315109953e+01,5.549772561710801710e+01,5.543943099963988175e+01,5.543025302143327337e+01
5.542521763501542864e+01,5.542487966450381265e+01,5.542426318611768465e+01,5.542314535621662230e+01,4.300605940522248005e+01,4.291618958798301264e+01,4.614114119308372608e+01,5.403660717190302876e+01,5.548491275205229556e+01,5.543799409206651063e+01,5.543014876901935395e+01
5.542522799367380060e+01,5.542489860807437196e+01,5.542429780611169576e+01,5.542320846952443958e+01,4.994940817432274827e+01,5.003175689008168803e+01,5.147440026519292644e+01,5.483256226018281154e+01,5.546876830123178337e+01,5.543592796817424073e+01,5.542976297358080728e+01
5.542526324559608497e+01,5.542496306912920545e+01,5.542441558152516734e+01,5.542342304665116615e+01,5.352487216053437180e+01,5.347337746679049530e+01,5.401917858228802061e+01,5.521754914567809180e+01,5.545486240920693177e+01,5.543401366526548202e+01,5.542935090289742561e+01
5.542530081764481054e+01,5.542503179100183530e+01,5.542454120311070653e+01,5.542365212390390639e+01,5.478747599586455408e+01,5.477387407432580346e+01,5.496171875128507622e+01,5.536579811136591900e+01,5.544253631510041203e+01,5.543182656660776786e+01,5.542886481390632980e+01
