1.385622978770669889e+01,1.385608374793925890e+01,1.385581769368758032e+01,1.385533719857421886e+01,1.385449380873810377e+01,-1.695449092831668736e+01,-4.756133235648147828e-01,1.364730712324969808e+01,1.390931474908887466e+01,1.386716654913514546e+01,1.386061045268189673e+01
1.385612689694817234e+01,1.385589564522646810e+01,1.385547418577852952e+01,1.385471203913354366e+01,-6.381794541506081941e+00,-1.787855028219282616e+01,-4.357826832920526083e-01,1.364617729102502608e+01,1.390919051586154254e+01,1.386714296501936161e+01,1.386060139208918329e+01
1.385612738788514520e+01,1.385589654337179866e+01,1.385547582674409917e+01,1.385471502446242376e+01,-6.879681523243407426e+00,-1.768672887405932315e+01,-3.319733046140165289e-01,1.364823531643484600e+01,1.390896112646919036e+01,1.386709578933758458e+01,1.386058291641155371e+01
1.385612865122360482e+01,1.385589885260327669e+01,1.385548004231131536e+01,1.385472268824016595e+01,-6.663413273690890648e+00,-1.706117411384219906e+01,-6.052938602821500425e-02,1.365543073955033115e+01,1.390846003409786746e+01,1.386699021633029716e+01,1.386054135580716284e+01
1.385613165587610496e+01,1.385590434461527387e+01,1.385549006811297090e+01,1.385474091727437340e+01,1.385342025719612380e+01,-2.796182065198920430e+00,8.312253578611752403e-01,1.367995771197596966e+01,1.390766904186624409e+01,1.386703396966673907e+01,1.386055710636986227e+01
1.385613165181606732e+01,1.385590433907169583e+01,1.385549006471232047e+01,1.385474094823006652e+01,1.385342053020219844e+01,-5.602654289386610476e-01,1.696043932741842397e+00,1.371007728557446015e+01,1.390566488242437160e+01,1.386681778264747322e+01,1.386047083650641554e+01
1.385613879094812440e+01,1.385591739027470659e+01,1.385551389677922884e+01,1.385478431417070055e+01,1.385349856676383951e+01,2.382376465289675949e+00,4.621221881329853787e+00,1.376037930490750583e+01,1.390125700019413202e+01,1.386628286772155505e+01,1.386045537085846746e+01
1.385614210304537508e+01,1.385592344825418998e+01,1.385552497292396268e+01,1.385480454052404653e+01,1.385353535059624619e+01,6.671752583773461254e+00,8.341602088081085498e+00,1.380891279649931747e+01,1.389318363392380995e+01,1.386507338014416391e+01,1.386014491587791397e+01
1.385616427792556138e+01,1.385596398694286435e+01,1.385559899380616145e+01,1.385493917458017421e+01,1.385377717487207327e+01,1.055377088249988837e+01,1.149923089511498375e+01,1.384479546333109568e+01,1.388345218816941440e+01,1.386384262118483690e+01,1.385997801198089974e+01
1.385617881251555517e+01,1.385599056611982505e+01,1.385564755848517038e+01,1.385502765489680144e+01,1.385393681549700062e+01,1.258723823137949083e+01,1.299897710931662331e+01,1.385870044402455292e+01,1.387449570404649890e+01,1.386237735676019511e+01,1.385962320557840854e+01
1.385620684689445881e+01,1.385604183158317149e+01,1.385574122009787601e+01,1.385519823269133610e+01,1.385424416681417981e+01,1.341060576452242614e+01,1.356966240476545593e+01,1.386197677839563802e+01,1.386752862759165872e+01,1.386098311822386187e+01,1.385938283981307251e+01
