5.542533915057097005e+01,5.542510180377664142e+01,5.542466888861066820e+01,5.542388403588583401e+01,1.718643882525725886e+01,1.121119584157208848e+01,2.653351098546279019e+01,5.347965968615673660e+01,5.550815326156711649e+01,5.543954846128485769e+01,5.543041147464830942e+01
5.542526854070503362e+01,5.542497276256351313e+01,5.542443349262745755e+01,5.542345711549897658e+01,7.329879604257024894e+00,1.141441709147576411e+01,2.642610160386102081e+01,5.342140663455831628e+01,5.550807299731121702e+01,5.543956562587726467e+01,5.543041948277198117e+01
5.542526631571270457e+01,5.542496869348072863e+01,5.542442605357008745e+01,5.542344353035991844e+01,8.099467168520245508e+00,1.159276849316908908e+01,2.658655187092033856e+01,5.343708846107828947e+01,5.550788472123419126e+01,5.543953072076520527e+01,5.543040726938679086e+01
5.542526739410259040e+01,5.542497066502038194e+01,5.542442965434891278e+01,5.542345008562351438e+01,8.989516869430506318e+00,1.241002062669015871e+01,2.706118427907382795e+01,5.344310771121391213e+01,5.550688348523051729e+01,5.543960852765808056e+01,5.543043535837795588e+01
5.542526425916189936e+01,5.542496493321261397e+01,5.542441918314808191e+01,5.542343100588681892e+01,1.197566114662607006e+01,1.470264920295754507e+01,2.846771997769767637e+01,5.188444828378278117e+01,5.550649326910198766e+01,5.544024225860572130e+01,5.543053156559078332e+01
5.542518802443866832e+01,5.542482550722125723e+01,5.542416423132233660e+01,5.542296504971315585e+01,2.679121267370134873e+01,2.004377893923313891e+01,3.222645532898316389e+01,5.230010671401542766e+01,5.550411120973075185e+01,5.543998284263240350e+01,5.543044109893270388e+01
5.542519866613034907e+01,5.542484496456170007e+01,5.542419977947609766e+01,5.542302983543827821e+01,3.389874776885375240e+01,3.041489019483523748e+01,3.878828481789932425e+01,5.309385777606455292e+01,5.549668716501260235e+01,5.543925668673204399e+01,5.543039660838972793e+01
5.542520377076695581e+01,5.542485429991990031e+01,5.542421684142733795e+01,5.542306095091277029e+01,4.375978795022238899e+01,4.387765678814410109e+01,4.649232999591154680e+01,5.413721814815536959e+01,5.548319927239265326e+01,5.543787509596344876e+01,5.543010619993965093e+01
5.542523100531838764e+01,5.542490409711558641e+01,5.542430781379739813e+01,5.542322666540546550e+01,5.067351686083819828e+01,5.056512923946679905e+01,5.176044398999744089e+01,5.489652196310089494e+01,5.546710776443504187e+01,5.543574660320376779e+01,5.542969023782632121e+01
5.542526953148350799e+01,5.542497454609851104e+01,5.542443653210082743e+01,5.542346119312558272e+01,5.372663395285289312e+01,5.369155030458840372e+01,5.414343029131975271e+01,5.524834138161745045e+01,5.545396872109823505e+01,5.543393172760362830e+01,5.542931119292488518e+01
5.542530678415516832e+01,5.542504268914632348e+01,5.542456111751167214e+01,5.542368848367053147e+01,5.485071558676725800e+01,5.481012900895218820e+01,5.501121850891694720e+01,5.536796197717685430e+01,5.544330317802896957e+01,5.543197554734618393e+01,5.542895110179416918e+01
