5.542535292168835781e+01,5.542512700340343201e+01,5.542471495847989615e+01,5.542396808599280433e+01,5.542264122262940873e+01,2.100673681993134778e+01,2.542885019622767828e+01,5.155638969832646268e+01,5.550626472312593762e+01,5.544026774752987308e+01,5.543054422186183672e+01
5.542518387543728409e+01,5.542481793973846038e+01,5.542415042095234412e+01,5.542293986343133128e+01,2.072526387548290572e+01,4.676561620580737433e+00,2.556926175996204975e+01,5.156554514661662125e+01,5.550608122235964004e+01,5.544023048527502340e+01,5.543053147198241959e+01
5.542518519770152352e+01,5.542482035723681832e+01,5.542415483714484026e+01,5.542294790861291176e+01,2.040307783844770739e+01,5.253922561705241634e+00,2.585236421321306466e+01,5.159969453739273604e+01,5.550650778397488239e+01,5.544030181225204501e+01,5.543055505563294361e+01
5.542518335662107631e+01,5.542481699048731514e+01,5.542414868792706528e+01,5.542293671706537594e+01,2.117216535122369336e+01,6.961414336195979047e+00,2.670273318132128892e+01,5.168965191591384212e+01,5.550664429933379296e+01,5.544031366303312325e+01,5.543055824638253171e+01
5.542518365979936590e+01,5.542481754440426300e+01,5.542414970010757713e+01,5.542293856867480883e+01,2.326633343699309009e+01,1.108439844052815637e+01,2.867627530930002422e+01,5.189961681503815782e+01,5.550613736401484033e+01,5.544018358787601386e+01,5.543051226884539062e+01
5.542518951229014590e+01,5.542482824582571510e+01,5.542416925101662173e+01,5.542297420048480205e+01,2.701476098322490671e+01,1.880302280414857208e+01,3.265239003339195278e+01,5.230203658336861849e+01,5.550453310921387384e+01,5.544004433037596868e+01,5.543046082499608929e+01
5.542519765480760441e+01,5.542484313432491660e+01,5.542419645781129844e+01,5.542302382222850099e+01,3.324633644496037732e+01,3.005368364457090280e+01,3.896683549688672343e+01,5.302761957497140344e+01,5.549772562265602005e+01,5.543943101717523803e+01,5.543025307678331615e+01
5.542521763500718635e+01,5.542487966449675696e+01,5.542426318611440195e+01,5.542314535622530514e+01,4.300605940470433097e+01,4.291618958718412102e+01,4.614114119372950995e+01,5.403660717369192668e+01,5.548491275756483532e+01,5.543799410949328887e+01,5.543014882403487320e+01
5.542522799366563646e+01,5.542489860806739443e+01,5.542429780610846990e+01,5.542320846953309399e+01,4.994940817418826384e+01,5.003175688996991255e+01,5.147440026569987737e+01,5.483256226202654204e+01,5.546876830671884306e+01,5.543592798551402723e+01,5.542976302832805402e+01
5.542526324558796347e+01,5.542496306912226345e+01,5.542441558152195569e+01,5.542342304665977792e+01,5.352487216044661977e+01,5.347337746673528613e+01,5.401917858275187001e+01,5.521754914750543719e+01,5.545486241467404653e+01,5.543401368253637429e+01,5.542935095743271745e+01
5.542530081763673167e+01,5.542503179099492883e+01,5.542454120310750909e+01,5.542365212391246132e+01,5.478747599582509054e+01,5.477387407434392230e+01,5.496171875178879418e+01,5.536579811325706402e+01,5.544253632056758363e+01,5.543182658382986716e+01,5.542886486828498960e+01
