9.797496385219163884e+00,9.797114252669732792e+00,9.796416863214854942e+00,9.795150176347698689e+00,-4.926534853390023727e+01,-4.369800870309882157e+01,-2.453918346029816533e+01,2.547045655117322394e+00,9.874650849837498967e+00,9.814254172725071612e+00,9.803211434027316429e+00
9.797331708295677899e+00,9.796813062905959768e+00,9.795866432884574593e+00,-4.740281418395316138e+01,-4.848200089090504861e+01,-4.390356383150931663e+01,-2.432192172441117961e+01,2.563782599725079603e+00,9.874721991543779609e+00,9.814259667256436614e+00,9.803212789103506353e+00
9.797331824511973153e+00,9.796813257656229013e+00,9.795866776070923265e+00,-5.252347628983696382e+01,-5.098725750950868729e+01,-4.382558489566780224e+01,-2.420081200607589622e+01,2.599115324266138671e+00,9.876438768164891968e+00,9.814375621537600125e+00,9.803249630168989981e+00
9.797327786261048388e+00,9.796805870983476439e+00,9.795853271130285478e+00,-5.050559715998439714e+01,-5.065615353664708209e+01,-4.359568659090948017e+01,-2.433212751742700419e+01,2.680572586036032767e+00,9.877231218995502715e+00,9.814534805290735520e+00,9.803300630179133890e+00
9.797321910007463330e+00,9.796795133074958528e+00,9.795833655204132739e+00,-5.174157502677483222e+01,-4.984214888760024564e+01,-4.296577921494823471e+01,-2.417621975615433172e+01,2.872601862476699797e+00,9.878092052746316298e+00,9.814346723031322384e+00,9.803234410078621508e+00
9.797333902499191893e+00,9.796817074530766334e+00,9.795873760520406037e+00,-1.734755754492421431e+01,-4.762421252431257557e+01,-4.117346205761101174e+01,-2.313560892623118903e+01,3.242126533083034001e+00,9.878166287789017730e+00,9.814369612408892607e+00,9.803232113900625322e+00
9.797341206015794057e+00,9.796830439318027217e+00,9.795898204096642914e+00,-1.453053747119725614e+01,-4.212167262136264867e+01,-3.654646815157155260e+01,-2.048609281395592063e+01,3.934585055739503012e+00,9.876872896257863133e+00,9.814035532464425060e+00,9.803111727517764606e+00
9.797364838527174769e+00,9.796873659481466490e+00,9.795977201790170952e+00,-1.027519243881580735e+01,-3.081528473467466256e+01,-2.655304444391523688e+01,-1.420863184262353585e+01,5.118130710503944414e+00,9.872187131080897515e+00,9.813464850261588879e+00,9.803117989166659996e+00
9.797374022738608801e+00,9.796890467904461275e+00,9.796007958408939231e+00,-3.894034170659658400e+00,-1.462127925262793582e+01,-1.220799913575132578e+01,-4.950767174706989238e+00,6.796037337635889131e+00,9.861664051706439338e+00,9.812167180258958510e+00,9.802878081536729127e+00
9.797407234509044827e+00,9.796951216475790147e+00,9.796118997513941551e+00,-1.477998467856485476e+00,-1.318469075812195968e+00,-1.713201719642363230e-01,3.068478384057363506e+00,8.364708384725808799e+00,9.846541989664929773e+00,9.810288034070763885e+00,9.802410317326453182e+00
9.797463104551258795e+00,9.797053409386432321e+00,9.796305782524209249e+00,9.794948007592891415e+00,5.768411916685486140e+00,6.132798692632286830e+00,7.309821642189683999e+00,9.260445747230480862e+00,9.831772092013071784e+00,9.808103990401432881e+00,9.802159011181174719e+00
