1.385623395241231925e+01,1.385609139744999396e+01,1.385583169061882280e+01,1.385536264933727679e+01,1.385453930514036180e+01,-2.779828416580699013e+01,-4.486410663914188746e+00,1.365629357490230689e+01,1.390929112868831652e+01,1.386715184986978855e+01,1.386060392710609968e+01
1.385612800609027317e+01,1.385589771170468154e+01,1.385547800272872720e+01,1.385471904622437123e+01,-7.598854904181328251e+00,-2.903161352320386968e+01,-4.400463064545959035e+00,1.365287827748129423e+01,1.390902113089016368e+01,1.386710035963431764e+01,1.386058410827073573e+01
1.385612909997273334e+01,1.385589971150928612e+01,1.385548165387418962e+01,1.385472568143458361e+01,-3.726077372123922515e+01,-2.907350854427523856e+01,-4.343439524477378910e+00,1.365719918797208265e+01,1.390868793614075472e+01,1.386702960654983130e+01,1.386055621843664909e+01
1.385613114793775047e+01,1.385590345449412197e+01,1.385548848767075114e+01,1.385473811130964528e+01,1.385341539202161343e+01,-2.624537575172839610e+01,-3.833672447123129601e+00,1.366686380218899188e+01,1.390834284359661588e+01,1.386695526823991642e+01,1.386052681415769783e+01
1.385613337525225042e+01,1.385590752442407592e+01,1.385549591603668063e+01,1.385475161656450460e+01,1.385343964287199903e+01,-2.305514050787725111e+01,-2.812926170466704789e+00,1.368298063933199948e+01,1.390779804251335250e+01,1.386705525437999498e+01,1.386056498130864156e+01
1.385613151978930802e+01,1.385590413231298257e+01,1.385548972464835416e+01,1.385474037645211176e+01,1.385341959930561373e+01,-9.822492742152397760e-01,-3.273289781424488787e-01,1.372432097657734040e+01,1.390548077709097186e+01,1.386676608776616249e+01,1.386044961515365159e+01
1.385614105237038629e+01,1.385592155739966636e+01,1.385552154318484241e+01,1.385479827896503480e+01,1.385352381170898539e+01,-7.998907626033942009e+00,3.126360927403223577e+00,1.375840278215429180e+01,1.390131450215279330e+01,1.386629669735390635e+01,1.386046116127970862e+01
1.385614168238586075e+01,1.385592271573515077e+01,1.385552367217733050e+01,1.385480220823101405e+01,1.385353117311503546e+01,6.570569521186175876e+00,7.797298124163565269e+00,1.381548913301604919e+01,1.389377438293202971e+01,1.386519433767573517e+01,1.386019540535331984e+01
1.385616237261268680e+01,1.385596054234551744e+01,1.385559275094509246e+01,1.385492791031620641e+01,1.385375728754166147e+01,1.036591092894235189e+01,1.123004909579900001e+01,1.384632136706558292e+01,1.388412361517079319e+01,1.386380213108806814e+01,1.385995760056349191e+01
1.385618092150222047e+01,1.385599445710559152e+01,1.385565469899174573e+01,1.385504068282864765e+01,1.385396030442639770e+01,1.246534354432278313e+01,1.290539230802474435e+01,1.386110977150260481e+01,1.387475751791319922e+01,1.386244052876483579e+01,1.385965447027108155e+01
1.385620712755242323e+01,1.385604238091375251e+01,1.385574226524876096e+01,1.385520022107512972e+01,1.385424813976180403e+01,1.335873851696846870e+01,1.353771487150344299e+01,1.386204040515346669e+01,1.386798979300480283e+01,1.386117517594394855e+01,1.385930959254197603e+01
