1.385623424602209397e+01,1.385609207143573940e+01,1.385583308918404200e+01,1.385536552843492331e+01,1.385454577837811385e+01,-2.912114357552217925e+01,-4.329705357921790565e+00,1.366043748193849616e+01,1.390927912704303182e+01,1.386714475576711969e+01,1.386060080411050066e+01
1.385612862554986258e+01,1.385589896227940265e+01,1.385548041134725850e+01,1.385472355614155049e+01,-3.962405241670820288e+01,-3.078224112587456318e+01,-4.210135894107383869e+00,1.365644989655550212e+01,1.390879044677121890e+01,1.386704940814080800e+01,1.386056391781374941e+01
1.385613081148577130e+01,1.385590295888903967e+01,1.385548770958850007e+01,1.385473682674107998e+01,1.385341319549877248e+01,-2.838051440674622228e+01,-4.084860309900406605e+00,1.366022453291983396e+01,1.390847610513110766e+01,1.386698505414724991e+01,1.386053874039676970e+01
1.385613251393012035e+01,1.385590607132473195e+01,1.385549339198221475e+01,1.385474715755261954e+01,1.385343172685752045e+01,-2.752895865655508700e+01,-3.599704410119635156e+00,1.366791444307208359e+01,1.390807899386796720e+01,1.386712452891945446e+01,1.386059301989717696e+01
1.385612904886704477e+01,1.385589973197250302e+01,1.385548181380161381e+01,1.385472610442699448e+01,-3.502260886647846405e+01,-2.717803011272035718e+01,-2.935853164594742104e+00,1.368689486728879956e+01,1.390781156019201958e+01,1.386705279399087942e+01,1.386056361224865441e+01
1.385613205945373849e+01,1.385590523275881125e+01,1.385549185512777015e+01,1.385474437675776116e+01,1.385342690549946454e+01,-1.079102612911384984e+00,-1.267408735289734523e+00,1.371952690750320514e+01,1.390586430599953793e+01,1.386684846454121534e+01,1.386048190866221042e+01
1.385613895190733658e+01,1.385591783574787605e+01,1.385551487168056539e+01,1.385478626579929795e+01,1.385350231423736034e+01,2.255422488037792661e+00,2.358252091166391118e+00,1.377380867107912010e+01,1.390168505175088853e+01,1.386635373160604345e+01,1.386048241047118346e+01
1.385614209161856536e+01,1.385592357974205946e+01,1.385552537951156182e+01,1.385480548867015749e+01,1.385353747741468666e+01,-1.407736977824565194e+00,6.845914672804236822e+00,1.381495456419800760e+01,1.389422114961647203e+01,1.386529574064267401e+01,1.386023881249555068e+01
1.385615996123307170e+01,1.385595625703447809e+01,1.385558505578710253e+01,1.385491405298857970e+01,1.385373257120125068e+01,7.366054360748761631e+00,1.072092164236307887e+01,1.385092555289460670e+01,1.388463086117793388e+01,1.386391810317521411e+01,1.386001128563174234e+01
1.385617922076089314e+01,1.385599147345813975e+01,1.385564938827832293e+01,1.385503120611892669e+01,1.385394372040482480e+01,1.157843489377950874e+01,1.271029148060778802e+01,1.386690470008627329e+01,1.387579001206907847e+01,1.386252475185048283e+01,1.385969539483693680e+01
1.385620823218307507e+01,1.385604453140455483e+01,1.385574633596430694e+01,1.385520784740935163e+01,1.385426255764760306e+01,1.310974789411629793e+01,1.347538928777381884e+01,1.386641311294729739e+01,1.386900882819275793e+01,1.386132778802229559e+01,1.385939581708510282e+01
