5.542534425865829917e+01,5.542511115569539015e+01,5.542468598323394247e+01,5.542391516889781400e+01,1.740188092938945630e+01,1.100356426883490535e+01,2.649706096327353322e+01,5.358288009519539941e+01,5.550690069759460954e+01,5.543951895841436084e+01,5.543039821037886128e+01
5.542527196928138267e+01,5.542497905956750515e+01,5.542444503093350505e+01,5.542347820558622118e+01,7.627991456936237924e+00,2.828887437094604884e+00,2.546020663242703108e+01,5.157536083713225139e+01,5.550648808069128393e+01,5.544029740420628372e+01,5.543055347530951593e+01
5.542518354035152583e+01,5.542481733534592081e+01,5.542414932682433459e+01,5.542293788850629710e+01,2.092202926473288827e+01,3.938207810546169085e+00,2.569796906032725303e+01,5.160518757767499665e+01,5.550640109581671311e+01,5.544028014161566631e+01,5.543054759252269292e+01
5.542518413348135198e+01,5.542481842012067261e+01,5.542415130875741625e+01,5.542294149941660919e+01,2.133265449360285260e+01,5.449938569259531462e+00,2.643828398605385033e+01,5.169476130610705411e+01,5.550662498915956888e+01,5.544030668313752130e+01,5.543055564822970638e+01
5.542518405262168812e+01,5.542481827216744250e+01,5.542415103938513710e+01,5.542294101920420246e+01,2.327463633900895701e+01,9.141611512163052566e+00,2.810708751983770171e+01,5.190300197308651775e+01,5.550620589757598111e+01,5.544019320542424367e+01,5.543051528386233429e+01
5.542518936983100986e+01,5.542482799362597490e+01,5.542416879951845488e+01,5.542297338926221073e+01,2.703073391313637686e+01,1.706718489393808369e+01,3.204139435119059698e+01,5.231896888589949413e+01,5.550403008584125075e+01,5.543996967574796031e+01,5.543043678894876791e+01
5.542519899617823853e+01,5.542484559419227708e+01,5.542420095608689934e+01,5.542303200041600064e+01,3.406777550725121984e+01,2.919212459073266785e+01,3.885979419600317186e+01,5.310398408830160832e+01,5.549649437279987296e+01,5.543922148672089634e+01,5.543038440469427997e+01
5.542520478957874275e+01,5.542485618787853241e+01,5.542422031543213734e+01,5.542306729706587021e+01,4.380453241374283380e+01,4.394230179920759838e+01,4.649957699004828271e+01,5.413788573489937761e+01,5.548310364221674718e+01,5.543785993652478794e+01,5.543010100086743819e+01
5.542523122732562513e+01,5.542490452704943493e+01,5.542430862332646058e+01,5.542322815574425476e+01,5.068710368489603724e+01,5.059073601188148928e+01,5.177070588889421288e+01,5.489632762041600245e+01,5.546705544796508036e+01,5.543573603727179488e+01,5.542968615855635051e+01
5.542526978986425945e+01,5.542497504156993671e+01,5.542443746105900004e+01,5.542346290365836126e+01,5.372804568306779061e+01,5.369561306486013308e+01,5.414720437452220381e+01,5.524472015884119003e+01,5.545376036280882204e+01,5.543389218833939935e+01,5.542929540050534598e+01
5.542530684455567780e+01,5.542504281917832998e+01,5.542456137176216657e+01,5.542368893325398460e+01,5.485801437704603956e+01,5.484131415516960573e+01,5.500688409064628104e+01,5.536801326880260632e+01,5.544299139579575808e+01,5.543186346583416935e+01,5.542889237451984741e+01
