9.797494704128716592e+00,9.797110709382224059e+00,9.796409865814364792e+00,9.795136618571497422e+00,-5.504250748137626204e+01,-4.789829019473688732e+01,-2.559838274865701280e+01,2.552276478937781423e+00,9.874554781005635107e+00,9.814297323812365192e+00,9.803227905497763572e+00
9.797327403347949826e+00,9.796804783115675264e+00,9.795850869884182188e+00,-5.238473557846342743e+01,-5.467744408570977299e+01,-4.816086485175878096e+01,-2.553067974168835974e+01,2.569142527131019538e+00,9.874903258080179214e+00,9.814117629815001465e+00,9.803169089080100207e+00
9.797335069338693359e+00,9.796818786123177247e+00,9.795876442210369461e+00,-5.417093049390469872e+01,-5.490637834747045076e+01,-4.798500745366629161e+01,-2.549358729206861440e+01,2.604449297682168485e+00,9.876164977426270752e+00,9.814376066159727685e+00,9.803252092855174737e+00
9.797325344825376092e+00,9.796801007537988326e+00,9.795843957514033917e+00,-1.955375136238152578e+01,-5.303044439659498721e+01,-4.684292399834111364e+01,-2.512250862239518412e+01,2.684649514844122287e+00,9.876759999881931762e+00,9.814477372104555286e+00,9.803283753131925238e+00
9.797322276166308797e+00,9.796795398134635846e+00,9.795833709924020027e+00,-1.898331845094347514e+01,-5.040356835097545485e+01,-4.496449680754943046e+01,-2.463542536448869669e+01,2.899918040418486775e+00,9.877592303338650126e+00,9.814471004152098388e+00,9.803274052411119044e+00
9.797328983566330862e+00,9.796807661974813897e+00,9.795856126759643345e+00,-1.750547140588260575e+01,-4.809436112257586871e+01,-4.159542778262719764e+01,-2.237406926766453807e+01,3.320931962710595542e+00,9.877309409964338371e+00,9.814229420650846691e+00,9.803188488233905318e+00
9.797344807958188184e+00,9.796836607077038295e+00,9.795909034290929185e+00,-1.353886558068042234e+01,-3.644629958389049307e+01,-3.261174074596766559e+01,-1.769683441247043021e+01,4.134685667441599044e+00,9.875329713557343680e+00,9.813982830476959407e+00,9.803096113023761049e+00
9.797365212295783721e+00,9.796873912468958778e+00,9.795977215590644605e+00,-8.684382136117562823e+00,-2.265120745001647151e+01,-1.929449784092714992e+01,-9.455163456139601408e+00,5.490351643543770699e+00,9.868852324322547886e+00,9.813208550078133641e+00,9.803042719934596860e+00
9.797374738407583550e+00,9.796891340086942179e+00,9.796009084677640644e+00,-1.303560739300177573e+00,-7.158670070693606391e+00,-5.487526095778569868e+00,-6.234158979244464049e-01,7.268472719259031933e+00,9.855985978714322471e+00,9.811722766245292604e+00,9.802743659586916181e+00
9.797407556322806244e+00,9.796951356762228613e+00,9.796118765451520716e+00,4.899992938970393119e+00,2.853844361086625980e+00,3.511599160472566261e+00,5.439144880396996840e+00,8.694822873177587397e+00,9.840450847791849753e+00,9.809777867487737169e+00,9.802442822503376618e+00
9.797442461922962309e+00,9.797015226813410749e+00,9.796235576105679854e+00,8.010322610714922575e+00,7.357349169785267762e+00,7.589333146291888710e+00,8.253665495008256414e+00,9.404405244230492400e+00,9.826502530190731832e+00,9.807251796055354021e+00,9.802023838720947069e+00
