5.542533915057180138e+01,5.542510180377738038e+01,5.542466888861108032e+01,5.542388403588520873e+01,1.718643882542852097e+01,1.121119584153491289e+01,2.653351098541542541e+01,5.347965968600412623e+01,5.550815326109518821e+01,5.543954845979183688e+01,5.543041146992852930e+01
5.542526854070585074e+01,5.542497276256422367e+01,5.542443349262784125e+01,5.542345711549835130e+01,7.329879604249537550e+00,1.141441709145997407e+01,2.642610160381475737e+01,5.342140663440936521e+01,5.550807299684056773e+01,5.543956562438782498e+01,5.543041947806341341e+01
5.542526631571353590e+01,5.542496869348144628e+01,5.542442605357049246e+01,5.542344353035930027e+01,8.099467168490692259e+00,1.159276849316168878e+01,2.658655187087133953e+01,5.343708846092842180e+01,5.550788472076469304e+01,5.543953071927928988e+01,5.543040726468936441e+01
5.542526739410340042e+01,5.542497066502109959e+01,5.542442965434931068e+01,5.542345008562290332e+01,8.989516869411248834e+00,1.241002062668098915e+01,2.706118427902534052e+01,5.344310771106496816e+01,5.550688348476212752e+01,5.543960852617566104e+01,5.543043535369153574e+01
5.542526425916273070e+01,5.542496493321333162e+01,5.542441918314848692e+01,5.542343100588620786e+01,1.197566114661102787e+01,1.470264920294703259e+01,2.846771997764951934e+01,5.188444828363535066e+01,5.550649326863476318e+01,5.544024225712709608e+01,5.543053156091650635e+01
5.542518802443948545e+01,5.542482550722198198e+01,5.542416423132273451e+01,5.542296504971253768e+01,2.679121267372680038e+01,2.004377893918933040e+01,3.222645532893892550e+01,5.230010671386759213e+01,5.550411120926469266e+01,5.543998284115751574e+01,5.543044109427024324e+01
5.542519866613116619e+01,5.542484496456241772e+01,5.542419977947650267e+01,5.542302983543766004e+01,3.389874776887425867e+01,3.041489019477863565e+01,3.878828481785016891e+01,5.309385777591802480e+01,5.549668716454766582e+01,5.543925668526061656e+01,5.543039660373807465e+01
5.542520377076776583e+01,5.542485429992061086e+01,5.542421684142772165e+01,5.542306095091215923e+01,4.375978795022680856e+01,4.387765678814510295e+01,4.649232999585799320e+01,5.413721814800827303e+01,5.548319927192866885e+01,5.543787509449504114e+01,5.543010619529742655e+01
5.542523100531920477e+01,5.542490409711631116e+01,5.542430781379779603e+01,5.542322666540486864e+01,5.067351686084103335e+01,5.056512923946495164e+01,5.176044398994805817e+01,5.489652196295405417e+01,5.546710776397183906e+01,5.543574660173781865e+01,5.542969023319169253e+01
5.542526953148432511e+01,5.542497454609922869e+01,5.542443653210122534e+01,5.542346119312497876e+01,5.372663395285287180e+01,5.369155030458090039e+01,5.414343029127287821e+01,5.524834138147087970e+01,5.545396872063567173e+01,5.543393172613964737e+01,5.542931118829626769e+01
5.542530678415597833e+01,5.542504268914703403e+01,5.542456111751206294e+01,5.542368848366993461e+01,5.485071558676599324e+01,5.481012900893762207e+01,5.501121850887167852e+01,5.536796197703122857e+01,5.544330317756703153e+01,5.543197554588384435e+01,5.542895109717029811e+01
