5.542535292169157657e+01,5.542512700340621734e+01,5.542471495848124619e+01,5.542396808598959979e+01,5.542264122261161674e+01,2.100673683932240721e+01,2.542885019693282089e+01,5.155638969796960680e+01,5.550626472100704945e+01,5.544026774079819120e+01,5.543054420063215559e+01
5.542518387544041758e+01,5.542481793974108939e+01,5.542415042095345257e+01,5.542293986342770040e+01,2.072526387486718136e+01,4.676561620489936288e+00,2.556926175985323368e+01,5.156554514597381456e+01,5.550608122025617774e+01,5.544023047862398812e+01,5.543053145101130497e+01
5.542518519770464991e+01,5.542482035723948286e+01,5.542415483714606239e+01,5.542294790860956510e+01,2.040307783927467256e+01,5.253922561453313378e+00,2.585236421303184784e+01,5.159969453673766537e+01,5.550650778189479695e+01,5.544030180568113053e+01,5.543055503491508773e+01
5.542518335662417428e+01,5.542481699048997967e+01,5.542414868792830873e+01,5.542293671706212876e+01,2.117216535161062652e+01,6.961414336085207211e+00,2.670273318111317451e+01,5.168965191526219627e+01,5.550664429727842020e+01,5.544031365654083743e+01,5.543055822591227866e+01
5.542518365980244255e+01,5.542481754440689201e+01,5.542414970010880637e+01,5.542293856867161139e+01,2.326633343714602731e+01,1.108439844037121702e+01,2.867627530903354938e+01,5.189961681439315555e+01,5.550613736198376102e+01,5.544018358146033165e+01,5.543051224861627446e+01
5.542518951229319413e+01,5.542482824582831569e+01,5.542416925101782965e+01,5.542297420048164724e+01,2.701476098329885289e+01,1.880302280384301739e+01,3.265239003309582699e+01,5.230203658272444045e+01,5.550453310720566691e+01,5.544004432403305316e+01,5.543046080499613026e+01
5.542519765481060290e+01,5.542484313432748877e+01,5.542419645781249926e+01,5.542302382222538171e+01,3.324633644514051412e+01,3.005368364391310365e+01,3.896683549647401179e+01,5.302761957431814466e+01,5.549772562066877413e+01,5.543943101089860193e+01,5.543025305699209326e+01
5.542521763501014220e+01,5.542487966449929360e+01,5.542426318611558145e+01,5.542314535622221428e+01,4.300605940489240453e+01,4.291618958747457668e+01,4.614114119349802934e+01,5.403660717305217531e+01,5.548491275559635483e+01,5.543799410327432042e+01,5.543014880442118653e+01
5.542522799366856390e+01,5.542489860806990265e+01,5.542429780610962808e+01,5.542320846953002444e+01,4.994940817423695734e+01,5.003175689001089665e+01,5.147440026551929293e+01,5.483256226136884948e+01,5.546876830476439579e+01,5.543592797934123695e+01,5.542976300885642615e+01
5.542526324559086959e+01,5.542496306912475035e+01,5.542441558152312098e+01,5.542342304665672259e+01,5.352487216047839524e+01,5.347337746675583503e+01,5.401917858258721594e+01,5.521754914685513427e+01,5.545486241273066241e+01,5.543401367640014143e+01,5.542935093807310665e+01
5.542530081763961647e+01,5.542503179099739441e+01,5.542454120310866017e+01,5.542365212390944151e+01,5.478747599583948613e+01,5.477387407433813848e+01,5.496171875161014952e+01,5.536579811258501138e+01,5.544253631862722642e+01,5.543182657772025834e+01,5.542886484900843413e+01
