5.542534227161269911e+01,5.542510753420131664e+01,5.542467940411611238e+01,5.542390337523426069e+01,6.061610791837674483e+00,1.093083881144551306e+01,2.656195802561812513e+01,5.154252114371772819e+01,5.550649608364552279e+01,5.544031396746753870e+01,5.543055993827255179e+01
5.542518226835812811e+01,5.542481500083142976e+01,5.542414505188273210e+01,5.542293008248094566e+01,2.059331498360333512e+01,1.129796214348549555e+01,2.667111677313664586e+01,5.155287323981676195e+01,5.550598868960489085e+01,5.544022124120530748e+01,5.543052876934248019e+01
5.542518509054383458e+01,5.542482016121012123e+01,5.542415447833068498e+01,5.542294724903749881e+01,2.020968377252482284e+01,1.160750035055860074e+01,2.688215805883931964e+01,5.158621960430734532e+01,5.550608634491371163e+01,5.544023451146128423e+01,5.543053294942463083e+01
5.542518492083266324e+01,5.542481985064749495e+01,5.542415391083374487e+01,5.542294621742338734e+01,2.079486161464033955e+01,1.239642048221592674e+01,2.736557021193138795e+01,5.167812548143056972e+01,5.550643802525592463e+01,5.544028314337357699e+01,5.543054835775493672e+01
5.542518422982541182e+01,5.542481858726823418e+01,5.542415160438440580e+01,5.542294202943473636e+01,2.302345129994503026e+01,1.415526787216231241e+01,2.849044760212197502e+01,5.188798775125015794e+01,5.550622729732150873e+01,5.544020524566188612e+01,5.543051980882648877e+01
5.542518858766256074e+01,5.542482655511403777e+01,5.542416616220091896e+01,5.542296857159362844e+01,2.744308815207529761e+01,1.860484377166367764e+01,3.149171145715121511e+01,5.230415263521086899e+01,5.550415604981880335e+01,5.543998820744008071e+01,5.543044272639832570e+01
5.542519866756266111e+01,5.542484498566373219e+01,5.542419983723858934e+01,5.542302996180954011e+01,3.390111480040378211e+01,2.850056067343690103e+01,3.787755332517228624e+01,5.309931806546118338e+01,5.549678391353873508e+01,5.543926968868683502e+01,5.543040080938032332e+01
5.542520367993607522e+01,5.542485415259471893e+01,5.542421659230051745e+01,5.542306052234204827e+01,4.375028832437450887e+01,4.385358904874020425e+01,4.578066578135367592e+01,5.414364064427947199e+01,5.548337343916338682e+01,5.543790120463270199e+01,5.543011502916797895e+01
5.542523078964265437e+01,5.542490372207288374e+01,5.542430715027864352e+01,5.542322549028565959e+01,5.066056749596597797e+01,5.053406565127872341e+01,5.147428344765240382e+01,5.490288994652409826e+01,5.546714936146386776e+01,5.543573465854937865e+01,5.542968383322255477e+01
5.542527132954802482e+01,5.542497785297282320e+01,5.542444259509746018e+01,5.542347227765531414e+01,5.371101979046943597e+01,5.366319533795498842e+01,5.403989499811306985e+01,5.525049875156284429e+01,5.545374510570745485e+01,5.543383993995316672e+01,5.542926831070650451e+01
5.542531215326152960e+01,5.542505252292718865e+01,5.542457909558082463e+01,5.542372124508328568e+01,5.484165270720296803e+01,5.473985537984723493e+01,5.497693667974675691e+01,5.537318009567798072e+01,5.544379606262583593e+01,5.543206555676863445e+01,5.542898977468330202e+01
