5.542534425865579806e+01,5.542511115569318747e+01,5.542468598323266349e+01,5.542391516889946956e+01,1.740188092793878027e+01,1.100356418496317801e+01,2.649706093000190776e+01,5.358288013684450846e+01,5.550690069946727334e+01,5.543951896280620417e+01,5.543039822407546069e+01
5.542527196927873945e+01,5.542497905956483351e+01,5.542444503093118158e+01,5.542347820558583749e+01,7.627990995745562941e+00,2.828887606463365678e+00,2.546020668664032982e+01,5.157536084153321809e+01,5.550648808203723661e+01,5.544029740851215138e+01,5.543055348893389578e+01
5.542518354034925210e+01,5.542481733534417288e+01,5.542414932682395090e+01,5.542293788850965797e+01,2.092202921241121416e+01,3.938207766207072247e+00,2.569796906287660221e+01,5.160518757917976274e+01,5.550640109715781989e+01,5.544028014590823261e+01,5.543054760609997800e+01
5.542518413347893613e+01,5.542481842011866888e+01,5.542415130875654938e+01,5.542294149941905346e+01,2.133265447663211845e+01,5.449938561105771129e+00,2.643828398708377136e+01,5.169476130686903304e+01,5.550662499051561838e+01,5.544030668741902446e+01,5.543055566176097670e+01
5.542518405261915859e+01,5.542481827216519719e+01,5.542415103938381549e+01,5.542294101920580829e+01,2.327463633600191883e+01,9.141611507384357793e+00,2.810708751944489592e+01,5.190300197369742818e+01,5.550620589893138401e+01,5.544019320969174913e+01,5.543051529734721328e+01
5.542518936982846611e+01,5.542482799362370827e+01,5.542416879951706932e+01,5.542297338926366024e+01,2.703073391062227415e+01,1.706718489727886023e+01,3.204139435228493227e+01,5.231896888649165334e+01,5.550403008718738818e+01,5.543996968000047332e+01,5.543043680238849191e+01
5.542519899617573742e+01,5.542484559419006018e+01,5.542420095608558483e+01,5.542303200041757805e+01,3.406777550577510993e+01,2.919212459477385835e+01,3.885979419743871688e+01,5.310398408896973876e+01,5.549649437414337427e+01,5.543922149096056273e+01,5.543038441809322592e+01
5.542520478957626295e+01,5.542485618787632973e+01,5.542422031543085126e+01,5.542306729706744761e+01,4.380453241274596365e+01,4.394230179750516641e+01,4.649957699025308955e+01,5.413788573539418536e+01,5.548310364355350544e+01,5.543785994075274459e+01,5.543010101423094227e+01
5.542523122732318797e+01,5.542490452704728199e+01,5.542430862332521713e+01,5.542322815574588191e+01,5.068710368474756223e+01,5.059073601166542744e+01,5.177070588890131830e+01,5.489632762097882335e+01,5.546705544930280496e+01,5.543573604149122502e+01,5.542968617189170288e+01
5.542526978986182939e+01,5.542497504156777666e+01,5.542443746105774949e+01,5.542346290365996708e+01,5.372804568297122074e+01,5.369561306472936479e+01,5.414720437450399260e+01,5.524472015935029390e+01,5.545376036414489818e+01,5.543389219255178091e+01,5.542929541381835890e+01
5.542530684455326195e+01,5.542504281917619835e+01,5.542456137176093733e+01,5.542368893325561885e+01,5.485801437701515937e+01,5.484131415512635499e+01,5.500688409073230645e+01,5.536801326924650368e+01,5.544299139712789071e+01,5.543186347004044023e+01,5.542889238781525307e+01
