1.385622978770593505e+01,1.385608374793851283e+01,1.385581769368690530e+01,1.385533719857375701e+01,1.385449380873832581e+01,-1.695449092822688542e+01,-4.756133235575399354e-01,1.364730712328118933e+01,1.390931474918815169e+01,1.386716654945064064e+01,1.386061045368088429e+01
1.385612689694740851e+01,1.385589564522572559e+01,1.385547418577785805e+01,1.385471203913308891e+01,-6.381794541528059916e+00,-1.787855028220954878e+01,-4.357826832789681859e-01,1.364617729105643740e+01,1.390919051596071121e+01,1.386714296533450153e+01,1.386060139308703931e+01
1.385612738788438314e+01,1.385589654337105969e+01,1.385547582674342593e+01,1.385471502446196901e+01,-6.879681523255706033e+00,-1.768672887409283945e+01,-3.319733045973967123e-01,1.364823531646613297e+01,1.390896112656824712e+01,1.386709578965236744e+01,1.386058291740828530e+01
1.385612865122284276e+01,1.385589885260253773e+01,1.385548004231064567e+01,1.385472268823971120e+01,-6.663413273703087114e+00,-1.706117411388076732e+01,-6.052938601041191191e-02,1.365543073958147247e+01,1.390846003419681232e+01,1.386699021664472653e+01,1.386054135680278065e+01
1.385613165587534468e+01,1.385590434461453668e+01,1.385549006811230299e+01,1.385474091727391688e+01,1.385342025719634940e+01,-2.796182065201222144e+00,8.312253578826833689e-01,1.367995771200744315e+01,1.390766904196508413e+01,1.386703396998081850e+01,1.386055710736436275e+01
1.385613165181531059e+01,1.385590433907095687e+01,1.385549006471165256e+01,1.385474094822961177e+01,1.385342053020242403e+01,-5.602654289478279370e-01,1.696043932750479044e+00,1.371007728560488204e+01,1.390566488252306598e+01,1.386681778296120271e+01,1.386047083749983422e+01
1.385613879094736589e+01,1.385591739027396940e+01,1.385551389677856093e+01,1.385478431417024581e+01,1.385349856676406688e+01,2.382376465290080070e+00,4.621221881340574100e+00,1.376037930493836114e+01,1.390125700029273759e+01,1.386628286803496835e+01,1.386045537185088961e+01
1.385614210304461835e+01,1.385592344825345279e+01,1.385552497292329299e+01,1.385480454052359356e+01,1.385353535059647001e+01,6.671752583770758527e+00,8.341602088090461109e+00,1.380891279653003600e+01,1.389318363402232670e+01,1.386507338045730009e+01,1.386014491686947103e+01
1.385616427792480287e+01,1.385596398694212894e+01,1.385559899380549354e+01,1.385493917457971946e+01,1.385377717487229710e+01,1.055377088250033779e+01,1.149923089512354402e+01,1.384479546336191547e+01,1.388345218826787075e+01,1.386384262149774926e+01,1.385997801297176224e+01
1.385617881251479666e+01,1.385599056611908608e+01,1.385564755848449892e+01,1.385502765489634669e+01,1.385393681549722444e+01,1.258723823138052467e+01,1.299897710932513561e+01,1.385870044405541357e+01,1.387449570414491973e+01,1.386237735707292984e+01,1.385962320656871682e+01
1.385620684689369853e+01,1.385604183158243430e+01,1.385574122009720632e+01,1.385519823269088135e+01,1.385424416681440007e+01,1.341060576452384723e+01,1.356966240477474805e+01,1.386197677842659282e+01,1.386752862769007066e+01,1.386098311853645981e+01,1.385938284080294025e+01
