9.797483237166783709e+00,9.797089704398203480e+00,9.796371406473079801e+00,9.795066209734935470e+00,-1.153896382960802569e+01,-2.683474679285976094e+01,-1.520909083326917610e+01,3.864578033370274390e+00,9.869704710980222728e+00,9.814094130766740420e+00,9.803197489589344116e+00
9.797305494774045442e+00,9.796764658561491146e+00,9.795777422482437657e+00,-2.837666341774277257e+01,-3.332566872640323652e+01,-2.840447227379689110e+01,-1.490678721143209806e+01,3.877178097881303742e+00,9.869271937344146650e+00,9.814022653877909619e+00,9.803175340849486830e+00
9.797307508883015714e+00,9.796768350676284598e+00,9.795784180253878759e+00,-2.923777028186205840e+01,-3.322019938526921123e+01,-2.832553040215877971e+01,-1.489916144822928423e+01,3.900352479339823653e+00,9.869734754613878280e+00,9.814220088216618620e+00,9.803243140350478058e+00
9.797296360944461213e+00,9.796747961507888292e+00,9.795746911109256772e+00,-2.891055389671238629e+01,-3.294799863462743872e+01,-2.812067377535150214e+01,-1.485368669779528616e+01,3.959543981436363769e+00,9.869956134340110765e+00,9.814306366294710315e+00,9.803272589085473498e+00
9.797291652464528156e+00,9.796739361579284378e+00,9.795731198734499046e+00,-2.749504686027061595e+01,-3.223588077842416055e+01,-2.755112603434830376e+01,-1.462980253369393147e+01,4.088479144456616865e+00,9.870140804289553316e+00,9.814279447851141924e+00,9.803261087155414444e+00
9.797295075455465962e+00,9.796745625287437420e+00,9.795742647075440956e+00,-3.184631658557224654e+01,-3.038004967466899586e+01,-2.598166990632011419e+01,-1.390647049885272146e+01,4.380881817449939319e+00,9.869581522955758857e+00,9.813997926203581912e+00,9.803163477094361866e+00
9.797311736861278320e+00,9.796776093460398016e+00,9.795798327770766534e+00,-9.510620882078907101e+00,-2.580737408985363857e+01,-2.207971334522396845e+01,-1.157642715149033741e+01,4.944240004038944036e+00,9.867649236542616720e+00,9.813798454121734238e+00,9.803089587312603825e+00
9.797327543711114473e+00,9.796805004404957273e+00,9.795851176396777049e+00,-5.008507960601930264e+00,-1.696359858865145043e+01,-1.435865490874970440e+01,-6.612035478812472000e+00,5.946189553378408377e+00,9.862745648304551693e+00,9.813115212191599213e+00,9.803058086316072561e+00
9.797338976822539180e+00,9.796825924848263867e+00,9.795889444492688725e+00,2.299899672233127745e-01,-5.704921807379202292e+00,-4.276090191165218712e+00,3.219387595699796378e-02,7.375666854924102012e+00,9.853087972632961211e+00,9.811713745966979872e+00,9.802773178721519542e+00
9.797380274307894155e+00,9.796901453858660958e+00,9.796027504987252499e+00,5.241961394139542207e+00,3.008122131949207745e+00,3.622854976266110416e+00,5.464774034274388015e+00,8.676474955018679935e+00,9.839493234836812263e+00,9.809728094018421274e+00,9.802447003549049853e+00
9.797425097729888677e+00,9.796983451838125134e+00,9.796177452360584681e+00,8.085453503885052129e+00,7.338151350283408370e+00,7.558727039128301683e+00,8.217011623388501107e+00,9.384375082182057071e+00,9.826649740833513391e+00,9.807623394591923116e+00,9.802000780176623351e+00
