5.542533915057255456e+01,5.542510180377804119e+01,5.542466888861143559e+01,5.542388403588465451e+01,1.718643882558165359e+01,1.121119584150167725e+01,2.653351098537309838e+01,5.347965968586774466e+01,5.550815326067318978e+01,5.543954845845648549e+01,5.543041146570583777e+01
5.542526854070657549e+01,5.542497276256486316e+01,5.542443349262819652e+01,5.542345711549778287e+01,7.329879604242956148e+00,1.141441709144581651e+01,2.642610160377340733e+01,5.342140663427611713e+01,5.550807299641927273e+01,5.543956562305424285e+01,5.543041947384622858e+01
5.542526631571426776e+01,5.542496869348209998e+01,5.542442605357085483e+01,5.542344353035873894e+01,8.099467168464318689e+00,1.159276849315506652e+01,2.658655187082746352e+01,5.343708846079417896e+01,5.550788472034396648e+01,5.543953071794744147e+01,5.543040726047765077e+01
5.542526739410413938e+01,5.542497066502174619e+01,5.542442965434965885e+01,5.542345008562234909e+01,8.989516869394027054e+00,1.241002062667276107e+01,2.706118427898189083e+01,5.344310771093142165e+01,5.550688348434194808e+01,5.543960852484553214e+01,5.543043534948525064e+01
5.542526425916346255e+01,5.542496493321398532e+01,5.542441918314884219e+01,5.542343100588566074e+01,1.197566114659750980e+01,1.470264920293758593e+01,2.846771997760630413e+01,5.188444828350303339e+01,5.550649326821514506e+01,5.544024225579883591e+01,5.543053155671620402e+01
5.542518802444021730e+01,5.542482550722261436e+01,5.542416423132308978e+01,5.542296504971198345e+01,2.679121267374960880e+01,2.004377893915000897e+01,3.222645532889916353e+01,5.230010671373474196e+01,5.550411120884564298e+01,5.543998283983110298e+01,5.543044109007575315e+01
5.542519866613190516e+01,5.542484496456306431e+01,5.542419977947686505e+01,5.542302983543712003e+01,3.389874776889266172e+01,3.041489019472778921e+01,3.878828481780597315e+01,5.309385777578619070e+01,5.549668716412918457e+01,5.543925668393590911e+01,5.543039659954892784e+01
5.542520377076849769e+01,5.542485429992125034e+01,5.542421684142809113e+01,5.542306095091160500e+01,4.375978795023077339e+01,4.387765678814599113e+01,4.649232999580976866e+01,5.413721814787579945e+01,5.548319927151062814e+01,5.543787509317182582e+01,5.543010619111294801e+01
5.542523100531993663e+01,5.542490409711695065e+01,5.542430781379815130e+01,5.542322666540431442e+01,5.067351686084359130e+01,5.056512923946329607e+01,5.176044398990356399e+01,5.489652196282169427e+01,5.546710776355418204e+01,5.543574660041581836e+01,5.542969022901098697e+01
5.542526953148505697e+01,5.542497454609987528e+01,5.542443653210158772e+01,5.542346119312442454e+01,5.372663395285283627e+01,5.369155030457412181e+01,5.414343029123057249e+01,5.524834138133866190e+01,5.545396872021832735e+01,5.543393172481863473e+01,5.542931118411854641e+01
5.542530678415671730e+01,5.542504268914768062e+01,5.542456111751242531e+01,5.542368848366939460e+01,5.485071558676484216e+01,5.481012900892447703e+01,5.501121850883082232e+01,5.536796197689977816e+01,5.544330317715005663e+01,5.543197554456364173e+01,5.542895109299494294e+01
