1.385622978770692804e+01,1.385608374793948094e+01,1.385581769368778460e+01,1.385533719857435742e+01,1.385449380873803804e+01,-1.695449092834337534e+01,-4.756133235670036985e-01,1.364730712324027451e+01,1.390931474905915621e+01,1.386716654904069657e+01,1.386061045238278311e+01
1.385612689694839972e+01,1.385589564522668837e+01,1.385547418577873025e+01,1.385471203913368043e+01,-6.381794541499544948e+00,-1.787855028218781328e+01,-4.357826832959876828e-01,1.364617729101561672e+01,1.390919051583184363e+01,1.386714296492496956e+01,1.386060139179024553e+01
1.385612738788537257e+01,1.385589654337202070e+01,1.385547582674429989e+01,1.385471502446256054e+01,-6.879681523239777441e+00,-1.768672887404930094e+01,-3.319733046190114223e-01,1.364823531642547394e+01,1.390896112643950744e+01,1.386709578924324759e+01,1.386058291611279358e+01
1.385612865122383219e+01,1.385589885260349519e+01,1.385548004231151609e+01,1.385472268824030451e+01,-6.663413273687295302e+00,-1.706117411383065274e+01,-6.052938603356450287e-02,1.365543073954099285e+01,1.390846003406820230e+01,1.386699021623601347e+01,1.386054135550857680e+01
1.385613165587633233e+01,1.385590434461549592e+01,1.385549006811317341e+01,1.385474091727450840e+01,1.385342025719605630e+01,-2.796182065198265398e+00,8.312253578547590394e-01,1.367995771196652655e+01,1.390766904183659491e+01,1.386703396957251044e+01,1.386055710607145208e+01
1.385613165181629647e+01,1.385590433907191610e+01,1.385549006471252120e+01,1.385474094823020508e+01,1.385342053020212916e+01,-5.602654289359321194e-01,1.696043932739251581e+00,1.371007728556532967e+01,1.390566488239474907e+01,1.386681778255330144e+01,1.386047083620817411e+01
1.385613879094835355e+01,1.385591739027492686e+01,1.385551389677942957e+01,1.385478431417083556e+01,1.385349856676377200e+01,2.382376465289553380e+00,4.621221881326641245e+00,1.376037930489824390e+01,1.390125700016452015e+01,1.386628286762743301e+01,1.386045537056038057e+01
1.385614210304560245e+01,1.385592344825440847e+01,1.385552497292416163e+01,1.385480454052418509e+01,1.385353535059617869e+01,6.671752583774264167e+00,8.341602088078268196e+00,1.380891279649008929e+01,1.389318363389421407e+01,1.386507338005008449e+01,1.386014491557996209e+01
1.385616427792578520e+01,1.385596398694308817e+01,1.385559899380636040e+01,1.385493917458031099e+01,1.385377717487200577e+01,1.055377088249974982e+01,1.149923089511240981e+01,1.384479546332183730e+01,1.388345218813982385e+01,1.386384262109079657e+01,1.385997801168305799e+01
1.385617881251578076e+01,1.385599056612004532e+01,1.385564755848536933e+01,1.385502765489693644e+01,1.385393681549693312e+01,1.258723823137917819e+01,1.299897710931406181e+01,1.385870044401527679e+01,1.387449570401691012e+01,1.386237735666617787e+01,1.385962320528065383e+01
1.385620684689468618e+01,1.385604183158339353e+01,1.385574122009807496e+01,1.385519823269147288e+01,1.385424416681411230e+01,1.341060576452199626e+01,1.356966240476266172e+01,1.386197677838633524e+01,1.386752862756206639e+01,1.386098311812986417e+01,1.385938283951538352e+01
