5.542533819114771632e+01,5.542510017948524137e+01,5.542466609498490016e+01,5.542387936369633650e+01,1.972097568311267679e+01,6.908039728089132581e+00,2.884952115924413363e+01,5.156530268590147870e+01,5.550568716421109627e+01,5.544015325537820615e+01,5.543050518042173280e+01
5.542518788980143540e+01,5.542482537270173282e+01,5.542416409715502823e+01,5.542296487352938072e+01,2.055185588649601058e+01,7.119263293229732170e+00,2.884152566957970976e+01,5.157535800723587727e+01,5.550545794083159024e+01,5.544011318609332051e+01,5.543049182268549657e+01
5.542518901737437886e+01,5.542482743556258384e+01,5.542416786608520596e+01,5.542297173650933217e+01,2.050896383534582412e+01,7.311026398540757754e+00,2.895944160787535537e+01,5.161058447579690522e+01,5.550598461217963120e+01,5.544020425664709251e+01,5.543052212107508581e+01
5.542518650786303169e+01,5.542482284638713708e+01,5.542415948293397321e+01,5.542295647287267002e+01,2.105737773815656055e+01,8.276660520618245087e+00,2.943473991011045499e+01,5.170224553319556549e+01,5.550636448448767624e+01,5.544025739229027749e+01,5.543053900104902709e+01
5.542518571303990882e+01,5.542482139181511513e+01,5.542415682607190774e+01,5.542295164571811483e+01,2.325381057556944242e+01,1.055069825669636430e+01,3.036667677671865562e+01,5.191116361301169491e+01,5.550631729233244016e+01,5.544020128866991115e+01,5.543051729569246788e+01
5.542518981673897827e+01,5.542482889658776912e+01,5.542417054001018073e+01,5.542297665922452410e+01,2.691464482510409795e+01,1.577253816712190826e+01,3.273152004144263572e+01,5.229698155481747790e+01,5.550485472103493123e+01,5.544008287126185053e+01,5.543047250416971394e+01
5.542519762486365664e+01,5.542484317391109272e+01,5.542419663149680531e+01,5.542302425688768608e+01,3.293793161877488274e+01,2.576184892323931308e+01,3.766041964740982451e+01,5.302522733259110055e+01,5.549832548222026674e+01,5.543929191303033122e+01,5.543040592561973767e+01
5.542520535059011877e+01,5.542485730126296062e+01,5.542422244686805755e+01,5.542307132088386368e+01,4.278646506409826600e+01,3.807507859633743408e+01,4.458578543307561404e+01,5.403868200822090984e+01,5.548562704110363342e+01,5.543809022609499948e+01,5.543018046047758673e+01
5.542522793871376052e+01,5.542489860458571371e+01,5.542429790959697300e+01,5.542320882226476186e+01,4.984753240990025347e+01,4.769532343987327039e+01,5.052250801146790593e+01,5.483957622275494259e+01,5.547011744374750464e+01,5.543611765331293384e+01,5.542982952434739019e+01
5.542526482273488853e+01,5.542496605565723655e+01,5.542442116483594816e+01,5.542343348564379824e+01,5.322799570716905748e+01,5.260985166337148655e+01,5.362893019496034697e+01,5.522305834119363510e+01,5.545640848236961773e+01,5.543405364707658123e+01,5.542935399338772129e+01
5.542531179871116365e+01,5.542505196835686121e+01,5.542457817487292715e+01,5.542371971433271938e+01,5.463844511328147746e+01,5.449057328875333894e+01,5.482853550288120204e+01,5.536034654359759344e+01,5.544512222888677400e+01,5.543226363178028748e+01,5.542908795420664347e+01
