9.797500687361349492e+00,9.797121666927358419e+00,9.796429898437878592e+00,9.795173146906309469e+00,-3.844455830803096319e+01,-3.673035619528305773e+01,-2.205284549590607313e+01,2.546250675936218677e+00,9.876169937815031830e+00,9.814220595747300990e+00,9.803195400267835424e+00
9.797336939047475823e+00,9.796822228541822497e+00,9.795882758683557512e+00,-3.821988112062214782e+01,-4.397861376119094956e+01,-3.788206647188373211e+01,-2.120114418770547715e+01,2.558877827426967233e+00,9.875200449416796644e+00,9.814130540236636335e+00,9.803171172503441611e+00
9.797336351625267170e+00,9.796821150692874625e+00,9.795880780863916115e+00,-3.933038795096474871e+01,-4.382551694513315965e+01,-3.776644472601191183e+01,-2.118712248966145495e+01,2.593396762610947093e+00,9.876720092423513009e+00,9.814411136991495255e+00,9.803259967182436085e+00
9.797326904063794473e+00,9.796803867271650645e+00,9.795849192874046096e+00,-3.896465944126112646e+01,-4.342945866282757805e+01,-3.747011808432151270e+01,-2.115587910335997890e+01,2.674400299931665614e+00,9.877298860063211450e+00,9.814523595179043269e+00,9.803295822578252938e+00
9.797322912036340981e+00,9.796796586129335793e+00,9.795835903402183575e+00,-3.793295747620780389e+01,-4.237221599034504749e+01,-3.662174592141100504e+01,-2.086522648348277542e+01,2.884267952552315606e+00,9.877419131600014168e+00,9.814503314931616984e+00,9.803287358608720581e+00
9.797325323470362335e+00,9.796801000186354358e+00,9.795843973245418113e+00,-3.643569178302334421e+01,-3.961426103458648385e+01,-3.432525362615245257e+01,-1.952957786548920893e+01,3.329403904549875115e+00,9.877442458937780501e+00,9.814308172947855624e+00,9.803216026807479722e+00
9.797339979563943757e+00,9.796827805198558892e+00,9.795892967947457564e+00,-1.413472135644593486e+01,-3.178350378746752014e+01,-2.904471326024223288e+01,-1.661157685331071576e+01,4.150946651504907159e+00,9.875622317554464402e+00,9.814077458696544909e+00,9.803127953899789304e+00
9.797360467704324449e+00,9.796865272420443915e+00,9.795961455715206156e+00,-9.009751621884417361e+00,-2.197541151999642040e+01,-1.890181948279045798e+01,-9.752523927303968776e+00,5.494685000308940914e+00,9.868697959406031117e+00,9.813264217678939971e+00,9.803065377167275329e+00
9.797369176015070735e+00,9.796881205041456653e+00,9.795990586640328956e+00,-1.489545252385433116e+00,-7.956315318142106463e+00,-6.311712900037377949e+00,-1.364397270475693702e+00,7.220696318687947368e+00,9.856666460023287613e+00,9.811927365004109447e+00,9.802816847865765126e+00
9.797397646751345945e+00,9.796933276391145640e+00,9.796085758146240607e+00,4.594882495120022448e+00,2.184574552827402982e+00,2.912779888190819122e+00,4.972915298723147970e+00,8.640979579059976601e+00,9.841379917583056525e+00,9.809796224814144594e+00,9.802449210475280950e+00
9.797442180265385048e+00,9.797014737043689081e+00,9.796234691885182144e+00,7.136041538654852801e+00,7.089851840244804748e+00,7.333693946401403707e+00,8.062530190282075182e+00,9.376294138966951408e+00,9.827627185357838968e+00,9.807609965659681350e+00,9.801975415692304239e+00
