9.797500687349735671e+00,9.797121666915902694e+00,9.796429898426920246e+00,9.795173146896930305e+00,-3.844455831048131955e+01,-3.673035619714764977e+01,-2.205284549575392816e+01,2.546250676161401216e+00,9.876169938533127635e+00,9.814220598041675458e+00,9.803195407541632989e+00
9.797336939035757197e+00,9.796822228530258414e+00,9.795882758672485480e+00,-3.821988112202195964e+01,-4.397861376117624133e+01,-3.788206647185692333e+01,-2.120114418764629960e+01,2.558877827646787395e+00,9.875200450133339913e+00,9.814130542523580303e+00,9.803171179753309872e+00
9.797336351613564531e+00,9.796821150681322976e+00,9.795880780852845859e+00,-3.933038795241395746e+01,-4.382551694512212492e+01,-3.776644472598931657e+01,-2.118712248959970168e+01,2.593396762829937252e+00,9.876720093136739820e+00,9.814411139270678319e+00,9.803259974408291555e+00
9.797326904052134466e+00,9.796803867260146959e+00,9.795849192863036237e+00,-3.896465944291504258e+01,-4.342945866281284140e+01,-3.747011808427494373e+01,-2.115587910326038212e+01,2.674400300151241971e+00,9.877298860774050837e+00,9.814523597450698134e+00,9.803295829780285686e+00
9.797322912024716501e+00,9.796796586117869410e+00,9.795835903391207466e+00,-3.793295747827556141e+01,-4.237221599036855224e+01,-3.662174592138047302e+01,-2.086522648345905750e+01,2.884267952770210197e+00,9.877419132308521199e+00,9.814503317195844900e+00,9.803287365787230812e+00
9.797325323458778712e+00,9.796801000174925278e+00,9.795843973234479307e+00,-3.643569178493164173e+01,-3.961426103503638529e+01,-3.432525362634026322e+01,-1.952957786538438256e+01,3.329403904762004096e+00,9.877442459643644312e+00,9.814308175204763174e+00,9.803216033962918630e+00
9.797339979552408096e+00,9.796827805187177773e+00,9.795892967936564943e+00,-1.413472135652681949e+01,-3.178350378905913942e+01,-2.904471326059351100e+01,-1.661157685321970590e+01,4.150946651723097069e+00,9.875622318258654886e+00,9.814077460946473153e+00,9.803127961032876314e+00
9.797360467692845631e+00,9.796865272409121417e+00,9.795961455704368603e+00,-9.009751621990933046e+00,-2.197541152040484391e+01,-1.890181948277179202e+01,-9.752523927158915029e+00,5.494685000524722973e+00,9.868697960107988720e+00,9.813264219922343656e+00,9.803065384279920025e+00
9.797369176003645208e+00,9.796881205030187445e+00,9.795990586629546470e+00,-1.489545252407788567e+00,-7.956315318271181880e+00,-6.311712900046373420e+00,-1.364397270435212306e+00,7.220696318901530297e+00,9.856666460723465306e+00,9.811927367241878528e+00,9.802816854960671122e+00
9.797397646739993249e+00,9.796933276379949262e+00,9.796085758135530952e+00,4.594882495162659453e+00,2.184574552802181380e+00,2.912779888201483480e+00,4.972915298787035532e+00,8.640979579275532174e+00,9.841379918281852213e+00,9.809796227047243633e+00,9.802449217555667005e+00
9.797442180254094524e+00,9.797014737032554876e+00,9.796234691874538214e+00,7.136041538527238437e+00,7.089851840266357286e+00,7.333693946422913612e+00,8.062530190339352032e+00,9.376294139179419673e+00,9.827627186055465813e+00,9.807609967889032276e+00,9.801975422761007195e+00
