5.542533817683485609e+01,5.542510015334801210e+01,5.542466604728524970e+01,5.542387927697966177e+01,1.972039590026423639e+01,6.907653676494502903e+00,2.885149359729864926e+01,5.156534134404172676e+01,5.550568807945263927e+01,5.544015339269449782e+01,5.543050522484511333e+01
5.542518788715472766e+01,5.542482536790957681e+01,5.542416408844596987e+01,5.542296485772951087e+01,2.055198391693428661e+01,7.119059019998744020e+00,2.884351490266512030e+01,5.157539791942778606e+01,5.550545936515602818e+01,5.544011341289490957e+01,5.543049189698646728e+01
5.542518901218193150e+01,5.542482742611994695e+01,5.542416784888492032e+01,5.542297170525300487e+01,2.050926451644885873e+01,7.310279269359474696e+00,2.896137755340030040e+01,5.161062781878338512e+01,5.550598597054784022e+01,5.544020446872231389e+01,5.543052219026861138e+01
5.542518650325792606e+01,5.542482283802441856e+01,5.542415946771181723e+01,5.542295644522477005e+01,2.105755730987143792e+01,8.275596875066277391e+00,2.943641956154173300e+01,5.170228777718014612e+01,5.550636535329488197e+01,5.544025751904578669e+01,5.543053904179995328e+01
5.542518571083678580e+01,5.542482138785288726e+01,5.542415681889529822e+01,5.542295163272125080e+01,2.325388943878807879e+01,1.054824213076869199e+01,3.036780860458778619e+01,5.191121522269791910e+01,5.550631776397317907e+01,5.544020134048559356e+01,5.543051731110882940e+01
5.542518981695116054e+01,5.542482889705627969e+01,5.542417054094033801e+01,5.542297666100114384e+01,2.691460373350223279e+01,1.576628926627561000e+01,3.273156195788754275e+01,5.229704742627014724e+01,5.550485552973727010e+01,5.544008297106147864e+01,5.543047253477888603e+01
5.542519762443433251e+01,5.542484317323433629e+01,5.542419663036424993e+01,5.542302425494668228e+01,3.293786364738159733e+01,2.575064948119192465e+01,3.765973900249142048e+01,5.302529121284790392e+01,5.549832643084242534e+01,5.543929203510332115e+01,5.543040596480222604e+01
5.542520534994680048e+01,5.542485730022080759e+01,5.542422244509710794e+01,5.542307131781677043e+01,4.278640097219641802e+01,3.806679629541884680e+01,4.458586900535790676e+01,5.403867398523257748e+01,5.548563366465224078e+01,5.543809137298742229e+01,5.543018086443311176e+01
5.542522791470534571e+01,5.542489856053089170e+01,5.542429782905644231e+01,5.542320867588636446e+01,4.984582883791107832e+01,4.769657300012458734e+01,5.052256574990621374e+01,5.483969932668314584e+01,5.547013101892792974e+01,5.543611996048952051e+01,5.542983038296890186e+01
5.542526479886686275e+01,5.542496601197990458e+01,5.542442108522556055e+01,5.542343334202311667e+01,5.322643056022803876e+01,5.261112207975476451e+01,5.362899718735425836e+01,5.522303433188838540e+01,5.545640956119647313e+01,5.543405402462365572e+01,5.542935416720709441e+01
5.542531177878239390e+01,5.542505193184423717e+01,5.542457810812967267e+01,5.542371959273459936e+01,5.463842475049716541e+01,5.449090984123920123e+01,5.482854600739838702e+01,5.536034176910814608e+01,5.544512091832084622e+01,5.543226322582286514e+01,5.542908774634457814e+01
