9.797496385217202786e+00,9.797114252667823209e+00,9.796416863213105231e+00,9.795150176346457016e+00,-4.926534853394810654e+01,-4.369800870308499441e+01,-2.453918346029200848e+01,2.547045655186729540e+00,9.874650850067485663e+00,9.814254173456271602e+00,9.803211436342875729e+00
9.797331708293702590e+00,9.796813062904035974e+00,9.795866432882810670e+00,-4.740281418661693635e+01,-4.848200089318039829e+01,-4.390356383160860787e+01,-2.432192172372952754e+01,2.563782599794404593e+00,9.874721991774110919e+00,9.814259667986670266e+00,9.803212791415644389e+00
9.797331824509994291e+00,9.796813257654296336e+00,9.795866776069141579e+00,-5.252347629015653752e+01,-5.098725750949423485e+01,-4.382558489568198468e+01,-2.420081200618359674e+01,2.599115324333892918e+00,9.876438768393789758e+00,9.814375622266531707e+00,9.803249632477575304e+00
9.797327786259078408e+00,9.796805870981557973e+00,9.795853271128530437e+00,-5.050559716160015711e+01,-5.065615353664482257e+01,-4.359568659090958676e+01,-2.433212751738514612e+01,2.680572586106821920e+00,9.877231219224400505e+00,9.814534806018631485e+00,9.803300632484255317e+00
9.797321910005495127e+00,9.796795133073040063e+00,9.795833655202370593e+00,-5.174157502690331256e+01,-4.984214888760492101e+01,-4.296577921497212316e+01,-2.417621975614029495e+01,2.872601862547408569e+00,9.878092052974864146e+00,9.814346723758120561e+00,9.803234412380263052e+00
9.797333902497227243e+00,9.796817074528851421e+00,9.795873760518650997e+00,-1.734755754468808675e+01,-4.762421252452281095e+01,-4.117346205767302081e+01,-2.313560892625197596e+01,3.242126533154277901e+00,9.878166288017171226e+00,9.814369613134598325e+00,9.803232116198829615e+00
9.797341206013832959e+00,9.796830439316117634e+00,9.795898204094891426e+00,-1.453053747098926607e+01,-4.212167262183272243e+01,-3.654646815162694651e+01,-2.048609281389027004e+01,3.934585055807019671e+00,9.876872896485688003e+00,9.814035533189072069e+00,9.803111729812615138e+00
9.797364838525217223e+00,9.796873659479556906e+00,9.795977201788421240e+00,-1.027519243868394838e+01,-3.081528473473661478e+01,-2.655304444391134311e+01,-1.420863184262470291e+01,5.118130710575624853e+00,9.872187131308448826e+00,9.813464850985237575e+00,9.803117991458373481e+00
9.797374022736653032e+00,9.796890467902553468e+00,9.796007958407189520e+00,-3.894034170571284648e+00,-1.462127925267402162e+01,-1.220799913567161887e+01,-4.950767174704274076e+00,6.796037337704830428e+00,9.861664051933678010e+00,9.812167180981715475e+00,9.802878083825650180e+00
9.797407234507092610e+00,9.796951216473887669e+00,9.796118997512197168e+00,-1.477998468038490998e+00,-1.318469075828108572e+00,-1.713201719629875441e-01,3.068478384085569388e+00,8.364708384795410012e+00,9.846541989891910873e+00,9.810288034792776557e+00,9.802410319613040102e+00
9.797463104549313684e+00,9.797053409384536948e+00,9.796305782522473748e+00,9.794948007591656847e+00,5.768411916673970907e+00,6.132798692638123939e+00,7.309821642209894499e+00,9.260445747301110586e+00,9.831772092239928540e+00,9.808103991122857579e+00,9.802159013465930215e+00
