9.797505869833887715e+00,9.797131384454427661e+00,9.796447920837410450e+00,9.795206369395618395e+00,-5.585062743487098658e+01,-4.795394391727738537e+01,-2.610124793018228218e+01,2.557070096960807781e+00,9.875424961374516641e+00,9.814334475062675978e+00,9.803233687643746919e+00
9.797331477001371525e+00,9.796812463826430672e+00,9.795865154868604208e+00,-5.737167737920871957e+01,-5.586557000790968175e+01,-4.766168112052935157e+01,-2.600840927395157109e+01,2.570628053670859003e+00,9.875627501318485102e+00,9.814299330430490187e+00,9.803219072524843369e+00
9.797335602635120821e+00,9.796819997358330312e+00,9.795878918640788413e+00,-5.701833489364666008e+01,-5.556095210918102367e+01,-4.783449950182643562e+01,-2.591773017943778612e+01,2.607962514013904887e+00,9.877264804260581954e+00,9.814434952305491677e+00,9.803263901324752894e+00
9.797329416493772314e+00,9.796808688086706240e+00,9.795858248174129201e+00,-5.756876417938837420e+01,-5.568967915808534030e+01,-4.732440451057388486e+01,-2.571394271186425229e+01,2.689379631409543947e+00,9.877828400378952267e+00,9.814548081914939104e+00,9.803300134147725942e+00
9.797325254461970445e+00,9.796801087577753364e+00,9.795844366380180190e+00,-5.591713539922495357e+01,-5.402637109439555019e+01,-4.599869850888541833e+01,-2.515572510450589760e+01,2.880779730629491997e+00,9.878455074619918008e+00,9.814558109165663069e+00,9.803298223499886888e+00
9.797329220138912831e+00,9.796808349110850855e+00,9.795857648868862455e+00,-1.810752643218786417e+01,-4.953082852996209340e+01,-4.270248264616989076e+01,-2.365650055421681230e+01,3.252689507960544901e+00,9.878619238383910428e+00,9.814390093339532939e+00,9.803235528823451617e+00
9.797342917255440042e+00,9.796833397072049365e+00,9.795903429986260846e+00,-1.496993944423504885e+01,-4.159503481048935924e+01,-3.584348667577815917e+01,-1.967644143441632210e+01,3.974921142959950693e+00,9.876348680239697586e+00,9.814008297413383985e+00,9.803106462086070394e+00
9.797362711435406268e+00,9.796869591030091584e+00,9.795969573646845063e+00,-9.504891662707109390e+00,-2.788292338078935018e+01,-2.395098358340951350e+01,-1.250398579685073841e+01,5.266792583681722206e+00,9.870419985319344391e+00,9.813310101566472099e+00,9.803076503379154261e+00
9.797371198257131653e+00,9.796885114812848627e+00,9.795997960841559049e+00,-2.380047221643806665e+00,-1.145193826647879121e+01,-9.394794013318977122e+00,-3.133388061244171574e+00,7.023915241829739031e+00,9.858454530702298158e+00,9.812016257549279530e+00,9.802842880444071483e+00
9.797398458920635989e+00,9.796934973093335941e+00,9.796089086142160340e+00,4.108692346731331213e+00,5.711648529136130747e-01,1.514862512806861794e+00,4.155488990129366123e+00,8.535519103389155759e+00,9.843286006572226299e+00,9.809988699719308869e+00,9.802517106050334661e+00
9.797438372076667790e+00,9.797007997038702953e+00,9.796222610727125968e+00,6.428803057244355301e+00,6.484200800766487305e+00,6.816449129676486862e+00,7.749499250070004841e+00,9.337305408505892856e+00,9.828976354000404925e+00,9.807668859696002883e+00,9.801990860219797597e+00
