1.385622978770662428e+01,1.385608374793918429e+01,1.385581769368751281e+01,1.385533719857417267e+01,1.385449380873812508e+01,-1.695449092830775939e+01,-4.756133235640769286e-01,1.364730712325284046e+01,1.390931474909878141e+01,1.386716654916663316e+01,1.386061045278160719e+01
1.385612689694809418e+01,1.385589564522639350e+01,1.385547418577846202e+01,1.385471203913349925e+01,-6.381794541508259755e+00,-1.787855028219448883e+01,-4.357826832907552017e-01,1.364617729102815957e+01,1.390919051587144395e+01,1.386714296505082800e+01,1.386060139218881915e+01
1.385612738788506704e+01,1.385589654337172583e+01,1.385547582674402989e+01,1.385471502446237935e+01,-6.879681523244622454e+00,-1.768672887406266625e+01,-3.319733046123689579e-01,1.364823531643797239e+01,1.390896112647908467e+01,1.386709578936902432e+01,1.386058291651111318e+01
1.385612865122352844e+01,1.385589885260320386e+01,1.385548004231124963e+01,1.385472268824011977e+01,-6.663413273692092353e+00,-1.706117411384605020e+01,-6.052938602644264421e-02,1.365543073955343978e+01,1.390846003410775289e+01,1.386699021636171381e+01,1.386054135590664771e+01
1.385613165587602857e+01,1.385590434461520104e+01,1.385549006811290518e+01,1.385474091727432722e+01,1.385342025719614512e+01,-2.796182065199142919e+00,8.312253578633130857e-01,1.367995771197911026e+01,1.390766904187612241e+01,1.386703396969813262e+01,1.386055710646927608e+01
1.385613165181599271e+01,1.385590433907162122e+01,1.385549006471225653e+01,1.385474094823002034e+01,1.385342053020222153e+01,-5.602654289395672116e-01,1.696043932742703930e+00,1.371007728557750127e+01,1.390566488243423748e+01,1.386681778267884013e+01,1.386047083660575652e+01
1.385613879094804801e+01,1.385591739027463198e+01,1.385551389677916134e+01,1.385478431417065437e+01,1.385349856676386437e+01,2.382376465289731016e+00,4.621221881330930259e+00,1.376037930491059313e+01,1.390125700020399435e+01,1.386628286775290242e+01,1.386045537095774094e+01
1.385614210304530047e+01,1.385592344825411359e+01,1.385552497292389518e+01,1.385480454052400390e+01,1.385353535059626751e+01,6.671752583773194800e+00,8.341602088082023414e+00,1.380891279650238879e+01,1.389318363393366695e+01,1.386507338017549351e+01,1.386014491597713061e+01
1.385616427792548500e+01,1.385596398694279330e+01,1.385559899380609394e+01,1.385493917458012803e+01,1.385377717487209637e+01,1.055377088249993278e+01,1.149923089511583996e+01,1.384479546333417943e+01,1.388345218817926607e+01,1.386384262121615230e+01,1.385997801208006841e+01
1.385617881251548056e+01,1.385599056611975044e+01,1.385564755848510288e+01,1.385502765489675525e+01,1.385393681549702194e+01,1.258723823137959741e+01,1.299897710931747596e+01,1.385870044402764378e+01,1.387449570405634702e+01,1.386237735679149807e+01,1.385962320567753991e+01
1.385620684689438242e+01,1.385604183158309866e+01,1.385574122009780851e+01,1.385519823269128992e+01,1.385424416681420290e+01,1.341060576452257003e+01,1.356966240476638674e+01,1.386197677839873954e+01,1.386752862760150862e+01,1.386098311825515594e+01,1.385938283991217546e+01
