1.385622978770573965e+01,1.385608374793832454e+01,1.385581769368673122e+01,1.385533719857363977e+01,1.385449380873837910e+01,-1.695449092820390646e+01,-4.756133235556854189e-01,1.364730712328919893e+01,1.390931474921339372e+01,1.386716654953085381e+01,1.386061045393483582e+01
1.385612689694721666e+01,1.385589564522553907e+01,1.385547418577768575e+01,1.385471203913297344e+01,-6.381794541533679421e+00,-1.787855028221380138e+01,-4.357826832756597213e-01,1.364617729106442034e+01,1.390919051598591238e+01,1.386714296541458324e+01,1.386060139334056984e+01
1.385612738788418952e+01,1.385589654337087140e+01,1.385547582674325540e+01,1.385471502446185355e+01,-6.879681523258875941e+00,-1.768672887410135530e+01,-3.319733045931858584e-01,1.364823531647408039e+01,1.390896112659340922e+01,1.386709578973231771e+01,1.386058291766139838e+01
1.385612865122265092e+01,1.385589885260234766e+01,1.385548004231047514e+01,1.385472268823959396e+01,-6.663413273706243700e+00,-1.706117411389056571e+01,-6.052938600587909335e-02,1.365543073958937903e+01,1.390846003422193178e+01,1.386699021672454535e+01,1.386054135705547985e+01
1.385613165587515283e+01,1.385590434461434839e+01,1.385549006811213246e+01,1.385474091727380141e+01,1.385342025719640802e+01,-2.796182065201829658e+00,8.312253578881483307e-01,1.367995771201543320e+01,1.390766904199016452e+01,1.386703397006050764e+01,1.386055710761664983e+01
1.385613165181511697e+01,1.385590433907077035e+01,1.385549006471148203e+01,1.385474094822949809e+01,1.385342053020248265e+01,-5.602654289501891594e-01,1.696043932752676398e+00,1.371007728561260031e+01,1.390566488254809663e+01,1.386681778304076218e+01,1.386047083775171807e+01
1.385613879094717404e+01,1.385591739027378111e+01,1.385551389677839040e+01,1.385478431417013212e+01,1.385349856676412372e+01,2.382376465290182210e+00,4.621221881343307913e+00,1.376037930494618422e+01,1.390125700031773448e+01,1.386628286811441058e+01,1.386045537210240397e+01
1.385614210304442473e+01,1.385592344825326627e+01,1.385552497292312246e+01,1.385480454052347810e+01,1.385353535059652685e+01,6.671752583770070189e+00,8.341602088092834322e+00,1.380891279653782000e+01,1.389318363404728984e+01,1.386507338053663929e+01,1.386014491712066565e+01
1.385616427792460925e+01,1.385596398694194242e+01,1.385559899380532300e+01,1.385493917457960578e+01,1.385377717487235572e+01,1.055377088250044437e+01,1.149923089512570940e+01,1.384479546336972078e+01,1.388345218829280903e+01,1.386384262157700498e+01,1.385997801322269751e+01
1.385617881251460481e+01,1.385599056611890134e+01,1.385564755848433194e+01,1.385502765489623300e+01,1.385393681549727951e+01,1.258723823138078401e+01,1.299897710932728856e+01,1.385870044406322776e+01,1.387449570416984201e+01,1.386237735715211983e+01,1.385962320681944604e+01
1.385620684689351023e+01,1.385604183158224956e+01,1.385574122009703757e+01,1.385519823269076412e+01,1.385424416681445692e+01,1.341060576452420428e+01,1.356966240477710173e+01,1.386197677843442833e+01,1.386752862771498762e+01,1.386098311861559651e+01,1.385938284105350959e+01
