9.797491258494604338e+00,9.797104385208895039e+00,9.796398290544029663e+00,9.795115530754490152e+00,-5.768497339661460188e+01,-4.943925704091925866e+01,-2.626963851441106357e+01,2.558865646913503156e+00,9.875056978358259130e+00,9.814228983131707551e+00,9.803198488329172733e+00
9.797336271940841002e+00,9.796820981244636073e+00,9.795880456800627911e+00,-5.950764017782841364e+01,-5.858493530499244173e+01,-4.946188553191080217e+01,-2.651201019882379128e+01,2.571081496042936898e+00,9.875623938599247253e+00,9.814116417364315836e+00,9.803162267347818926e+00
9.797340524287104557e+00,9.796828731202413820e+00,9.795894590825266590e+00,-5.917014609844517281e+01,-5.823649251274046179e+01,-4.919521102631402698e+01,-2.637866276914792252e+01,2.606621153827653359e+00,9.877245199844807644e+00,9.814429096250108842e+00,9.803261857459924400e+00
9.797329473075386375e+00,9.796808533116298179e+00,9.795857692966423613e+00,-5.814912235041234112e+01,-5.730946835372690629e+01,-4.851996299294478376e+01,-2.603627732279052864e+01,2.688950717468338691e+00,9.877694289881953082e+00,9.814498014455239172e+00,9.803282993885703789e+00
9.797327730061201834e+00,9.796805353894614043e+00,9.795851890898225278e+00,-5.592247983796385569e+01,-5.486685545598449920e+01,-4.653071170377918975e+01,-2.514537493369272170e+01,2.890389557631297457e+00,9.878088228161997719e+00,9.814453782271991500e+00,9.803263368748480033e+00
9.797333973878357583e+00,9.796816775176880654e+00,9.795872769400626012e+00,-1.791406538708270091e+01,-4.889820143373868433e+01,-4.188725300538153107e+01,-2.255345125928498717e+01,3.308926337529949357e+00,9.877886088946329579e+00,9.814211614791560123e+00,9.803176882867967734e+00
9.797350437485645713e+00,9.796846884044484227e+00,9.795927801204301844e+00,-1.414413674601596682e+01,-3.838864186220365582e+01,-3.274091999245383988e+01,-1.757979281840905372e+01,4.111568988452203754e+00,9.875660979941269346e+00,9.813987802471595856e+00,9.803094895874993497e+00
9.797367392342236414e+00,9.796877888720734617e+00,9.795984472404690280e+00,-8.548555134937885214e+00,-2.242271877044296247e+01,-1.915848837367565949e+01,-9.597006691420572722e+00,5.486732124684137624e+00,9.869100284645639931e+00,9.813165689260211266e+00,9.803023982934258029e+00
9.797380123133519803e+00,9.796901164535981366e+00,9.796027016410537414e+00,-1.292521515677412580e+00,-7.158529267324686529e+00,-5.435890568768082076e+00,-6.898709073805298075e-01,7.277876453656062949e+00,9.856169198761664418e+00,9.811695552695583800e+00,9.802730796440492611e+00
9.797411506191256336e+00,9.796958560212393863e+00,9.796131909252828507e+00,4.922025789679345564e+00,2.866566234845107974e+00,3.541728127463835474e+00,5.417766108036611072e+00,8.702102418965207420e+00,9.840456983702546623e+00,9.809728639422811369e+00,9.802421450729529084e+00
9.797446868702474276e+00,9.797023258230630915e+00,9.796250223700361914e+00,8.007960159005763856e+00,7.368213575183171216e+00,7.601154097600341331e+00,8.251082178293730252e+00,9.407845387181772878e+00,9.826246249858249016e+00,9.807355540936976368e+00,9.802067120565252978e+00
