5.542533750421070238e+01,5.542509880296746871e+01,5.542466341474347757e+01,5.542387406403600636e+01,1.901966978823055143e+01,1.098350877164385508e+01,2.647191882994382439e+01,5.355191652193439467e+01,5.550808517091786598e+01,5.543973022464870581e+01,5.543026772437853822e+01
5.542528118288709038e+01,5.542499588452344028e+01,5.542447573007750350e+01,5.542353401261439672e+01,7.585759219210974180e+00,1.115952818291012960e+01,2.634047600612908013e+01,5.352647273715862752e+01,5.550816384007114124e+01,5.543952583689171831e+01,5.543040201918351784e+01
5.542527055572077188e+01,5.542497645690031050e+01,5.542444025445414013e+01,5.542346946508970973e+01,8.279871332584889387e+00,1.137256860797018732e+01,2.651567483943739845e+01,5.353294731576261256e+01,5.550781713553602970e+01,5.543969956382669295e+01,5.543025863440977474e+01
5.542528108502582995e+01,5.542499570481705007e+01,5.542447539740797424e+01,5.542353338165007415e+01,9.074174597726834435e+00,1.214421744950214155e+01,2.698142417508253743e+01,5.354318574327506042e+01,5.550701091096971851e+01,5.543957616374781594e+01,5.543042050743184745e+01
5.542526825710602623e+01,5.542497225404662231e+01,5.542443257555225955e+01,5.542345546814121349e+01,1.113013883315276686e+01,1.432025135114656678e+01,2.834068239583810822e+01,5.188707441194398484e+01,5.550663458546023321e+01,5.544026530720650925e+01,5.543053915790428476e+01
5.542518747011985170e+01,5.542482450347690559e+01,5.542416240811103734e+01,5.542296174259860209e+01,2.676100645319411697e+01,1.959363692206507324e+01,3.197667416253451478e+01,5.228922502484790868e+01,5.550463106981295169e+01,5.544005697577362213e+01,5.543046470437556650e+01
5.542519753764972279e+01,5.542484291159922805e+01,5.542419604318742898e+01,5.542302306592240768e+01,3.306771073091248070e+01,2.956235755137214483e+01,3.822823494272640232e+01,5.302363800846883635e+01,5.549801634813212559e+01,5.543947830685618783e+01,5.543026837931912354e+01
5.542521665366226102e+01,5.542487786233192537e+01,5.542425988788743041e+01,5.542313935494019006e+01,4.293588407467621693e+01,4.280325520297297714e+01,4.582444956220027166e+01,5.404118875167167602e+01,5.548511927327527360e+01,5.543802368646487366e+01,5.543015870797002265e+01
5.542522778536572758e+01,5.542489821986335130e+01,5.542429709188773757e+01,5.542320718043478678e+01,4.992578554837121629e+01,4.999019645707006987e+01,5.136894351965374028e+01,5.483749658187232967e+01,5.546898514649245726e+01,5.543596299687533246e+01,5.542977582959247940e+01
5.542526303343348104e+01,5.542496267437985580e+01,5.542441485671615453e+01,5.542342174525148835e+01,5.351333377936742863e+01,5.345433127050392841e+01,5.398773509160611894e+01,5.522263858698254069e+01,5.545528157793562229e+01,5.543409798634323238e+01,5.542938545260840044e+01
5.542529999735467072e+01,5.542503028579510271e+01,5.542453845609199448e+01,5.542364717520393924e+01,5.477767635101355381e+01,5.475665098058367875e+01,5.495178888658405469e+01,5.535945619129857675e+01,5.544392363992152184e+01,5.543199772424692640e+01,5.542896351271362931e+01
