1.385623424602188436e+01,1.385609207143554045e+01,1.385583308918387857e+01,1.385536552843485936e+01,1.385454577837837675e+01,-2.912114357550253985e+01,-4.329705357915955233e+00,1.366043748195346552e+01,1.390927912709068792e+01,1.386714475591826989e+01,1.386060080458885579e+01
1.385612862554965474e+01,1.385589896227920370e+01,1.385548041134709152e+01,1.385472355614149009e+01,-3.962405241714268556e+01,-3.078224112587095718e+01,-4.210135894089040320e+00,1.365644989657023345e+01,1.390879044681883414e+01,1.386704940829186405e+01,1.386056391829182033e+01
1.385613081148556347e+01,1.385590295888884071e+01,1.385548770958833487e+01,1.385473682674101781e+01,1.385341319549903716e+01,-2.838051440705298134e+01,-4.084860309877242024e+00,1.366022453293444983e+01,1.390847610517868915e+01,1.386698505429821893e+01,1.386053874087455995e+01
1.385613251392991074e+01,1.385590607132453300e+01,1.385549339198204777e+01,1.385474715755255914e+01,1.385343172685778868e+01,-2.752895865710441115e+01,-3.599704410091293383e+00,1.366791444308590187e+01,1.390807899391550428e+01,1.386712452907033111e+01,1.386059302037469010e+01
1.385612904886683694e+01,1.385589973197230407e+01,1.385548181380144861e+01,1.385472610442693409e+01,-3.502260886739004064e+01,-2.717803011269274549e+01,-2.935853164571515350e+00,1.368689486730394478e+01,1.390781156023956555e+01,1.386705279414167613e+01,1.386056361272589221e+01
1.385613205945352888e+01,1.385590523275861230e+01,1.385549185512760317e+01,1.385474437675769721e+01,1.385342690549972744e+01,-1.079102612886529311e+00,-1.267408735285296295e+00,1.371952690751877135e+01,1.390586430604707324e+01,1.386684846469193033e+01,1.386048190913918177e+01
1.385613895190712697e+01,1.385591783574767888e+01,1.385551487168040019e+01,1.385478626579923578e+01,1.385350231423762501e+01,2.255422488059078745e+00,2.358252091149294571e+00,1.377380867109324925e+01,1.390168505179834924e+01,1.386635373175666786e+01,1.386048241094789724e+01
1.385614209161835575e+01,1.385592357974186228e+01,1.385552537951139662e+01,1.385480548867009531e+01,1.385353747741494956e+01,-1.407736977809721068e+00,6.845914672812941859e+00,1.381495456421298051e+01,1.389422114966404109e+01,1.386529574079325755e+01,1.386023881297206017e+01
1.385615996123286209e+01,1.385595625703427913e+01,1.385558505578693200e+01,1.385491405298851220e+01,1.385373257120151003e+01,7.366054360748004903e+00,1.072092164236747180e+01,1.385092555290962224e+01,1.388463086122538570e+01,1.386391810332571772e+01,1.386001128610806532e+01
1.385617922076068353e+01,1.385599147345794258e+01,1.385564938827815951e+01,1.385503120611886629e+01,1.385394372040508770e+01,1.157843489378294421e+01,1.271029148061238168e+01,1.386690470010117338e+01,1.387579001211652496e+01,1.386252475200094381e+01,1.385969539531311590e+01
1.385620823218286546e+01,1.385604453140435766e+01,1.385574633596414174e+01,1.385520784740928946e+01,1.385426255764786596e+01,1.310974789411780250e+01,1.347538928777837874e+01,1.386641311296215662e+01,1.386900882824018488e+01,1.386132778817271571e+01,1.385939581756116645e+01
