9.797483237161060288e+00,9.797089704392544007e+00,9.796371406467615728e+00,9.795066209730073581e+00,-1.153896382988002323e+01,-2.683474679428902476e+01,-1.520909083319272526e+01,3.864578033467773288e+00,9.869704711246782836e+00,9.814094131621956763e+00,9.803197492304143168e+00
9.797305494768428602e+00,9.796764658555929373e+00,9.795777422477060625e+00,-2.837666341972232331e+01,-3.332566872638300026e+01,-2.840447227378536255e+01,-1.490678721150002595e+01,3.877178097961841985e+00,9.869271937610697876e+00,9.814022654731283879e+00,9.803175343558008237e+00
9.797307508877398874e+00,9.796768350670722825e+00,9.795784180248485740e+00,-2.923777028611660000e+01,-3.322019938526204896e+01,-2.832553040214389029e+01,-1.489916144820982780e+01,3.900352479420610141e+00,9.869734754879475602e+00,9.814220089067907438e+00,9.803243143052668529e+00
9.797296360938860360e+00,9.796747961502342505e+00,9.795746911103888621e+00,-2.891055390077353238e+01,-3.294799863462510814e+01,-2.812067377533561796e+01,-1.485368669779437667e+01,3.959543981515739830e+00,9.869956134604988662e+00,9.814306367143998955e+00,9.803272591781398759e+00
9.797291652458932631e+00,9.796739361573745697e+00,9.795731198729141553e+00,-2.749504686444595691e+01,-3.223588077841795041e+01,-2.755112603433907381e+01,-1.462980253366432315e+01,4.088479144537516596e+00,9.870140804553733105e+00,9.814279448698453479e+00,9.803261089845115350e+00
9.797295075449875768e+00,9.796745625281904069e+00,9.795742647070088793e+00,-3.184631658556957845e+01,-3.038004967466323336e+01,-2.598166990630927131e+01,-1.390647049882230490e+01,4.380881817530833722e+00,9.869581523219350672e+00,9.813997927048950132e+00,9.803163479777936118e+00
9.797311736855682796e+00,9.796776093454857559e+00,9.795798327765405489e+00,-9.510620882687829791e+00,-2.580737408857134696e+01,-2.207971334511971051e+01,-1.157642715173787451e+01,4.944240004041704495e+00,9.867649236803725188e+00,9.813798454964990370e+00,9.803089589990205965e+00
9.797327543705504738e+00,9.796805004399406158e+00,9.795851176391407122e+00,-5.008507960706041651e+00,-1.696359858823157296e+01,-1.435865490882899387e+01,-6.612035479065419885e+00,5.946189553456679988e+00,9.862745648566697554e+00,9.813115213033306361e+00,9.803058088988287011e+00
9.797338976816924117e+00,9.796825924842705646e+00,9.795889444487306363e+00,2.299899670428882104e-01,-5.704921805282278768e+00,-4.276090191064019663e+00,3.219387596296918730e-02,7.375666855002274147e+00,9.853087972894824631e+00,9.811713746807170011e+00,9.802773181388928947e+00
9.797380274302284420e+00,9.796901453853108066e+00,9.796027504981879019e+00,5.241961394039395650e+00,3.008122132706312346e+00,3.622854976273500505e+00,5.464774034258319979e+00,8.676474955098154140e+00,9.839493235098355939e+00,9.809728094857367964e+00,9.802447006212489100e+00
9.797425097724280718e+00,9.796983451832570466e+00,9.796177452355205872e+00,8.085453503856204094e+00,7.338151350330738509e+00,7.558727039126601710e+00,8.217011623396707876e+00,9.384375082260667966e+00,9.826649741094199086e+00,9.807623395429624580e+00,9.802000782836747916e+00
