5.542533915057164506e+01,5.542510180377724538e+01,5.542466888861099505e+01,5.542388403588532952e+01,1.718643882539642220e+01,1.121119584154187088e+01,2.653351098542428588e+01,5.347965968603269715e+01,5.550815326118355131e+01,5.543954846007141413e+01,5.543041147081247288e+01
5.542526854070570153e+01,5.542497276256409577e+01,5.542443349262777730e+01,5.542345711549846499e+01,7.329879604250917779e+00,1.141441709146291394e+01,2.642610160382341888e+01,5.342140663443726822e+01,5.550807299692873187e+01,5.543956562466686222e+01,5.543041947894566590e+01
5.542526631571338669e+01,5.542496869348131838e+01,5.542442605357042851e+01,5.542344353035940685e+01,8.099467168496248703e+00,1.159276849316308677e+01,2.658655187088050553e+01,5.343708846095650244e+01,5.550788472085268666e+01,5.543953071955779421e+01,5.543040726556992581e+01
5.542526739410325121e+01,5.542497066502096459e+01,5.542442965434922542e+01,5.542345008562301700e+01,8.989516869414842404e+00,1.241002062668271044e+01,2.706118427903442836e+01,5.344310771109287828e+01,5.550688348484995061e+01,5.543960852645363957e+01,5.543043535457044158e+01
5.542526425916257438e+01,5.542496493321319662e+01,5.542441918314840166e+01,5.542343100588632154e+01,1.197566114661384162e+01,1.470264920294900435e+01,2.846771997765855744e+01,5.188444828366301920e+01,5.550649326872240863e+01,5.544024225740450618e+01,5.543053156179357188e+01
5.542518802443932913e+01,5.542482550722183987e+01,5.542416423132266345e+01,5.542296504971265847e+01,2.679121267372203619e+01,2.004377893919753717e+01,3.222645532894721754e+01,5.230010671389533883e+01,5.550411120935216758e+01,5.543998284143435740e+01,5.543044109514552531e+01
5.542519866613101698e+01,5.542484496456228271e+01,5.542419977947642451e+01,5.542302983543777373e+01,3.389874776887040753e+01,3.041489019478924405e+01,3.878828481785939886e+01,5.309385777594552991e+01,5.549668716463497020e+01,5.543925668553693242e+01,5.543039660461171536e+01
5.542520377076760951e+01,5.542485429992048296e+01,5.542421684142765059e+01,5.542306095091227292e+01,4.375978795022598433e+01,4.387765678814491110e+01,4.649232999586804738e+01,5.413721814803589893e+01,5.548319927201582402e+01,5.543787509477088804e+01,5.543010619616963197e+01
5.542523100531904845e+01,5.542490409711616905e+01,5.542430781379771787e+01,5.542322666540498233e+01,5.067351686084050044e+01,5.056512923946530691e+01,5.176044398995733786e+01,5.489652196298165165e+01,5.546710776405888055e+01,5.543574660201329607e+01,5.542969023406273976e+01
5.542526953148417590e+01,5.542497454609909369e+01,5.542443653210115428e+01,5.542346119312509245e+01,5.372663395285287891e+01,5.369155030458230726e+01,5.414343029128168894e+01,5.524834138149842033e+01,5.545396872072261374e+01,5.543393172641483346e+01,5.542931118916641253e+01
5.542530678415582912e+01,5.542504268914690613e+01,5.542456111751199188e+01,5.542368848367004830e+01,5.485071558676622772e+01,5.481012900894035766e+01,5.501121850888018372e+01,5.536796197705859868e+01,5.544330317765388116e+01,5.543197554615876754e+01,5.542895109803971820e+01
