1.385623453272664563e+01,1.385609245535223444e+01,1.385583364932038819e+01,1.385536641415580128e+01,1.385454729047178191e+01,-2.913739929294446540e+01,-4.523442720226943159e+00,1.365783860559762886e+01,1.390928504007380440e+01,1.386714827356881585e+01,1.386060231731207359e+01
1.385612825364474432e+01,1.385589815228492050e+01,1.385547879569493546e+01,1.385472047766241488e+01,-3.937696931409541179e+01,-3.048506954484800957e+01,-4.453784437316702594e+00,1.365538637376253561e+01,1.390883762849352578e+01,1.386705999148736979e+01,1.386056808350891245e+01
1.385613034930661946e+01,1.385590198469826717e+01,1.385548579548058967e+01,1.385473321025578031e+01,1.385340659871023306e+01,-2.834960772833037623e+01,-4.181177861314933963e+00,1.365852586938120439e+01,1.390835561104568008e+01,1.386696241872441959e+01,1.386053000528993095e+01
1.385613285352018309e+01,1.385590656346254690e+01,1.385549415517002458e+01,1.385474840786986661e+01,1.385343385185296583e+01,-2.702316803287764202e+01,-3.692670463630660649e+00,1.366657337133149852e+01,1.390813237053257012e+01,1.386713672676319575e+01,1.386059783575262649e+01
1.385612853933945843e+01,1.385589867666191033e+01,1.385547975668795218e+01,1.385472223461569996e+01,-3.343513730062714728e+01,-2.571524271130858352e+01,-2.780974966241403834e+00,1.368378735121460998e+01,1.390784221707113133e+01,1.386706211826265545e+01,1.386056745873881368e+01
1.385613149550368206e+01,1.385590407883641895e+01,1.385548961837688964e+01,1.385474017705002936e+01,1.385341925144153485e+01,-1.136945142607482584e+00,-1.130866073424745544e-01,1.372377179337071063e+01,1.390543300672381122e+01,1.386675675769494021e+01,1.386044602749594468e+01
1.385614123167054146e+01,1.385592187888774163e+01,1.385552212337007560e+01,1.385479932388039259e+01,1.385352565867571784e+01,-7.760738586989399224e+00,3.525527448229255789e+00,1.375717687384088705e+01,1.390103391017787260e+01,1.386624246685437711e+01,1.386043959061783681e+01
1.385614255753838719e+01,1.385592430437396771e+01,1.385552655919793175e+01,1.385480742788899988e+01,1.385354040839830425e+01,7.117061010211273242e+00,8.302814984055093106e+00,1.381800735824276671e+01,1.389293151817565253e+01,1.386521666903561822e+01,1.386020541323055966e+01
1.385616141263699852e+01,1.385595877761304173e+01,1.385558952009010625e+01,1.385492202505851722e+01,1.385374668745303595e+01,1.082555487335902988e+01,1.159231570751365581e+01,1.385175384006822163e+01,1.388278948215308262e+01,1.386363834582995125e+01,1.385987762075001228e+01
1.385618703649510763e+01,1.385600562779308476e+01,1.385567509150551224e+01,1.385507778718810101e+01,1.385402704684568143e+01,1.227914803762253371e+01,1.302923936644244662e+01,1.386300299659633595e+01,1.387413501272636651e+01,1.386222962829059213e+01,1.385954024931400141e+01
1.385621467973779986e+01,1.385605618023386398e+01,1.385576745708776869e+01,1.385524603793477638e+01,1.385433039070293404e+01,1.344472375923685625e+01,1.358774259889594305e+01,1.386394920913595286e+01,1.386719403604040224e+01,1.386100313617360946e+01,1.385938937973353902e+01
