5.542534227161324623e+01,5.542510753420184955e+01,5.542467940411657423e+01,5.542390337523450228e+01,6.061610791814441512e+00,1.093083881144574931e+01,2.656195802561841646e+01,5.154252114368620852e+01,5.550649608354505915e+01,5.544031396714879634e+01,5.543055993726405006e+01
5.542518226835866813e+01,5.542481500083195556e+01,5.542414505188318685e+01,5.542293008248118724e+01,2.059331498363211210e+01,1.129796214342811567e+01,2.667111677311587670e+01,5.155287323978451752e+01,5.550598868950465459e+01,5.544022124088732539e+01,5.543052876833638720e+01
5.542518509054438880e+01,5.542482016121063992e+01,5.542415447833113973e+01,5.542294724903773329e+01,2.020968377257733906e+01,1.160750035051291462e+01,2.688215805881672438e+01,5.158621960427522879e+01,5.550608634481370984e+01,5.544023451114404111e+01,5.543053294842092527e+01
5.542518492083320325e+01,5.542481985064802075e+01,5.542415391083419252e+01,5.542294621742362892e+01,2.079486161467643512e+01,1.239642048217426762e+01,2.736557021190578354e+01,5.167812548139868056e+01,5.550643802515617153e+01,5.544028314305710126e+01,5.543054835675359726e+01
5.542518422982595894e+01,5.542481858726875998e+01,5.542415160438486055e+01,5.542294202943496373e+01,2.302345129996293949e+01,1.415526787212779780e+01,2.849044760210033900e+01,5.188798775121840379e+01,5.550622729722199722e+01,5.544020524534614935e+01,5.543051980782750832e+01
5.542518858766310075e+01,5.542482655511454936e+01,5.542416616220135950e+01,5.542296857159385581e+01,2.744308815208439967e+01,1.860484377164538472e+01,3.149171145713975051e+01,5.230415263517915037e+01,5.550415604971951211e+01,5.543998820712506870e+01,5.543044272540163320e+01
5.542519866756320113e+01,5.542484498566425088e+01,5.542419983723903698e+01,5.542302996180976749e+01,3.390111480040890513e+01,2.850056067342051591e+01,3.787755332516682927e+01,5.309931806542950028e+01,5.549678391343965700e+01,5.543926968837249802e+01,5.543040080838576955e+01
5.542520367993661523e+01,5.542485415259524473e+01,5.542421659230096509e+01,5.542306052234228275e+01,4.375028832437723025e+01,4.385358904874382802e+01,4.578066578133284281e+01,5.414364064424628964e+01,5.548337343906444374e+01,5.543790120431896185e+01,5.543011502817527969e+01
5.542523078964319438e+01,5.542490372207339533e+01,5.542430715027909116e+01,5.542322549028588696e+01,5.066056749597196074e+01,5.053406565128908312e+01,5.147428344761951990e+01,5.490288994648949483e+01,5.546714936136494600e+01,5.543573465823609325e+01,5.542968383223136186e+01
5.542527132954856484e+01,5.542497785297334190e+01,5.542444259509791493e+01,5.542347227765554862e+01,5.371101979047749353e+01,5.366319533796864505e+01,5.403989499809577524e+01,5.525049875152842560e+01,5.545374510560851888e+01,5.543383993964023659e+01,5.542926830971649110e+01
5.542531215326206251e+01,5.542505252292771445e+01,5.542457909558127227e+01,5.542372124508352016e+01,5.484165270721045715e+01,5.473985537984339089e+01,5.497693667973636167e+01,5.537318009564657473e+01,5.544379606252719839e+01,5.543206555645605249e+01,5.542898977369422653e+01
