9.797491258493490562e+00,9.797104385207818567e+00,9.796398290543070431e+00,9.795115530753898625e+00,-5.768497339671996826e+01,-4.943925704087477158e+01,-2.626963851439446174e+01,2.558865646966108631e+00,9.875056978526458806e+00,9.814228983666065886e+00,9.803198490020800904e+00
9.797336271939725449e+00,9.796820981243556048e+00,9.795880456799661573e+00,-5.950764017822212537e+01,-5.858493530498861901e+01,-4.946188553190400938e+01,-2.651201019880464216e+01,2.571081496095516616e+00,9.875623938767292387e+00,9.814116417897949418e+00,9.803162269037091647e+00
9.797340524285985452e+00,9.796828731201333795e+00,9.795894590824300252e+00,-5.917014609786113510e+01,-5.823649251273888439e+01,-4.919521102632204901e+01,-2.637866276913486985e+01,2.606621153880005259e+00,9.877245200012568560e+00,9.814429096782985695e+00,9.803261859146839896e+00
9.797329473074269046e+00,9.796808533115219930e+00,9.795857692965460828e+00,-5.814912234998414675e+01,-5.730946835372216697e+01,-4.851996299293256243e+01,-2.603627732277388773e+01,2.688950717520750988e+00,9.877694290049516823e+00,9.814498014987384167e+00,9.803282995570288705e+00
9.797327730060086282e+00,9.796805353893535795e+00,9.795851890897264269e+00,-5.592247983753055962e+01,-5.486685545598590608e+01,-4.653071170381674904e+01,-2.514537493367355836e+01,2.890389557686837918e+00,9.878088228329438891e+00,9.814453782803420623e+00,9.803263370430762791e+00
9.797333973877247359e+00,9.796816775175804182e+00,9.795872769399665003e+00,-1.791406538707656182e+01,-4.889820143252107698e+01,-4.188725300530788331e+01,-2.255345125920140603e+01,3.308926337583057098e+00,9.877886089113511403e+00,9.814211615322271598e+00,9.803176884547990966e+00
9.797350437484535490e+00,9.796846884043411308e+00,9.795927801203340834e+00,-1.414413674602980642e+01,-3.838864186222542685e+01,-3.274091999247169582e+01,-1.757979281838852614e+01,4.111568988504599176e+00,9.875660980108150966e+00,9.813987803001612775e+00,9.803094897552847797e+00
9.797367392341127967e+00,9.796877888719661698e+00,9.795984472403732823e+00,-8.548555134916762555e+00,-2.242271877040066386e+01,-1.915848837360836399e+01,-9.597006691393737299e+00,5.486732124734241545e+00,9.869100284812294177e+00,9.813165689789592250e+00,9.803023984610126362e+00
9.797380123132413132e+00,9.796901164534911999e+00,9.796027016409581734e+00,-1.292521515668296317e+00,-7.158529267318790801e+00,-5.435890568759154107e+00,-6.898709073706950079e-01,7.277876453706785043e+00,9.856169198928142805e+00,9.811695553224415889e+00,9.802730798114643207e+00
9.797411506190151442e+00,9.796958560211326272e+00,9.796131909251876380e+00,4.922025789686012232e+00,2.866566234839695859e+00,3.541728127465418208e+00,5.417766108055788621e+00,8.702102419018720170e+00,9.840456983868978824e+00,9.809728639951210027e+00,9.802421452402290569e+00
9.797446868701372935e+00,9.797023258229566878e+00,9.796250223699413340e+00,8.007960159007676992e+00,7.368213575185754038e+00,7.601154097603905591e+00,8.251082178308276838e+00,9.407845387232923073e+00,9.826246250024444961e+00,9.807355541464993109e+00,9.802067122236913121e+00
