1.385623395241549716e+01,1.385609139745300133e+01,1.385583169062127951e+01,1.385536264933799444e+01,1.385453930513557808e+01,-2.779828416594109797e+01,-4.486410663943641630e+00,1.365629357464719895e+01,1.390929112788550270e+01,1.386715184732540429e+01,1.386060391905863298e+01
1.385612800609344042e+01,1.385589771170767293e+01,1.385547800273116614e+01,1.385471904622506756e+01,-7.598854904493390627e+00,-2.903161352323687083e+01,-4.400463064684617898e+00,1.365287827723386194e+01,1.390902113008935004e+01,1.386710035709571365e+01,1.386058410024144472e+01
1.385612909997589348e+01,1.385589971151227395e+01,1.385548165387662678e+01,1.385472568143528349e+01,-3.726077371995530996e+01,-2.907350854438436727e+01,-4.343439524552325182e+00,1.365719918772138719e+01,1.390868793534155046e+01,1.386702960401692053e+01,1.386055621042546093e+01
1.385613114794090350e+01,1.385590345449710448e+01,1.385548848767318830e+01,1.385473811131035049e+01,1.385341539201683858e+01,-2.624537575138151979e+01,-3.833672447179536924e+00,1.366686380194226125e+01,1.390834284279932298e+01,1.386695526571270065e+01,1.386052680616445087e+01
1.385613337525539634e+01,1.385590752442704954e+01,1.385549591603910713e+01,1.385475161656520271e+01,1.385343964286722951e+01,-2.305514050697764006e+01,-2.812926170541035553e+00,1.368298063909066897e+01,1.390779804171797807e+01,1.386705525185837296e+01,1.386056497333300719e+01
1.385613151979245217e+01,1.385590413231595264e+01,1.385548972465077711e+01,1.385474037645280987e+01,1.385341959930085309e+01,-9.822492744739745874e-01,-3.273289781959696221e-01,1.372432097633001646e+01,1.390548077629713930e+01,1.386676608525002585e+01,1.386044960719543795e+01
1.385614105237352511e+01,1.385592155740263465e+01,1.385552154318726714e+01,1.385479827896573646e+01,1.385352381170424607e+01,-7.998907625538034694e+00,3.126360927375119836e+00,1.375840278191158461e+01,1.390131450136074953e+01,1.386629669484278260e+01,1.386046115333705231e+01
1.385614168238899424e+01,1.385592271573811374e+01,1.385552367217974989e+01,1.385480220823171038e+01,1.385353117311029791e+01,6.570569521153808878e+00,7.797298124364555605e+00,1.381548913276863644e+01,1.389377438214060412e+01,1.386519433516888711e+01,1.386019539742446227e+01
1.385616237261581851e+01,1.385596054234848040e+01,1.385559275094752074e+01,1.385492791031692761e+01,1.385375728753697899e+01,1.036591092917467449e+01,1.123004909567027987e+01,1.384632136681713988e+01,1.388412361438068743e+01,1.386380212858486516e+01,1.385995759264573302e+01
1.385618092150534508e+01,1.385599445710854738e+01,1.385565469899416513e+01,1.385504068282936529e+01,1.385396030442171877e+01,1.246534354430064084e+01,1.290539230795349113e+01,1.386110977125458277e+01,1.387475751712434402e+01,1.386244052626458867e+01,1.385965446236209608e+01
1.385620712755553186e+01,1.385604238091669416e+01,1.385574226525116259e+01,1.385520022107582605e+01,1.385424813975709668e+01,1.335873851695206227e+01,1.353771487142842389e+01,1.386204040490463463e+01,1.386798979221649475e+01,1.386117517344600003e+01,1.385930958464012441e+01
