9.797483236948806962e+00,9.797089704182400993e+00,9.796371406264110959e+00,9.795066209547336200e+00,-1.153896384392866636e+01,-2.683474684694609635e+01,-1.520909083143673435e+01,3.864578036878870027e+00,9.869704720168593681e+00,9.814094159976402665e+00,9.803197580989358784e+00
9.797305494571160622e+00,9.796764658360473277e+00,9.795777422287539338e+00,-2.837666349925796894e+01,-3.332566872553577753e+01,-2.840447227338234981e+01,-1.490678721431983078e+01,3.877178100549881545e+00,9.869271946106222160e+00,9.814022681679492877e+00,9.803175427890192140e+00
9.797307508689334199e+00,9.796768350484127197e+00,9.795784180067071745e+00,-2.923777044008526005e+01,-3.322019938498563363e+01,-2.832553040164227554e+01,-1.489916144769614093e+01,3.900352481904525437e+00,9.869734762955426177e+00,9.814220114731488920e+00,9.803243223427973163e+00
9.797296360759760958e+00,9.796747961324790310e+00,9.795746910931528717e+00,-2.891055404007698826e+01,-3.294799863455991584e+01,-2.812067377481888286e+01,-1.485368669794181606e+01,3.959543983841340431e+00,9.869956142307152902e+00,9.814306391641222760e+00,9.803272668552750702e+00
9.797291652287825059e+00,9.796739361404151580e+00,9.795731198564565645e+00,-2.749504700147349823e+01,-3.223588077822418541e+01,-2.755112603406070093e+01,-1.462980253280523968e+01,4.088479146818531973e+00,9.870140811915515400e+00,9.814279472129637583e+00,9.803261163317529281e+00
9.797295075285994415e+00,9.796745625119477552e+00,9.795742646912477980e+00,-3.184631658548484268e+01,-3.038004967449299798e+01,-2.598166990600364556e+01,-1.390647049797759749e+01,4.380881819721524906e+00,9.869581530275249648e+00,9.813997949512160091e+00,9.803163550250829417e+00
9.797311736698157247e+00,9.796776093298724675e+00,9.795798327613884027e+00,-9.510620901906403191e+00,-2.580737405050257394e+01,-2.207971334218903436e+01,-1.157642715911706865e+01,4.944240003857833798e+00,9.867649243528877179e+00,9.813798476556465644e+00,9.803089657779199939e+00
9.797327543553569384e+00,9.796805004248870574e+00,9.795851176245417236e+00,-5.008507964036224003e+00,-1.696359858054492875e+01,-1.435865491172302200e+01,-6.612035486404475471e+00,5.946189555416435901e+00,9.862745655097981512e+00,9.813115233876764876e+00,9.803058154462123142e+00
9.797338976670104671e+00,9.796825924697207810e+00,9.795889444346141062e+00,2.299899618670551149e-01,-5.704921749746928228e+00,-4.276090188414411131e+00,3.219387605646417683e-02,7.375666856900775059e+00,9.853087979230609861e+00,9.811713767021808863e+00,9.802773244926573426e+00
9.797380274160248703e+00,9.796901453712358432e+00,9.796027504845341127e+00,5.241961391232032419e+00,3.008122151973295910e+00,3.622854976403584004e+00,5.464774033792485497e+00,8.676474956979667752e+00,9.839493241273340018e+00,9.809728114569887580e+00,9.802447068223983706e+00
9.797425097586149434e+00,9.796983451695638223e+00,9.796177452222279314e+00,8.085453503057463465e+00,7.338151351474071049e+00,7.558727039057814956e+00,8.217011623550478205e+00,9.384375084081264973e+00,9.826649747126918300e+00,9.807623414742808521e+00,9.802000843654651518e+00
