1.385623756386231165e+01,1.385609800401314651e+01,1.385584377863242977e+01,1.385538478229118553e+01,1.385457992110425351e+01,-2.841080970795340477e+01,-4.550676355470183232e+00,1.366030669317964374e+01,1.390946066098805645e+01,1.386718160844919367e+01,1.386061514157120200e+01
1.385612756621618047e+01,1.385589690586086675e+01,1.385547653060609719e+01,1.385471637331962214e+01,-7.236467774913197815e+00,-2.948972211368757002e+01,-4.483006942787046256e+00,1.365453691789381985e+01,1.390896559003506283e+01,1.386708754349774253e+01,1.386057896251866595e+01
1.385612953993085128e+01,1.385590051418321522e+01,1.385548311792238962e+01,1.385472834173204149e+01,1.385339783361372668e+01,-2.817737312742892186e+01,-4.301323956391895464e+00,1.365619586325080803e+01,1.390853793559938723e+01,1.386700166035817361e+01,1.386054551440382987e+01
1.385613169028512637e+01,1.385590444503090879e+01,1.385549029511869890e+01,1.385474139249916448e+01,1.385342124276901288e+01,-2.656840850784491437e+01,-3.823362926532275274e+00,1.366566616288624303e+01,1.390821179599227264e+01,1.386715391966507838e+01,1.386060461289335421e+01
1.385612804938116227e+01,1.385589778774335024e+01,1.385547814115367160e+01,1.385471930379005201e+01,-3.279107617924798035e+01,-2.547738884079752708e+01,-2.671831344374613337e+00,1.368474240343154236e+01,1.390776771573618831e+01,1.386704793236995670e+01,1.386056203061087899e+01
1.385613178185787220e+01,1.385590461204868262e+01,1.385549060143515376e+01,1.385474197231423688e+01,1.385342246814657230e+01,-7.804929945708660721e-01,-9.359571132072463939e-02,1.372415069655549402e+01,1.390532780778278976e+01,1.386673667720074832e+01,1.386043837467758522e+01
1.385614160411633122e+01,1.385592256914496545e+01,1.385552339243914233e+01,1.385480163620223237e+01,1.385352978752532493e+01,3.081811379507201742e+00,3.683801021393864339e+00,1.376687723595126656e+01,1.390118660412045060e+01,1.386626067748335700e+01,1.386044570102699325e+01
1.385614322898865680e+01,1.385592554286594158e+01,1.385552883635151566e+01,1.385481161468973355e+01,1.385354814712952631e+01,7.000726854314887504e+00,8.049090410535281848e+00,1.381415477073645448e+01,1.389319088992553830e+01,1.386506574104388534e+01,1.386014076676634232e+01
1.385616526091892098e+01,1.385596582056074766e+01,1.385560238207571615e+01,1.385494539256264446e+01,1.385378848138524432e+01,1.060737269561020568e+01,1.148553034120824812e+01,1.385022485617170673e+01,1.388330131823231284e+01,1.386378439344245095e+01,1.385994831779299830e+01
1.385618210751360735e+01,1.385599662758363237e+01,1.385565866936677182e+01,1.385504793434389370e+01,1.385397346849662625e+01,1.220974441350176143e+01,1.298503031457931201e+01,1.386112520007875659e+01,1.387470744664132205e+01,1.386243992369473865e+01,1.385965607652119047e+01
1.385620551022621427e+01,1.385603942844239356e+01,1.385573688153894523e+01,1.385519042935843004e+01,1.385423042478178601e+01,1.343031404423695463e+01,1.357260077645679885e+01,1.386399251458229109e+01,1.386740648850265245e+01,1.386089725144367613e+01,1.385932179388664665e+01
