9.797500687361562655e+00,9.797121666927569805e+00,9.796429898438081096e+00,9.795173146906481776e+00,-3.844455830798532503e+01,-3.673035619524850404e+01,-2.205284549590889753e+01,2.546250675932020258e+00,9.876169937801646981e+00,9.814220595704515659e+00,9.803195400132086235e+00
9.797336939047692539e+00,9.796822228542037436e+00,9.795882758683761793e+00,-3.821988112059577958e+01,-4.397861376119121246e+01,-3.788206647188423659e+01,-2.120114418770656073e+01,2.558877827422862516e+00,9.875200449403402914e+00,9.814130540193872321e+00,9.803171172367767028e+00
9.797336351625482109e+00,9.796821150693087787e+00,9.795880780864120396e+00,-3.933038795093700202e+01,-4.382551694513340124e+01,-3.776644472601233815e+01,-2.118712248966262734e+01,2.593396762606854367e+00,9.876720092410144147e+00,9.814411136948756109e+00,9.803259967046837886e+00
9.797326904064011188e+00,9.796803867271865585e+00,9.795849192874252154e+00,-3.896465944122965652e+01,-4.342945866282784806e+01,-3.747011808432237245e+01,-2.115587910336184763e+01,2.674400299927558233e+00,9.877298860049851470e+00,9.814523595136327216e+00,9.803295822442729346e+00
9.797322912036555920e+00,9.796796586129548956e+00,9.795835903402387856e+00,-3.793295747616904379e+01,-4.237221599034459985e+01,-3.662174592141157348e+01,-2.086522648348321596e+01,2.884267952548215330e+00,9.877419131586661294e+00,9.814503314888927576e+00,9.803287358473273372e+00
9.797325323470577274e+00,9.796801000186567521e+00,9.795843973245624170e+00,-3.643569178298746891e+01,-3.961426103457812786e+01,-3.432525362614903486e+01,-1.952957786549113806e+01,3.329403904545865434e+00,9.877442458924440061e+00,9.814308172905187533e+00,9.803216026672107120e+00
9.797339979564160473e+00,9.796827805198772054e+00,9.795892967947660068e+00,-1.413472135644460792e+01,-3.178350378743789051e+01,-2.904471326023572431e+01,-1.661157685331244593e+01,4.150946651500778906e+00,9.875622317541123962e+00,9.814077458653899910e+00,9.803127953764485980e+00
9.797360467704539388e+00,9.796865272420657078e+00,9.795961455715410438e+00,-9.009751621882626793e+00,-2.197541151998866127e+01,-1.890181948279082391e+01,-9.752523927306727458e+00,5.494685000304847300e+00,9.868697959392701335e+00,9.813264217636314513e+00,9.803065377032039507e+00
9.797369176015283898e+00,9.796881205041669816e+00,9.795990586640529685e+00,-1.489545252385132912e+00,-7.956315318139738579e+00,-6.311712900037242946e+00,-1.364397270476467305e+00,7.220696318683881287e+00,9.856666460009961384e+00,9.811927364961501752e+00,9.802816847730582595e+00
9.797397646751560885e+00,9.796933276391357026e+00,9.796085758146443112e+00,4.594882495119152921e+00,2.184574552827871941e+00,2.912779888190616173e+00,4.972915298721928501e+00,8.640979579055866111e+00,9.841379917569732072e+00,9.809796224771552886e+00,9.802449210340148156e+00
9.797442180265598211e+00,9.797014737043898691e+00,9.796234691885382873e+00,7.136041538657289962e+00,7.089851840244391745e+00,7.333693946400988928e+00,8.062530190280980946e+00,9.376294138962894209e+00,9.827627185344518068e+00,9.807609965617100301e+00,9.801975415557206972e+00
