9.797501880170962352e+00,9.797123847519431550e+00,9.796433913777251590e+00,9.795180655654327495e+00,-5.199094375754592789e+01,-4.947499392522500727e+01,-2.653602379788640064e+01,2.554730752302082575e+00,9.874894003405678689e+00,9.814220248488732423e+00,9.803196772560477612e+00
9.797335690531653540e+00,9.796819928367579422e+00,9.795878546963161071e+00,-5.946029244059127450e+01,-5.862626430080268136e+01,-4.948569176195067598e+01,-2.648673818267280211e+01,2.570858395548254460e+00,9.875527294305333825e+00,9.814317115283644810e+00,9.803226385264020237e+00
9.797333312243567960e+00,9.796815579639273963e+00,9.795870603532634391e+00,-5.919981234593526409e+01,-5.828975438502295248e+01,-4.923780082883833842e+01,-2.635793361652592992e+01,2.606770009112470809e+00,9.877460600612680608e+00,9.814467392921118361e+00,9.803273924652771143e+00
9.797328276142701853e+00,9.796806384509464394e+00,9.795853810127994166e+00,-5.822466797180513254e+01,-5.738665983714365382e+01,-4.855048544315167902e+01,-2.598517765437946991e+01,2.689931401120988053e+00,9.877896968142007239e+00,9.814530595188607265e+00,9.803293091207738286e+00
9.797326869749896971e+00,9.796803827205520676e+00,9.795849149763068198e+00,-5.624804943845996519e+01,-5.501009021270983368e+01,-4.664222329260238809e+01,-2.515226228535859931e+01,2.881772260023256482e+00,9.878526943810610916e+00,9.814517942594354949e+00,9.803282883829917083e+00
9.797332532688480811e+00,9.796814181873735095e+00,9.795868077609730662e+00,-1.809362095037294438e+01,-4.920864514531661627e+01,-4.216135231349629464e+01,-2.270491374000150486e+01,3.276533032383849076e+00,9.877963940636881546e+00,9.814221664517656762e+00,9.803179863902133917e+00
9.797350315587623371e+00,9.796846701612290431e+00,9.795927511181174552e+00,-1.435969996005416149e+01,-3.920939801278894521e+01,-3.349504906273848093e+01,-1.797934726765103974e+01,4.071284677793625129e+00,9.875947635315190709e+00,9.813993675291765584e+00,9.803094433867855173e+00
9.797369209260423872e+00,9.796881255842823322e+00,9.795990676141911990e+00,-8.918552118744768720e+00,-2.350908451307915925e+01,-2.009880423328625199e+01,-1.014625782961945077e+01,5.469583150360609380e+00,9.869441636199756118e+00,9.813143811170593978e+00,9.803012304918590658e+00
9.797384721820659337e+00,9.796909616445551805e+00,9.796042511988543922e+00,-1.419440537855164663e+00,-7.836097217096920531e+00,-6.042963357232856936e+00,-1.010146001209200506e+00,7.300543857583788210e+00,9.856537077928292589e+00,9.811619128869281781e+00,9.802696386572151255e+00
9.797421257048201326e+00,9.796976432578150096e+00,9.796164621632680536e+00,4.867574925212107217e+00,2.595884879220905717e+00,3.310844255896863597e+00,5.306127487665299292e+00,8.728623288498956967e+00,9.840598898096313718e+00,9.809579460705215581e+00,9.802354931848700659e+00
9.797461847490655629e+00,9.797050690830422681e+00,9.796300402230661675e+00,7.233007841268458193e+00,7.279709154607245658e+00,7.525717006039274182e+00,8.211570306939528052e+00,9.419903128384545354e+00,9.826716513596091218e+00,9.807332259356455140e+00,9.802045822102543937e+00
