5.542534227161394966e+01,5.542510753420252456e+01,5.542467940411715688e+01,5.542390337523480071e+01,6.061610791784627139e+00,1.093083881144600866e+01,2.656195802561865804e+01,5.154252114364533810e+01,5.550649608341472430e+01,5.544031396673520362e+01,5.543055993595518771e+01
5.542518226835937867e+01,5.542481500083263057e+01,5.542414505188376950e+01,5.542293008248148567e+01,2.059331498366916335e+01,1.129796214335408777e+01,2.667111677308900042e+01,5.155287323974266656e+01,5.550598868937451158e+01,5.544022124047438638e+01,5.543052876702957121e+01
5.542518509054508513e+01,5.542482016121131494e+01,5.542415447833172237e+01,5.542294724903803171e+01,2.020968377264505378e+01,1.160750035045392181e+01,2.688215805878746778e+01,5.158621960423351993e+01,5.550608634468378000e+01,5.544023451073174158e+01,5.543053294711613432e+01
5.542518492083389958e+01,5.542481985064868866e+01,5.542415391083478227e+01,5.542294621742392735e+01,2.079486161472297923e+01,1.239642048212045289e+01,2.736557021187263672e+01,5.167812548135722750e+01,5.550643802502642643e+01,5.544028314264544122e+01,5.543054835545083847e+01
5.542518422982665527e+01,5.542481858726942789e+01,5.542415160438544319e+01,5.542294202943527637e+01,2.302345129998598239e+01,1.415526787208321835e+01,2.849044760207230098e+01,5.188798775117708573e+01,5.550622729709247949e+01,5.544020524493512880e+01,5.543051980652676036e+01
5.542518858766380419e+01,5.542482655511521727e+01,5.542416616220194214e+01,5.542296857159415424e+01,2.744308815209618757e+01,1.860484377162175562e+01,3.149171145712485043e+01,5.230415263513784652e+01,5.550415604959016491e+01,5.543998820671465921e+01,5.543044272410286055e+01
5.542519866756390456e+01,5.542484498566492590e+01,5.542419983723962673e+01,5.542302996181006591e+01,3.390111480041554870e+01,2.850056067339931332e+01,3.787755332515965989e+01,5.309931806538820354e+01,5.549678391331050165e+01,5.543926968796267829e+01,5.543040080708880168e+01
5.542520367993731867e+01,5.542485415259591264e+01,5.542421659230154773e+01,5.542306052234258118e+01,4.375028832438071902e+01,4.385358904874848918e+01,4.578066578130578534e+01,5.414364064420303180e+01,5.548337343893537366e+01,5.543790120390963239e+01,5.543011502687990344e+01
5.542523078964389072e+01,5.542490372207406324e+01,5.542430715027967381e+01,5.542322549028619960e+01,5.066056749597971987e+01,5.053406565130247685e+01,5.147428344757685181e+01,5.490288994644437537e+01,5.546714936123584039e+01,5.543573465782714749e+01,5.542968383093726459e+01
5.542527132954926117e+01,5.542497785297400981e+01,5.542444259509849758e+01,5.542347227765586126e+01,5.371101979048793851e+01,5.366319533798628783e+01,5.403989499807326524e+01,5.525049875148351930e+01,5.545374510547934221e+01,5.543383993923158926e+01,5.542926830842339569e+01
5.542531215326275884e+01,5.542505252292838236e+01,5.542457909558186202e+01,5.542372124508382569e+01,5.484165270722014185e+01,5.473985537983837446e+01,5.497693667972279741e+01,5.537318009560556220e+01,5.544379606239836278e+01,5.543206555604771069e+01,5.542898977240194114e+01
