9.797510475019036491e+00,9.797139610540416044e+00,9.796462731633383214e+00,9.795233016530135117e+00,-5.744360020256999633e+01,-4.938753209835445546e+01,-2.620913536892856754e+01,2.559940176499554632e+00,9.875237212751075688e+00,9.814296130039386057e+00,9.803221364801913751e+00
9.797332749042000799e+00,9.796814634839142499e+00,9.795868956485888290e+00,-5.939231492663002854e+01,-5.874788890008168352e+01,-4.950102587543356236e+01,-2.648655194210044783e+01,2.570938206186160535e+00,9.875544223351154116e+00,9.814326205295522243e+00,9.803229556511455556e+00
9.797332808834264384e+00,9.796814703208646335e+00,9.795869049305197862e+00,-5.921438189556521792e+01,-5.841083282236775176e+01,-4.925613690191674721e+01,-2.635740048842424343e+01,2.606388288200661485e+00,9.877430762125571917e+00,9.814459139626238837e+00,9.803271196121864151e+00
9.797328702542024814e+00,9.796807206382817768e+00,9.795855358359563780e+00,-5.817011001472125287e+01,-5.753682637413947987e+01,-4.863470018064219147e+01,-2.573404879524937527e+01,2.691440298686196719e+00,9.877921542568778079e+00,9.814331990682950035e+00,9.803230449608669517e+00
9.797333430129967269e+00,9.796815876591658423e+00,9.795871215980726632e+00,-5.622033421535172693e+01,-5.524101210314202604e+01,-4.678744428844256475e+01,-2.505244564276203789e+01,2.873318763450968039e+00,9.878757636541202203e+00,9.814349781073298473e+00,9.803229618814402357e+00
9.797338288210790225e+00,9.796824759735537569e+00,9.795887455620938766e+00,-1.811106464197558807e+01,-4.958906813773575806e+01,-4.249226567070627425e+01,-2.282389064947978596e+01,3.248760623267809233e+00,9.878048194727357512e+00,9.814301874701751416e+00,9.803208369368807240e+00
9.797345040589096499e+00,9.796837108527521210e+00,9.795910032352624697e+00,-1.434033249604633475e+01,-4.006793476972172385e+01,-3.423493522367649433e+01,-1.875776484087943885e+01,4.021556390692797578e+00,9.876337718915772612e+00,9.814120028095354442e+00,9.803136955853847923e+00
9.797362872337052053e+00,9.796869709169445883e+00,9.795969615065464708e+00,-9.226900139489499608e+00,-2.497009132168280487e+01,-2.116720852771614858e+01,-1.071848542108214630e+01,5.383213997719437316e+00,9.869367495187644224e+00,9.813316564814977383e+00,9.803078598276632860e+00
9.797370800185593254e+00,9.796884216121791056e+00,9.795996144931166327e+00,-1.507265267021519861e+00,-8.647219586631694099e+00,-6.849569126352527348e+00,-1.546553046069630177e+00,7.202255136221086929e+00,9.856656838353348604e+00,9.811878591306047781e+00,9.802797668202433812e+00
9.797401531220186754e+00,9.796940409905401381e+00,9.796098833195420852e+00,4.728975086490771140e+00,2.140685745774179694e+00,2.902907730997374536e+00,5.042339522966667431e+00,8.665653576741044972e+00,9.840872422795460039e+00,9.809665418191231723e+00,9.802400037118321308e+00
9.797447577295738341e+00,9.797024645003268972e+00,9.796252841041912518e+00,7.058869285154138140e+00,7.104402858355539863e+00,7.369576703565991593e+00,8.112149481336683010e+00,9.393510814907363837e+00,9.826903935553650271e+00,9.807388896360597741e+00,9.801884346442450990e+00
