9.797483237167288195e+00,9.797089704398702636e+00,9.796371406473562971e+00,9.795066209735363572e+00,-1.153896382958436284e+01,-2.683474679273371777e+01,-1.520909083327598843e+01,3.864578033361661724e+00,9.869704710956645144e+00,9.814094130691074724e+00,9.803197489349033233e+00
9.797305494774542822e+00,9.796764658561979644e+00,9.795777422482910168e+00,-2.837666341756882105e+01,-3.332566872640499156e+01,-2.840447227379791784e+01,-1.490678721142614371e+01,3.877178097874165896e+00,9.869271937320531762e+00,9.814022653802286555e+00,9.803175340609353583e+00
9.797307508883513094e+00,9.796768350676776649e+00,9.795784180254356599e+00,-2.923777028148696289e+01,-3.322019938526983651e+01,-2.832553040216012263e+01,-1.489916144823101796e+01,3.900352479332652500e+00,9.869734754590309578e+00,9.814220088141059506e+00,9.803243140110525999e+00
9.797296360944958593e+00,9.796747961508380342e+00,9.795746911109732835e+00,-2.891055389635373984e+01,-3.294799863462765899e+01,-2.812067377535290547e+01,-1.485368669779536965e+01,3.959543981429304083e+00,9.869956134316570484e+00,9.814306366219208044e+00,9.803272588845699076e+00
9.797291652465021983e+00,9.796739361579774652e+00,9.795731198734975109e+00,-2.749504685990136466e+01,-3.223588077842467925e+01,-2.755112603434912799e+01,-1.462980253369657468e+01,4.088479144449412850e+00,9.870140804266037904e+00,9.814279447775700049e+00,9.803261086915817657e+00
9.797295075455963342e+00,9.796745625287925918e+00,9.795742647075917020e+00,-3.184631658557249523e+01,-3.038004967466952522e+01,-2.598166990632104856e+01,-1.390647049885545172e+01,4.380881817442739745e+00,9.869581522932257656e+00,9.813997926128195104e+00,9.803163476854942715e+00
9.797311736861777476e+00,9.796776093460890067e+00,9.795798327771244374e+00,-9.510620882024991118e+00,-2.580737408996742488e+01,-2.207971334523325524e+01,-1.157642715146837276e+01,4.944240004038668701e+00,9.867649236519302036e+00,9.813798454046423814e+00,9.803089587073360534e+00
9.797327543711613629e+00,9.796805004405452877e+00,9.795851176397254889e+00,-5.008507960592696762e+00,-1.696359858868929393e+01,-1.435865490874273931e+01,-6.612035478790006415e+00,5.946189553371416636e+00,9.862745648281110888e+00,9.813115212116322539e+00,9.803058086076980260e+00
9.797338976823041889e+00,9.796825924848761247e+00,9.795889444493166565e+00,2.299899672393213024e-01,-5.704921807566151415e+00,-4.276090191174260369e+00,3.219387595645795130e-02,7.375666854917103166e+00,9.853087972609520406e+00,9.811713745891744054e+00,9.802773178482567573e+00
9.797380274308396864e+00,9.796901453859158337e+00,9.796027504987733892e+00,5.241961394148450637e+00,3.008122131881593386e+00,3.622854976265443394e+00,5.464774034275815318e+00,8.676474955011558521e+00,9.839493234813376787e+00,9.809728093943220983e+00,9.802447003310209794e+00
9.797425097730391386e+00,9.796983451838622514e+00,9.796177452361066074e+00,8.085453503887622517e+00,7.338151350279172647e+00,7.558727039128449121e+00,8.217011623387758590e+00,9.384375082175006710e+00,9.826649740810127653e+00,9.807623394516772564e+00,9.802000779937886321e+00
