9.797496385215948678e+00,9.797114252666599299e+00,9.796416863211986126e+00,9.795150176345659432e+00,-4.926534853397974700e+01,-4.369800870307786766e+01,-2.453918346028684638e+01,2.547045655231008343e+00,9.874650850213953390e+00,9.814254173921852953e+00,9.803211437816827356e+00
9.797331708292439600e+00,9.796813062902804958e+00,9.795866432881679131e+00,-4.740281418831614246e+01,-4.848200089462900308e+01,-4.390356383167112142e+01,-2.432192172330237412e+01,2.563782599838550613e+00,9.874721991920639041e+00,9.814259668451136065e+00,9.803212792885840798e+00
9.797331824508727749e+00,9.796813257653061768e+00,9.795866776068004711e+00,-5.252347629036476917e+01,-5.098725750948512569e+01,-4.382558489569083804e+01,-2.420081200625114448e+01,2.599115324376993108e+00,9.876438768539253843e+00,9.814375622729670567e+00,9.803249633943929453e+00
9.797327786257820748e+00,9.796805870980334063e+00,9.795853271127409556e+00,-5.050559716261622611e+01,-5.065615353664343701e+01,-4.359568659090967913e+01,-2.433212751735854340e+01,2.680572586151792613e+00,9.877231219369704718e+00,9.814534806480608609e+00,9.803300633946825826e+00
9.797321910004239243e+00,9.796795133071816153e+00,9.795833655201249712e+00,-5.174157502698773214e+01,-4.984214888760794793e+01,-4.296577921498757746e+01,-2.417621975613139895e+01,2.872601862592253141e+00,9.878092053119789995e+00,9.814346724218903972e+00,9.803234413839053474e+00
9.797333902495974911e+00,9.796817074527631064e+00,9.795873760517530116e+00,-1.734755754454213417e+01,-4.762421252465855304e+01,-4.117346205771291068e+01,-2.313560892626513876e+01,3.242126533199404470e+00,9.878166288161693842e+00,9.814369613594200459e+00,9.803232117653893241e+00
9.797341206012585957e+00,9.796830439314902605e+00,9.795898204093777650e+00,-1.453053747086057967e+01,-4.212167262212567209e+01,-3.654646815166189810e+01,-2.048609281384868197e+01,3.934585055849816548e+00,9.876872896629850018e+00,9.814035533647526677e+00,9.803111731264042561e+00
9.797364838523971997e+00,9.796873659478343654e+00,9.795977201787307465e+00,-1.027519243860253262e+01,-3.081528473477411367e+01,-2.655304444390847607e+01,-1.420863184262342571e+01,5.118130710620923729e+00,9.872187131452292874e+00,9.813464851442612158e+00,9.803117992906402733e+00
9.797374022735409582e+00,9.796890467901341992e+00,9.796007958406079297e+00,-3.894034170516658122e+00,-1.462127925270261208e+01,-1.220799913562031946e+01,-4.950767174703296192e+00,6.796037337748369822e+00,9.861664052077196985e+00,9.812167181438123720e+00,9.802878085270659625e+00
9.797407234505854490e+00,9.796951216472679747e+00,9.796118997511092275e+00,-1.477998468155412581e+00,-1.318469075838242688e+00,-1.713201719621295638e-01,3.068478384103483947e+00,8.364708384839360633e+00,9.846541990035165171e+00,9.810288035248376559e+00,9.802410321055530673e+00
9.797463104548079116e+00,9.797053409383336131e+00,9.796305782521372407e+00,9.794948007590869921e+00,5.768411916666407180e+00,6.132798692641513227e+00,7.309821642222583904e+00,9.260445747345661616e+00,9.831772092383010531e+00,9.808103991577814540e+00,9.802159014906438372e+00
