5.542533817682609509e+01,5.542510015333645867e+01,5.542466604726882906e+01,5.542387927695516225e+01,1.972039431634919282e+01,6.907654090304200523e+00,2.885149426714612275e+01,5.156534136922639533e+01,5.550568808056426917e+01,5.544015339479039994e+01,5.543050523128391660e+01
5.542518788714848910e+01,5.542482536790259218e+01,5.542416408843780573e+01,5.542296485771982617e+01,2.055198379114991170e+01,7.119058961949280118e+00,2.884351560548692106e+01,5.157539793853328547e+01,5.550545936633396593e+01,5.544011341499767553e+01,5.543049190340038734e+01
5.542518901217502503e+01,5.542482742611170465e+01,5.542416784887444692e+01,5.542297170523905692e+01,2.050926452308474879e+01,7.310278844399483944e+00,2.896137825310765734e+01,5.161062783680598898e+01,5.550598597167090986e+01,5.544020447080663416e+01,5.543052219664921410e+01
5.542518650325128249e+01,5.542482283801664522e+01,5.542415946770216806e+01,5.542295644521229292e+01,2.105755734016763370e+01,8.275596379363513222e+00,2.943642017647874098e+01,5.170228779355507243e+01,5.550636535424855822e+01,5.544025752109241978e+01,5.543053904814109956e+01
5.542518571083091672e+01,5.542482138784650658e+01,5.542415681888817147e+01,5.542295163271335667e+01,2.325388945850416889e+01,1.054824124357336146e+01,3.036780903245954022e+01,5.191121524182968017e+01,5.550631776476686241e+01,5.544020134249380760e+01,5.543051731741047661e+01
5.542518981694622227e+01,5.542482889705158300e+01,5.542417054093625950e+01,5.542297666099879905e+01,2.691460371616193115e+01,1.576628719731684924e+01,3.273156200622081968e+01,5.229704744994460697e+01,5.550485553064812905e+01,5.544008297307793498e+01,5.543047254105725585e+01
5.542519762442915976e+01,5.542484317322920617e+01,5.542419663035938981e+01,5.542302425494287377e+01,3.293786362234482112e+01,2.575064578577860530e+01,3.765973878558985177e+01,5.302529123643199682e+01,5.549832643181066771e+01,5.543929203712058040e+01,5.543040597105758849e+01
5.542520534994156378e+01,5.542485730021554957e+01,5.542422244509199913e+01,5.542307131781251428e+01,4.278640094764795521e+01,3.806679343922715475e+01,4.458586913533588358e+01,5.403867389795525611e+01,5.548563366328384916e+01,5.543809137466241310e+01,5.543018087055342846e+01
5.542522791470268828e+01,5.542489856053019537e+01,5.542429782905951186e+01,5.542320867589672417e+01,4.984582896371487948e+01,4.769657355699719403e+01,5.052256582037149713e+01,5.483969927759402196e+01,5.547013101780811439e+01,5.543611996216062465e+01,5.542983038906228188e+01
5.542526479886419821e+01,5.542496601197921535e+01,5.542442108522865141e+01,5.542343334203350480e+01,5.322643060799139647e+01,5.261112239994749018e+01,5.362899719549530175e+01,5.522303430164143379e+01,5.545640955920463711e+01,5.543405402602405729e+01,5.542935417316036961e+01
5.542531177878690585e+01,5.542505193185670009e+01,5.542457810815679409e+01,5.542371959278861482e+01,5.463842479222127935e+01,5.449090994546284605e+01,5.482854601018934204e+01,5.536034176547173047e+01,5.544512091825656341e+01,5.543226322759084468e+01,5.542908775242788977e+01
