5.542533915057246929e+01,5.542510180377796303e+01,5.542466888861139296e+01,5.542388403588471846e+01,1.718643882556425240e+01,1.121119584150545023e+01,2.653351098537790875e+01,5.347965968588322028e+01,5.550815326072110167e+01,5.543954845860814373e+01,5.543041146618545412e+01
5.542526854070649733e+01,5.542497276256479211e+01,5.542443349262816099e+01,5.542345711549784681e+01,7.329879604243684454e+00,1.141441709144741345e+01,2.642610160377810047e+01,5.342140663429124459e+01,5.550807299646713489e+01,5.543956562320576609e+01,5.543041947432543282e+01
5.542526631571419671e+01,5.542496869348202893e+01,5.542442605357081220e+01,5.542344353035880999e+01,8.099467168467313627e+00,1.159276849315581259e+01,2.658655187083243732e+01,5.343708846080943431e+01,5.550788472039178600e+01,5.543953071809883681e+01,5.543040726095645709e+01
5.542526739410406122e+01,5.542497066502167513e+01,5.542442965434962332e+01,5.542345008562241304e+01,8.989516869395963283e+00,1.241002062667369721e+01,2.706118427898682910e+01,5.344310771094660595e+01,5.550688348438973208e+01,5.543960852499679248e+01,5.543043534996364485e+01
5.542526425916338439e+01,5.542496493321391426e+01,5.542441918314880667e+01,5.542343100588571758e+01,1.197566114659905345e+01,1.470264920293865885e+01,2.846771997761122464e+01,5.188444828351808269e+01,5.550649326826288643e+01,5.544024225594995414e+01,5.543053155719414349e+01
5.542518802444013204e+01,5.542482550722255041e+01,5.542416423132305425e+01,5.542296504971204740e+01,2.679121267374700466e+01,2.004377893915448894e+01,3.222645532890368258e+01,5.230010671374985520e+01,5.550411120889334171e+01,5.543998283998209331e+01,5.543044109055327340e+01
5.542519866613181279e+01,5.542484496456299325e+01,5.542419977947680820e+01,5.542302983543717687e+01,3.389874776889055852e+01,3.041489019473357658e+01,3.878828481781100379e+01,5.309385777580121157e+01,5.549668716417684067e+01,5.543925668408676444e+01,5.543039660002604307e+01
5.542520377076841953e+01,5.542485429992117929e+01,5.542421684142804139e+01,5.542306095091167606e+01,4.375978795023031864e+01,4.387765678814589165e+01,4.649232999581526826e+01,5.413721814789087716e+01,5.548319927155825582e+01,5.543787509332256036e+01,5.543010619158972219e+01
5.542523100531985847e+01,5.542490409711687960e+01,5.542430781379810867e+01,5.542322666540438547e+01,5.067351686084330709e+01,5.056512923946348792e+01,5.176044398990863726e+01,5.489652196283677199e+01,5.546710776360177420e+01,5.543574660056647474e+01,5.542969022948746272e+01
5.542526953148497171e+01,5.542497454609980423e+01,5.542443653210153798e+01,5.542346119312449559e+01,5.372663395285283627e+01,5.369155030457489630e+01,5.414343029123538997e+01,5.524834138135372541e+01,5.545396872026589108e+01,5.543393172496921295e+01,5.542931118459482320e+01
5.542530678415663203e+01,5.542504268914760246e+01,5.542456111751238268e+01,5.542368848366945144e+01,5.485071558676497716e+01,5.481012900892596207e+01,5.501121850883548348e+01,5.536796197691477062e+01,5.544330317719759904e+01,5.543197554471415600e+01,5.542895109347102789e+01
