9.797500687350108706e+00,9.797121666916270399e+00,9.796429898427271965e+00,9.795173146897232286e+00,-3.844455831040347960e+01,-3.673035619708819866e+01,-2.205284549575878472e+01,2.546250676154260262e+00,9.876169938510340529e+00,9.814220597968903448e+00,9.803195407311093845e+00
9.797336939036132009e+00,9.796822228530627896e+00,9.795882758672840751e+00,-3.821988112197803389e+01,-4.397861376117669607e+01,-3.788206647185776887e+01,-2.120114418764815412e+01,2.558877827639824076e+00,9.875200450110661166e+00,9.814130542451232841e+00,9.803171179524129641e+00
9.797336351613937566e+00,9.796821150681690682e+00,9.795880780853199354e+00,-3.933038795236915064e+01,-4.382551694512249441e+01,-3.776644472599002000e+01,-2.118712248960164501e+01,2.593396762823014789e+00,9.876720093114226273e+00,9.814411139198766065e+00,9.803259974180464908e+00
9.797326904052505725e+00,9.796803867260512888e+00,9.795849192863386179e+00,-3.896465944286359928e+01,-4.342945866281329614e+01,-3.747011808427640744e+01,-2.115587910326351917e+01,2.674400300144331055e+00,9.877298860751670517e+00,9.814523597379210429e+00,9.803295829553803742e+00
9.797322912025085984e+00,9.796796586118231787e+00,9.795835903391555632e+00,-3.793295747821031227e+01,-4.237221599036780617e+01,-3.662174592138141804e+01,-2.086522648345980713e+01,2.884267952763357457e+00,9.877419132286272330e+00,9.814503317124776416e+00,9.803287365562070477e+00
9.797325323459144641e+00,9.796801000175287655e+00,9.795843973234825697e+00,-3.643569178487158666e+01,-3.961426103502203233e+01,-3.432525362633418098e+01,-1.952957786538780027e+01,3.329403904755363186e+00,9.877442459621533999e+00,9.814308175134103251e+00,9.803216033739053259e+00
9.797339979552770473e+00,9.796827805187536597e+00,9.795892967936909557e+00,-1.413472135652398620e+01,-3.178350378900856299e+01,-2.904471326058227021e+01,-1.661157685322258715e+01,4.150946651716276747e+00,9.875622318236654706e+00,9.814077460876205805e+00,9.803127960810259722e+00
9.797360467693208008e+00,9.796865272409478465e+00,9.795961455704709664e+00,-9.009751621987275527e+00,-2.197541152039212164e+01,-1.890181948277231072e+01,-9.752523927163419870e+00,5.494685000517987916e+00,9.868697960086107557e+00,9.813264219852440462e+00,9.803065384058443854e+00
9.797369176004005809e+00,9.796881205030542716e+00,9.795990586629885755e+00,-1.489545252406898612e+00,-7.956315318267057179e+00,-6.311712900046060781e+00,-1.364397270436476184e+00,7.220696318894884058e+00,9.856666460701681842e+00,9.811927367172287973e+00,9.802816854740182606e+00
9.797397646740350297e+00,9.796933276380299205e+00,9.796085758135866683e+00,4.594882495161422220e+00,2.184574552802980740e+00,2.912779888201159739e+00,4.972915298785049565e+00,8.640979579268835309e+00,9.841379918260150461e+00,9.809796226977915978e+00,9.802449217335986731e+00
9.797442180254448019e+00,9.797014737032903042e+00,9.796234691874872169e+00,7.136041538531188166e+00,7.089851840265687599e+00,7.333693946422254584e+00,8.062530190337579228e+00,9.376294139172829389e+00,9.827627186033831563e+00,9.807609967819912455e+00,9.801975422541975291e+00
