1.385623453272413030e+01,1.385609245534988077e+01,1.385583364931853190e+01,1.385536641415551884e+01,1.385454729047646438e+01,-2.913739929185726751e+01,-4.523442720214117863e+00,1.365783860582610032e+01,1.390928504079492711e+01,1.386714827585388932e+01,1.386060232453976226e+01
1.385612825364222545e+01,1.385589815228255972e+01,1.385547879569307028e+01,1.385472047766211467e+01,-3.937696931470689066e+01,-3.048506954467396213e+01,-4.453784437282752862e+00,1.365538637398720567e+01,1.390883762921326650e+01,1.386705999376833631e+01,1.386056809072366036e+01
1.385613034930410414e+01,1.385590198469591172e+01,1.385548579547872805e+01,1.385473321025547833e+01,1.385340659871486935e+01,-2.834960772906332593e+01,-4.181177861295189757e+00,1.365852586960272319e+01,1.390835561176409207e+01,1.386696242100132004e+01,1.386053001249183936e+01
1.385613285351767843e+01,1.385590656346019856e+01,1.385549415516817362e+01,1.385474840786957529e+01,1.385343385185760212e+01,-2.702316803467985551e+01,-3.692670463578922480e+00,1.366657337154752483e+01,1.390813237124962853e+01,1.386713672903608341e+01,1.386059784294188724e+01
1.385612853933695732e+01,1.385589867665956376e+01,1.385547975668610121e+01,1.385472223461540509e+01,-3.343513730341882706e+01,-2.571524271087928781e+01,-2.780974966196258613e+00,1.368378735143733671e+01,1.390784221778709373e+01,1.386706212053160669e+01,1.386056746591556710e+01
1.385613149550117740e+01,1.385590407883407238e+01,1.385548961837503157e+01,1.385474017704972738e+01,1.385341925144614095e+01,-1.136945142422245425e+00,-1.130866073625593771e-01,1.372377179358529986e+01,1.390543300743829569e+01,1.386675675995994261e+01,1.386044603466032932e+01
1.385614123166804035e+01,1.385592187888539684e+01,1.385552212336822109e+01,1.385479932388008883e+01,1.385352565868031860e+01,-7.760738587944207012e+00,3.525527448333962255e+00,1.375717687405541234e+01,1.390103391089115448e+01,1.386624246911586056e+01,1.386043959777128265e+01
1.385614255753589497e+01,1.385592430437163003e+01,1.385552655919608611e+01,1.385480742788870501e+01,1.385354040840290679e+01,7.117061010342733418e+00,8.302814984105893359e+00,1.381800735845545169e+01,1.389293151888773181e+01,1.386521667129393620e+01,1.386020542037427106e+01
1.385616141263450629e+01,1.385595877761070582e+01,1.385558952008826061e+01,1.385492202505821879e+01,1.385374668745763493e+01,1.082555487340141553e+01,1.159231570761893693e+01,1.385175384028275047e+01,1.388278948286397352e+01,1.386363834808560291e+01,1.385987762788584199e+01
1.385618703649262073e+01,1.385600562779075595e+01,1.385567509150367727e+01,1.385507778718782035e+01,1.385402704685029818e+01,1.227914803750525330e+01,1.302923936651521863e+01,1.386300299681691683e+01,1.387413501343698918e+01,1.386222963054425961e+01,1.385954025644363874e+01
1.385621467973532006e+01,1.385605618023154229e+01,1.385576745708593904e+01,1.385524603793449572e+01,1.385433039070754901e+01,1.344472375925992402e+01,1.358774259896372527e+01,1.386394920935691033e+01,1.386719403675052220e+01,1.386100313842559117e+01,1.385938938685825406e+01
