1.385623424602203357e+01,1.385609207143568256e+01,1.385583308918399581e+01,1.385536552843490554e+01,1.385454577837818846e+01,-2.912114357551654109e+01,-4.329705357920119013e+00,1.366043748194280383e+01,1.390927912705674530e+01,1.386714475581061734e+01,1.386060080424816476e+01
1.385612862554980218e+01,1.385589896227934403e+01,1.385548041134720876e+01,1.385472355614153273e+01,-3.962405241683336499e+01,-3.078224112587348316e+01,-4.210135894102112530e+00,1.365644989655974051e+01,1.390879044678492171e+01,1.386704940818428078e+01,1.386056391795134068e+01
1.385613081148571268e+01,1.385590295888897927e+01,1.385548770958845211e+01,1.385473682674106222e+01,1.385341319549884886e+01,-2.838051440683460669e+01,-4.084860309893753261e+00,1.366022453292404215e+01,1.390847610514480337e+01,1.386698505419070315e+01,1.386053874053428991e+01
1.385613251393005996e+01,1.385590607132467511e+01,1.385549339198216678e+01,1.385474715755260178e+01,1.385343172685759860e+01,-2.752895865671335685e+01,-3.599704410111487896e+00,1.366791444307606262e+01,1.390807899388165048e+01,1.386712452896288461e+01,1.386059302003462967e+01
1.385612904886698615e+01,1.385589973197244618e+01,1.385548181380156763e+01,1.385472610442697672e+01,-3.502260886674103801e+01,-2.717803011271232450e+01,-2.935853164588058561e+00,1.368689486729315696e+01,1.390781156020570641e+01,1.386705279403429003e+01,1.386056361238603785e+01
1.385613205945367810e+01,1.385590523275875441e+01,1.385549185512772397e+01,1.385474437675774162e+01,1.385342690549953915e+01,-1.079102612904224934e+00,-1.267408735288455546e+00,1.371952690750768511e+01,1.390586430601322121e+01,1.386684846458460285e+01,1.386048190879952458e+01
1.385613895190727796e+01,1.385591783574782099e+01,1.385551487168051921e+01,1.385478626579928019e+01,1.385350231423743672e+01,2.255422488043927309e+00,2.358252091161466169e+00,1.377380867108318618e+01,1.390168505176455227e+01,1.386635373164940788e+01,1.386048241060843367e+01
1.385614209161850496e+01,1.385592357974200439e+01,1.385552537951151564e+01,1.385480548867013795e+01,1.385353747741476127e+01,-1.407736977820309043e+00,6.845914672806744150e+00,1.381495456420231882e+01,1.389422114963016774e+01,1.386529574068603132e+01,1.386023881263275115e+01
1.385615996123301130e+01,1.385595625703442124e+01,1.385558505578705280e+01,1.385491405298855838e+01,1.385373257120132706e+01,7.366054360748547580e+00,1.072092164236434364e+01,1.385092555289893035e+01,1.388463086119159584e+01,1.386391810321854834e+01,1.386001128576889485e+01
1.385617922076082920e+01,1.385599147345808291e+01,1.385564938827827675e+01,1.385503120611890893e+01,1.385394372040489941e+01,1.157843489378049462e+01,1.271029148060911140e+01,1.386690470009056142e+01,1.387579001208274221e+01,1.386252475189380817e+01,1.385969539497405201e+01
1.385620823218301467e+01,1.385604453140449621e+01,1.385574633596425898e+01,1.385520784740933564e+01,1.385426255764767944e+01,1.310974789411673314e+01,1.347538928777512979e+01,1.386641311295157664e+01,1.386900882820641456e+01,1.386132778806561028e+01,1.385939581722218961e+01
