9.797505869827334735e+00,9.797131384448052316e+00,9.796447920831594658e+00,9.795206369391557644e+00,-5.585062743561613985e+01,-4.795394391750374297e+01,-2.610124793025665468e+01,2.557070097216509907e+00,9.875424962169159215e+00,9.814334477592645101e+00,9.803233695653732482e+00
9.797331476994727950e+00,9.796812463819962957e+00,9.795865154862696045e+00,-5.737167738143620710e+01,-5.586557000907643555e+01,-4.766168112069855312e+01,-2.600840927349561227e+01,2.570628053924170153e+00,9.875627502110853939e+00,9.814299332954252719e+00,9.803219080515187756e+00
9.797335602628491458e+00,9.796819997351875031e+00,9.795878918634887356e+00,-5.701833489464270599e+01,-5.556095211002327261e+01,-4.783449950180018817e+01,-2.591773017928489153e+01,2.607962514258711284e+00,9.877264805052423213e+00,9.814434954823143542e+00,9.803263909295260703e+00
9.797329416487153608e+00,9.796808688080259842e+00,9.795858248168231697e+00,-5.756876417898162401e+01,-5.568967915806764069e+01,-4.732440451052210761e+01,-2.571394271177650737e+01,2.689379631650003155e+00,9.877828401168562422e+00,9.814548084426284902e+00,9.803300142098420267e+00
9.797325254455369503e+00,9.796801087571324729e+00,9.795844366374302226e+00,-5.591713539842948677e+01,-5.402637109436536633e+01,-4.599869850886356204e+01,-2.515572510448276233e+01,2.880779730875023148e+00,9.878455075407860164e+00,9.814558111670837803e+00,9.803298231430927601e+00
9.797329220132327876e+00,9.796808349104436431e+00,9.795857648862993372e+00,-1.810752643169524134e+01,-4.953082852554950222e+01,-4.270248264700162366e+01,-2.365650055445832578e+01,3.252689508168519872e+00,9.878619239169303512e+00,9.814390095838525951e+00,9.803235536735115829e+00
9.797342917248872851e+00,9.796833397065656257e+00,9.795903429980413080e+00,-1.496993944367165774e+01,-4.159503480728351121e+01,-3.584348667455203241e+01,-1.967644143427524384e+01,3.974921143178409721e+00,9.876348681023447540e+00,9.814008299906546995e+00,9.803106469979208981e+00
9.797362711428862170e+00,9.796869591023719792e+00,9.795969573641015060e+00,-9.504891662386457440e+00,-2.788292338234917622e+01,-2.395098358272910488e+01,-1.250398579715864500e+01,5.266792583883921353e+00,9.870419986101234500e+00,9.813310104054155047e+00,9.803076511255126135e+00
9.797371198250614199e+00,9.796885114806503481e+00,9.795997960835755691e+00,-2.380047221461721207e+00,-1.145193826463972897e+01,-9.394794013395600274e+00,-3.133388061054474427e+00,7.023915242087531041e+00,9.858454531483653582e+00,9.812016260032311976e+00,9.802842888305089986e+00
9.797398458914157615e+00,9.796934973087031651e+00,9.796089086136397839e+00,4.108692346832803821e+00,5.711648528904120781e-01,1.514862512816667284e+00,4.155488990196525734e+00,8.535519103628791626e+00,9.843286007351929712e+00,9.809988702198335631e+00,9.802517113899062551e+00
9.797438372070235602e+00,9.797007997032441295e+00,9.796222610721406099e+00,6.428803057270916277e+00,6.484200800769126971e+00,6.816449129691076081e+00,7.749499250147406038e+00,9.337305408746662039e+00,9.828976354778946600e+00,9.807668862171803781e+00,9.801990868058689799e+00
