5.542534227161387150e+01,5.542510753420244640e+01,5.542467940411709293e+01,5.542390337523477228e+01,6.061610791788110575e+00,1.093083881144598735e+01,2.656195802561862962e+01,5.154252114365014847e+01,5.550649608343005070e+01,5.544031396678384738e+01,5.543055993610916232e+01
5.542518226835929340e+01,5.542481500083255241e+01,5.542414505188370555e+01,5.542293008248145014e+01,2.059331498366482194e+01,1.129796214336277416e+01,2.667111677309214457e+01,5.155287323974759062e+01,5.550598868938982378e+01,5.544022124052297329e+01,5.543052876718336108e+01
5.542518509054499987e+01,5.542482016121123678e+01,5.542415447833165842e+01,5.542294724903800329e+01,2.020968377263713123e+01,1.160750035046082651e+01,2.688215805879091391e+01,5.158621960423842978e+01,5.550608634469907798e+01,5.544023451078027875e+01,5.543053294726974656e+01
5.542518492083382142e+01,5.542481985064861760e+01,5.542415391083471832e+01,5.542294621742388472e+01,2.079486161471753647e+01,1.239642048212676428e+01,2.736557021187653760e+01,5.167812548136209472e+01,5.550643802504170310e+01,5.544028314269391444e+01,5.543054835560427307e+01
5.542518422982657000e+01,5.542481858726934263e+01,5.542415160438537214e+01,5.542294202943524084e+01,2.302345129998327877e+01,1.415526787208845505e+01,2.849044760207559079e+01,5.188798775118195294e+01,5.550622729710772774e+01,5.544020524498354519e+01,5.543051980668001022e+01
5.542518858766371181e+01,5.542482655511514622e+01,5.542416616220187819e+01,5.542296857159411871e+01,2.744308815209479491e+01,1.860484377162453740e+01,3.149171145712659836e+01,5.230415263514271373e+01,5.550415604960541316e+01,5.543998820676303296e+01,5.543044272425593988e+01
5.542519866756381930e+01,5.542484498566484774e+01,5.542419983723955568e+01,5.542302996181003039e+01,3.390111480041474579e+01,2.850056067340180022e+01,3.787755332516051254e+01,5.309931806539307786e+01,5.549678391332572858e+01,5.543926968801099520e+01,5.543040080724173180e+01
5.542520367993723340e+01,5.542485415259584158e+01,5.542421659230147668e+01,5.542306052234255276e+01,4.375028832438030690e+01,4.385358904874794206e+01,4.578066578130898279e+01,5.414364064420813349e+01,5.548337343895059348e+01,5.543790120395790666e+01,5.543011502703269855e+01
5.542523078964380545e+01,5.542490372207398508e+01,5.542430715027960986e+01,5.542322549028616407e+01,5.066056749597881037e+01,5.053406565130090655e+01,5.147428344758186824e+01,5.490288994644969023e+01,5.546714936125107442e+01,5.543573465787540044e+01,5.542968383108993891e+01
5.542527132954917590e+01,5.542497785297393875e+01,5.542444259509842652e+01,5.542347227765581863e+01,5.371101979048672348e+01,5.366319533798422015e+01,5.403989499807590846e+01,5.525049875148881995e+01,5.545374510549459046e+01,5.543383993927980669e+01,5.542926830857599896e+01
5.542531215326268068e+01,5.542505252292829709e+01,5.542457909558179097e+01,5.542372124508379017e+01,5.484165270721900498e+01,5.473985537983895711e+01,5.497693667972440323e+01,5.537318009561040810e+01,5.544379606241357550e+01,5.543206555609590680e+01,5.542898977255446624e+01
