5.542535418828288130e+01,5.542512933302911904e+01,5.542471924605514744e+01,5.542397602901759512e+01,5.542265627721833710e+01,1.950999987607729480e+01,2.639380622981218849e+01,5.359787580272433161e+01,5.550782406643853051e+01,5.543967286515008652e+01,5.543045081366275895e+01
5.542526827763020947e+01,5.542497231526109402e+01,5.542443272344105765e+01,5.542345583555059818e+01,7.970126294068649031e+00,1.124180110771779439e+01,2.638321433867176324e+01,5.355779651194632152e+01,5.550808811560882816e+01,5.543973013673463868e+01,5.543026765095631703e+01
5.542528124520015353e+01,5.542499602396117098e+01,5.542447601095473431e+01,5.542353454852558059e+01,8.748062102778137117e+00,1.129287396933360554e+01,2.643393615024262999e+01,5.159855483936196663e+01,5.550680831022648221e+01,5.544035390340096114e+01,5.543057234166076341e+01
5.542518192994853621e+01,5.542481439401221621e+01,5.542414395780065917e+01,5.542292811723989132e+01,2.196483881069806543e+01,5.271984616620475350e+00,2.622871445164968662e+01,5.169708121466202044e+01,5.550669149717567308e+01,5.544031153546242763e+01,5.543055684382349568e+01
5.542518428476818571e+01,5.542481870701058710e+01,5.542415184453557231e+01,5.542294250212279394e+01,2.307078786675850068e+01,9.837525410083850730e+00,2.804021453447294476e+01,5.190013260665323003e+01,5.550676315591869781e+01,5.544027757895758413e+01,5.543054261960386953e+01
5.542518768393409090e+01,5.542482492225772717e+01,5.542416320282254105e+01,5.542296322797229635e+01,2.675626984543693609e+01,1.695877670372439638e+01,3.156341165812809635e+01,5.227462562623389886e+01,5.550512543673077914e+01,5.544012803575313342e+01,5.543048736681630828e+01
5.542519643695794684e+01,5.542484092695271158e+01,5.542419244925766719e+01,5.542301656979901736e+01,3.234063484094630780e+01,2.802634744922166021e+01,3.771504859050475744e+01,5.295226329812879840e+01,5.549904985285219539e+01,5.543942416421832320e+01,5.543045190608970074e+01
5.542520142724124810e+01,5.542485005258873798e+01,5.542420912893459928e+01,5.542304700085315972e+01,4.194520832014324441e+01,4.189012320267791978e+01,4.517016133613527984e+01,5.394458411148370658e+01,5.548688497290055466e+01,5.543814793135923935e+01,5.543020320435586257e+01
5.542522460348422442e+01,5.542489242722051301e+01,5.542428653852334719e+01,5.542318800194269102e+01,4.947444490840813103e+01,4.938989163073115662e+01,5.096760179642568289e+01,5.477625882981426031e+01,5.547078397325709176e+01,5.543638386042560029e+01,5.542974228111458501e+01
5.542526644055898544e+01,5.542496892388372487e+01,5.542442628687693684e+01,5.542344255470504777e+01,5.320333728698152953e+01,5.322647293194373930e+01,5.382014475929187824e+01,5.519688049416283349e+01,5.545645244488720493e+01,5.543421230083269080e+01,5.542943627287395714e+01
5.542529554242115353e+01,5.542502215656987374e+01,5.542452361432106045e+01,5.542362012223275514e+01,5.467768948935254514e+01,5.467977726244389203e+01,5.489352618137756679e+01,5.536210159705824196e+01,5.544351157709950684e+01,5.543190946228654781e+01,5.542890233770155817e+01
