5.542533915057249772e+01,5.542510180377799145e+01,5.542466888861140717e+01,5.542388403588469714e+01,1.718643882557172731e+01,1.121119584150384441e+01,2.653351098537584818e+01,5.347965968587661933e+01,5.550815326070065225e+01,5.543954845854342040e+01,5.543041146598078228e+01
5.542526854070653286e+01,5.542497276256482053e+01,5.542443349262817520e+01,5.542345711549782550e+01,7.329879604243400237e+00,1.141441709144673311e+01,2.642610160377608608e+01,5.342140663428479996e+01,5.550807299644671389e+01,5.543956562314110670e+01,5.543041947412093862e+01
5.542526631571422513e+01,5.542496869348205735e+01,5.542442605357083352e+01,5.542344353035878157e+01,8.099467168466036426e+00,1.159276849315549462e+01,2.658655187083030569e+01,5.343708846080292574e+01,5.550788472037137922e+01,5.543953071803422716e+01,5.543040726075213342e+01
5.542526739410409675e+01,5.542497066502170355e+01,5.542442965434963753e+01,5.542345008562238462e+01,8.989516869395115961e+00,1.241002062667329753e+01,2.706118427898471523e+01,5.344310771094012580e+01,5.550688348436933950e+01,5.543960852493224678e+01,5.543043534975950593e+01
5.542526425916341282e+01,5.542496493321394269e+01,5.542441918314882798e+01,5.542343100588568916e+01,1.197566114659837488e+01,1.470264920293821476e+01,2.846771997760912143e+01,5.188444828351165938e+01,5.550649326824250807e+01,5.544024225588547949e+01,5.543053155699021062e+01
5.542518802444016757e+01,5.542482550722257884e+01,5.542416423132306846e+01,5.542296504971201898e+01,2.679121267374811666e+01,2.004377893915257758e+01,3.222645532890175701e+01,5.230010671374340347e+01,5.550411120887299177e+01,5.543998283991766129e+01,5.543044109034952527e+01
5.542519866613184831e+01,5.542484496456302168e+01,5.542419977947682952e+01,5.542302983543714845e+01,3.389874776889146801e+01,3.041489019473110034e+01,3.878828481780885795e+01,5.309385777579480248e+01,5.549668716415651204e+01,5.543925668402239637e+01,5.543039659982247969e+01
5.542520377076846216e+01,5.542485429992120771e+01,5.542421684142806271e+01,5.542306095091164764e+01,4.375978795023050338e+01,4.387765678814592718e+01,4.649232999581292347e+01,5.413721814788443965e+01,5.548319927153793429e+01,5.543787509325824203e+01,5.543010619138630801e+01
5.542523100531988689e+01,5.542490409711690802e+01,5.542430781379812998e+01,5.542322666540435705e+01,5.067351686084342077e+01,5.056512923946340266e+01,5.176044398990647011e+01,5.489652196283033447e+01,5.546710776358148109e+01,5.543574660050219904e+01,5.542969022928417644e+01
5.542526953148501434e+01,5.542497454609983265e+01,5.542443653210155929e+01,5.542346119312446717e+01,5.372663395285283627e+01,5.369155030457456945e+01,5.414343029123334361e+01,5.524834138134730210e+01,5.545396872024559798e+01,5.543393172490496568e+01,5.542931118439162930e+01
5.542530678415667467e+01,5.542504268914764509e+01,5.542456111751239689e+01,5.542368848366942302e+01,5.485071558676492032e+01,5.481012900892532969e+01,5.501121850883349396e+01,5.536796197690836863e+01,5.544330317717731305e+01,5.543197554464994425e+01,5.542895109326791214e+01
