5.542535418828437344e+01,5.542512933303052591e+01,5.542471924605627720e+01,5.542397602901785092e+01,5.542265627721580756e+01,1.950999987975363226e+01,2.639380623381332214e+01,5.359787579747978725e+01,5.550782406596511009e+01,5.543967286383648485e+01,5.543045080953181980e+01
5.542526827763158792e+01,5.542497231526242274e+01,5.542443272344214478e+01,5.542345583555086819e+01,7.970126329670002008e+00,1.124180117174751814e+01,2.638321435830480155e+01,5.355779648202690169e+01,5.550808811483497607e+01,5.543973013538602856e+01,5.543026764682606711e+01
5.542528124520181620e+01,5.542499602396297576e+01,5.542447601095666698e+01,5.542353454852733563e+01,8.748062357814260892e+00,1.129287451431468803e+01,2.643393644542960175e+01,5.159855482744495703e+01,5.550680830969297119e+01,5.544035390208958347e+01,5.543057233755483537e+01
5.542518192994997150e+01,5.542481439401353072e+01,5.542414395780163261e+01,5.542292811723986290e+01,2.196483887218878905e+01,5.271983371739469959e+00,2.622871439275871452e+01,5.169708119495537346e+01,5.550669149654007839e+01,5.544031153414203317e+01,5.543055683972747261e+01
5.542518428476982706e+01,5.542481870701224977e+01,5.542415184453717103e+01,5.542294250212390239e+01,2.307078795310810904e+01,9.837525743615062268e+00,2.804021452670744807e+01,5.190013260081040869e+01,5.550676315541362271e+01,5.544027757765580589e+01,5.543054261552588713e+01
5.542518768393575357e+01,5.542482492225944668e+01,5.542416320282424635e+01,5.542296322797361086e+01,2.675626987077633245e+01,1.695877669392878673e+01,3.156341163948764716e+01,5.227462562418136827e+01,5.550512543629956497e+01,5.544012803446567261e+01,5.543048736275483890e+01
5.542519643695942477e+01,5.542484092695413267e+01,5.542419244925883959e+01,5.542301656979937974e+01,3.234063484649305309e+01,2.802634743062169065e+01,3.771504858372715319e+01,5.295226329726070702e+01,5.549904985243719580e+01,5.543942416293663200e+01,5.543045190204102823e+01
5.542520142724270471e+01,5.542485005259011643e+01,5.542420912893572194e+01,5.542304700085344393e+01,4.194520832166776358e+01,4.189012320524710731e+01,4.517016133658502497e+01,5.394458411139618192e+01,5.548688497249942486e+01,5.543814793008266406e+01,5.543020320031845927e+01
5.542522460348565971e+01,5.542489242722185594e+01,5.542428653852439879e+01,5.542318800194287576e+01,4.947444490827769670e+01,4.938989163049581066e+01,5.096760179657354684e+01,5.477625882962587411e+01,5.547078397285353191e+01,5.543638385915131295e+01,5.542974227708577217e+01
5.542526644056042073e+01,5.542496892388506780e+01,5.542442628687800976e+01,5.542344255470524672e+01,5.320333728699323217e+01,5.322647293195822016e+01,5.382014475934511211e+01,5.519688049399182717e+01,5.545645244448360245e+01,5.543421229956049245e+01,5.542943626885193709e+01
5.542529554242257461e+01,5.542502215657120246e+01,5.542452361432212626e+01,5.542362012223294698e+01,5.467768948935157169e+01,5.467977726244471626e+01,5.489352618135504258e+01,5.536210159689893118e+01,5.544351157669424879e+01,5.543190946101536554e+01,5.542890233368429875e+01
