5.542533817683251129e+01,5.542510015334575257e+01,5.542466604728325308e+01,5.542387927697841121e+01,1.972039591635731881e+01,6.907653670449398930e+00,2.885149358838172162e+01,5.156534134386006940e+01,5.550568807974177332e+01,5.544015339362977102e+01,5.543050522780772837e+01
5.542518788715237577e+01,5.542482536790730308e+01,5.542416408844391640e+01,5.542296485772813242e+01,2.055198391697635429e+01,7.119059013779196476e+00,2.884351489461329265e+01,5.157539791938106077e+01,5.550545936544439485e+01,5.544011341382740454e+01,5.543049189994052028e+01
5.542518901217960092e+01,5.542482742611768742e+01,5.542416784888289527e+01,5.542297170525166905e+01,2.050926451396608741e+01,7.310279264108597630e+00,2.896137754663645936e+01,5.161062781878927552e+01,5.550598597083660479e+01,5.544020446965231486e+01,5.543052219321423735e+01
5.542518650325558838e+01,5.542482283802216614e+01,5.542415946770979218e+01,5.542295644522341291e+01,2.105755730769470802e+01,8.275596870054394927e+00,2.943641955694397438e+01,5.170228777722286395e+01,5.550636535358523815e+01,5.544025751997351392e+01,5.543053904473725879e+01
5.542518571083445522e+01,5.542482138785061352e+01,5.542415681889323764e+01,5.542295163271984393e+01,2.325388943754442650e+01,1.054824213050236281e+01,3.036780860297312756e+01,5.191121522275157929e+01,5.550631776426372710e+01,5.544020134141085521e+01,5.543051731403782867e+01
5.542518981694882996e+01,5.542482889705401305e+01,5.542417054093826323e+01,5.542297666099970854e+01,2.691460373306951226e+01,1.576628927495203314e+01,3.273156195911661825e+01,5.229704742633105496e+01,5.550485553002723549e+01,5.544008297198421076e+01,5.543047253769975669e+01
5.542519762443200193e+01,5.542484317323206255e+01,5.542419663036218935e+01,5.542302425494524698e+01,3.293786364716530812e+01,2.575064949274323212e+01,3.765973900414685005e+01,5.302529121293692782e+01,5.549832643113194308e+01,5.543929203602368005e+01,5.543040596771560047e+01
5.542520534994448411e+01,5.542485730021854806e+01,5.542422244509504026e+01,5.542307131781534224e+01,4.278640097206510973e+01,3.806679629990155433e+01,4.458586900525231300e+01,5.403867398545766321e+01,5.548563366494408911e+01,5.543809137390616115e+01,5.543018086734016947e+01
5.542522791470301513e+01,5.542489856052861796e+01,5.542429782905436753e+01,5.542320867588490785e+01,4.984582883768823081e+01,4.769657300012711687e+01,5.052256574977864290e+01,5.483969932690050086e+01,5.547013101922075862e+01,5.543611996140685960e+01,5.542983038587086497e+01
5.542526479886453217e+01,5.542496601197763795e+01,5.542442108522348576e+01,5.542343334202164584e+01,5.322643056008266171e+01,5.261112207947363117e+01,5.362899718738326271e+01,5.522303433207925139e+01,5.545640956149296130e+01,5.543405402554070349e+01,5.542935417010534138e+01
5.542531177878003490e+01,5.542505193184192080e+01,5.542457810812750552e+01,5.542371959273297932e+01,5.463842475035045254e+01,5.449090984109292890e+01,5.482854600741249129e+01,5.536034176921817362e+01,5.544512091861159320e+01,5.543226322673781681e+01,5.542908774923920845e+01
