1.385623053087987167e+01,1.385608514354733956e+01,1.385582027770187707e+01,1.385534192413072319e+01,1.385450226196082113e+01,-2.846878891432297820e+01,-4.529121686145739289e+00,1.365633965594279431e+01,1.390935673763520697e+01,1.386716440480719825e+01,1.386060879761032538e+01
1.385612773307974877e+01,1.385589721029869636e+01,1.385547708603003869e+01,1.385471737942832604e+01,-3.899067476264863075e+01,-3.026104448073181175e+01,-4.473147959032098164e+00,1.365475502755194981e+01,1.390869725648237498e+01,1.386703210246906792e+01,1.386055728702864442e+01
1.385613103809287949e+01,1.385590325368366571e+01,1.385548812206230629e+01,1.385473744949065633e+01,1.385341420732461160e+01,-2.802374695048323616e+01,-4.211107530566390977e+00,1.365816752344960783e+01,1.390849890354311924e+01,1.386699197905874570e+01,1.386054163395918692e+01
1.385613206465337655e+01,1.385590513110586741e+01,1.385549155036335378e+01,1.385474368339997930e+01,1.385342539038964560e+01,-2.673712873886807628e+01,-3.702857056742768549e+00,1.366595000897238776e+01,1.390803230483301434e+01,1.386711686603945637e+01,1.386059019519961666e+01
1.385612900037457962e+01,1.385589952843382378e+01,1.385548132076760552e+01,1.385472508592012808e+01,-3.326921053520958083e+01,-2.569476413771209877e+01,-2.832847174304480298e+00,1.368401971932680539e+01,1.390781653676763341e+01,1.386705651686413532e+01,1.386056528881423233e+01
1.385613167086993869e+01,1.385590440918028321e+01,1.385549023132991664e+01,1.385474130185106389e+01,1.385342128286402819e+01,-1.180477423096319978e+00,-2.112334060766403177e-01,1.372391800189425659e+01,1.390549953594567434e+01,1.386677023196340564e+01,1.386045127856880654e+01
1.385614093763173571e+01,1.385592135125610724e+01,1.385552117018135299e+01,1.385479760239751457e+01,1.385352259052194768e+01,-8.305066119619933573e+00,3.209874612087562973e+00,1.376004349160612961e+01,1.390128442037908663e+01,1.386628830479391716e+01,1.386045759579064907e+01
1.385614203913026898e+01,1.385592336746820408e+01,1.385552486222637825e+01,1.385480437449487390e+01,1.385353507502476766e+01,6.599601834432656133e+00,7.985969117060449207e+00,1.381531700452580225e+01,1.389372354511509755e+01,1.386518500326323533e+01,1.386019165768699857e+01
1.385616242352356764e+01,1.385596063449503923e+01,1.385559291771113166e+01,1.385492820618324927e+01,1.385375777270201958e+01,1.050562482279526932e+01,1.139639650881327526e+01,1.384724531150418514e+01,1.388351352413720363e+01,1.386385096181682997e+01,1.385998117701384480e+01
1.385617934650997007e+01,1.385599157885380350e+01,1.385564944806318621e+01,1.385503114876144082e+01,1.385394324125324061e+01,1.257878177058621461e+01,1.297555890628983732e+01,1.386155592124494262e+01,1.387443281285751340e+01,1.386232862116936104e+01,1.385959366427504591e+01
1.385621133548307782e+01,1.385605007268425481e+01,1.385575630906289035e+01,1.385522576097991987e+01,1.385429398585896266e+01,1.339637133542422731e+01,1.356241512957161532e+01,1.386186542944953359e+01,1.386747853891996130e+01,1.386096311307189310e+01,1.385936996053681014e+01
