9.797505869804158607e+00,9.797131384425490808e+00,9.796447920810971155e+00,9.795206369377030597e+00,-5.585062743809238128e+01,-4.795394391834278025e+01,-2.610124793044159475e+01,2.557070098102629530e+00,9.875424964921009519e+00,9.814334486341625308e+00,9.803233723300985858e+00
9.797331476971384845e+00,9.796812463797230919e+00,9.795865154841878919e+00,-5.737167738677958795e+01,-5.586557001441300940e+01,-4.766168112174872107e+01,-2.600840927164161442e+01,2.570628054800204509e+00,9.875627504836927528e+00,9.814299341623456741e+00,9.803219107910560837e+00
9.797335602605341975e+00,9.796819997329318852e+00,9.795878918614210562e+00,-5.701833489565443358e+01,-5.556095211340442575e+01,-4.783449950170953002e+01,-2.591773017876610297e+01,2.607962515096367007e+00,9.877264807757354603e+00,9.814434963412779211e+00,9.803263936438497694e+00
9.797329416464195972e+00,9.796808688057890180e+00,9.795858248147721881e+00,-5.756876417680855695e+01,-5.568967915800394053e+01,-4.732440451022490180e+01,-2.571394271145869581e+01,2.689379632474451665e+00,9.877828403848361916e+00,9.814548092937119605e+00,9.803300168993292374e+00
9.797325254432610819e+00,9.796801087549152243e+00,9.795844366353980703e+00,-5.591713539481636275e+01,-5.402637109425199213e+01,-4.599869850865946574e+01,-2.515572510447805854e+01,2.880779731703531521e+00,9.878455078063460348e+00,9.814558120104369010e+00,9.803298258081822425e+00
9.797329220109768144e+00,9.796808349082457568e+00,9.795857648842847709e+00,-1.810752643002300744e+01,-4.953082850642746848e+01,-4.270248265042881997e+01,-2.365650055519993344e+01,3.252689508884223368e+00,9.878619241799896145e+00,9.814390104196627718e+00,9.803235563148367859e+00
9.797342917226524506e+00,9.796833397043881675e+00,9.795903429960455711e+00,-1.496993944202767324e+01,-4.159503479096264300e+01,-3.584348667122898746e+01,-1.967644143361428277e+01,3.974921143930019163e+00,9.876348683632116376e+00,9.814008308193368890e+00,9.803106496167362849e+00
9.797362711406726987e+00,9.796869591002156596e+00,9.795969573621256643e+00,-9.504891661453690688e+00,-2.788292338508197332e+01,-2.395098357982841719e+01,-1.250398579857480641e+01,5.266792584519886411e+00,9.870419988687380908e+00,9.813310112274766794e+00,9.803076537236675492e+00
9.797371198228713496e+00,9.796885114785171211e+00,9.795997960816213990e+00,-2.380047220859879076e+00,-1.145193825782895658e+01,-9.394794013524812470e+00,-3.133388060591185464e+00,7.023915242914959833e+00,9.858454534054757801e+00,9.812016268196083857e+00,9.802842914107859684e+00
9.797398458892509154e+00,9.796934973065946295e+00,9.796089086117090616e+00,4.108692347166617687e+00,5.711648528423687310e-01,1.514862512853544452e+00,4.155488990421398299e+00,8.535519104414811764e+00,9.843286009907016521e+00,9.809988710314804905e+00,9.802517139556313097e+00
9.797438372048828725e+00,9.797007997011597524e+00,9.796222610702333355e+00,6.428803057214803829e+00,6.484200800781366070e+00,6.816449129738485269e+00,7.749499250399732198e+00,9.337305409533051659e+00,9.828976357321256074e+00,9.807668870250378035e+00,9.801990893600173393e+00
