1.385623621437673236e+01,1.385609552081655238e+01,1.385583924168442493e+01,1.385537660489029577e+01,1.385456575734992768e+01,-2.909679836363027761e+01,-4.559744333797401517e+00,1.365702220350986096e+01,1.390949868439809833e+01,1.386719263219820064e+01,1.386061972376752749e+01
1.385612702791215334e+01,1.385589590327468557e+01,1.385547468109788483e+01,1.385471298818477948e+01,-3.922501029759398961e+01,-3.033239887691812342e+01,-4.496033249701515189e+00,1.365487130628225820e+01,1.390873665448768115e+01,1.386704019088216633e+01,1.386056040932596289e+01
1.385613080433875766e+01,1.385590280818762210e+01,1.385548728998012358e+01,1.385473591762958812e+01,1.385341144176856076e+01,-2.824709135054207820e+01,-4.237803775021863117e+00,1.365791866718069514e+01,1.390850455431767152e+01,1.386699342934577217e+01,1.386054218268028038e+01
1.385613198727994799e+01,1.385590497136054466e+01,1.385549123987325260e+01,1.385474309952721583e+01,1.385342432287683501e+01,-2.698106816965137611e+01,-3.732346194065383038e+00,1.366557871850990225e+01,1.390805114750962801e+01,1.386712112014071785e+01,1.386059184262560251e+01
1.385612884788168131e+01,1.385589923172330984e+01,1.385548076041537868e+01,1.385472404775978106e+01,-3.334916030671142551e+01,-2.554229094986407844e+01,-2.823534152393754049e+00,1.368342683263856685e+01,1.390771265220954334e+01,1.386703620420591498e+01,1.386055741648127793e+01
1.385613209143733116e+01,1.385590515972313241e+01,1.385549158243754775e+01,1.385474373682004057e+01,1.385342561768313274e+01,-1.074999895432208419e+00,-1.825380154167923763e-01,1.372095784109689731e+01,1.390540302368815340e+01,1.386675488085246144e+01,1.386044566758818242e+01
1.385614095557807701e+01,1.385592136496555860e+01,1.385552117443920395e+01,1.385479758044847109e+01,1.385352246885335603e+01,-7.493950898965815455e+00,3.456322096853426729e+00,1.375818924226153328e+01,1.390107073642061053e+01,1.386624820667086411e+01,1.386044173333400309e+01
1.385614257031088670e+01,1.385592431772155919e+01,1.385552657466646664e+01,1.385480745273119396e+01,1.385354048218141010e+01,7.033987022670208589e+00,8.331524874513743129e+00,1.381584849264450909e+01,1.389286405808504909e+01,1.386520441315932217e+01,1.386020050149625504e+01
1.385616142672445505e+01,1.385595879273076569e+01,1.385558953588256159e+01,1.385492203388009358e+01,1.385374663539219675e+01,1.081386642142750176e+01,1.160884829628377801e+01,1.384875351989802539e+01,1.388225723910892384e+01,1.386349930364383987e+01,1.385981159699976573e+01
1.385619064385094745e+01,1.385601220931750532e+01,1.385568708938633087e+01,1.385509955471023247e+01,1.385406589605067040e+01,1.228891417634156547e+01,1.303299676596592249e+01,1.386355392790119012e+01,1.387410180021653439e+01,1.386220801216775023e+01,1.385952733254309166e+01
1.385621646830859888e+01,1.385605944049494731e+01,1.385577340235317223e+01,1.385525686081730257e+01,1.385434995940639169e+01,1.344268687602773937e+01,1.358859660873352126e+01,1.386436883958532817e+01,1.386717847165560791e+01,1.386098766280965755e+01,1.385937802422594700e+01
