1.385623424602003340e+01,1.385609207143378008e+01,1.385583308918240597e+01,1.385536552843430691e+01,1.385454577838072687e+01,-2.912114357532152908e+01,-4.329705357863400828e+00,1.366043748208619135e+01,1.390927912751297413e+01,1.386714475725742801e+01,1.386060080882570844e+01
1.385612862554779312e+01,1.385589896227743623e+01,1.385548041134561537e+01,1.385472355614093232e+01,-3.962405242093593927e+01,-3.078224112585059657e+01,-4.210135893924121575e+00,1.365644989670077081e+01,1.390879044724032987e+01,1.386704940962884258e+01,1.386056392252183223e+01
1.385613081148370540e+01,1.385590295888707324e+01,1.385548770958686049e+01,1.385473682674046003e+01,1.385341319550138195e+01,-2.838051440972136419e+01,-4.084860309667425859e+00,1.366022453306392137e+01,1.390847610559945835e+01,1.386698505563304273e+01,1.386053874509778261e+01
1.385613251392805978e+01,1.385590607132277441e+01,1.385549339198058050e+01,1.385474715755200847e+01,1.385343172686013524e+01,-2.752895866190009855e+01,-3.599704409836345320e+00,1.366791444320831772e+01,1.390807899433547234e+01,1.386712453040302506e+01,1.386059302459122833e+01
1.385612904886498953e+01,1.385589973197054903e+01,1.385548181379998312e+01,1.385472610442638342e+01,-3.502260887537040901e+01,-2.717803011247867673e+01,-2.935853164361761358e+00,1.368689486743775419e+01,1.390781156065918722e+01,1.386705279547231662e+01,1.386056361693579930e+01
1.385613205945167437e+01,1.385590523275685015e+01,1.385549185512613235e+01,1.385474437675713943e+01,1.385342690550205091e+01,-1.079102612672957484e+00,-1.267408735245199036e+00,1.371952690765601801e+01,1.390586430646619220e+01,1.386684846602056709e+01,1.386048191334267088e+01
1.385613895190527955e+01,1.385591783574592206e+01,1.385551487167893292e+01,1.385478626579867978e+01,1.385350231423994671e+01,2.255422488244488655e+00,2.358252090998820272e+00,1.377380867121806673e+01,1.390168505221641837e+01,1.386635373308327779e+01,1.386048241514527746e+01
1.385614209161650834e+01,1.385592357974010547e+01,1.385552537950992935e+01,1.385480548866953932e+01,1.385353747741726949e+01,-1.407736977667914502e+00,6.845914672887120744e+00,1.381495456434450197e+01,1.389422115008266445e+01,1.386529574211844107e+01,1.386023881716434403e+01
1.385615996123101290e+01,1.385595625703251699e+01,1.385558505578545052e+01,1.385491405298792600e+01,1.385373257120377133e+01,7.366054360741781437e+00,1.072092164240626744e+01,1.385092555304178852e+01,1.388463086164277982e+01,1.386391810464932206e+01,1.386001129029600420e+01
1.385617922075883968e+01,1.385599147345618931e+01,1.385564938827669224e+01,1.385503120611830852e+01,1.385394372040739697e+01,1.157843489381408553e+01,1.271029148065279557e+01,1.386690470023219035e+01,1.387579001253360644e+01,1.386252475332344503e+01,1.385969539949764240e+01
1.385620823218102871e+01,1.385604453140261150e+01,1.385574633596268157e+01,1.385520784740873523e+01,1.385426255765016990e+01,1.310974789413124952e+01,1.347538928781844447e+01,1.386641311309274194e+01,1.386900882865690576e+01,1.386132778949427902e+01,1.385939582174290408e+01
