1.385622978770685521e+01,1.385608374793940811e+01,1.385581769368771887e+01,1.385533719857431301e+01,1.385449380873805936e+01,-1.695449092833488081e+01,-4.756133235662982628e-01,1.364730712324327300e+01,1.390931474906861709e+01,1.386716654907076318e+01,1.386061045247799939e+01
1.385612689694832689e+01,1.385589564522661732e+01,1.385547418577866452e+01,1.385471203913363780e+01,-6.381794541501621509e+00,-1.787855028218939779e+01,-4.357826832947460094e-01,1.364617729101861343e+01,1.390919051584129917e+01,1.386714296495502197e+01,1.386060139188541385e+01
1.385612738788530152e+01,1.385589654337194965e+01,1.385547582674423417e+01,1.385471502446251790e+01,-6.879681523240931185e+00,-1.768672887405249128e+01,-3.319733046174286883e-01,1.364823531642845822e+01,1.390896112644895766e+01,1.386709578927328046e+01,1.386058291620791216e+01
1.385612865122375936e+01,1.385589885260342768e+01,1.385548004231145391e+01,1.385472268824025832e+01,-6.663413273688444605e+00,-1.706117411383432625e+01,-6.052938603186319710e-02,1.365543073954396647e+01,1.390846003407764897e+01,1.386699021626603390e+01,1.386054135560364742e+01
1.385613165587625950e+01,1.385590434461542486e+01,1.385549006811310946e+01,1.385474091727446577e+01,1.385342025719607761e+01,-2.796182065198471012e+00,8.312253578567947443e-01,1.367995771196953569e+01,1.390766904184603447e+01,1.386703396960251666e+01,1.386055710616647474e+01
1.385613165181622364e+01,1.385590433907184504e+01,1.385549006471245903e+01,1.385474094823016067e+01,1.385342053020215403e+01,-5.602654289367967611e-01,1.696043932740066262e+00,1.371007728556823579e+01,1.390566488240418153e+01,1.386681778258328990e+01,1.386047083630315235e+01
1.385613879094827894e+01,1.385591739027485758e+01,1.385551389677936740e+01,1.385478431417079292e+01,1.385349856676379332e+01,2.382376465289598677e+00,4.621221881327666203e+00,1.376037930490119088e+01,1.390125700017395083e+01,1.386628286765740725e+01,1.386045537065531619e+01
1.385614210304553140e+01,1.385592344825433919e+01,1.385552497292409768e+01,1.385480454052414068e+01,1.385353535059619823e+01,6.671752583774003043e+00,8.341602088079167032e+00,1.380891279649302916e+01,1.389318363390363942e+01,1.386507338008004808e+01,1.386014491567486218e+01
1.385616427792571415e+01,1.385596398694301712e+01,1.385559899380629645e+01,1.385493917458026658e+01,1.385377717487202531e+01,1.055377088249979245e+01,1.149923089511322871e+01,1.384479546332478606e+01,1.388345218814924920e+01,1.386384262112074950e+01,1.385997801177792610e+01
1.385617881251570971e+01,1.385599056611997426e+01,1.385564755848530538e+01,1.385502765489689381e+01,1.385393681549695444e+01,1.258723823137927589e+01,1.299897710931488071e+01,1.385870044401823264e+01,1.387449570402633370e+01,1.386237735669612547e+01,1.385962320537549886e+01
1.385620684689461157e+01,1.385604183158332248e+01,1.385574122009801279e+01,1.385519823269143025e+01,1.385424416681413540e+01,1.341060576452213127e+01,1.356966240476355345e+01,1.386197677838929820e+01,1.386752862757149174e+01,1.386098311815980466e+01,1.385938283961021256e+01
