5.542534227161003457e+01,5.542510753419877290e+01,5.542467940411388838e+01,5.542390337523306698e+01,6.061610791951967059e+00,1.093083881144390190e+01,2.656195802561567021e+01,5.154252114386905248e+01,5.550649608412754787e+01,5.544031396899636377e+01,5.543055994310688561e+01
5.542518226835549200e+01,5.542481500082890022e+01,5.542414505188053653e+01,5.542293008247979458e+01,2.059331498346247713e+01,1.129796214376503372e+01,2.667111677323667962e+01,5.155287323997134052e+01,5.550598869008480563e+01,5.544022124272731844e+01,5.543052877415528457e+01
5.542518509054121267e+01,5.542482016120759880e+01,5.542415447832849651e+01,5.542294724903634062e+01,2.020968377226840929e+01,1.160750035078086917e+01,2.688215805894820676e+01,5.158621960446095045e+01,5.550608634539149477e+01,5.544023451297655924e+01,5.543053295421617577e+01
5.542518492083004844e+01,5.542481985064499383e+01,5.542415391083157061e+01,5.542294621742225047e+01,2.079486161446432746e+01,1.239642048241832484e+01,2.736557021205477369e+01,5.167812548158281061e+01,5.550643802573161167e+01,5.544028314488218712e+01,5.543054836252537143e+01
5.542518422982281834e+01,5.542481858726574728e+01,5.542415160438223865e+01,5.542294202943359949e+01,2.302345129985789995e+01,1.415526787232977668e+01,2.849044760222600914e+01,5.188798775140143249e+01,5.550622729779507125e+01,5.544020524716388820e+01,5.543051981357603353e+01
5.542518858765998147e+01,5.542482655511156509e+01,5.542416616219875891e+01,5.542296857159249157e+01,2.744308815203090646e+01,1.860484377175228943e+01,3.149171145720582388e+01,5.230415263536169590e+01,5.550415605029036215e+01,5.543998820893564528e+01,5.543044273112754183e+01
5.542519866756008184e+01,5.542484498566125239e+01,5.542419983723643639e+01,5.542302996180840324e+01,3.390111480037883496e+01,2.850056067351635392e+01,3.787755332519783735e+01,5.309931806561156975e+01,5.549678391400841804e+01,5.543926969017643103e+01,5.543040081409087350e+01
5.542520367993351016e+01,5.542485415259225334e+01,5.542421659229836450e+01,5.542306052234091851e+01,4.375028832436132120e+01,4.385358904872232699e+01,4.578066578145342902e+01,5.414364064443680746e+01,5.548337343963166290e+01,5.543790120611710392e+01,5.543011503386218664e+01
5.542523078964008221e+01,5.542490372207041105e+01,5.542430715027649768e+01,5.542322549028453693e+01,5.066056749593691677e+01,5.053406565122836724e+01,5.147428344780999510e+01,5.490288994668800626e+01,5.546714936193136225e+01,5.543573466002958128e+01,5.542968383790353926e+01
5.542527132954546687e+01,5.542497785297036472e+01,5.542444259509531435e+01,5.542347227765418438e+01,5.371101979043045560e+01,5.366319533788887952e+01,5.403989499819552123e+01,5.525049875172568647e+01,5.545374510617452302e+01,5.543383994143012217e+01,5.542926831537711507e+01
5.542531215325897165e+01,5.542505252292474438e+01,5.542457909557867879e+01,5.542372124508213460e+01,5.484165270716682983e+01,5.473985537986550298e+01,5.497693667979584120e+01,5.537318009582617151e+01,5.544379606309106379e+01,5.543206555824272641e+01,5.542898977934575555e+01
