9.797483237166334291e+00,9.797089704397761167e+00,9.796371406472651699e+00,9.795066209734553553e+00,-1.153896382962910572e+01,-2.683474679297179577e+01,-1.520909083326311517e+01,3.864578033377933597e+00,9.869704711001176634e+00,9.814094130833986185e+00,9.803197489802892406e+00
9.797305494773606682e+00,9.796764658561052386e+00,9.795777422482014885e+00,-2.837666341789757496e+01,-3.332566872640164490e+01,-2.840447227379599582e+01,-1.490678721143740049e+01,3.877178097887639563e+00,9.869271937365127201e+00,9.814022653945100316e+00,9.803175341062829062e+00
9.797307508882575178e+00,9.796768350675847614e+00,9.795784180253454210e+00,-2.923777028219563690e+01,-3.322019938526863569e+01,-2.832553040215761442e+01,-1.489916144822774768e+01,3.900352479346196777e+00,9.869734754634812646e+00,9.814220088283736487e+00,9.803243140563608904e+00
9.797296360944022453e+00,9.796747961507451308e+00,9.795746911108833999e+00,-2.891055389703121392e+01,-3.294799863462727529e+01,-2.812067377535025869e+01,-1.485368669779521156e+01,3.959543981442622318e+00,9.869956134361016709e+00,9.814306366361757128e+00,9.803272589298392958e+00
9.797291652464085843e+00,9.796739361578847394e+00,9.795731198734078049e+00,-2.749504686059879077e+01,-3.223588077842364896e+01,-2.755112603434756124e+01,-1.462980253369160799e+01,4.088479144463006421e+00,9.870140804310432614e+00,9.814279447918124788e+00,9.803261087368124294e+00
9.797295075455023650e+00,9.796745625286998660e+00,9.795742647075019960e+00,-3.184631658557204403e+01,-3.038004967466855533e+01,-2.598166990631924733e+01,-1.390647049885032160e+01,4.380881817456348415e+00,9.869581522976618615e+00,9.813997926270497274e+00,9.803163477306865659e+00
9.797311736860836007e+00,9.796776093459959256e+00,9.795798327770343761e+00,-9.510620882126783471e+00,-2.580737408975257097e+01,-2.207971334521573681e+01,-1.157642715150985069e+01,4.944240004039194503e+00,9.867649236563305948e+00,9.813798454188567888e+00,9.803089587524899784e+00
9.797327543710670383e+00,9.796805004404518513e+00,9.795851176396352500e+00,-5.008507960610082854e+00,-1.696359858861791992e+01,-1.435865490875590567e+01,-6.612035478832411606e+00,5.946189553384616744e+00,9.862745648325347503e+00,9.813115212258388453e+00,9.803058086528189108e+00
9.797338976822095091e+00,9.796825924847825107e+00,9.795889444492262399e+00,2.299899672090752745e-01,-5.704921807213253260e+00,-4.276090191157214448e+00,3.219387595747758013e-02,7.375666854930312155e+00,9.853087972653757021e+00,9.811713746033715822e+00,9.802773178933474441e+00
9.797380274307450065e+00,9.796901453858222197e+00,9.796027504986826173e+00,5.241961394131635643e+00,3.008122132009202865e+00,3.622854976266707716e+00,5.464774034273124137e+00,8.676474955024994884e+00,9.839493234857600967e+00,9.809728094085119920e+00,9.802447003760867972e+00
9.797425097729442811e+00,9.796983451837684598e+00,9.796177452360158355e+00,8.085453503882776616e+00,7.338151350287167141e+00,7.558727039128172009e+00,8.217011623389160135e+00,9.384375082188311623e+00,9.826649740854250581e+00,9.807623394658570248e+00,9.802000780388327783e+00
