1.385623572412861648e+01,1.385609463072619718e+01,1.385583760481864779e+01,1.385537351370111381e+01,1.385455949642025253e+01,-2.395983147862134643e+01,-3.871730968509578652e+00,1.365080222015044242e+01,1.390939963346473185e+01,1.386717895517904608e+01,1.386061491732624873e+01
1.385612694020120905e+01,1.385589575354568304e+01,1.385547441585797657e+01,1.385471250278893507e+01,-7.201290757514840379e+00,-2.461540919920016890e+01,-3.743940506476082675e+00,1.364812799863048021e+01,1.390893049859163710e+01,1.386708617597981075e+01,1.386057890009233162e+01
1.385612916424277685e+01,1.385589981944918136e+01,1.385548183895796370e+01,1.385472599596264232e+01,-3.152178290582128994e+01,-2.473831671533056920e+01,-3.640914923184650043e+00,1.365311040010201893e+01,1.390886865883765822e+01,1.386707053858527061e+01,1.386057253987598514e+01
1.385612978497479908e+01,1.385590095484089268e+01,1.385548391359699139e+01,1.385472977618701762e+01,1.385340037916585665e+01,-2.222976401232949328e+01,-3.301590206174467745e+00,1.366014646802206478e+01,1.390834585010823332e+01,1.386696211136344203e+01,1.386052999273671205e+01
1.385613275305757952e+01,1.385590637926038582e+01,1.385549381483240339e+01,1.385474777424024140e+01,1.385343266502586701e+01,-2.022776312528655041e+01,-2.447757226708930922e+00,1.367711220490911117e+01,1.390767254333336567e+01,1.386703534842709118e+01,1.386055770540798449e+01
1.385613159850393927e+01,1.385590426926059848e+01,1.385548996491642626e+01,1.385474079211905263e+01,1.385342026156293826e+01,-1.059474230750134360e+00,-2.064615171846040376e-01,1.372074215268538566e+01,1.390542428766903171e+01,1.386675778657771652e+01,1.386044666730824559e+01
1.385614100569761753e+01,1.385592146782548362e+01,1.385552137351389135e+01,1.385479795776050338e+01,1.385352318923280635e+01,-7.995261833787038697e+00,2.756908095110387258e+00,1.375754624206274102e+01,1.390149408800477282e+01,1.386633418342518986e+01,1.386047633404702495e+01
1.385614082498925015e+01,1.385592113998079178e+01,1.385552078748253102e+01,1.385479696152244955e+01,1.385352179628128866e+01,1.834896355394262102e+00,7.425024463949523756e+00,1.380759727224883804e+01,1.389385623593029173e+01,1.386522760289354750e+01,1.386021104151105732e+01
1.385616033505402278e+01,1.385595680786729389e+01,1.385558591842342224e+01,1.385491544655402762e+01,1.385373473026135827e+01,1.030411623298474488e+01,1.113644290001964521e+01,1.385160406491216811e+01,1.388404941038455753e+01,1.386376255692215409e+01,1.385993651807345550e+01
1.385618387431718190e+01,1.385599984868859025e+01,1.385566454178076512e+01,1.385505862005421918e+01,1.385399278603123818e+01,1.201316288349509520e+01,1.284406442529330583e+01,1.386176761874538599e+01,1.387542618544896200e+01,1.386245335088286978e+01,1.385966219490492257e+01
1.385620599057791935e+01,1.385604029398783510e+01,1.385573844367842433e+01,1.385519324631972893e+01,1.385423551129722952e+01,1.335067384160318404e+01,1.352439528405932201e+01,1.386393417732202593e+01,1.386817055796958087e+01,1.386122028972132725e+01,1.385933301249864158e+01
