9.797504710869114675e+00,9.797129265923825159e+00,9.796444066737350909e+00,9.795199475024686464e+00,-4.547963458899305067e+01,-4.260758420844710059e+01,-2.584737317317296501e+01,2.551591858478793551e+00,9.876185378567070572e+00,9.814167531380773468e+00,9.803175995014703048e+00
9.797341087396850057e+00,9.796829929239626367e+00,9.795896964266534113e+00,-5.695582346893887404e+01,-5.422191218982102612e+01,-4.611804889137809482e+01,-2.580038875919064623e+01,2.566412520730443791e+00,9.876166794541331839e+00,9.814147257994109808e+00,9.803168766167585702e+00
9.797342466261753202e+00,9.796832467917404585e+00,9.795901627479034701e+00,-5.661930107305623494e+01,-5.390848361494297336e+01,-4.589686836132449343e+01,-2.570397708934560654e+01,2.601902337096647422e+00,9.877475631669785372e+00,9.814443124667757701e+00,9.803265003371469888e+00
9.797330321956243537e+00,9.796810275131239365e+00,9.795861085402854940e+00,-5.576468101315570181e+01,-5.312916697999061455e+01,-4.533644921295217500e+01,-2.547166555979248059e+01,2.682932569685143598e+00,9.878199000053577095e+00,9.814346631417460998e+00,9.803233402912674421e+00
9.797334501772542836e+00,9.796817960334639253e+00,9.795875162365808464e+00,-5.384060640617696691e+01,-5.135945137146851636e+01,-4.396560010887866810e+01,-2.488709215881450731e+01,2.866410785480325796e+00,9.878799239287626932e+00,9.814330202408266146e+00,9.803222156050534153e+00
9.797340192719437013e+00,9.796828397390003218e+00,9.795894268024152751e+00,-1.832565808804571361e+01,-4.778079348619341715e+01,-4.115255180608934893e+01,-2.337671679192429863e+01,3.236612700375367524e+00,9.878870010129819690e+00,9.814374824885089055e+00,9.803227736069008103e+00
9.797345933164507414e+00,9.796838913123512071e+00,9.795913512612465013e+00,-1.507656009663582353e+01,-4.071468092515844717e+01,-3.527333866929511430e+01,-1.978571187167640133e+01,3.957041179463765879e+00,9.876784826486273872e+00,9.813991167053949027e+00,9.803096293692936669e+00
9.797367302602529193e+00,9.796877988096438727e+00,9.795984923235900865e+00,-9.962525806099408854e+00,-2.805570226631961361e+01,-2.422309534755711269e+01,-1.277560255474138273e+01,5.237542361710462835e+00,9.871076534695623295e+00,9.813309365075447488e+00,9.803069799812815788e+00
9.797376693786866042e+00,9.796895171151488668e+00,9.796016351332919925e+00,-2.939816964978639646e+00,-1.206766003834897205e+01,-9.796726531175401931e+00,-3.427381932167597789e+00,6.994563197378443675e+00,9.859667731729613749e+00,9.812037584738035889e+00,9.802837711304658086e+00
9.797408254261217309e+00,9.796952895088232083e+00,9.796121861474841097e+00,1.547889956581673943e-01,3.188746814556289166e-01,1.273136157914776412e+00,3.952271704010320352e+00,8.516102337808266753e+00,9.844335240226664396e+00,9.810022736715680480e+00,9.802516968476668424e+00
9.797447922591100422e+00,9.797025460932395902e+00,9.796254533393890185e+00,6.325414053619800470e+00,6.384258151310355345e+00,6.723289249655850952e+00,7.675207293123881058e+00,9.329875554095904633e+00,9.830022997095282378e+00,9.807851468735938383e+00,9.802057961224939220e+00
