9.797500687360411575e+00,9.797121666926436490e+00,9.796429898436995742e+00,9.795173146905554518e+00,-3.844455830823018516e+01,-3.673035619543409069e+01,-2.205284549589373810e+01,2.546250675954524922e+00,9.876169937873477522e+00,9.814220595934120439e+00,9.803195400860513331e+00
9.797336939046530802e+00,9.796822228540888133e+00,9.795882758682662228e+00,-3.821988112073737653e+01,-4.397861376118975585e+01,-3.788206647188154363e+01,-2.120114418770064191e+01,2.558877827444884012e+00,9.875200449475258324e+00,9.814130540423311899e+00,9.803171173095632795e+00
9.797336351624318596e+00,9.796821150691938485e+00,9.795880780863019055e+00,-3.933038795108545571e+01,-4.382551694513228568e+01,-3.776644472601006441e+01,-2.118712248965637812e+01,2.593396762628857655e+00,9.876720092481852120e+00,9.814411137178000288e+00,9.803259967774133443e+00
9.797326904062847674e+00,9.796803867270718058e+00,9.795849192873154365e+00,-3.896465944139833226e+01,-4.342945866282637013e+01,-3.747011808431767577e+01,-2.115587910335183253e+01,2.674400299949663662e+00,9.877298860121499047e+00,9.814523595365391984e+00,9.803295823169460022e+00
9.797322912035394182e+00,9.796796586128403206e+00,9.795835903401290068e+00,-3.793295747637694859e+01,-4.237221599034690911e+01,-3.662174592140845419e+01,-2.086522648348079301e+01,2.884267952570214621e+00,9.877419131658252027e+00,9.814503315117814708e+00,9.803287359199440942e+00
9.797325323469415537e+00,9.796801000185421771e+00,9.795843973244528158e+00,-3.643569178317987678e+01,-3.961426103462294179e+01,-3.432525362616743081e+01,-1.952957786548083874e+01,3.329403904567343808e+00,9.877442458995941976e+00,9.814308173133897029e+00,9.803216027397722243e+00
9.797339979563000512e+00,9.796827805197628081e+00,9.795892967946565832e+00,-1.413472135645183236e+01,-3.178350378759688866e+01,-2.904471326027054801e+01,-1.661157685330328349e+01,4.150946651522913200e+00,9.875622317612624101e+00,9.814077458882447758e+00,9.803127954489568197e+00
9.797360467703382980e+00,9.796865272419516657e+00,9.795961455714317978e+00,-9.009751621892366558e+00,-2.197541152003021381e+01,-1.890181948278881663e+01,-9.752523927291942840e+00,5.494685000326796853e+00,9.868697959464137526e+00,9.813264217864706040e+00,9.803065377756627896e+00
9.797369176014131043e+00,9.796881205040532947e+00,9.795990586639442554e+00,-1.489545252386802687e+00,-7.956315318152544336e+00,-6.311712900038035201e+00,-1.364397270472348822e+00,7.220696318705652317e+00,9.856666460081356718e+00,9.811927365189758277e+00,9.802816848454746435e+00
9.797397646750411582e+00,9.796933276390223710e+00,9.796085758145359534e+00,4.594882495123784771e+00,2.184574552825332638e+00,2.912779888191712629e+00,4.972915298728459277e+00,8.640979579077878725e+00,9.841379917641104313e+00,9.809796224999697500e+00,9.802449211063958501e+00
9.797442180264454237e+00,9.797014737042768928e+00,9.796234691884304624e+00,7.136041538644215976e+00,7.089851840246602421e+00,7.333693946403206709e+00,8.062530190286846477e+00,9.376294138984622606e+00,9.827627185415867217e+00,9.807609965845163202e+00,9.801975416280736653e+00
