1.385623424602201936e+01,1.385609207143567012e+01,1.385583308918398515e+01,1.385536552843490199e+01,1.385454577837820267e+01,-2.912114357551534738e+01,-4.329705357919751307e+00,1.366043748194371332e+01,1.390927912705964076e+01,1.386714475581979578e+01,1.386060080427720997e+01
1.385612862554978975e+01,1.385589896227933338e+01,1.385548041134719988e+01,1.385472355614152917e+01,-3.962405241685974033e+01,-3.078224112587326644e+01,-4.210135894100988097e+00,1.365644989656063402e+01,1.390879044678781362e+01,1.386704940819345211e+01,1.386056391798037168e+01
1.385613081148569847e+01,1.385590295888896861e+01,1.385548770958844145e+01,1.385473682674106044e+01,1.385341319549886663e+01,-2.838051440685326199e+01,-4.084860309892355268e+00,1.366022453292492855e+01,1.390847610514769528e+01,1.386698505419986915e+01,1.386053874056330315e+01
1.385613251393004575e+01,1.385590607132466090e+01,1.385549339198215790e+01,1.385474715755259822e+01,1.385343172685761459e+01,-2.752895865674673104e+01,-3.599704410109781705e+00,1.366791444307690284e+01,1.390807899388453706e+01,1.386712452897204706e+01,1.386059302006362870e+01
1.385612904886697194e+01,1.385589973197243197e+01,1.385548181380155697e+01,1.385472610442697139e+01,-3.502260886679638929e+01,-2.717803011271064761e+01,-2.935853164586657016e+00,1.368689486729407889e+01,1.390781156020859299e+01,1.386705279404344537e+01,1.386056361241501733e+01
1.385613205945366566e+01,1.385590523275874375e+01,1.385549185512771331e+01,1.385474437675773629e+01,1.385342690549955336e+01,-1.079102612902707037e+00,-1.267408735288187760e+00,1.371952690750863191e+01,1.390586430601610957e+01,1.386684846459375819e+01,1.386048190882849340e+01
1.385613895190726552e+01,1.385591783574780678e+01,1.385551487168050855e+01,1.385478626579927663e+01,1.385350231423745271e+01,2.255422488045225826e+00,2.358252091160428776e+00,1.377380867108404594e+01,1.390168505176743530e+01,1.386635373165855611e+01,1.386048241063738473e+01
1.385614209161849253e+01,1.385592357974199018e+01,1.385552537951150498e+01,1.385480548867013439e+01,1.385353747741477903e+01,-1.407736977819412871e+00,6.845914672807276169e+00,1.381495456420323009e+01,1.389422114963305788e+01,1.386529574069517778e+01,1.386023881266168978e+01
1.385615996123299887e+01,1.385595625703441058e+01,1.385558505578704214e+01,1.385491405298855483e+01,1.385373257120134127e+01,7.366054360748496066e+00,1.072092164236461009e+01,1.385092555289983984e+01,1.388463086119447709e+01,1.386391810322768947e+01,1.386001128579782460e+01
1.385617922076082031e+01,1.385599147345806870e+01,1.385564938827826609e+01,1.385503120611890360e+01,1.385394372040491362e+01,1.157843489378070601e+01,1.271029148060938851e+01,1.386690470009146736e+01,1.387579001208562346e+01,1.386252475190294575e+01,1.385969539500297287e+01
1.385620823218300046e+01,1.385604453140448555e+01,1.385574633596425009e+01,1.385520784740933031e+01,1.385426255764769543e+01,1.310974789411682195e+01,1.347538928777540868e+01,1.386641311295247903e+01,1.386900882820929581e+01,1.386132778807474608e+01,1.385939581725110514e+01
