9.797496385219238491e+00,9.797114252669803847e+00,9.796416863214920667e+00,9.795150176347744875e+00,-4.926534853389848223e+01,-4.369800870309941132e+01,-2.453918346029833941e+01,2.547045655114675622e+00,9.874650849828753962e+00,9.814254172697260969e+00,9.803211433939226893e+00
9.797331708295752506e+00,9.796813062906032599e+00,9.795866432884642094e+00,-4.740281418385200141e+01,-4.848200089081849029e+01,-4.390356383150551522e+01,-2.432192172443735600e+01,2.563782599722456812e+00,9.874721991535013288e+00,9.814259667228643735e+00,9.803212789015489648e+00
9.797331824512047760e+00,9.796813257656303620e+00,9.795866776070990767e+00,-5.252347628982496985e+01,-5.098725750950925573e+01,-4.382558489566726223e+01,-2.420081200607172178e+01,2.599115324263571392e+00,9.876438768156175385e+00,9.814375621509835668e+00,9.803249630081047883e+00
9.797327786261124771e+00,9.796805870983547493e+00,9.795853271130352979e+00,-5.050559715992246623e+01,-5.065615353664718157e+01,-4.359568659090949438e+01,-2.433212751742858515e+01,2.680572586033332705e+00,9.877231218986779027e+00,9.814534805262994155e+00,9.803300630091264622e+00
9.797321910007537937e+00,9.796795133075031359e+00,9.795833655204200241e+00,-5.174157502677002185e+01,-4.984214888760006090e+01,-4.296577921494735364e+01,-2.417621975615485752e+01,2.872601862473996626e+00,9.878092052737601492e+00,9.814346723003604112e+00,9.803234409990821518e+00
9.797333902499266500e+00,9.796817074530837388e+00,9.795873760520473539e+00,-1.734755754493335900e+01,-4.762421252430464591e+01,-4.117346205760868116e+01,-2.313560892623038256e+01,3.242126533080321948e+00,9.878166287780311805e+00,9.814369612381197427e+00,9.803232113812896387e+00
9.797341206015868664e+00,9.796830439318100048e+00,9.795898204096710415e+00,-1.453053747120527817e+01,-4.212167262134455115e+01,-3.654646815156942807e+01,-2.048609281395842885e+01,3.934585055736935288e+00,9.876872896249164313e+00,9.814035532436751197e+00,9.803111727430106725e+00
9.797364838527249375e+00,9.796873659481539320e+00,9.795977201790236677e+00,-1.027519243882091615e+01,-3.081528473467222540e+01,-2.655304444391534346e+01,-1.420863184262341505e+01,5.118130710501205272e+00,9.872187131072202249e+00,9.813464850233934555e+00,9.803117989079069616e+00
9.797374022738683408e+00,9.796890467904532329e+00,9.796007958409004956e+00,-3.894034170663072558e+00,-1.462127925262614347e+01,-1.220799913575433493e+01,-4.950767174707132234e+00,6.796037337633248576e+00,9.861664051697751177e+00,9.812167180231321950e+00,9.802878081449195591e+00
9.797407234509119434e+00,9.796951216475861202e+00,9.796118997514010829e+00,-1.477998467849605646e+00,-1.318469075811602664e+00,-1.713201719642807319e-01,3.068478384056290587e+00,8.364708384723147816e+00,9.846541989656246940e+00,9.810288034043145089e+00,9.802410317238971160e+00
9.797463104551333402e+00,9.797053409386505152e+00,9.796305782524274974e+00,9.794948007592941153e+00,5.768411916685915131e+00,6.132798692632050575e+00,7.309821642188912172e+00,9.260445747227779023e+00,9.831772092004390728e+00,9.808103990373824743e+00,9.802159011093728225e+00
