1.385623572412820081e+01,1.385609463072579928e+01,1.385583760481829785e+01,1.385537351370091841e+01,1.385455949642054385e+01,-2.395983147859232432e+01,-3.871730968500622261e+00,1.365080222017264333e+01,1.390939963353541842e+01,1.386717895540344259e+01,1.386061491803658718e+01
1.385612694020079338e+01,1.385589575354528336e+01,1.385547441585762485e+01,1.385471250278873612e+01,-7.201290757501393358e+00,-2.461540919925232984e+01,-3.743940506465406770e+00,1.364812799865256565e+01,1.390893049866226150e+01,1.386708617620402251e+01,1.386057890080208566e+01
1.385612916424236118e+01,1.385589981944878346e+01,1.385548183895761198e+01,1.385472599596244692e+01,-3.152178290596367560e+01,-2.473831671535200627e+01,-3.640914923176087115e+00,1.365311040012407773e+01,1.390886865890822577e+01,1.386707053880929763e+01,1.386057254058515298e+01
1.385612978497438519e+01,1.385590095484049300e+01,1.385548391359664144e+01,1.385472977618681867e+01,1.385340037916614264e+01,-2.222976401244066480e+01,-3.301590206162758889e+00,1.366014646804386956e+01,1.390834585017873692e+01,1.386696211158728609e+01,1.386052999344529724e+01
1.385613275305716563e+01,1.385590637925998792e+01,1.385549381483204989e+01,1.385474777424004245e+01,1.385343266502615478e+01,-2.022776312538974608e+01,-2.447757226695808086e+00,1.367711220493077917e+01,1.390767254340380177e+01,1.386703534865075227e+01,1.386055770611599769e+01
1.385613159850352361e+01,1.385590426926020058e+01,1.385548996491607809e+01,1.385474079211885368e+01,1.385342026156322603e+01,-1.059474230728663979e+00,-2.064615171809647265e-01,1.372074215270731656e+01,1.390542428773941630e+01,1.386675778680119819e+01,1.386044666801569036e+01
1.385614100569720364e+01,1.385592146782508571e+01,1.385552137351354141e+01,1.385479795776030798e+01,1.385352318923309056e+01,-7.995261833819538921e+00,2.756908095119008806e+00,1.375754624208472165e+01,1.390149408807510945e+01,1.386633418364850812e+01,1.386047633475395813e+01
1.385614082498883626e+01,1.385592113998039387e+01,1.385552078748218108e+01,1.385479696152225415e+01,1.385352179628157643e+01,1.834896355383692779e+00,7.425024463956850340e+00,1.380759727227079559e+01,1.389385623600058395e+01,1.386522760311672187e+01,1.386021104221753930e+01
1.385616033505360889e+01,1.385595680786689776e+01,1.385558591842307408e+01,1.385491544655383045e+01,1.385373473026164604e+01,1.030411623298729751e+01,1.113644290002626214e+01,1.385160406493412211e+01,1.388404941045481067e+01,1.386376255714520411e+01,1.385993651877956268e+01
1.385618387431676624e+01,1.385599984868819234e+01,1.385566454178041340e+01,1.385505862005402200e+01,1.385399278603152418e+01,1.201316288349954320e+01,1.284406442529987125e+01,1.386176761876735952e+01,1.387542618551919205e+01,1.386245335110582388e+01,1.385966219561073309e+01
1.385620599057750724e+01,1.385604029398744075e+01,1.385573844367807617e+01,1.385519324631953175e+01,1.385423551129751552e+01,1.335067384160483783e+01,1.352439528406598690e+01,1.386393417734397460e+01,1.386817055803978604e+01,1.386122028994420674e+01,1.385933301320421229e+01
