9.797504710869686662e+00,9.797129265924384711e+00,9.796444066737869605e+00,9.795199475025075486e+00,-4.547963458407428305e+01,-4.260758420021108606e+01,-2.584737317316180594e+01,2.551591858472976870e+00,9.876185378508955282e+00,9.814167531193197291e+00,9.803175994420078254e+00
9.797341087397420267e+00,9.796829929240180590e+00,9.795896964267043927e+00,-5.695582346281238273e+01,-5.422191220195664130e+01,-4.611804888371442246e+01,-2.580038875622248185e+01,2.566412520672664233e+00,9.876166794461102683e+00,9.814147257803243818e+00,9.803168765572520371e+00
9.797342466262421112e+00,9.796832467918139997e+00,9.795901627479876694e+00,-5.661930106972135945e+01,-5.390848360627775548e+01,-4.589686836109260071e+01,-2.570397708884893362e+01,2.601902336895038470e+00,9.877475631589977212e+00,9.814443124477206126e+00,9.803265002777077797e+00
9.797330321956902566e+00,9.796810275131960566e+00,9.795861085403672064e+00,-5.576468101321832904e+01,-5.312916697802214827e+01,-4.533644921239923065e+01,-2.547166555957813827e+01,2.682932569123427591e+00,9.878198999955158044e+00,9.814346631224440287e+00,9.803233402318102918e+00
9.797334501773262261e+00,9.796817960335467035e+00,9.795875162366817435e+00,-5.384060640589306246e+01,-5.135945137119345816e+01,-4.396560010858306100e+01,-2.488709215881565484e+01,2.866410785456689148e+00,9.878799239228523987e+00,9.814330202221308141e+00,9.803222155458389153e+00
9.797340192720010776e+00,9.796828397390564547e+00,9.795894268024673224e+00,-1.832565808802649698e+01,-4.778079348619160527e+01,-4.115255180609170793e+01,-2.337671679193031338e+01,3.236612700357154981e+00,9.878870010071162611e+00,9.814374824698376187e+00,9.803227735477497262e+00
9.797345933165079401e+00,9.796838913124069848e+00,9.795913512612983709e+00,-1.507656009666658115e+01,-4.071468092509606862e+01,-3.527333866930085549e+01,-1.978571187167909073e+01,3.957041179445922374e+00,9.876784826427675412e+00,9.813991166867426230e+00,9.803096293102024461e+00
9.797367302603101180e+00,9.796877988097000056e+00,9.795984923236417785e+00,-9.962525806117769278e+00,-2.805570226627860819e+01,-2.422309534755206784e+01,-1.277560255475917650e+01,5.237542361692324455e+00,9.871076534637088784e+00,9.813309364889104103e+00,9.803069799222463132e+00
9.797376693787436253e+00,9.796895171152046444e+00,9.796016351333438621e+00,-2.939816964996289528e+00,-1.206766003835473455e+01,-9.796726531215840694e+00,-3.427381932148199084e+00,6.994563197362590579e+00,9.859667731671168056e+00,9.812037584551850600e+00,9.802837710714793928e+00
9.797408254261787519e+00,9.796952895088788082e+00,9.796121861475358017e+00,1.547889953450072298e-01,3.188746814396852258e-01,1.273136157868469454e+00,3.952271704082739312e+00,8.516102337807454958e+00,9.844335240168792467e+00,9.810022736529706577e+00,9.802516967887230592e+00
9.797447922591668856e+00,9.797025460932951901e+00,9.796254533394403552e+00,6.325414053283290983e+00,6.384258151190710606e+00,6.723289249673001677e+00,7.675207293100610784e+00,9.329875554068241428e+00,9.830022997036286014e+00,9.807851468549879215e+00,9.802057960635757183e+00
