1.385623395241523248e+01,1.385609139745275087e+01,1.385583169062107345e+01,1.385536264933793760e+01,1.385453930513597598e+01,-2.779828416593113616e+01,-4.486410663941025945e+00,1.365629357466847260e+01,1.390929112795254596e+01,1.386715184753793650e+01,1.386060391973109063e+01
1.385612800609317574e+01,1.385589771170742424e+01,1.385547800273096364e+01,1.385471904622501071e+01,-7.598854904466223914e+00,-2.903161352323413524e+01,-4.400463064672927693e+00,1.365287827725453695e+01,1.390902113015631159e+01,1.386710035730803092e+01,1.386058410091323267e+01
1.385612909997562880e+01,1.385589971151202526e+01,1.385548165387642428e+01,1.385472568143522665e+01,-3.726077372006468380e+01,-2.907350854437521193e+01,-4.343439524546055530e+00,1.365719918774236952e+01,1.390868793540846227e+01,1.386702960422902819e+01,1.386055621109657920e+01
1.385613114794064060e+01,1.385590345449685579e+01,1.385548848767298580e+01,1.385473811131029009e+01,1.385341539201724004e+01,-2.624537575141194878e+01,-3.833672447174802045e+00,1.366686380196292916e+01,1.390834284286615485e+01,1.386695526592459515e+01,1.386052680683490301e+01
1.385613337525513344e+01,1.385590752442680085e+01,1.385549591603890462e+01,1.385475161656514231e+01,1.385343964286762741e+01,-2.305514050705411577e+01,-2.812926170534772119e+00,1.368298063911091056e+01,1.390779804178473178e+01,1.386705525207005785e+01,1.386056497400280207e+01
1.385613151979218927e+01,1.385590413231570217e+01,1.385548972465057460e+01,1.385474037645274947e+01,1.385341959930125455e+01,-9.822492744519868424e-01,-3.273289781915211805e-01,1.372432097635078918e+01,1.390548077636384505e+01,1.386676608546150646e+01,1.386044960786458446e+01
1.385614105237326221e+01,1.385592155740238596e+01,1.385552154318706286e+01,1.385479827896567961e+01,1.385352381170464398e+01,-7.998907625580503833e+00,3.126360927377457521e+00,1.375840278193199140e+01,1.390131450142737890e+01,1.386629669505407492e+01,1.386046115400561618e+01
1.385614168238873134e+01,1.385592271573786327e+01,1.385552367217954739e+01,1.385480220823165354e+01,1.385353117311069582e+01,6.570569521156587101e+00,7.797298124347312509e+00,1.381548913278946245e+01,1.389377438220724947e+01,1.386519433538002843e+01,1.386019539809251100e+01
1.385616237261555739e+01,1.385596054234823171e+01,1.385559275094731646e+01,1.385492791031686721e+01,1.385375728753737334e+01,1.036591092915488055e+01,1.123004909568120269e+01,1.384632136683807069e+01,1.388412361444727594e+01,1.386380212879587148e+01,1.385995759331336430e+01
1.385618092150508218e+01,1.385599445710830047e+01,1.385565469899396440e+01,1.385504068282930668e+01,1.385396030442211490e+01,1.246534354430254510e+01,1.290539230795951298e+01,1.386110977127549049e+01,1.387475751719087569e+01,1.386244052647547953e+01,1.385965446302939696e+01
1.385620712755526895e+01,1.385604238091644547e+01,1.385574226525096009e+01,1.385520022107576921e+01,1.385424813975749458e+01,1.335873851695347447e+01,1.353771487143475838e+01,1.386204040492562584e+01,1.386798979228301221e+01,1.386117517365680740e+01,1.385930958530715884e+01
