9.797504710867590560e+00,9.797129265922334795e+00,9.796444066735968903e+00,9.795199475023645519e+00,-4.547963460221512833e+01,-4.260758423059440503e+01,-2.584737317320279715e+01,2.551591858494107079e+00,9.876185378721428876e+00,9.814167531878972284e+00,9.803175996593807895e+00
9.797341087395329495e+00,9.796829929238148438e+00,9.795896964265176976e+00,-5.695582348525262972e+01,-5.422191215749700888e+01,-4.611804891179071575e+01,-2.580038876709619444e+01,2.566412520884205684e+00,9.876166794754510647e+00,9.814147258500826254e+00,9.803168767747077794e+00
9.797342466259978622e+00,9.796832467915450593e+00,9.795901627476796492e+00,-5.661930108197196176e+01,-5.390848363810777499e+01,-4.589686836194225350e+01,-2.570397709067196246e+01,2.601902337620611849e+00,9.877475631880649587e+00,9.814443125173216487e+00,9.803265004948327643e+00
9.797330321954492049e+00,9.796810275129324452e+00,9.795861085400691337e+00,-5.576468101298094382e+01,-5.312916698526753834e+01,-4.533644921442399323e+01,-2.547166556036566476e+01,2.682932571185487447e+00,9.878199000315376566e+00,9.814346631929472764e+00,9.803233404489292369e+00
9.797334501770627924e+00,9.796817960332434794e+00,9.795875162363122612e+00,-5.384060640693560629e+01,-5.135945137220346624e+01,-4.396560010966857135e+01,-2.488709215881155501e+01,2.866410785543113793e+00,9.878799239444305158e+00,9.814330202903830624e+00,9.803222157619908117e+00
9.797340192717914675e+00,9.796828397388512855e+00,9.795894268022765417e+00,-1.832565808809826180e+01,-4.778079348619824884e+01,-4.115255180608301799e+01,-2.337671679190844287e+01,3.236612700423650235e+00,9.878870010285240255e+00,9.814374825379760026e+00,9.803227737635930694e+00
9.797345933162986853e+00,9.796838913122027037e+00,9.795913512611086560e+00,-1.507656009655446994e+01,-4.071468092532560945e+01,-3.527333866927970973e+01,-1.978571187166962986e+01,3.957041179510984552e+00,9.876784826641463511e+00,9.813991167547886363e+00,9.803096295257537562e+00
9.797367302601012184e+00,9.796877988094955469e+00,9.795984923234524189e+00,-9.962525806050974708e+00,-2.805570226643121856e+01,-2.422309534757131999e+01,-1.277560255469378703e+01,5.237542361758507070e+00,9.871076534850576678e+00,9.813309365568695597e+00,9.803069801375258407e+00
9.797376693785350810e+00,9.796895171150007187e+00,9.796016351331548577e+00,-2.939816964931958765e+00,-1.206766003833296708e+01,-9.796726531068173927e+00,-3.427381932218019678e+00,6.994563197420464284e+00,9.859667731884261599e+00,9.812037585230664050e+00,9.802837712865200004e+00
9.797408254259705629e+00,9.796952895086755930e+00,9.796121861473473302e+00,1.547889964856459244e-01,3.188746814975065291e-01,1.273136158036800580e+00,3.952271703819235427e+00,8.516102337810558254e+00,9.844335240379750829e+00,9.810022737207598098e+00,9.802516970035581423e+00
9.797447922589595848e+00,9.797025460930926855e+00,9.796254533392531272e+00,6.325414054507214168e+00,6.384258151626060140e+00,6.723289249609631923e+00,7.675207293186046442e+00,9.329875554169381857e+00,9.830022997251315786e+00,9.807851469227948371e+00,9.802057962782786404e+00
