1.385623053088924550e+01,1.385608514355581988e+01,1.385582027770754010e+01,1.385534192412749732e+01,1.385450226192951106e+01,-2.846878890928114814e+01,-4.529121686576567107e+00,1.365633965466524202e+01,1.390935673355481406e+01,1.386716439189461525e+01,1.386060875682066751e+01
1.385612773308908174e+01,1.385589721030714649e+01,1.385547708603569461e+01,1.385471737942515524e+01,-3.899067475877870237e+01,-3.026104448210984899e+01,-4.473147959413753760e+00,1.365475502627993265e+01,1.390869725242320598e+01,1.386703208962400424e+01,1.386055724645208187e+01
1.385613103810216984e+01,1.385590325369207676e+01,1.385548812206793912e+01,1.385473744948751218e+01,1.385341420729370299e+01,-2.802374694850856329e+01,-4.211107530865496607e+00,1.365816752219325281e+01,1.390849889950514395e+01,1.386699196628023856e+01,1.386054159359258975e+01
1.385613206466260294e+01,1.385590513111421984e+01,1.385549155036894220e+01,1.385474368339682982e+01,1.385342539035887732e+01,-2.673712873425593983e+01,-3.702857057173624789e+00,1.366595000773643953e+01,1.390803230081584729e+01,1.386711685332611310e+01,1.386059015503855463e+01
1.385612900038377227e+01,1.385589952844214423e+01,1.385548132077317973e+01,1.385472508591701057e+01,-3.326921052859621142e+01,-2.569476413923803904e+01,-2.832847174584536276e+00,1.368401971807410078e+01,1.390781653277031182e+01,1.386705650421488656e+01,1.386056524885553998e+01
1.385613167087911002e+01,1.385590440918858945e+01,1.385549023133548729e+01,1.385474130184799435e+01,1.385342128283362584e+01,-1.180477423558329964e+00,-2.112334061884895142e-01,1.372391800066319689e+01,1.390549953196877908e+01,1.386677021937724952e+01,1.386045123880897556e+01
1.385614093764086618e+01,1.385592135126437441e+01,1.385552117018690232e+01,1.385479760239446101e+01,1.385352259049169632e+01,-8.305066117643576717e+00,3.209874611745244799e+00,1.376004349039060237e+01,1.390128441642094970e+01,1.386628829226464354e+01,1.386045755620776632e+01
1.385614203913934261e+01,1.385592336747641795e+01,1.385552486223188140e+01,1.385480437449180613e+01,1.385353507499461045e+01,6.599601833977230214e+00,7.985969116741964413e+00,1.381531700330169343e+01,1.389372354117273645e+01,1.386518499078414024e+01,1.386019161826038548e+01
1.385616242353261285e+01,1.385596063450323001e+01,1.385559291771662416e+01,1.385492820618020460e+01,1.385375777267200448e+01,1.050562482267868347e+01,1.139639650832995521e+01,1.384724531027542227e+01,1.388351352020868745e+01,1.386385094937857154e+01,1.385998113771126938e+01
1.385617934651897087e+01,1.385599157886194632e+01,1.385564944806862719e+01,1.385503114875835884e+01,1.385394324122323795e+01,1.257878177051289370e+01,1.297555890588121486e+01,1.386155592002089065e+01,1.387443280893952036e+01,1.386232860876328132e+01,1.385959362506977399e+01
1.385621133549202710e+01,1.385605007269235145e+01,1.385575630906829936e+01,1.385522576097683434e+01,1.385429398582904170e+01,1.339637133528963986e+01,1.356241512917430470e+01,1.386186542822647993e+01,1.386747853501104899e+01,1.386096310069271809e+01,1.385936992140961621e+01
