9.797483237167419645e+00,9.797089704398832311e+00,9.796371406473687315e+00,9.795066209735473706e+00,-1.153896382957823263e+01,-2.683474679270103991e+01,-1.520909083327775946e+01,3.864578033359428844e+00,9.869704710950527371e+00,9.814094130671437100e+00,9.803197489286660016e+00
9.797305494774672496e+00,9.796764658562107542e+00,9.795777422483034513e+00,-2.837666341752368382e+01,-3.332566872640548183e+01,-2.840447227379817008e+01,-1.490678721142458762e+01,3.877178097872312268e+00,9.869271937314403331e+00,9.814022653782656036e+00,9.803175340547015892e+00
9.797307508883640992e+00,9.796768350676904547e+00,9.795784180254479168e+00,-2.923777028138961853e+01,-3.322019938526999283e+01,-2.832553040216045659e+01,-1.489916144823145316e+01,3.900352479330789102e+00,9.869734754584191805e+00,9.814220088121443197e+00,9.803243140048223836e+00
9.797296360945086491e+00,9.796747961508506464e+00,9.795746911109855404e+00,-2.891055389626068006e+01,-3.294799863462770162e+01,-2.812067377535325363e+01,-1.485368669779539275e+01,3.959543981427473991e+00,9.869956134310458040e+00,9.814306366199604170e+00,9.803272588783434216e+00
9.797291652465151657e+00,9.796739361579902550e+00,9.795731198735097678e+00,-2.749504685980553020e+01,-3.223588077842484978e+01,-2.755112603434934115e+01,-1.462980253369725503e+01,4.088479144447553004e+00,9.870140804259930789e+00,9.814279447756106833e+00,9.803261086853590101e+00
9.797295075456091240e+00,9.796745625288053816e+00,9.795742647076039589e+00,-3.184631658557254141e+01,-3.038004967466964956e+01,-2.598166990632130791e+01,-1.390647049885614628e+01,4.380881817440871018e+00,9.869581522926155870e+00,9.813997926108614323e+00,9.803163476792750686e+00
9.797311736861905374e+00,9.796776093461017965e+00,9.795798327771366942e+00,-9.510620882011009414e+00,-2.580737408999699056e+01,-2.207971334523567108e+01,-1.157642715146266710e+01,4.944240004038590541e+00,9.867649236513244659e+00,9.813798454026859019e+00,9.803089587011202255e+00
9.797327543711743303e+00,9.796805004405580775e+00,9.795851176397379234e+00,-5.008507960590324437e+00,-1.696359858869913495e+01,-1.435865490874092387e+01,-6.612035478784170195e+00,5.946189553369592318e+00,9.862745648275019761e+00,9.813115212096764850e+00,9.803058086014855732e+00
9.797338976823171564e+00,9.796825924848887368e+00,9.795889444493292686e+00,2.299899672434815301e-01,-5.704921807614715235e+00,-4.276090191176594502e+00,3.219387595631939547e-02,7.375666854915285953e+00,9.853087972603427502e+00,9.811713745872195247e+00,9.802773178420467914e+00
9.797380274308528314e+00,9.796901453859286235e+00,9.796027504987856460e+00,5.241961394150752795e+00,3.008122131864031434e+00,3.622854976265263538e+00,5.464774034276185688e+00,8.676474955009707557e+00,9.839493234807282107e+00,9.809728093923677505e+00,9.802447003248136781e+00
9.797425097730521060e+00,9.796983451838750412e+00,9.796177452361190419e+00,8.085453503888286875e+00,7.338151350278073082e+00,7.558727039128489089e+00,8.217011623387564967e+00,9.384375082173173510e+00,9.826649740804050737e+00,9.807623394497237967e+00,9.802000779875832848e+00
