9.797510475020470011e+00,9.797139610541817589e+00,9.796462731634681731e+00,9.795233016531094350e+00,-5.744360021234564329e+01,-4.938753209455881432e+01,-2.620913536969531066e+01,2.559940176491567243e+00,9.875237212623936500e+00,9.814296129524304746e+00,9.803221363151767065e+00
9.797332749043222933e+00,9.796814634840149694e+00,9.795868956486458501e+00,-5.939231492465648188e+01,-5.874788890014542631e+01,-4.950102587545411126e+01,-2.648655194211070452e+01,2.570938206155130246e+00,9.875544223190104276e+00,9.814326204775129625e+00,9.803229554862202377e+00
9.797332808835681917e+00,9.796814703210021236e+00,9.795869049306439535e+00,-5.921438189570921651e+01,-5.841083282237067920e+01,-4.925613690191316607e+01,-2.635740048843909022e+01,2.606388288149649846e+00,9.877430761962077810e+00,9.814459139106297414e+00,9.803271194475325245e+00
9.797328702543456558e+00,9.796807206384213984e+00,9.795855358360846310e+00,-5.817011001512604196e+01,-5.753682637413786694e+01,-4.863470018064768396e+01,-2.573404879527105393e+01,2.691440298635047856e+00,9.877921542405511346e+00,9.814331990163895014e+00,9.803230447964960348e+00
9.797333430131397236e+00,9.796815876593052863e+00,9.795871215982007385e+00,-5.622033421414609222e+01,-5.524101210314988464e+01,-4.678744428849256565e+01,-2.505244564280929609e+01,2.873318763401804699e+00,9.878757636378351137e+00,9.814349780555149394e+00,9.803229617173508714e+00
9.797338288212218416e+00,9.796824759736928456e+00,9.795887455622217743e+00,-1.811106464202546817e+01,-4.958906813766359534e+01,-4.249226567069953830e+01,-2.282389064953377300e+01,3.248760623219670851e+00,9.878048194564748030e+00,9.814301874184462093e+00,9.803208367730643857e+00
9.797345040590521137e+00,9.796837108528910321e+00,9.795910032353901897e+00,-1.434033249608271632e+01,-4.006793476973678025e+01,-3.423493522367896702e+01,-1.875776484088922658e+01,4.021556390642915702e+00,9.876337718753413597e+00,9.814120027578901784e+00,9.803136954218341970e+00
9.797362872338473139e+00,9.796869709170833218e+00,9.795969615066740133e+00,-9.226900139487444363e+00,-2.497009132167963941e+01,-2.116720852772828465e+01,-1.071848542111006353e+01,5.383213997667217754e+00,9.869367495025473502e+00,9.813316564299292111e+00,9.803078596643549858e+00
9.797370800187010786e+00,9.796884216123174838e+00,9.795996144932438199e+00,-1.507265267022711797e+00,-8.647219586523638313e+00,-6.849569126286997545e+00,-1.546553046113249508e+00,7.202255136164923854e+00,9.856656838191279135e+00,9.811878590791014432e+00,9.802797666571439805e+00
9.797401531221600735e+00,9.796940409906779834e+00,9.796098833196687394e+00,4.728975086491884028e+00,2.140685745751198077e+00,2.902907731004211733e+00,5.042339522945217034e+00,8.665653576687706305e+00,9.840872422633575312e+00,9.809665417676747268e+00,9.802400035489030827e+00
9.797447577297145216e+00,9.797024645004642096e+00,9.796252841043171955e+00,7.058869285192519882e+00,7.104402858385956421e+00,7.369576703562608522e+00,8.112149481272385998e+00,9.393510814818011312e+00,9.826903935388601852e+00,9.807388895845930321e+00,9.801884344814293826e+00
