1.385623424602064446e+01,1.385609207143436095e+01,1.385583308918289447e+01,1.385536552843449343e+01,1.385454577837995771e+01,-2.912114357538247589e+01,-4.329705357880825112e+00,1.366043748204250718e+01,1.390927912737403638e+01,1.386714475681687375e+01,1.386060080743213163e+01
1.385612862554840774e+01,1.385589896227801887e+01,1.385548041134610386e+01,1.385472355614111706e+01,-3.962405241969920411e+01,-3.078224112585499128e+01,-4.210135893978863564e+00,1.365644989665782383e+01,1.390879044710173673e+01,1.386704940918927775e+01,1.386056392113136582e+01
1.385613081148431824e+01,1.385590295888765588e+01,1.385548770958734721e+01,1.385473682674064655e+01,1.385341319550061279e+01,-2.838051440885333321e+01,-4.084860309737361028e+00,1.366022453302132789e+01,1.390847610546119029e+01,1.386698505519445490e+01,1.386053874371039996e+01
1.385613251392866907e+01,1.385590607132335350e+01,1.385549339198106544e+01,1.385474715755218966e+01,1.385343172685936608e+01,-2.752895866033647820e+01,-3.599704409921009152e+00,1.366791444316804416e+01,1.390807899419755067e+01,1.386712452996540357e+01,1.386059302320687614e+01
1.385612904886559704e+01,1.385589973197112812e+01,1.385548181380046806e+01,1.385472610442656816e+01,-3.502260887276404588e+01,-2.717803011254301992e+01,-2.935853164431541096e+00,1.368689486739380889e+01,1.390781156052146272e+01,1.386705279503562949e+01,1.386056361555445804e+01
1.385613205945228543e+01,1.385590523275743102e+01,1.385549185512661907e+01,1.385474437675732418e+01,1.385342690550129063e+01,-1.079102612741887679e+00,-1.267408735258509722e+00,1.371952690761099802e+01,1.390586430632871284e+01,1.386684846558479300e+01,1.386048191196424106e+01
1.385613895190588707e+01,1.385591783574649938e+01,1.385551487167941431e+01,1.385478626579886452e+01,1.385350231423918821e+01,2.255422488184092522e+00,2.358252091048155030e+00,1.377380867117707197e+01,1.390168505207935823e+01,1.386635373264841320e+01,1.386048241376960988e+01
1.385614209161711585e+01,1.385592357974068278e+01,1.385552537951041430e+01,1.385480548866972228e+01,1.385353747741651098e+01,-1.407736977716576021e+00,6.845914672863312234e+00,1.381495456430146085e+01,1.389422114994551016e+01,1.386529574168425683e+01,1.386023881579099815e+01
1.385615996123161864e+01,1.385595625703309608e+01,1.385558505578593724e+01,1.385491405298811962e+01,1.385373257120303236e+01,7.366054360743731877e+00,1.072092164239353274e+01,1.385092555299848094e+01,1.388463086150606607e+01,1.386391810421582349e+01,1.386001128892461409e+01
1.385617922075944364e+01,1.385599147345676485e+01,1.385564938827717540e+01,1.385503120611848971e+01,1.385394372040664202e+01,1.157843489380369917e+01,1.271029148063955994e+01,1.386690470018928423e+01,1.387579001239704191e+01,1.386252475289045094e+01,1.385969539812779949e+01
1.385620823218163267e+01,1.385604453140318526e+01,1.385574633596316119e+01,1.385520784740891997e+01,1.385426255764942027e+01,1.310974789412680153e+01,1.347538928780532785e+01,1.386641311304999213e+01,1.386900882852049577e+01,1.386132778906170770e+01,1.385939582037432061e+01
