9.797501880163421717e+00,9.797123847512125394e+00,9.796433913770675517e+00,9.795180655650055357e+00,-5.199094364398019508e+01,-4.947499394642932913e+01,-2.653602379923859900e+01,2.554730752576181096e+00,9.874894004450959883e+00,9.814220251817003415e+00,9.803196783094941580e+00
9.797335690524091589e+00,9.796819928360246621e+00,9.795878546956554800e+00,-5.946029248571232273e+01,-5.862626430087752993e+01,-4.948569176191527674e+01,-2.648673818243478451e+01,2.570858395876339575e+00,9.875527295350705614e+00,9.814317118603231194e+00,9.803226395769829793e+00
9.797333312236013114e+00,9.796815579631946491e+00,9.795870603526017462e+00,-5.919981234297782180e+01,-5.828975438510707363e+01,-4.923780082920799117e+01,-2.635793361650303979e+01,2.606770009436784274e+00,9.877460601655251082e+00,9.814467396231581375e+00,9.803273935129805494e+00
9.797328276135168323e+00,9.796806384502156462e+00,9.795853810121398553e+00,-5.822466796966163116e+01,-5.738665983710750140e+01,-4.855048544296668211e+01,-2.598517765427941129e+01,2.689931401443793835e+00,9.877896969181312770e+00,9.814530598490042834e+00,9.803293101656407771e+00
9.797326869742382982e+00,9.796803827198234060e+00,9.795849149756497454e+00,-5.624804943718179118e+01,-5.501009021260458098e+01,-4.664222329250493715e+01,-2.515226228530250552e+01,2.881772260347420289e+00,9.878526944846983682e+00,9.814517945886894523e+00,9.803282894250505919e+00
9.797332532680988137e+00,9.796814181866468019e+00,9.795868077603179458e+00,-1.809362095023002581e+01,-4.920864514499331932e+01,-4.216135231329233335e+01,-2.270491373995062645e+01,3.276533032706034465e+00,9.877963941670657277e+00,9.814221667801545479e+00,9.803179874295302909e+00
9.797350315580153790e+00,9.796846701605046448e+00,9.795927511174642888e+00,-1.435969995980529923e+01,-3.920939801278079528e+01,-3.349504906273180893e+01,-1.797934726760643542e+01,4.071284678113370248e+00,9.875947636346351644e+00,9.813993678567312529e+00,9.803094444234616844e+00
9.797369209252975608e+00,9.796881255835600655e+00,9.795990676135399866e+00,-8.918552118518316973e+00,-2.350908451177112823e+01,-2.009880423256885962e+01,-1.014625782932120401e+01,5.469583150668617222e+00,9.869441637228337783e+00,9.813143814438424428e+00,9.803012315261199205e+00
9.797384721813232389e+00,9.796909616438352231e+00,9.796042511982054890e+00,-1.419440537744094399e+00,-7.836097216434446011e+00,-6.042963357331002427e+00,-1.010146001125558968e+00,7.300543857897600297e+00,9.856537078954817233e+00,9.811619132130466880e+00,9.802696396893923136e+00
9.797421257040804576e+00,9.796976432570978943e+00,9.796164621626216373e+00,4.867574925283859599e+00,2.595884879902591980e+00,3.310844255882545273e+00,5.306127487804348064e+00,8.728623288825453130e+00,9.840598899121367538e+00,9.809579463960968582e+00,9.802354942153593598e+00
9.797461847483283748e+00,9.797050690823276398e+00,9.796300402224224158e+00,7.233007840739663408e+00,7.279709154541777139e+00,7.525717006093458394e+00,8.211570306940132014e+00,9.419903128661067271e+00,9.826716514616604670e+00,9.807332262607227236e+00,9.802045832393922353e+00
