1.385623395241577782e+01,1.385609139745326601e+01,1.385583169062149622e+01,1.385536264933805839e+01,1.385453930513514997e+01,-2.779828416595145413e+01,-4.486410663946463373e+00,1.365629357462449889e+01,1.390929112781392973e+01,1.386715184709849780e+01,1.386060391834063665e+01
1.385612800609372286e+01,1.385589771170793760e+01,1.385547800273138108e+01,1.385471904622512795e+01,-7.598854904522600151e+00,-2.903161352323982669e+01,-4.400463064697110127e+00,1.365287827721179070e+01,1.390902113001784812e+01,1.386710035686898124e+01,1.386058409952399728e+01
1.385612909997617237e+01,1.385589971151254218e+01,1.385548165387684350e+01,1.385472568143534566e+01,-3.726077371983815567e+01,-2.907350854439416565e+01,-4.343439524559017606e+00,1.365719918769898200e+01,1.390868793527008407e+01,1.386702960379036043e+01,1.386055620970855884e+01
1.385613114794118594e+01,1.385590345449736915e+01,1.385548848767340679e+01,1.385473811131041089e+01,1.385341539201640870e+01,-2.624537575134872824e+01,-3.833672447184580889e+00,1.366686380192018291e+01,1.390834284272792054e+01,1.386695526548631108e+01,1.386052680544809590e+01
1.385613337525567701e+01,1.385590752442731599e+01,1.385549591603932384e+01,1.385475161656526311e+01,1.385343964286679785e+01,-2.305514050689570027e+01,-2.812926170547703109e+00,1.368298063906904005e+01,1.390779804164664313e+01,1.386705525163215569e+01,1.386056497261718334e+01
1.385613151979273283e+01,1.385590413231621731e+01,1.385548972465099382e+01,1.385474037645286849e+01,1.385341959930042499e+01,-9.822492744974935519e-01,-3.273289782007084980e-01,1.372432097630781378e+01,1.390548077622583989e+01,1.386676608502397379e+01,1.386044960648014346e+01
1.385614105237380578e+01,1.385592155740290110e+01,1.385552154318748386e+01,1.385479827896579863e+01,1.385352381170381619e+01,-7.998907625492480022e+00,3.126360927372665799e+00,1.375840278188977450e+01,1.390131450128951585e+01,1.386629669461688508e+01,1.386046115262223388e+01
1.385614168238927491e+01,1.385592271573837664e+01,1.385552367217996661e+01,1.385480220823177255e+01,1.385353117310986804e+01,6.570569521150825487e+00,7.797298124383046591e+00,1.381548913274637158e+01,1.389377438206934201e+01,1.386519433494311038e+01,1.386019539671006129e+01
1.385616237261609918e+01,1.385596054234874686e+01,1.385559275094773923e+01,1.385492791031699156e+01,1.385375728753655622e+01,1.036591092919586288e+01,1.123004909565858433e+01,1.384632136679475778e+01,1.388412361430947328e+01,1.386380212835920211e+01,1.385995759193167132e+01
1.385618092150562575e+01,1.385599445710881383e+01,1.385565469899438362e+01,1.385504068282942924e+01,1.385396030442129600e+01,1.246534354429859448e+01,1.290539230794704295e+01,1.386110977123222199e+01,1.387475751705319027e+01,1.386244052603901977e+01,1.385965446164830261e+01
1.385620712755581252e+01,1.385604238091695706e+01,1.385574226525137576e+01,1.385520022107588822e+01,1.385424813975667035e+01,1.335873851695054704e+01,1.353771487142164709e+01,1.386204040488218681e+01,1.386798979214534100e+01,1.386117517322049508e+01,1.385930958392654944e+01
