9.797496385218673609e+00,9.797114252669253176e+00,9.796416863214416182e+00,9.795150176347387827e+00,-4.926534853391206781e+01,-4.369800870309504859e+01,-2.453918346029685793e+01,2.547045655134736020e+00,9.874650849895299842e+00,9.814254172908851714e+00,9.803211434609389485e+00
9.797331708295182295e+00,9.796813062905478375e+00,9.795866432884132280e+00,-4.740281418462212315e+01,-4.848200089147695024e+01,-4.390356383153439879e+01,-2.432192172423858878e+01,2.563782599742517210e+00,9.874721991601694171e+00,9.814259667440063950e+00,9.803212789685002093e+00
9.797331824511475773e+00,9.796813257655744067e+00,9.795866776070477400e+00,-5.252347628991643091e+01,-5.098725750950504931e+01,-4.382558489567143312e+01,-2.420081200610319527e+01,2.599115324283177930e+00,9.876438768222474351e+00,9.814375621720989429e+00,9.803249630749881760e+00
9.797327786260552784e+00,9.796805870982995046e+00,9.795853271129846718e+00,-5.050559716039282421e+01,-5.065615353664652076e+01,-4.359568659090951570e+01,-2.433212751741648106e+01,2.680572586053854067e+00,9.877231219053113520e+00,9.814534805473954293e+00,9.803300630759439471e+00
9.797321910006967727e+00,9.796795133074477135e+00,9.795833655203690427e+00,-5.174157502680662191e+01,-4.984214888760141804e+01,-4.296577921495418195e+01,-2.417621975615080032e+01,2.872601862494501113e+00,9.878092052803868484e+00,9.814346723214358192e+00,9.803234410658339115e+00
9.797333902498696290e+00,9.796817074530283165e+00,9.795873760519965501e+00,-1.734755754486405621e+01,-4.762421252436506336e+01,-4.117346205762652289e+01,-2.313560892623641152e+01,3.242126533100986308e+00,9.878166287846498861e+00,9.814369612591740122e+00,9.803232114479758508e+00
9.797341206015302006e+00,9.796830439317547601e+00,9.795898204096202377e+00,-1.453053747114427097e+01,-4.212167262148195590e+01,-3.654646815158555029e+01,-2.048609281393937565e+01,3.934585055756505856e+00,9.876872896315287420e+00,9.814035532647094939e+00,9.803111728096327582e+00
9.797364838526682718e+00,9.796873659480986873e+00,9.795977201789730415e+00,-1.027519243878221467e+01,-3.081528473469058227e+01,-2.655304444391429541e+01,-1.420863184262419310e+01,5.118130710522023286e+00,9.872187131138279170e+00,9.813464850444088228e+00,9.803117989744690064e+00
9.797374022738116750e+00,9.796890467903979882e+00,9.796007958408500471e+00,-3.894034170637148407e+00,-1.462127925263963490e+01,-1.220799913573140216e+01,-4.950767174706174778e+00,6.796037337653279664e+00,9.861664051763767702e+00,9.812167180441305092e+00,9.802878082114284908e+00
9.797407234508552776e+00,9.796951216475310531e+00,9.796118997513504567e+00,-1.477998467902033042e+00,-1.318469075816206981e+00,-1.713201719639290133e-01,3.068478384064460496e+00,8.364708384743369862e+00,9.846541989722210175e+00,9.810288034252986122e+00,9.802410317903612835e+00
9.797463104550768520e+00,9.797053409385954481e+00,9.796305782523774042e+00,9.794948007592582329e+00,5.768411916682633311e+00,6.132798692633813609e+00,7.309821642194796354e+00,9.260445747248310155e+00,9.831772092070337976e+00,9.808103990583553866e+00,9.802159011758023510e+00
