5.542535418828504135e+01,5.542512933303115830e+01,5.542471924605678879e+01,5.542397602901796461e+01,5.542265627721464227e+01,1.950999988141171571e+01,2.639380623560504091e+01,5.359787579512796185e+01,5.550782406574855088e+01,5.543967286323374566e+01,5.543045080763531018e+01
5.542526827763222030e+01,5.542497231526301960e+01,5.542443272344263505e+01,5.542345583555098187e+01,7.970126345628239406e+00,1.124180120044477604e+01,2.638321436710408108e+01,5.355779646861579835e+01,5.550808811448351321e+01,5.543973013476677636e+01,5.543026764492727665e+01
5.542528124520257649e+01,5.542499602396378577e+01,5.542447601095753384e+01,5.542353454852812433e+01,8.748062472123443456e+00,1.129287475857802292e+01,2.643393657772920591e+01,5.159855482210254252e+01,5.550680830944894240e+01,5.544035390148610531e+01,5.543057233566401010e+01
5.542518192995062520e+01,5.542481439401412047e+01,5.542414395780208025e+01,5.542292811723984869e+01,2.196483889976229165e+01,5.271982813493426789e+00,2.622871436619312391e+01,5.169708118612857106e+01,5.550669149625007037e+01,5.544031153353358832e+01,5.543055683783817500e+01
5.542518428477056602e+01,5.542481870701301006e+01,5.542415184453790289e+01,5.542294250212439977e+01,2.307078799175319617e+01,9.837525892790619508e+00,2.804021452321996577e+01,5.190013259819350111e+01,5.550676315518181525e+01,5.544027757705480042e+01,5.543054261364180491e+01
5.542518768393650674e+01,5.542482492226022828e+01,5.542416320282501374e+01,5.542296322797419350e+01,2.675626988212053092e+01,1.695877668952612893e+01,3.156341163114147008e+01,5.227462562326102358e+01,5.550512543610055616e+01,5.544012803387021648e+01,5.543048736087542494e+01
5.542519643696010689e+01,5.542484092695477216e+01,5.542419244925937960e+01,5.542301656979954316e+01,3.234063484897863106e+01,2.802634742228694620e+01,3.771504858068982458e+01,5.295226329686991562e+01,5.549904985224517873e+01,5.543942416234293802e+01,5.543045190016482593e+01
5.542520142724337262e+01,5.542485005259075592e+01,5.542420912893622642e+01,5.542304700085355762e+01,4.194520832235333785e+01,4.189012320640235743e+01,4.517016133678649226e+01,5.394458411135506992e+01,5.548688497231339056e+01,5.543814792949056880e+01,5.543020319844509913e+01
5.542522460348631341e+01,5.542489242722246701e+01,5.542428653852489617e+01,5.542318800194294681e+01,4.947444490821996510e+01,4.938989163039134667e+01,5.096760179663957047e+01,5.477625882953896053e+01,5.547078397266620442e+01,5.543638385855966533e+01,5.542974227521446551e+01
5.542526644056106733e+01,5.542496892388568597e+01,5.542442628687848583e+01,5.542344255470533199e+01,5.320333728699891651e+01,5.322647293196529006e+01,5.382014475936877318e+01,5.519688049391276508e+01,5.545645244429610443e+01,5.543421229896931379e+01,5.542943626698226467e+01
5.542529554242322831e+01,5.542502215657181353e+01,5.542452361432260943e+01,5.542362012223302514e+01,5.467768948935125195e+01,5.467977726244515679e+01,5.489352618134439155e+01,5.536210159682518395e+01,5.544351157650586970e+01,5.543190946042427925e+01,5.542890233181572057e+01
