1.385623395241517919e+01,1.385609139745269758e+01,1.385583169062103259e+01,1.385536264933792516e+01,1.385453930513606124e+01,-2.779828416592905427e+01,-4.486410663940483268e+00,1.365629357467285487e+01,1.390929112796636247e+01,1.386715184758173436e+01,1.386060391986966778e+01
1.385612800609312245e+01,1.385589771170737450e+01,1.385547800273092278e+01,1.385471904622499828e+01,-7.598854904460647930e+00,-2.903161352323357391e+01,-4.400463064670526059e+00,1.365287827725879666e+01,1.390902113017011033e+01,1.386710035735177726e+01,1.386058410105164995e+01
1.385612909997557551e+01,1.385589971151197375e+01,1.385548165387638164e+01,1.385472568143521421e+01,-3.726077372008720801e+01,-2.907350854437332899e+01,-4.343439524544771224e+00,1.365719918774668962e+01,1.390868793542224680e+01,1.386702960427272657e+01,1.386055621123484016e+01
1.385613114794058731e+01,1.385590345449680250e+01,1.385548848767294317e+01,1.385473811131027944e+01,1.385341539201732175e+01,-2.624537575141818380e+01,-3.833672447173837483e+00,1.366686380196718709e+01,1.390834284287992340e+01,1.386695526596824557e+01,1.386052680697300588e+01
1.385613337525508015e+01,1.385590752442675111e+01,1.385549591603886377e+01,1.385475161656513166e+01,1.385343964286771268e+01,-2.305514050706988982e+01,-2.812926170533487813e+00,1.368298063911507789e+01,1.390779804179848256e+01,1.386705525211365853e+01,1.386056497414075039e+01
1.385613151979213598e+01,1.385590413231565243e+01,1.385548972465053552e+01,1.385474037645273881e+01,1.385341959930133626e+01,-9.822492744474722315e-01,-3.273289781906094653e-01,1.372432097635507020e+01,1.390548077637758517e+01,1.386676608550505918e+01,1.386044960800238002e+01
1.385614105237320715e+01,1.385592155740233622e+01,1.385552154318702378e+01,1.385479827896566718e+01,1.385352381170472569e+01,-7.998907625589227521e+00,3.126360927377922039e+00,1.375840278193619071e+01,1.390131450144109948e+01,1.386629669509758322e+01,1.386046115414327673e+01
1.385614168238867805e+01,1.385592271573781176e+01,1.385552367217950476e+01,1.385480220823164288e+01,1.385353117311077931e+01,6.570569521157143988e+00,7.797298124343731374e+00,1.381548913279375412e+01,1.389377438222097183e+01,1.386519433542350299e+01,1.386019539823005076e+01
1.385616237261550232e+01,1.385596054234818020e+01,1.385559275094727383e+01,1.385492791031685655e+01,1.385375728753745683e+01,1.036591092915077716e+01,1.123004909568346044e+01,1.384632136684237835e+01,1.388412361446098586e+01,1.386380212883931051e+01,1.385995759345080636e+01
1.385618092150502889e+01,1.385599445710824895e+01,1.385565469899392355e+01,1.385504068282929424e+01,1.385396030442219839e+01,1.246534354430294123e+01,1.290539230796075287e+01,1.386110977127979638e+01,1.387475751720456785e+01,1.386244052651889191e+01,1.385965446316675909e+01
1.385620712755521566e+01,1.385604238091639573e+01,1.385574226525091746e+01,1.385520022107575500e+01,1.385424813975757630e+01,1.335873851695376224e+01,1.353771487143606223e+01,1.386204040492994594e+01,1.386798979229670437e+01,1.386117517370020025e+01,1.385930958544446057e+01
