1.385623756386232230e+01,1.385609800401315539e+01,1.385584377863243333e+01,1.385538478229118553e+01,1.385457992110423575e+01,-2.841080970795285054e+01,-4.550676355470374190e+00,1.366030669317876445e+01,1.390946066098526757e+01,1.386718160844035808e+01,1.386061514154324925e+01
1.385612756621618757e+01,1.385589690586087741e+01,1.385547653060610074e+01,1.385471637331962036e+01,-7.236467774913901252e+00,-2.948972211368756291e+01,-4.483006942787471694e+00,1.365453691789295476e+01,1.390896559003227750e+01,1.386708754348891404e+01,1.386057896249073806e+01
1.385612953993086016e+01,1.385590051418322233e+01,1.385548311792239318e+01,1.385472834173204149e+01,1.385339783361370714e+01,-2.817737312742864475e+01,-4.301323956392362646e+00,1.365619586324995183e+01,1.390853793559660545e+01,1.386700166034935222e+01,1.386054551437592686e+01
1.385613169028513347e+01,1.385590444503091589e+01,1.385549029511870245e+01,1.385474139249916270e+01,1.385342124276899334e+01,-2.656840850784330144e+01,-3.823362926532688277e+00,1.366566616288539038e+01,1.390821179598949087e+01,1.386715391965626765e+01,1.386060461286547429e+01
1.385612804938116938e+01,1.385589778774335912e+01,1.385547814115367871e+01,1.385471930379005201e+01,-3.279107617924583451e+01,-2.547738884079769406e+01,-2.671831344374822947e+00,1.368474240343067549e+01,1.390776771573341009e+01,1.386704793236115307e+01,1.386056203058302216e+01
1.385613178185788108e+01,1.385590461204869150e+01,1.385549060143515732e+01,1.385474197231423688e+01,1.385342246814655454e+01,-7.804929945713456885e-01,-9.359571132096444757e-02,1.372415069655461828e+01,1.390532780778001509e+01,1.386673667719195180e+01,1.386043837464975326e+01
1.385614160411634010e+01,1.385592256914497433e+01,1.385552339243914943e+01,1.385480163620223237e+01,1.385352978752530539e+01,3.081811379507267468e+00,3.683801021393577457e+00,1.376687723595039259e+01,1.390118660411767593e+01,1.386626067747456403e+01,1.386044570099918261e+01
1.385614322898866213e+01,1.385592554286595046e+01,1.385552883635152099e+01,1.385481161468973355e+01,1.385354814712950677e+01,7.000726854314962111e+00,8.049090410535015394e+00,1.381415477073558051e+01,1.389319088992276541e+01,1.386506574103509948e+01,1.386014076673854944e+01
1.385616526091892808e+01,1.385596582056075476e+01,1.385560238207572326e+01,1.385494539256264446e+01,1.385378848138522656e+01,1.060737269561013996e+01,1.148553034120797278e+01,1.385022485617083632e+01,1.388330131822954172e+01,1.386378439343366864e+01,1.385994831776521963e+01
1.385618210751361445e+01,1.385599662758363948e+01,1.385565866936677892e+01,1.385504793434389370e+01,1.385397346849660849e+01,1.220974441350163531e+01,1.298503031457904022e+01,1.386112520007788440e+01,1.387470744663855271e+01,1.386243992368596167e+01,1.385965607649342424e+01
1.385620551022622138e+01,1.385603942844240066e+01,1.385573688153895056e+01,1.385519042935843004e+01,1.385423042478176470e+01,1.343031404423687647e+01,1.357260077645653062e+01,1.386399251458141890e+01,1.386740648849988133e+01,1.386089725143490270e+01,1.385932179385888752e+01
