5.542534227160354021e+01,5.542510753419250591e+01,5.542467940410839589e+01,5.542390337523006139e+01,6.061610792244835011e+00,1.093083881143680181e+01,2.656195802560177555e+01,5.154252114423086084e+01,5.550649608527744761e+01,5.544031397263958638e+01,5.543055995460885299e+01
5.542518226834906159e+01,5.542481500082271850e+01,5.542414505187514351e+01,5.542293008247688135e+01,2.059331498310779196e+01,1.129796214445928904e+01,2.667111677347800480e+01,5.155287324033916718e+01,5.550598869122300272e+01,5.544022124633331572e+01,5.543052878553989160e+01
5.542518509053484621e+01,5.542482016120148103e+01,5.542415447832315323e+01,5.542294724903347003e+01,2.020968377162803975e+01,1.160750035133037983e+01,2.688215805921101875e+01,5.158621960482440016e+01,5.550608634651816686e+01,5.544023451654611279e+01,5.543053296548595910e+01
5.542518492082375303e+01,5.542481985063894001e+01,5.542415391082628418e+01,5.542294621741940830e+01,2.079486161402639155e+01,1.239642048291667820e+01,2.736557021235263676e+01,5.167812548194089572e+01,5.550643802684698613e+01,5.544028314841590088e+01,5.543054837368210741e+01
5.542518422981659398e+01,5.542481858725976451e+01,5.542415160437701616e+01,5.542294202943079995e+01,2.302345129964160364e+01,1.415526787274083276e+01,2.849044760247569741e+01,5.188798775175523303e+01,5.550622729889921914e+01,5.544020525066242300e+01,5.543051982462196747e+01
5.542518858765382106e+01,5.542482655510563916e+01,5.542416616219360037e+01,5.542296857158972045e+01,2.744308815192115247e+01,1.860484377196896588e+01,3.149171145733371802e+01,5.230415263571252638e+01,5.550415605138388742e+01,5.543998821240029429e+01,5.543044274206661726e+01
5.542519866755396407e+01,5.542484498565537621e+01,5.542419983723129917e+01,5.542302996180563923e+01,3.390111480031715985e+01,2.850056067371030011e+01,3.787755332525461682e+01,5.309931806595950121e+01,5.549678391509202413e+01,5.543926969360986590e+01,5.543040082493249088e+01
5.542520367992743502e+01,5.542485415258641979e+01,5.542421659229327702e+01,5.542306052233816871e+01,4.375028832432853676e+01,4.385358904867658225e+01,4.578066578168990475e+01,5.414364064479991612e+01,5.548337344070716881e+01,5.543790120952348843e+01,5.543011504461913574e+01
5.542523078963405680e+01,5.542490372206461302e+01,5.542430715027144572e+01,5.542322549028179424e+01,5.066056749586599040e+01,5.053406565110456938e+01,5.147428344818481349e+01,5.490288994706558867e+01,5.546714936300116250e+01,5.543573466341402423e+01,5.542968384859235442e+01
5.542527132953946989e+01,5.542497785296460222e+01,5.542444259509028370e+01,5.542347227765144169e+01,5.371101979033581131e+01,5.366319533772745842e+01,5.403989499838856148e+01,5.525049875209956696e+01,5.545374510724023054e+01,5.543383994479744104e+01,5.542926832601256137e+01
5.542531215325301730e+01,5.542505252291900320e+01,5.542457909557366236e+01,5.542372124507939901e+01,5.484165270707915596e+01,5.473985537990787975e+01,5.497693667990812116e+01,5.537318009616389958e+01,5.544379606414986483e+01,5.543206556159569232e+01,5.542898978993967773e+01
