1.385623572412847082e+01,1.385609463072605863e+01,1.385583760481852522e+01,1.385537351370104453e+01,1.385455949642035556e+01,-2.395983147861117146e+01,-3.871730968506446935e+00,1.365080222015823885e+01,1.390939963348956354e+01,1.386717895525787547e+01,1.386061491757579844e+01
1.385612694020106161e+01,1.385589575354554270e+01,1.385547441585785222e+01,1.385471250278886579e+01,-7.201290757510099283e+00,-2.461540919921849024e+01,-3.743940506472332785e+00,1.364812799863823756e+01,1.390893049861644926e+01,1.386708617605858507e+01,1.386057890034170903e+01
1.385612916424263119e+01,1.385589981944904281e+01,1.385548183895783936e+01,1.385472599596257481e+01,-3.152178290587133347e+01,-2.473831671533809029e+01,-3.640914923181648000e+00,1.365311040010976917e+01,1.390886865886245261e+01,1.386707053866399164e+01,1.386057254012519024e+01
1.385612978497465519e+01,1.385590095484075235e+01,1.385548391359686882e+01,1.385472977618694657e+01,1.385340037916595790e+01,-2.222976401236858379e+01,-3.301590206170350150e+00,1.366014646802972621e+01,1.390834585013300639e+01,1.386696211144210977e+01,1.386052999298574129e+01
1.385613275305743386e+01,1.385590637926024726e+01,1.385549381483227904e+01,1.385474777424017034e+01,1.385343266502596826e+01,-2.022776312532282006e+01,-2.447757226704310618e+00,1.367711220491672464e+01,1.390767254335812453e+01,1.386703534850570563e+01,1.386055770565684497e+01
1.385613159850379361e+01,1.385590426926045993e+01,1.385548996491630547e+01,1.385474079211898157e+01,1.385342026156304129e+01,-1.059474230742580847e+00,-2.064615171833383833e-01,1.372074215269309505e+01,1.390542428769377281e+01,1.386675778665627412e+01,1.386044666755693910e+01
1.385614100569747364e+01,1.385592146782534329e+01,1.385552137351376878e+01,1.385479795776043588e+01,1.385352318923290582e+01,-7.995261833798455342e+00,2.756908095113420387e+00,1.375754624207046817e+01,1.390149408802949971e+01,1.386633418350369951e+01,1.386047633429556569e+01
1.385614082498910449e+01,1.385592113998065145e+01,1.385552078748240845e+01,1.385479696152238205e+01,1.385352179628138991e+01,1.834896355390535305e+00,7.425024463952101250e+00,1.380759727225655809e+01,1.389385623595500618e+01,1.386522760297201629e+01,1.386021104175946483e+01
1.385616033505387890e+01,1.385595680786715533e+01,1.385558591842330145e+01,1.385491544655395835e+01,1.385373473026146129e+01,1.030411623298564550e+01,1.113644290002197046e+01,1.385160406491988638e+01,1.388404941040926133e+01,1.386376255700058380e+01,1.385993651832175111e+01
1.385618387431703624e+01,1.385599984868845169e+01,1.385566454178064077e+01,1.385505862005414812e+01,1.385399278603133766e+01,1.201316288349665840e+01,1.284406442529561332e+01,1.386176761875311314e+01,1.387542618547365691e+01,1.386245335096127285e+01,1.385966219515313114e+01
1.385620599057777191e+01,1.385604029398769654e+01,1.385573844367830176e+01,1.385519324631966143e+01,1.385423551129732900e+01,1.335067384160376847e+01,1.352439528406166502e+01,1.386393417732974243e+01,1.386817055799426868e+01,1.386122028979970722e+01,1.385933301274678087e+01
