9.797501880170225164e+00,9.797123847518717454e+00,9.796433913776606772e+00,9.795180655653910051e+00,-5.199094374634893967e+01,-4.947499392731300816e+01,-2.653602379801957056e+01,2.554730752328994381e+00,9.874894003508270401e+00,9.814220248815464842e+00,9.803196773594974545e+00
9.797335690530911023e+00,9.796819928366859997e+00,9.795878546962514477e+00,-5.946029244505744771e+01,-5.862626430081009943e+01,-4.948569176194722274e+01,-2.648673818264937552e+01,2.570858395580474465e+00,9.875527294408058765e+00,9.814317115609918929e+00,9.803226386296952199e+00
9.797333312242823666e+00,9.796815579638556315e+00,9.795870603531984244e+00,-5.919981234565108252e+01,-5.828975438503103135e+01,-4.923780082887412135e+01,-2.635793361652354605e+01,2.606770009144372402e+00,9.877460600715251005e+00,9.814467393246889770e+00,9.803273925684127477e+00
9.797328276141962888e+00,9.796806384508746746e+00,9.795853810127345795e+00,-5.822466797161032304e+01,-5.738665983714009400e+01,-4.855048544313380887e+01,-2.598517765436956495e+01,2.689931401152764856e+00,9.877896968244382236e+00,9.814530595513881295e+00,9.803293092237536754e+00
9.797326869749158007e+00,9.796803827204803028e+00,9.795849149762421604e+00,-5.624804943835642490e+01,-5.501009021269928212e+01,-4.664222329259270339e+01,-2.515226228535295050e+01,2.881772260055208257e+00,9.878526943912817160e+00,9.814517942919140481e+00,9.803282884858170121e+00
9.797332532687741846e+00,9.796814181873019223e+00,9.795868077609085844e+00,-1.809362095035858076e+01,-4.920864514530177303e+01,-4.216135231347494283e+01,-2.270491373999707463e+01,3.276533032415600566e+00,9.877963940738949233e+00,9.814221664841966231e+00,9.803179864928873499e+00
9.797350315586886182e+00,9.796846701611576336e+00,9.795927511180531511e+00,-1.435969996002896920e+01,-3.920939801278817072e+01,-3.349504906273780591e+01,-1.797934726764663793e+01,4.071284677825216747e+00,9.875947635417118065e+00,9.813993675615614976e+00,9.803094434893138143e+00
9.797369209259686684e+00,9.796881255842111003e+00,9.795990676141268949e+00,-8.918552118722333333e+00,-2.350908451295146762e+01,-2.009880423321556009e+01,-1.014625782959018885e+01,5.469583150391081006e+00,9.869441636301534260e+00,9.813143811494015267e+00,9.803012305942537807e+00
9.797384721819925701e+00,9.796909616444839486e+00,9.796042511987902657e+00,-1.419440537844165462e+00,-7.836097217029399431e+00,-6.042963357242587819e+00,-1.010146001200851629e+00,7.300543857614868237e+00,9.856537078029958820e+00,9.811619129192335365e+00,9.802696387594941996e+00
9.797421257047469467e+00,9.796976432577439553e+00,9.796164621632041047e+00,4.867574925219228632e+00,2.595884879288783420e+00,3.310844255895405652e+00,5.306127487679100696e+00,8.728623288531318636e+00,9.840598898197914224e+00,9.809579461027970737e+00,9.802354932870555260e+00
9.797461847489925546e+00,9.797050690829713915e+00,9.796300402230023963e+00,7.233007841216577916e+00,7.279709154600629617e+00,7.525717006044477131e+00,8.211570306939556474e+00,9.419903128411952764e+00,9.826716513697304478e+00,9.807332259678910091e+00,9.802045823123640034e+00
