9.797510475021038445e+00,9.797139610542373589e+00,9.796462731635196874e+00,9.795233016531474490e+00,-5.744360021622971146e+01,-4.938753209305747305e+01,-2.620913536999972138e+01,2.559940176488352037e+00,9.875237212573438228e+00,9.814296129319872719e+00,9.803221362496792324e+00
9.797332749043707878e+00,9.796814634840549374e+00,9.795868956486685875e+00,-5.939231492386542755e+01,-5.874788890017061505e+01,-4.950102587546228960e+01,-2.648655194211484343e+01,2.570938206142801885e+00,9.875544223126166088e+00,9.814326204568519785e+00,9.803229554207335994e+00
9.797332808836246798e+00,9.796814703210564801e+00,9.795869049306931586e+00,-5.921438189576397093e+01,-5.841083282237180896e+01,-4.925613690191172367e+01,-2.635740048844499128e+01,2.606388288129394937e+00,9.877430761897148415e+00,9.814459138899787050e+00,9.803271193821284868e+00
9.797328702544023216e+00,9.796807206384766431e+00,9.795855358361354348e+00,-5.817011001528180714e+01,-5.753682637413722034e+01,-4.863470018064981559e+01,-2.573404879527961242e+01,2.691440298614731219e+00,9.877921542340645900e+00,9.814331989957659985e+00,9.803230447311797491e+00
9.797333430131965670e+00,9.796815876593608863e+00,9.795871215982517199e+00,-5.622033421366438688e+01,-5.524101210315300392e+01,-4.678744428851253900e+01,-2.505244564282815389e+01,2.873318763382278540e+00,9.878757636313626023e+00,9.814349780349195029e+00,9.803229616521219825e+00
9.797338288212783297e+00,9.796824759737480903e+00,9.795887455622725781e+00,-1.811106464204550903e+01,-4.958906813762853716e+01,-4.249226567069732141e+01,-2.282389064955474822e+01,3.248760623200566577e+00,9.878048194500095747e+00,9.814301873978774182e+00,9.803208367079202290e+00
9.797345040591087795e+00,9.796837108529462768e+00,9.795910032354408159e+00,-1.434033249609750627e+01,-4.006793476974279145e+01,-3.423493522367994046e+01,-1.875776484089310259e+01,4.021556390623066690e+00,9.876337718688835920e+00,9.814120027373474997e+00,9.803136953567722855e+00
9.797362872339038020e+00,9.796869709171385665e+00,9.795969615067244618e+00,-9.226900139486680530e+00,-2.497009132167838175e+01,-2.116720852773310924e+01,-1.071848542112115865e+01,5.383213997646432603e+00,9.869367494960950893e+00,9.813316564094101579e+00,9.803078595993683919e+00
9.797370800187575668e+00,9.796884216123723732e+00,9.795996144932944460e+00,-1.507265267023214506e+00,-8.647219586480524356e+00,-6.849569126260798058e+00,-1.546553046130711095e+00,7.202255136142554193e+00,9.856656838126774289e+00,9.811878590586022852e+00,9.802797665922222237e+00
9.797401531222162063e+00,9.796940409907326952e+00,9.796098833197190103e+00,4.728975086492315683e+00,2.140685745742040069e+00,2.902907731006931336e+00,5.042339522936667429e+00,8.665653576666468183e+00,9.840872422569134415e+00,9.809665417471927995e+00,9.802400034840342613e+00
9.797447577297706545e+00,9.797024645005187438e+00,9.796252841043672888e+00,7.058869285207485689e+00,7.104402858398067622e+00,7.369576703561298459e+00,8.112149481246801130e+00,9.393510814782452201e+00,9.826903935322887307e+00,9.807388895641000914e+00,9.801884344165937790e+00
