1.385622978770678415e+01,1.385608374793934061e+01,1.385581769368765670e+01,1.385533719857427215e+01,1.385449380873808067e+01,-1.695449092832664917e+01,-4.756133235656292424e-01,1.364730712324618267e+01,1.390931474907778664e+01,1.386716654909991320e+01,1.386061045257032021e+01
1.385612689694825583e+01,1.385589564522654982e+01,1.385547418577860412e+01,1.385471203913359517e+01,-6.381794541503646556e+00,-1.787855028219094322e+01,-4.357826832935283168e-01,1.364617729102151777e+01,1.390919051585046518e+01,1.386714296498415422e+01,1.386060139197767960e+01
1.385612738788522869e+01,1.385589654337188215e+01,1.385547582674417200e+01,1.385471502446247527e+01,-6.879681523242039631e+00,-1.768672887405556082e+01,-3.319733046158841461e-01,1.364823531643135013e+01,1.390896112645812011e+01,1.386709578930239850e+01,1.386058291630012462e+01
1.385612865122368831e+01,1.385589885260335841e+01,1.385548004231139174e+01,1.385472268824021747e+01,-6.663413273689553051e+00,-1.706117411383787896e+01,-6.052938603021384978e-02,1.365543073954684594e+01,1.390846003408680431e+01,1.386699021629513418e+01,1.386054135569580836e+01
1.385613165587619022e+01,1.385590434461535736e+01,1.385549006811304729e+01,1.385474091727442314e+01,1.385342025719609893e+01,-2.796182065198675737e+00,8.312253578587747160e-01,1.367995771197244537e+01,1.390766904185518982e+01,1.386703396963159918e+01,1.386055710625858239e+01
1.385613165181615258e+01,1.385590433907177754e+01,1.385549006471239686e+01,1.385474094823011804e+01,1.385342053020217179e+01,-5.602654289376425290e-01,1.696043932740873394e+00,1.371007728557105665e+01,1.390566488241332621e+01,1.386681778261235820e+01,1.386047083639520672e+01
1.385613879094821144e+01,1.385591739027479008e+01,1.385551389677930523e+01,1.385478431417075029e+01,1.385349856676381641e+01,2.382376465289634204e+00,4.621221881328661851e+00,1.376037930490405081e+01,1.390125700018309018e+01,1.386628286768646134e+01,1.386045537074732437e+01
1.385614210304546035e+01,1.385592344825427169e+01,1.385552497292403729e+01,1.385480454052409804e+01,1.385353535059621954e+01,6.671752583773759682e+00,8.341602088080033894e+00,1.380891279649587666e+01,1.389318363391277522e+01,1.386507338010908796e+01,1.386014491576682772e+01
1.385616427792564309e+01,1.385596398694294784e+01,1.385559899380623605e+01,1.385493917458022395e+01,1.385377717487204663e+01,1.055377088249983686e+01,1.149923089511402452e+01,1.384479546332764244e+01,1.388345218815838145e+01,1.386384262114977695e+01,1.385997801186985967e+01
1.385617881251563865e+01,1.385599056611990676e+01,1.385564755848524321e+01,1.385502765489685117e+01,1.385393681549697575e+01,1.258723823137937181e+01,1.299897710931567119e+01,1.385870044402109436e+01,1.387449570403546772e+01,1.386237735672514404e+01,1.385962320546740401e+01
1.385620684689454229e+01,1.385604183158325498e+01,1.385574122009795062e+01,1.385519823269138762e+01,1.385424416681415494e+01,1.341060576452226627e+01,1.356966240476441499e+01,1.386197677839216880e+01,1.386752862758062577e+01,1.386098311818881967e+01,1.385938283970209639e+01
