9.797494704128327569e+00,9.797110709381842142e+00,9.796409865814020179e+00,9.795136618571257614e+00,-5.504250748138006344e+01,-4.789829019476348293e+01,-2.559838274867296448e+01,2.552276478953071859e+00,9.874554781054749597e+00,9.814297323968354192e+00,9.803227905991681368e+00
9.797327403347557251e+00,9.796804783115293347e+00,9.795850869883832246e+00,-5.238473557568049443e+01,-5.467744408543940438e+01,-4.816086485174809440e+01,-2.553067974174261323e+01,2.569142527145049648e+00,9.874903258129180017e+00,9.814117629970757761e+00,9.803169089573309236e+00
9.797335069338302560e+00,9.796818786122798883e+00,9.795876442210026624e+00,-5.417093048680651179e+01,-5.490637835081801654e+01,-4.798500745370898812e+01,-2.549358729246566213e+01,2.604449297775048855e+00,9.876164977479556129e+00,9.814376066315798397e+00,9.803252093347833096e+00
9.797325344824979965e+00,9.796801007537597528e+00,9.795843957513664435e+00,-1.955375136282838611e+01,-5.303044438529710192e+01,-4.684292400201127293e+01,-2.512250862174296984e+01,2.684649514871708664e+00,9.876759999930371237e+00,9.814477372259844401e+00,9.803283753623714958e+00
9.797322276165916222e+00,9.796795398134250377e+00,9.795833709923666532e+00,-1.898331844922523004e+01,-5.040356835931186197e+01,-4.496449680811314664e+01,-2.463542536518115256e+01,2.899918040415780496e+00,9.877592303386633077e+00,9.814471004307133484e+00,9.803274052902192892e+00
9.797328983565936511e+00,9.796807661974430204e+00,9.795856126759288074e+00,-1.750547140450744266e+01,-4.809436111960778248e+01,-4.159542778185483769e+01,-2.237406926769140014e+01,3.320931962713825847e+00,9.877309410012722779e+00,9.814229420805677506e+00,9.803188488724289940e+00
9.797344807957797386e+00,9.796836607076659931e+00,9.795909034290582795e+00,-1.353886558054487566e+01,-3.644629958267424286e+01,-3.261174074612541318e+01,-1.769683441259450873e+01,4.134685667457613789e+00,9.875329713606353366e+00,9.813982830631664100e+00,9.803096113513495524e+00
9.797365212295392922e+00,9.796873912468576862e+00,9.795977215590296439e+00,-8.684382136259985785e+00,-2.265120744845759404e+01,-1.929449784088719611e+01,-9.455163456169447755e+00,5.490351643557419337e+00,9.868852324371218288e+00,9.813208550232605631e+00,9.803042720423706058e+00
9.797374738407192751e+00,9.796891340086563815e+00,9.796009084677296030e+00,-1.303560739335010155e+00,-7.158670070665589691e+00,-5.487526095774795110e+00,-6.234158979321131611e-01,7.268472719274665650e+00,9.855985978762946687e+00,9.811722766399597617e+00,9.802743660075499577e+00
9.797407556322418998e+00,9.796951356761852026e+00,9.796118765451176102e+00,4.899992938958140698e+00,2.853844361230626347e+00,3.511599160461829072e+00,5.439144880400660576e+00,8.694822873193865931e+00,9.840450847840362059e+00,9.809777867641892968e+00,9.802442822991526583e+00
9.797442461922576840e+00,9.797015226813035937e+00,9.796235576105338794e+00,8.010322610714654346e+00,7.357349169792319010e+00,7.589333146292974064e+00,8.253665495012629805e+00,9.404405244245563011e+00,9.826502530239180189e+00,9.807251796209392580e+00,9.802023839208750644e+00
