1.385623756386216598e+01,1.385609800401300973e+01,1.385584377863232675e+01,1.385538478229119264e+01,1.385457992110460168e+01,-2.841080970796310368e+01,-4.550676355466823253e+00,1.366030669319535917e+01,1.390946066103774115e+01,1.386718160860660021e+01,1.386061514206914325e+01
1.385612756621603303e+01,1.385589690586073175e+01,1.385547653060599416e+01,1.385471637331962746e+01,-7.236467774900964045e+00,-2.948972211368802476e+01,-4.483006942779370618e+00,1.365453691790924751e+01,1.390896559008469247e+01,1.386708754365499807e+01,1.386057896301614178e+01
1.385612953993070562e+01,1.385590051418308022e+01,1.385548311792228837e+01,1.385472834173204859e+01,1.385339783361407484e+01,-2.817737312743324196e+01,-4.301323956383726888e+00,1.365619586326607049e+01,1.390853793564896890e+01,1.386700166051528349e+01,1.386054551490084918e+01
1.385613169028497893e+01,1.385590444503077379e+01,1.385549029511859587e+01,1.385474139249916803e+01,1.385342124276935927e+01,-2.656840850787371977e+01,-3.823362926524874084e+00,1.366566616290143621e+01,1.390821179604180458e+01,1.386715391982204437e+01,1.386060461338991523e+01
1.385612804938101661e+01,1.385589778774321523e+01,1.385547814115357212e+01,1.385471930379006089e+01,-3.279107617928595886e+01,-2.547738884079442911e+01,-2.671831344370951378e+00,1.368474240344703752e+01,1.390776771578568471e+01,1.386704793252678236e+01,1.386056203110698704e+01
1.385613178185772654e+01,1.385590461204854762e+01,1.385549060143505073e+01,1.385474197231424043e+01,1.385342246814692047e+01,-7.804929945621090770e-01,-9.359571131659150112e-02,1.372415069657109932e+01,1.390532780783224887e+01,1.386673667735743365e+01,1.386043837517324917e+01
1.385614160411618556e+01,1.385592256914483045e+01,1.385552339243904285e+01,1.385480163620223948e+01,1.385352978752566955e+01,3.081811379506278925e+00,3.683801021398982911e+00,1.376687723596680257e+01,1.390118660416986351e+01,1.386626067763990910e+01,1.386044570152224864e+01
1.385614322898850759e+01,1.385592554286580480e+01,1.385552883635141441e+01,1.385481161468974065e+01,1.385354814712987093e+01,7.000726854313629843e+00,8.049090410540141960e+00,1.381415477075198162e+01,1.389319088997491392e+01,1.386506574120032553e+01,1.386014076726124422e+01
1.385616526091877532e+01,1.385596582056061266e+01,1.385560238207561667e+01,1.385494539256265156e+01,1.385378848138558894e+01,1.060737269561142071e+01,1.148553034121311001e+01,1.385022485618721788e+01,1.388330131828165648e+01,1.386378439359879700e+01,1.385994831828761598e+01
1.385618210751346169e+01,1.385599662758349737e+01,1.385565866936667234e+01,1.385504793434390081e+01,1.385397346849697087e+01,1.220974441350405471e+01,1.298503031458413481e+01,1.386112520009428906e+01,1.387470744669064970e+01,1.386243992385101365e+01,1.385965607701558255e+01
1.385620551022606861e+01,1.385603942844225678e+01,1.385573688153884575e+01,1.385519042935843714e+01,1.385423042478212707e+01,1.343031404423832953e+01,1.357260077646160568e+01,1.386399251459780224e+01,1.386740648855195701e+01,1.386089725159988717e+01,1.385932179438085576e+01
