1.385623572412852589e+01,1.385609463072611369e+01,1.385583760481857318e+01,1.385537351370107118e+01,1.385455949642031470e+01,-2.395983147861514695e+01,-3.871730968507661075e+00,1.365080222015519240e+01,1.390939963347985575e+01,1.386717895522705746e+01,1.386061491747824448e+01
1.385612694020112023e+01,1.385589575354559955e+01,1.385547441585790196e+01,1.385471250278889244e+01,-7.201290757511946694e+00,-2.461540919921132797e+01,-3.743940506473807162e+00,1.364812799863520532e+01,1.390893049860675035e+01,1.386708617602779192e+01,1.386057890024422790e+01
1.385612916424268803e+01,1.385589981944909610e+01,1.385548183895788910e+01,1.385472599596259968e+01,-3.152178290585177933e+01,-2.473831671533514864e+01,-3.640914923182816842e+00,1.365311040010673693e+01,1.390886865885276080e+01,1.386707053863322159e+01,1.386057254002777839e+01
1.385612978497471204e+01,1.385590095484080742e+01,1.385548391359691678e+01,1.385472977618697499e+01,1.385340037916591882e+01,-2.222976401235330002e+01,-3.301590206171963082e+00,1.366014646802673127e+01,1.390834585012332347e+01,1.386696211141136104e+01,1.386052999288840226e+01
1.385613275305749070e+01,1.385590637926030055e+01,1.385549381483232523e+01,1.385474777424019877e+01,1.385343266502593096e+01,-2.022776312530864828e+01,-2.447757226706118949e+00,1.367711220491374746e+01,1.390767254334844694e+01,1.386703534847497821e+01,1.386055770555957523e+01
1.385613159850385046e+01,1.385590426926051322e+01,1.385548996491635165e+01,1.385474079211901000e+01,1.385342026156300044e+01,-1.059474230745538037e+00,-2.064615171838459773e-01,1.372074215269008590e+01,1.390542428768410232e+01,1.386675778662556979e+01,1.386044666745974041e+01
1.385614100569752871e+01,1.385592146782540013e+01,1.385552137351381674e+01,1.385479795776046075e+01,1.385352318923286496e+01,-7.995261833793989581e+00,2.756908095112228452e+00,1.375754624206744481e+01,1.390149408801983455e+01,1.386633418347301649e+01,1.386047633419843095e+01
1.385614082498916133e+01,1.385592113998070829e+01,1.385552078748245464e+01,1.385479696152240692e+01,1.385352179628134905e+01,1.834896355391989253e+00,7.425024463951092280e+00,1.380759727225354183e+01,1.389385623594534636e+01,1.386522760294134926e+01,1.386021104166238516e+01
1.385616033505393574e+01,1.385595680786721040e+01,1.385558591842334941e+01,1.385491544655398499e+01,1.385373473026142221e+01,1.030411623298529022e+01,1.113644290002106274e+01,1.385160406491687013e+01,1.388404941039960505e+01,1.386376255696993276e+01,1.385993651822471762e+01
1.385618387431709309e+01,1.385599984868850498e+01,1.385566454178068874e+01,1.385505862005417654e+01,1.385399278603130035e+01,1.201316288349604733e+01,1.284406442529471093e+01,1.386176761875009333e+01,1.387542618546400774e+01,1.386245335093063247e+01,1.385966219505613495e+01
1.385620599057783053e+01,1.385604029398775161e+01,1.385573844367834795e+01,1.385519324631968630e+01,1.385423551129729169e+01,1.335067384160354109e+01,1.352439528406075020e+01,1.386393417732672795e+01,1.386817055798462128e+01,1.386122028976907927e+01,1.385933301264981132e+01
