9.797483237167451620e+00,9.797089704398866061e+00,9.796371406473717514e+00,9.795066209735502127e+00,-1.153896382957664812e+01,-2.683474679269277985e+01,-1.520909083327820177e+01,3.864578033358868403e+00,9.869704710948981941e+00,9.814094130666475735e+00,9.803197489270905507e+00
9.797305494774704471e+00,9.796764658562139516e+00,9.795777422483066488e+00,-2.837666341751233645e+01,-3.332566872640558131e+01,-2.840447227379822692e+01,-1.490678721142420571e+01,3.877178097871845086e+00,9.869271937312854348e+00,9.814022653777696448e+00,9.803175340531266713e+00
9.797307508883674743e+00,9.796768350676938297e+00,9.795784180254511142e+00,-2.923777028136507283e+01,-3.322019938527003546e+01,-2.832553040216053120e+01,-1.489916144823157396e+01,3.900352479330324584e+00,9.869734754582646374e+00,9.814220088116487162e+00,9.803243140032485314e+00
9.797296360945120242e+00,9.796747961508540214e+00,9.795746911109885602e+00,-2.891055389623713623e+01,-3.294799863462773715e+01,-2.812067377535336021e+01,-1.485368669779539985e+01,3.959543981427016135e+00,9.869956134308914386e+00,9.814306366194651687e+00,9.803272588767702800e+00
9.797291652465185408e+00,9.796739361579936300e+00,9.795731198735129652e+00,-2.749504685978134688e+01,-3.223588077842488531e+01,-2.755112603434938379e+01,-1.462980253369743266e+01,4.088479144447072500e+00,9.870140804258388911e+00,9.814279447751156127e+00,9.803261086837867566e+00
9.797295075456123215e+00,9.796745625288087567e+00,9.795742647076073339e+00,-3.184631658557254497e+01,-3.038004967466968509e+01,-2.598166990632137541e+01,-1.390647049885631681e+01,4.380881817440394954e+00,9.869581522924612216e+00,9.813997926103665392e+00,9.803163476777037033e+00
9.797311736861937348e+00,9.796776093461051715e+00,9.795798327771398917e+00,-9.510620882007479793e+00,-2.580737409000445837e+01,-2.207971334523626439e+01,-1.157642715146122470e+01,4.944240004038572778e+00,9.867649236511715216e+00,9.813798454021915418e+00,9.803089586995499261e+00
9.797327543711777054e+00,9.796805004405612749e+00,9.795851176397411209e+00,-5.008507960589725805e+00,-1.696359858870162896e+01,-1.435865490874046912e+01,-6.612035478782697595e+00,5.946189553369134018e+00,9.862745648273483212e+00,9.813115212091823025e+00,9.803058085999156290e+00
9.797338976823203538e+00,9.796825924848921119e+00,9.795889444493324660e+00,2.299899672445402388e-01,-5.704921807626964991e+00,-4.276090191177178923e+00,3.219387595628120380e-02,7.375666854914826764e+00,9.853087972601887401e+00,9.811713745867253422e+00,9.802773178404777354e+00
9.797380274308558512e+00,9.796901453859318210e+00,9.796027504987888435e+00,5.241961394151344322e+00,3.008122131859590986e+00,3.622854976265226679e+00,5.464774034276279835e+00,8.676474955009242152e+00,9.839493234805743782e+00,9.809728093918739233e+00,9.802447003232449774e+00
9.797425097730553034e+00,9.796983451838782386e+00,9.796177452361222393e+00,8.085453503888453852e+00,7.338151350277793306e+00,7.558727039128497083e+00,8.217011623387518782e+00,9.384375082172709881e+00,9.826649740802515964e+00,9.807623394492301472e+00,9.802000779860151169e+00
