1.385623053088929346e+01,1.385608514355586252e+01,1.385582027770756852e+01,1.385534192412747956e+01,1.385450226192935297e+01,-2.846878890925380290e+01,-4.529121686578628569e+00,1.365633965465876543e+01,1.390935673353409463e+01,1.386716439182900018e+01,1.386060875661315350e+01
1.385612773308912971e+01,1.385589721030719090e+01,1.385547708603572303e+01,1.385471737942513926e+01,-3.899067475875833111e+01,-3.026104448211794562e+01,-4.473147959415534558e+00,1.365475502627345605e+01,1.390869725240251142e+01,1.386703208955847444e+01,1.386055724624484142e+01
1.385613103810221602e+01,1.385590325369211939e+01,1.385548812206796931e+01,1.385473744948749442e+01,1.385341420729354667e+01,-2.802374694849810410e+01,-4.211107530866886606e+00,1.365816752218684016e+01,1.390849889948447782e+01,1.386699196621479757e+01,1.386054159338562108e+01
1.385613206466265090e+01,1.385590513111426247e+01,1.385549155036897062e+01,1.385474368339681561e+01,1.385342539035871923e+01,-2.673712873423192349e+01,-3.702857057175701350e+00,1.366595000773010682e+01,1.390803230079521136e+01,1.386711685326075738e+01,1.386059015483185419e+01
1.385612900038381845e+01,1.385589952844218864e+01,1.385548132077320638e+01,1.385472508591699636e+01,-3.326921052856172167e+01,-2.569476413924625291e+01,-2.832847174585847227e+00,1.368401971806764728e+01,1.390781653274970076e+01,1.386705650414961255e+01,1.386056524864910600e+01
1.385613167087915620e+01,1.385590440918863209e+01,1.385549023133551572e+01,1.385474130184797659e+01,1.385342128283346952e+01,-1.180477423560834183e+00,-2.112334061889029613e-01,1.372391800065684109e+01,1.390549953194819466e+01,1.386677021931206255e+01,1.386045123860280626e+01
1.385614093764091237e+01,1.385592135126441704e+01,1.385552117018692897e+01,1.385479760239444502e+01,1.385352259049154000e+01,-8.305066117632543765e+00,3.209874611743508410e+00,1.376004349038430874e+01,1.390128441640039370e+01,1.386628829219953118e+01,1.386045755600183327e+01
1.385614203913938880e+01,1.385592336747646058e+01,1.385552486223190982e+01,1.385480437449178837e+01,1.385353507499445236e+01,6.599601833974753973e+00,7.985969116740323059e+00,1.381531700329532697e+01,1.389372354115220176e+01,1.386518499071909361e+01,1.386019161805466027e+01
1.385616242353266259e+01,1.385596063450327264e+01,1.385559291771665258e+01,1.385492820618019039e+01,1.385375777267184816e+01,1.050562482267805819e+01,1.139639650832741147e+01,1.384724531026901317e+01,1.388351352018817231e+01,1.386385094931358175e+01,1.385998113750571292e+01
1.385617934651901706e+01,1.385599157886198896e+01,1.385564944806865739e+01,1.385503114875834285e+01,1.385394324122307985e+01,1.257878177051249757e+01,1.297555890587906546e+01,1.386155592001449222e+01,1.387443280891902120e+01,1.386232860869833594e+01,1.385959362486434898e+01
1.385621133549207329e+01,1.385605007269239231e+01,1.385575630906832600e+01,1.385522576097681835e+01,1.385429398582888538e+01,1.339637133528891688e+01,1.356241512917221748e+01,1.386186542822007617e+01,1.386747853499056049e+01,1.386096310062781001e+01,1.385936992120429778e+01
