9.797504710868338407e+00,9.797129265923066654e+00,9.796444066736647471e+00,9.795199475024157110e+00,-4.547963459570311784e+01,-4.260758421968507292e+01,-2.584737317318812444e+01,2.551591858486629061e+00,9.876185378645740087e+00,9.814167531634684138e+00,9.803175995819545463e+00
9.797341087396075565e+00,9.796829929238873191e+00,9.795896964265841333e+00,-5.695582347724494809e+01,-5.422191217336498426e+01,-4.611804890177013760e+01,-2.580038876321542318e+01,2.566412520808741160e+00,9.876166794649961389e+00,9.814147258252402750e+00,9.803168766972767401e+00
9.797342466260850813e+00,9.796832467916409826e+00,9.795901627477896056e+00,-5.661930107758705333e+01,-5.390848362671530225e+01,-4.589686836163892281e+01,-2.570397709002002529e+01,2.601902337366608808e+00,9.877475631777523191e+00,9.814443124925496420e+00,9.803265004175464981e+00
9.797330321955348253e+00,9.796810275130260592e+00,9.795861085401750046e+00,-5.576468101306873848e+01,-5.312916698266857907e+01,-4.533644921370171232e+01,-2.547166556008371430e+01,2.682932570447928988e+00,9.878199000186908663e+00,9.814346631678526833e+00,9.803233403716671290e+00
9.797334501771565840e+00,9.796817960333516595e+00,9.795875162364440669e+00,-5.384060640656258556e+01,-5.135945137184209841e+01,-4.396560010928016027e+01,-2.488709215881297965e+01,2.866410785512324644e+00,9.878799239367532792e+00,9.814330202661015079e+00,9.803222156850985414e+00
9.797340192718662522e+00,9.796828397389242937e+00,9.795894268023447538e+00,-1.832565808807217067e+01,-4.778079348619589695e+01,-4.115255180608613728e+01,-2.337671679191622687e+01,3.236612700399989606e+00,9.878870010209098496e+00,9.814374825137425873e+00,9.803227736868347364e+00
9.797345933163732923e+00,9.796838913122753567e+00,9.795913512611761575e+00,-1.507656009659426921e+01,-4.071468092524335702e+01,-3.527333866928731254e+01,-1.978571187167288414e+01,3.957041179487852389e+00,9.876784826565451425e+00,9.813991167305953667e+00,9.803096294491227880e+00
9.797367302601754702e+00,9.796877988095683776e+00,9.795984923235199204e+00,-9.962525806074662427e+00,-2.805570226637599873e+01,-2.422309534756421101e+01,-1.277560255471717099e+01,5.237542361734971230e+00,9.871076534774688938e+00,9.813309365327141265e+00,9.803069800610130002e+00
9.797376693786093327e+00,9.796895171150731940e+00,9.796016351332220040e+00,-2.939816964954813372e+00,-1.206766003834091094e+01,-9.796726531120723891e+00,-3.427381932193497072e+00,6.994563197399873644e+00,9.859667731808535507e+00,9.812037584989447225e+00,9.802837712101110768e+00
9.797408254260448146e+00,9.796952895087478907e+00,9.796121861474142989e+00,1.547889960806836385e-01,3.188746814770526683e-01,1.273136157977133642e+00,3.952271703912706879e+00,8.516102337809412504e+00,9.844335240304795676e+00,9.810022736966757861e+00,9.802516969272378589e+00
9.797447922590334812e+00,9.797025460931646279e+00,9.796254533393197406e+00,6.325414054073227987e+00,6.384258151471632559e+00,6.723289249632417253e+00,7.675207293155505539e+00,9.329875554133352011e+00,9.830022997174925337e+00,9.807851468987085042e+00,9.802057962020178650e+00
