5.542534425865856917e+01,5.542511115569563884e+01,5.542468598323409168e+01,5.542391516889763636e+01,1.740188092955188992e+01,1.100356427812260485e+01,2.649706096695803126e+01,5.358288009058279755e+01,5.550690069738586629e+01,5.543951895792353923e+01,5.543039820884723667e+01
5.542527196928167399e+01,5.542497905956780357e+01,5.542444503093376795e+01,5.542347820558626381e+01,7.627991508008133081e+00,2.828887418345517268e+00,2.546020662642839838e+01,5.157536083664466275e+01,5.550648808054059202e+01,5.544029740372409520e+01,5.543055347378304987e+01
5.542518354035178163e+01,5.542481733534611976e+01,5.542414932682437012e+01,5.542293788850592762e+01,2.092202927052439776e+01,3.938207815453753646e+00,2.569796906004628312e+01,5.160518757750786278e+01,5.550640109566629121e+01,5.544028014113408176e+01,5.543054759099871376e+01
5.542518413348162198e+01,5.542481842012090709e+01,5.542415130875751572e+01,5.542294149941633918e+01,2.133265449548240156e+01,5.449938570163118001e+00,2.643828398594017770e+01,5.169476130602200925e+01,5.550662498900720720e+01,5.544030668265629913e+01,5.543055564670811464e+01
5.542518405262197234e+01,5.542481827216768409e+01,5.542415103938527920e+01,5.542294101920401772e+01,2.327463633934345921e+01,9.141611512693746278e+00,2.810708751988115139e+01,5.190300197301805696e+01,5.550620589742341338e+01,5.544019320494373915e+01,5.543051528234322234e+01
5.542518936983129407e+01,5.542482799362623780e+01,5.542416879951861119e+01,5.542297338926204020e+01,2.703073391341645149e+01,1.706718489356517310e+01,3.204139435106841916e+01,5.231896888583295180e+01,5.550403008568946461e+01,5.543996967526830133e+01,5.543043678743210023e+01
5.542519899617852275e+01,5.542484559419252577e+01,5.542420095608704145e+01,5.542303200041581590e+01,3.406777550741647076e+01,2.919212459028012674e+01,3.885979419584235472e+01,5.310398408822643290e+01,5.549649437264813656e+01,5.543922148624191948e+01,5.543038440317982207e+01
5.542520478957901986e+01,5.542485618787877399e+01,5.542422031543228655e+01,5.542306729706568547e+01,4.380453241385466612e+01,4.394230179939856384e+01,4.649957699002519007e+01,5.413788573484349342e+01,5.548310364206555789e+01,5.543785993604646478e+01,5.543010099935489166e+01
5.542523122732590934e+01,5.542490452704967652e+01,5.542430862332660979e+01,5.542322815574407002e+01,5.068710368491275631e+01,5.059073601190584668e+01,5.177070588889326785e+01,5.489632762035240887e+01,5.546705544781362107e+01,5.543573603679390516e+01,5.542968615704532453e+01
5.542526978986453656e+01,5.542497504157017119e+01,5.542443746105914215e+01,5.542346290365816941e+01,5.372804568307866901e+01,5.369561306487484131e+01,5.414720437452413648e+01,5.524472015878357922e+01,5.545376036265740538e+01,5.543389218786187200e+01,5.542929539899552083e+01
5.542530684455596202e+01,5.542504281917857156e+01,5.542456137176230868e+01,5.542368893325379986e+01,5.485801437704950700e+01,5.484131415517444452e+01,5.500688409063648265e+01,5.536801326875227858e+01,5.544299139564467538e+01,5.543186346535698306e+01,5.542889237301098149e+01
