9.797483237154615665e+00,9.797089704386170439e+00,9.796371406461460651e+00,9.795066209724597073e+00,-1.153896383019399607e+01,-2.683474679589787826e+01,-1.520909083310868937e+01,3.864578033577140914e+00,9.869704711544995845e+00,9.814094132578176755e+00,9.803197495336773315e+00
9.797305494762122535e+00,9.796764658549687255e+00,9.795777422471026341e+00,-2.837666342196452263e+01,-3.332566872636000710e+01,-2.840447227377249817e+01,-1.490678721157718378e+01,3.877178098051703881e+00,9.869271937907985404e+00,9.814022655682499874e+00,9.803175346574287019e+00
9.797307508871112347e+00,9.796768350664491365e+00,9.795784180242446126e+00,-2.923777029090505764e+01,-3.322019938525397720e+01,-2.832553040212720319e+01,-1.489916144818835875e+01,3.900352479510522219e+00,9.869734755174784269e+00,9.814220090013881403e+00,9.803243146052667001e+00
9.797296360932607584e+00,9.796747961496151902e+00,9.795746911097895193e+00,-2.891055390532972424e+01,-3.294799863462251466e+01,-2.812067377531787926e+01,-1.485368669779369810e+01,3.959543981603774299e+00,9.869956134898597355e+00,9.814306368084869447e+00,9.803272594765319425e+00
9.797291652452710053e+00,9.796739361567585291e+00,9.795731198723176547e+00,-2.749504686911777185e+01,-3.223588077841101551e+01,-2.755112603432885265e+01,-1.462980253363150140e+01,4.088479144626992579e+00,9.870140804845679128e+00,9.814279449634286223e+00,9.803261092813126965e+00
9.797295075443674506e+00,9.796745625275763203e+00,9.795742647064146880e+00,-3.184631658556660838e+01,-3.038004967465681716e+01,-2.598166990629729156e+01,-1.390647049878870511e+01,4.380881817620041474e+00,9.869581523509776133e+00,9.813997927979855262e+00,9.803163482730374412e+00
9.797311736849492192e+00,9.796776093448727352e+00,9.795798327759472457e+00,-9.510620883368162026e+00,-2.580737408714629311e+01,-2.207971334500433613e+01,-1.157642715201307304e+01,4.944240004043900960e+00,9.867649237090560632e+00,9.813798455890902162e+00,9.803089592927634044e+00
9.797327543699315910e+00,9.796805004393279503e+00,9.795851176385482972e+00,-5.008507960822850436e+00,-1.696359858777883289e+01,-1.435865490891870522e+01,-6.612035479346155320e+00,5.946189553542472694e+00,9.862745648853913139e+00,9.813115213955045490e+00,9.803058091912051353e+00
9.797338976810745947e+00,9.796825924836587873e+00,9.795889444481385766e+00,2.299899668426235166e-01,-5.704921802972375389e+00,-4.276090190952649195e+00,3.219387596929568218e-02,7.375666855087748885e+00,9.853087973181041903e+00,9.811713747725066881e+00,9.802773184300589193e+00
9.797380274296129343e+00,9.796901453847013386e+00,9.796027504975979738e+00,5.241961393928435520e+00,3.008122133537675325e+00,3.622854976281391082e+00,5.464774034240452494e+00,8.676474955184859894e+00,9.839493235383633518e+00,9.809728095772070944e+00,9.802447009114169774e+00
9.797425097718138076e+00,9.796983451826486444e+00,9.796177452349313697e+00,8.085453503824254540e+00,7.338151350382480231e+00,7.558727039124628178e+00,8.217011623405499066e+00,9.384375082346270602e+00,9.826649741378053804e+00,9.807623396341480060e+00,9.802000785730244914e+00
