1.385622978770493852e+01,1.385608374793754649e+01,1.385581769368602423e+01,1.385533719857315660e+01,1.385449380873861003e+01,-1.695449092810913427e+01,-4.756133235481279087e-01,1.364730712332202955e+01,1.390931474931682743e+01,1.386716654985949582e+01,1.386061045497510946e+01
1.385612689694642086e+01,1.385589564522476635e+01,1.385547418577698409e+01,1.385471203913249738e+01,-6.381794541556946143e+00,-1.787855028223115994e+01,-4.357826832620439461e-01,1.364617729109713018e+01,1.390919051608912227e+01,1.386714296574250227e+01,1.386060139437855554e+01
1.385612738788339726e+01,1.385589654337010046e+01,1.385547582674255551e+01,1.385471502446137748e+01,-6.879681523272003218e+00,-1.768672887413632111e+01,-3.319733045758779255e-01,1.364823531650662325e+01,1.390896112669639351e+01,1.386709579005952087e+01,1.386058291869711923e+01
1.385612865122185866e+01,1.385589885260158027e+01,1.385548004230977526e+01,1.385472268823912145e+01,-6.663413273719259067e+00,-1.706117411393083572e+01,-6.052938598732504616e-02,1.365543073962173715e+01,1.390846003432469402e+01,1.386699021705103974e+01,1.386054135808895360e+01
1.385613165587436058e+01,1.385590434461358100e+01,1.385549006811143435e+01,1.385474091727332890e+01,1.385342025719663894e+01,-2.796182065204380951e+00,8.312253579105872703e-01,1.367995771204810573e+01,1.390766904209270827e+01,1.386703397038629149e+01,1.386055710864787827e+01
1.385613165181432827e+01,1.385590433907000296e+01,1.385549006471078570e+01,1.385474094822902558e+01,1.385342053020271536e+01,-5.602654289598802961e-01,1.696043932761626571e+00,1.371007728564413952e+01,1.390566488265038458e+01,1.386681778336585680e+01,1.386047083878077757e+01
1.385613879094638534e+01,1.385591739027301550e+01,1.385551389677769585e+01,1.385478431416965783e+01,1.385349856676435643e+01,2.382376465290560574e+00,4.621221881354447447e+00,1.376037930497814266e+01,1.390125700041983237e+01,1.386628286843886571e+01,1.386045537312946330e+01
1.385614210304363780e+01,1.385592344825250066e+01,1.385552497292242791e+01,1.385480454052300558e+01,1.385353535059675778e+01,6.671752583767210254e+00,8.341602088102543888e+00,1.380891279656960613e+01,1.389318363414921009e+01,1.386507338086054020e+01,1.386014491814599658e+01
1.385616427792382410e+01,1.385596398694118037e+01,1.385559899380462845e+01,1.385493917457913327e+01,1.385377717487258309e+01,1.055377088250087780e+01,1.149923089513454322e+01,1.384479546340158862e+01,1.388345218839459605e+01,1.386384262190045291e+01,1.385997801424663933e+01
1.385617881251381966e+01,1.385599056611813751e+01,1.385564755848363561e+01,1.385502765489575872e+01,1.385393681549750866e+01,1.258723823138182851e+01,1.299897710933607087e+01,1.385870044409512225e+01,1.387449570427153489e+01,1.386237735747520716e+01,1.385962320784227941e+01
1.385620684689272331e+01,1.385604183158148572e+01,1.385574122009634479e+01,1.385519823269029160e+01,1.385424416681468429e+01,1.341060576452565556e+01,1.356966240478669761e+01,1.386197677846639920e+01,1.386752862781662543e+01,1.386098311893839430e+01,1.385938284207544768e+01
