1.385622978770627256e+01,1.385608374793884323e+01,1.385581769368720373e+01,1.385533719857395951e+01,1.385449380873822633e+01,-1.695449092826660831e+01,-4.756133235607373777e-01,1.364730712326730000e+01,1.390931474914436095e+01,1.386716654931148085e+01,1.386061045324028207e+01
1.385612689694774602e+01,1.385589564522605599e+01,1.385547418577815293e+01,1.385471203913328964e+01,-6.381794541518315711e+00,-1.787855028220218045e+01,-4.357826832847457865e-01,1.364617729104258181e+01,1.390919051591697730e+01,1.386714296519553358e+01,1.386060139264703928e+01
1.385612738788471887e+01,1.385589654337138654e+01,1.385547582674372258e+01,1.385471502446216974e+01,-6.879681523250237518e+00,-1.768672887407802818e+01,-3.319733046047390612e-01,1.364823531645233778e+01,1.390896112652457361e+01,1.386709578951358779e+01,1.386058291696888212e+01
1.385612865122318027e+01,1.385589885260286280e+01,1.385548004231094232e+01,1.385472268823991371e+01,-6.663413273697681660e+00,-1.706117411386374272e+01,-6.052938601825674780e-02,1.365543073956774300e+01,1.390846003415319743e+01,1.386699021650613517e+01,1.386054135636397078e+01
1.385613165587568041e+01,1.385590434461486176e+01,1.385549006811259787e+01,1.385474091727411761e+01,1.385342025719624992e+01,-2.796182065200188749e+00,8.312253578731940706e-01,1.367995771199357158e+01,1.390766904192152609e+01,1.386703396984241365e+01,1.386055710692614795e+01
1.385613165181564455e+01,1.385590433907128016e+01,1.385549006471194744e+01,1.385474094822981428e+01,1.385342053020232633e+01,-5.602654289437687396e-01,1.696043932746678307e+00,1.371007728559147942e+01,1.390566488247958077e+01,1.386681778282298261e+01,1.386047083706219496e+01
1.385613879094769985e+01,1.385591739027429448e+01,1.385551389677885581e+01,1.385478431417044654e+01,1.385349856676396740e+01,2.382376465289908651e+00,4.621221881335849879e+00,1.376037930492476846e+01,1.390125700024930211e+01,1.386628286789691522e+01,1.386045537141377793e+01
1.385614210304495231e+01,1.385592344825377786e+01,1.385552497292358964e+01,1.385480454052379429e+01,1.385353535059637053e+01,6.671752583771949574e+00,8.341602088086332856e+00,1.380891279651650905e+01,1.389318363397893918e+01,1.386507338031939440e+01,1.386014491643281943e+01
1.385616427792513505e+01,1.385596398694245401e+01,1.385559899380578663e+01,1.385493917457992197e+01,1.385377717487219940e+01,1.055377088250014417e+01,1.149923089511977281e+01,1.384479546334834410e+01,1.388345218822451343e+01,1.386384262135996437e+01,1.385997801253547834e+01
1.385617881251513062e+01,1.385599056611941116e+01,1.385564755848479379e+01,1.385502765489654919e+01,1.385393681549712497e+01,1.258723823138007347e+01,1.299897710932138928e+01,1.385870044404182622e+01,1.387449570410158373e+01,1.386237735693524087e+01,1.385962320613272780e+01
1.385620684689403426e+01,1.385604183158275937e+01,1.385574122009749942e+01,1.385519823269108208e+01,1.385424416681430415e+01,1.341060576452322373e+01,1.356966240477065710e+01,1.386197677841296638e+01,1.386752862764674532e+01,1.386098311839884367e+01,1.385938284036718571e+01
