1.385623621437678388e+01,1.385609552081659857e+01,1.385583924168446046e+01,1.385537660489028688e+01,1.385456575734978202e+01,-2.909679836362900218e+01,-4.559744333799321758e+00,1.365702220350356200e+01,1.390949868437805037e+01,1.386719263213469411e+01,1.386061972356663929e+01
1.385612702791220663e+01,1.385589590327473353e+01,1.385547468109792035e+01,1.385471298818477059e+01,-3.922501029756949009e+01,-3.033239887692434422e+01,-4.496033249703648593e+00,1.365487130627599299e+01,1.390873665446765273e+01,1.386704019081872374e+01,1.386056040912527010e+01
1.385613080433881095e+01,1.385590280818767006e+01,1.385548728998015733e+01,1.385473591762957923e+01,1.385341144176841688e+01,-2.824709135052655640e+01,-4.237803775023497366e+00,1.365791866717450986e+01,1.390850455429766086e+01,1.386699342928238821e+01,1.386054218247978120e+01
1.385613198728000128e+01,1.385590497136059440e+01,1.385549123987328635e+01,1.385474309952720873e+01,1.385342432287668935e+01,-2.698106816962949495e+01,-3.732346194068091094e+00,1.366557871850378447e+01,1.390805114748963689e+01,1.386712112007739428e+01,1.386059184242529518e+01
1.385612884788173460e+01,1.385589923172335602e+01,1.385548076041541421e+01,1.385472404775977395e+01,-3.334916030668506437e+01,-2.554229094986714088e+01,-2.823534152394941543e+00,1.368342683263231230e+01,1.390771265218957176e+01,1.386703620414265181e+01,1.386055741628116422e+01
1.385613209143738445e+01,1.385590515972317860e+01,1.385549158243758328e+01,1.385474373682003346e+01,1.385342561768298886e+01,-1.074999895434773922e+00,-1.825380154173705805e-01,1.372095784109074934e+01,1.390540302366820669e+01,1.386675488078925866e+01,1.386044566738825701e+01
1.385614095557812853e+01,1.385592136496560833e+01,1.385552117443923947e+01,1.385479758044846221e+01,1.385352246885320859e+01,-7.493950898956910578e+00,3.456322096851300429e+00,1.375818924225528050e+01,1.390107073640067448e+01,1.386624820660771462e+01,1.386044173313424466e+01
1.385614257031093999e+01,1.385592431772160538e+01,1.385552657466650217e+01,1.385480745273118508e+01,1.385354048218126621e+01,7.033987022669499822e+00,8.331524874511796241e+00,1.381584849263828829e+01,1.389286405806513258e+01,1.386520441309621887e+01,1.386020050129664583e+01
1.385616142672450835e+01,1.385595879273081366e+01,1.385558953588259712e+01,1.385492203388008292e+01,1.385374663539205287e+01,1.081386642142691024e+01,1.160884829628180626e+01,1.384875351989177616e+01,1.388225723908901799e+01,1.386349930358077742e+01,1.385981159680027730e+01
1.385619064385100074e+01,1.385601220931755506e+01,1.385568708938636462e+01,1.385509955471022536e+01,1.385406589605052829e+01,1.228891417634151040e+01,1.303299676596397205e+01,1.386355392789495333e+01,1.387410180019663919e+01,1.386220801210471976e+01,1.385952733234369738e+01
1.385621646830865217e+01,1.385605944049499527e+01,1.385577340235320598e+01,1.385525686081729546e+01,1.385434995940624781e+01,1.344268687602711054e+01,1.358859660873158148e+01,1.386436883957908606e+01,1.386717847163572159e+01,1.386098766274665373e+01,1.385937802402662555e+01
