1.385622978770694225e+01,1.385608374793949338e+01,1.385581769368779703e+01,1.385533719857436452e+01,1.385449380873803449e+01,-1.695449092834499538e+01,-4.756133235671464732e-01,1.364730712323969897e+01,1.390931474905734788e+01,1.386716654903494295e+01,1.386061045236455769e+01
1.385612689694841393e+01,1.385589564522670258e+01,1.385547418577874268e+01,1.385471203913368932e+01,-6.381794541499159479e+00,-1.787855028218749354e+01,-4.357826832962379271e-01,1.364617729101504651e+01,1.390919051583003352e+01,1.386714296491921772e+01,1.386060139177202899e+01
1.385612738788538678e+01,1.385589654337203314e+01,1.385547582674431055e+01,1.385471502446256942e+01,-6.879681523239559837e+00,-1.768672887404868632e+01,-3.319733046193134030e-01,1.364823531642490018e+01,1.390896112643769911e+01,1.386709578923749930e+01,1.386058291609458237e+01
1.385612865122384463e+01,1.385589885260350940e+01,1.385548004231152852e+01,1.385472268824031161e+01,-6.663413273687070593e+00,-1.706117411382997417e+01,-6.052938603388779981e-02,1.365543073954042441e+01,1.390846003406639397e+01,1.386699021623026695e+01,1.386054135549037625e+01
1.385613165587634654e+01,1.385590434461551013e+01,1.385549006811318584e+01,1.385474091727451906e+01,1.385342025719605275e+01,-2.796182065198227651e+00,8.312253578543546961e-01,1.367995771196595278e+01,1.390766904183478658e+01,1.386703396956676926e+01,1.386055710605325686e+01
1.385613165181630890e+01,1.385590433907192853e+01,1.385549006471253364e+01,1.385474094823021041e+01,1.385342053020212738e+01,-5.602654289357640316e-01,1.696043932739081939e+00,1.371007728556477367e+01,1.390566488239294429e+01,1.386681778254756026e+01,1.386047083618998954e+01
1.385613879094836420e+01,1.385591739027493929e+01,1.385551389677944201e+01,1.385478431417084266e+01,1.385349856676376845e+01,2.382376465289540057e+00,4.621221881326452063e+00,1.376037930489767724e+01,1.390125700016271537e+01,1.386628286762169182e+01,1.386045537054220489e+01
1.385614210304561666e+01,1.385592344825442268e+01,1.385552497292417229e+01,1.385480454052419219e+01,1.385353535059617514e+01,6.671752583774310352e+00,8.341602088078095889e+00,1.380891279648952619e+01,1.389318363389240929e+01,1.386507338004434686e+01,1.386014491556179351e+01
1.385616427792580119e+01,1.385596398694310238e+01,1.385559899380637461e+01,1.385493917458031810e+01,1.385377717487200222e+01,1.055377088249974094e+01,1.149923089511225172e+01,1.384479546332127242e+01,1.388345218813801907e+01,1.386384262108505894e+01,1.385997801166489296e+01
1.385617881251579497e+01,1.385599056612005953e+01,1.385564755848538354e+01,1.385502765489694532e+01,1.385393681549692957e+01,1.258723823137916042e+01,1.299897710931390549e+01,1.385870044401471191e+01,1.387449570401510712e+01,1.386237735666044379e+01,1.385962320526249236e+01
1.385620684689470039e+01,1.385604183158340597e+01,1.385574122009808917e+01,1.385519823269147999e+01,1.385424416681410875e+01,1.341060576452196962e+01,1.356966240476249297e+01,1.386197677838576503e+01,1.386752862756026161e+01,1.386098311812412831e+01,1.385938283949722560e+01
