5.542533819118215632e+01,5.542510017955537194e+01,5.542466609512031539e+01,5.542387936395009262e+01,1.972098659287452449e+01,6.908036568603714400e+00,2.884951780198505134e+01,5.156530252671981174e+01,5.550568716237367539e+01,5.544015325826748608e+01,5.543050519070860105e+01
5.542518788979926114e+01,5.542482537270480236e+01,5.542416409716799564e+01,5.542296487356116330e+01,2.055185693819734993e+01,7.119263570110287986e+00,2.884152196417200997e+01,5.157535789347503652e+01,5.550545793877631695e+01,5.544011318889053541e+01,5.543049183287494941e+01
5.542518901737589943e+01,5.542482743557238223e+01,5.542416786611040891e+01,5.542297173656339737e+01,2.050896398700612266e+01,7.311029053752195139e+00,2.895943781894488822e+01,5.161058437140221855e+01,5.550598461045572662e+01,5.544020425947785213e+01,5.543052213121170979e+01
5.542518650786318091e+01,5.542482284639436330e+01,5.542415948295442263e+01,5.542295647291801686e+01,2.105737762062634033e+01,8.276663597458677302e+00,2.943473652433553056e+01,5.170224543896952696e+01,5.550636448362044462e+01,5.544025739524369101e+01,5.543053901116320503e+01
5.542518571303632768e+01,5.542482139181545620e+01,5.542415682607969529e+01,5.542295164574034061e+01,2.325381046660679019e+01,1.055070391322961143e+01,3.036667445500923890e+01,5.191116350134345936e+01,5.550631729235830392e+01,5.544020129176862355e+01,5.543051730579377079e+01
5.542518981673019596e+01,5.542482889657850365e+01,5.542417054000036103e+01,5.542297665921459782e+01,2.691464492503637729e+01,1.577255189595112483e+01,3.273152001463613203e+01,5.229698141417359381e+01,5.550485472030202772e+01,5.544008287423094572e+01,5.543047251416979293e+01
5.542519762485647306e+01,5.542484317390464810e+01,5.542419663149203046e+01,5.542302425688683343e+01,3.293793176584825488e+01,2.576187335047339388e+01,3.766042110620648486e+01,5.302522720283141666e+01,5.549832548128968313e+01,5.543929191594631334e+01,5.543040593554481887e+01
5.542520535058333309e+01,5.542485730125717680e+01,5.542422244686436272e+01,5.542307132088486554e+01,4.278646518869118154e+01,3.807509588892936847e+01,4.458578578176238238e+01,5.403868243292551199e+01,5.548562705165311115e+01,5.543809023063667496e+01,5.543018047090049549e+01
5.542522793869459008e+01,5.542489860455792439e+01,5.542429790955378621e+01,5.542320882219512157e+01,4.984753181133604016e+01,4.769532602808767763e+01,5.052250789827093058e+01,5.483957646645636430e+01,5.547011745339762001e+01,5.543611765788851642e+01,5.542982953479130970e+01
5.542526482271480859e+01,5.542496605562769219e+01,5.542442116478949288e+01,5.542343348556826754e+01,5.322799546420975503e+01,5.260985120372532720e+01,5.362893022105255625e+01,5.522305850926878179e+01,5.545640849721316101e+01,5.543405365312245436e+01,5.542935400448582328e+01
5.542531179865498814e+01,5.542505196826127190e+01,5.542457817470589987e+01,5.542371971403839126e+01,5.463844489347332711e+01,5.449057294692052977e+01,5.482853547830976026e+01,5.536034658593951008e+01,5.544512223592668931e+01,5.543226363644390631e+01,5.542908796481510336e+01
