9.797500687358484228e+00,9.797121666924532235e+00,9.796429898435178529e+00,9.795173146904000205e+00,-3.844455830863947909e+01,-3.673035619574473998e+01,-2.205284549586833620e+01,2.546250675992156154e+00,9.876169937993534376e+00,9.814220596317829504e+00,9.803195402077594878e+00
9.797336939044580362e+00,9.796822228538964339e+00,9.795882758680821922e+00,-3.821988112097334778e+01,-4.397861376118729737e+01,-3.788206647187708143e+01,-2.120114418769074049e+01,2.558877827481692346e+00,9.875200449595276098e+00,9.814130540806472069e+00,9.803171174310904235e+00
9.797336351622368156e+00,9.796821150690014690e+00,9.795880780861175197e+00,-3.933038795133191456e+01,-4.382551694513045248e+01,-3.776644472600624880e+01,-2.118712248964600775e+01,2.593396762665579391e+00,9.876720092601528833e+00,9.814411137560549392e+00,9.803259968987568129e+00
9.797326904060902564e+00,9.796803867268797816e+00,9.795849192871315836e+00,-3.896465944167872664e+01,-4.342945866282390455e+01,-3.747011808430983848e+01,-2.115587910333513477e+01,2.674400299986561702e+00,9.877298860240989242e+00,9.814523595747367324e+00,9.803295824381072165e+00
9.797322912033450848e+00,9.796796586126486517e+00,9.795835903399456868e+00,-3.793295747672403451e+01,-4.237221599035081709e+01,-3.662174592140326013e+01,-2.086522648347675712e+01,2.884267952606895502e+00,9.877419131777564587e+00,9.814503315499219838e+00,9.803287360409250084e+00
9.797325323467477531e+00,9.796801000183508634e+00,9.795843973242696734e+00,-3.643569178350077920e+01,-3.961426103469795379e+01,-3.432525362619838916e+01,-1.952957786546353347e+01,3.329403904603119191e+00,9.877442459115018281e+00,9.814308173514735500e+00,9.803216028605753252e+00
9.797339979561064283e+00,9.796827805195718497e+00,9.795892967944739738e+00,-1.413472135646432193e+01,-3.178350378786277375e+01,-2.904471326032889777e+01,-1.661157685328795708e+01,4.150946651559754841e+00,9.875622317731620470e+00,9.814077459262755099e+00,9.803127955695876139e+00
9.797360467701453857e+00,9.796865272417614179e+00,9.795961455712497212e+00,-9.009751621909092734e+00,-2.197541152009929988e+01,-1.890181948278555524e+01,-9.752523927267326087e+00,5.494685000363302763e+00,9.868697959582943824e+00,9.813264218244507120e+00,9.803065378961351328e+00
9.797369176012209024e+00,9.796881205038634022e+00,9.795990586637628894e+00,-1.489545252389882890e+00,-7.956315318174038254e+00,-6.311712900039410101e+00,-1.364397270465490308e+00,7.220696318741850028e+00,9.856666460200028013e+00,9.811927365569127701e+00,9.802816849658093190e+00
9.797397646748498445e+00,9.796933276388337219e+00,9.796085758143554756e+00,4.594882495131350275e+00,2.184574552821095139e+00,2.912779888193533839e+00,4.972915298739296830e+00,8.640979579114453912e+00,9.841379917759683238e+00,9.809796225378706325e+00,9.802449212266179046e+00
9.797442180262548206e+00,9.797014737040891319e+00,9.796234691882508727e+00,7.136041538622510672e+00,7.089851840250266157e+00,7.333693946406878439e+00,8.062530190296586241e+00,9.376294139020711071e+00,9.827627185534359100e+00,9.807609966223884257e+00,9.801975417482045927e+00
