9.797500687358942528e+00,9.797121666924985206e+00,9.796429898435608408e+00,9.795173146904369688e+00,-3.844455830854237632e+01,-3.673035619567099985e+01,-2.205284549587437226e+01,2.546250675983228628e+00,9.876169937965050494e+00,9.814220596226794768e+00,9.803195401788869390e+00
9.797336939045043991e+00,9.796822228539420863e+00,9.795882758681258906e+00,-3.821988112091744938e+01,-4.397861376118790133e+01,-3.788206647187813303e+01,-2.120114418769309594e+01,2.558877827472960664e+00,9.875200449566808203e+00,9.814130540715598983e+00,9.803171174022706325e+00
9.797336351622831785e+00,9.796821150690471214e+00,9.795880780861613957e+00,-3.933038795127365006e+01,-4.382551694513087881e+01,-3.776644472600717251e+01,-2.118712248964847333e+01,2.593396762656870358e+00,9.876720092573151533e+00,9.814411137469852164e+00,9.803259968699906679e+00
9.797326904061364417e+00,9.796803867269252564e+00,9.795849192871752820e+00,-3.896465944161235484e+01,-4.342945866282448719e+01,-3.747011808431170010e+01,-2.115587910333908539e+01,2.674400299977823359e+00,9.877298860212668785e+00,9.814523595656837074e+00,9.803295824093943622e+00
9.797322912033912701e+00,9.796796586126941264e+00,9.795835903399892075e+00,-3.793295747664179629e+01,-4.237221599034990049e+01,-3.662174592140447515e+01,-2.086522648347772346e+01,2.884267952598201568e+00,9.877419131749295644e+00,9.814503315408854789e+00,9.803287360122645566e+00
9.797325323467935831e+00,9.796801000183963382e+00,9.795843973243130165e+00,-3.643569178342470849e+01,-3.961426103468016180e+01,-3.432525362619101372e+01,-1.952957786546765107e+01,3.329403904594644192e+00,9.877442459086815063e+00,9.814308173424537429e+00,9.803216028319665654e+00
9.797339979561524359e+00,9.796827805196171468e+00,9.795892967945173169e+00,-1.413472135646132521e+01,-3.178350378779968466e+01,-2.904471326031502088e+01,-1.661157685329158795e+01,4.150946651551036481e+00,9.875622317703445674e+00,9.814077459172711571e+00,9.803127955410289474e+00
9.797360467701910380e+00,9.796865272418063597e+00,9.795961455712930643e+00,-9.009751621905083496e+00,-2.197541152008294318e+01,-1.890181948278632618e+01,-9.752523927273157867e+00,5.494685000354663451e+00,9.868697959554820542e+00,9.813264218154611029e+00,9.803065378676226516e+00
9.797369176012663772e+00,9.796881205039083440e+00,9.795990586638058772e+00,-1.489545252389117280e+00,-7.956315318168933004e+00,-6.311712900039074370e+00,-1.364397270467122780e+00,7.220696318733283547e+00,9.856666460171945587e+00,9.811927365479357732e+00,9.802816849373369834e+00
9.797397646748951416e+00,9.796933276388784861e+00,9.796085758143982858e+00,4.594882495129573030e+00,2.184574552822095228e+00,2.912779888193101741e+00,4.972915298736737100e+00,8.640979579105799502e+00,9.841379917731629234e+00,9.809796225289041161e+00,9.802449211981782540e+00
9.797442180262999400e+00,9.797014737041337185e+00,9.796234691882935053e+00,7.136041538627643455e+00,7.089851840249400183e+00,7.333693946406010689e+00,8.062530190294280530e+00,9.376294139012173900e+00,9.827627185506331742e+00,9.807609966134302582e+00,9.801975417197915874e+00
