9.797500687360724214e+00,9.797121666926742023e+00,9.796429898437290618e+00,9.795173146905804984e+00,-3.844455830816388442e+01,-3.673035619538381269e+01,-2.205284549589784859e+01,2.546250675948436903e+00,9.876169937854031744e+00,9.814220595871965713e+00,9.803195400663337722e+00
9.797336939046843440e+00,9.796822228541198996e+00,9.795882758682960656e+00,-3.821988112069908539e+01,-4.397861376119016086e+01,-3.788206647188228970e+01,-2.120114418770224418e+01,2.558877827438928332e+00,9.875200449455810769e+00,9.814130540361215793e+00,9.803171172898650809e+00
9.797336351624633011e+00,9.796821150692251123e+00,9.795880780863317483e+00,-3.933038795104533136e+01,-4.382551694513258411e+01,-3.776644472601068259e+01,-2.118712248965809053e+01,2.593396762622904639e+00,9.876720092462448974e+00,9.814411137115968131e+00,9.803259967577343303e+00
9.797326904063163866e+00,9.796803867271027144e+00,9.795849192873451017e+00,-3.896465944135272963e+01,-4.342945866282677514e+01,-3.747011808431895474e+01,-2.115587910335453614e+01,2.674400299943688886e+00,9.877298860102117217e+00,9.814523595303421999e+00,9.803295822972859952e+00
9.797322912035708598e+00,9.796796586128714068e+00,9.795835903401586719e+00,-3.793295747632073756e+01,-4.237221599034630515e+01,-3.662174592140927842e+01,-2.086522648348144315e+01,2.884267952564268267e+00,9.877419131638886185e+00,9.814503315055903343e+00,9.803287359003032719e+00
9.797325323469729952e+00,9.796801000185732633e+00,9.795843973244823033e+00,-3.643569178312783663e+01,-3.961426103461081993e+01,-3.432525362616244280e+01,-1.952957786548361696e+01,3.329403904561527572e+00,9.877442458976606332e+00,9.814308173072046060e+00,9.803216027201502314e+00
9.797339979563314927e+00,9.796827805197937167e+00,9.795892967946862484e+00,-1.413472135644984817e+01,-3.178350378755384753e+01,-2.904471326026110845e+01,-1.661157685330574907e+01,4.150946651516917107e+00,9.875622317593292010e+00,9.814077458820653632e+00,9.803127954293527679e+00
9.797360467703695619e+00,9.796865272419823967e+00,9.795961455714614630e+00,-9.009751621889712681e+00,-2.197541152001898368e+01,-1.890181948278936019e+01,-9.752523927295937867e+00,5.494685000320861157e+00,9.868697959444824974e+00,9.813264217802965206e+00,9.803065377560756133e+00
9.797369176014443681e+00,9.796881205040838481e+00,9.795990586639737430e+00,-1.489545252386330176e+00,-7.956315318149078664e+00,-6.311712900037804275e+00,-1.364397270473453716e+00,7.220696318699765470e+00,9.856666460062056601e+00,9.811927365128061851e+00,9.802816848259020333e+00
9.797397646750722444e+00,9.796933276390531020e+00,9.796085758145652633e+00,4.594882495122540433e+00,2.184574552826021865e+00,2.912779888191415090e+00,4.972915298726693578e+00,8.640979579071929706e+00,9.841379917621814855e+00,9.809796224938040154e+00,9.802449210868351415e+00
9.797442180264763323e+00,9.797014737043076238e+00,9.796234691884595946e+00,7.136041538647750926e+00,7.089851840246007342e+00,7.333693946402608077e+00,8.062530190285263743e+00,9.376294138978749970e+00,9.827627185396584863e+00,9.807609965783532502e+00,9.801975416085223713e+00
