9.797501880169454225e+00,9.797123847517971384e+00,9.796433913775935309e+00,9.795180655653474844e+00,-5.199094373471281472e+01,-4.947499392948403596e+01,-2.653602379815796297e+01,2.554730752357033730e+00,9.874894003615132476e+00,9.814220249155773956e+00,9.803196774672386482e+00
9.797335690530140084e+00,9.796819928366110375e+00,9.795878546961839461e+00,-5.946029244969511751e+01,-5.862626430081772355e+01,-4.948569176194360608e+01,-2.648673818262501456e+01,2.570858395614026737e+00,9.875527294515029197e+00,9.814317115949661385e+00,9.803226387372449224e+00
9.797333312242054504e+00,9.796815579637806692e+00,9.795870603531307452e+00,-5.919981234535408277e+01,-5.828975438503950812e+01,-4.923780082891146748e+01,-2.635793361652108047e+01,2.606770009177584502e+00,9.877460600822034920e+00,9.814467393586021160e+00,9.803273926757690049e+00
9.797328276141191949e+00,9.796806384507997123e+00,9.795853810126669003e+00,-5.822466797140373274e+01,-5.738665983713642049e+01,-4.855048544311510739e+01,-2.598517765435926563e+01,2.689931401185863713e+00,9.877896968350929896e+00,9.814530595852401618e+00,9.803293093309191519e+00
9.797326869748387068e+00,9.796803827204056958e+00,9.795849149761750141e+00,-5.624804943824340597e+01,-5.501009021268830423e+01,-4.664222329258264921e+01,-2.515226228534709207e+01,2.881772260088452331e+00,9.878526944019164091e+00,9.814517943257060395e+00,9.803282885927934842e+00
9.797332532686974460e+00,9.796814181872273153e+00,9.795868077608414382e+00,-1.809362095034367002e+01,-4.920864514528223310e+01,-4.216135231345307233e+01,-2.270491373999225715e+01,3.276533032448641691e+00,9.877963940845123858e+00,9.814221665179303500e+00,9.803179865996787257e+00
9.797350315586118796e+00,9.796846701610833819e+00,9.795927511179860048e+00,-1.435969996000289584e+01,-3.920939801278733228e+01,-3.349504906273711669e+01,-1.797934726764207980e+01,4.071284677858074019e+00,9.875947635523116830e+00,9.813993675952389140e+00,9.803094435959264885e+00
9.797369209258922851e+00,9.796881255841370262e+00,9.795990676140601039e+00,-8.918552118699015097e+00,-2.350908451281828349e+01,-2.009880423314203668e+01,-1.014625782955969058e+01,5.469583150422772988e+00,9.869441636407353613e+00,9.813143811830267182e+00,9.803012307007030302e+00
9.797384721819161868e+00,9.796909616444100521e+00,9.796042511987234747e+00,-1.419440537832722171e+00,-7.836097216959780454e+00,-6.042963357252720158e+00,-1.010146001192209653e+00,7.300543857647165069e+00,9.856537078135643171e+00,9.811619129528137861e+00,9.802696388658022286e+00
9.797421257046709187e+00,9.796976432576702365e+00,9.796164621631374914e+00,4.867574925226625382e+00,2.595884879359168007e+00,3.310844255893898413e+00,5.306127487693435008e+00,8.728623288564957505e+00,9.840598898303509756e+00,9.809579461363405528e+00,9.802354933932491576e+00
9.797461847489167042e+00,9.797050690828978503e+00,9.796300402229361382e+00,7.233007841162546470e+00,7.279709154593797749e+00,7.525717006049931435e+00,8.211570306939604436e+00,9.419903128440443751e+00,9.826716513802482567e+00,9.807332260013986058e+00,9.802045824184649092e+00
