1.385623395241564459e+01,1.385609139745314167e+01,1.385583169062139319e+01,1.385536264933802997e+01,1.385453930513535425e+01,-2.779828416594655849e+01,-4.486410663945108901e+00,1.365629357463532401e+01,1.390929112784805710e+01,1.386715184720669392e+01,1.386060391868300457e+01
1.385612800609358786e+01,1.385589771170781148e+01,1.385547800273128161e+01,1.385471904622509953e+01,-7.598854904508641539e+00,-2.903161352323843403e+01,-4.400463064691153114e+00,1.365287827722231562e+01,1.390902113005194529e+01,1.386710035697710097e+01,1.386058409986612538e+01
1.385612909997604092e+01,1.385589971151241429e+01,1.385548165387674047e+01,1.385472568143531547e+01,-3.726077371989407538e+01,-2.907350854438947252e+01,-4.343439524555836151e+00,1.365719918770966501e+01,1.390868793530416703e+01,1.386702960389840378e+01,1.386055621005044713e+01
1.385613114794105272e+01,1.385590345449724303e+01,1.385548848767330199e+01,1.385473811131038246e+01,1.385341539201661476e+01,-2.624537575136442413e+01,-3.833672447182181919e+00,1.366686380193071315e+01,1.390834284276197153e+01,1.386695526559428160e+01,1.386052680578974616e+01
1.385613337525554378e+01,1.385590752442718809e+01,1.385549591603922082e+01,1.385475161656523291e+01,1.385343964286700391e+01,-2.305514050693481565e+01,-2.812926170544503890e+00,1.368298063907935713e+01,1.390779804168066391e+01,1.386705525174004805e+01,1.386056497295860268e+01
1.385613151979259783e+01,1.385590413231609119e+01,1.385548972465089079e+01,1.385474037645284007e+01,1.385341959930062927e+01,-9.822492744862660885e-01,-3.273289781984520808e-01,1.372432097631840087e+01,1.390548077625984646e+01,1.386676608513179687e+01,1.386044960682133187e+01
1.385614105237367255e+01,1.385592155740277320e+01,1.385552154318737905e+01,1.385479827896577021e+01,1.385352381170402225e+01,-7.998907625514226183e+00,3.126360927373846188e+00,1.375840278190017862e+01,1.390131450132349400e+01,1.386629669472463888e+01,1.386046115296321446e+01
1.385614168238914168e+01,1.385592271573825052e+01,1.385552367217986358e+01,1.385480220823174413e+01,1.385353117311007232e+01,6.570569521152259007e+00,7.797298124374238526e+00,1.381548913275699242e+01,1.389377438210333437e+01,1.386519433505081267e+01,1.386019539705085890e+01
1.385616237261596595e+01,1.385596054234861896e+01,1.385559275094763443e+01,1.385492791031696136e+01,1.385375728753675872e+01,1.036591092918577317e+01,1.123004909566416032e+01,1.384632136680543368e+01,1.388412361434344433e+01,1.386380212846685467e+01,1.385995759227232149e+01
1.385618092150549074e+01,1.385599445710868594e+01,1.385565469899427882e+01,1.385504068282940082e+01,1.385396030442149851e+01,1.246534354429956970e+01,1.290539230795011960e+01,1.386110977124289079e+01,1.387475751708713645e+01,1.386244052614663147e+01,1.385965446198883377e+01
1.385620712755567929e+01,1.385604238091683271e+01,1.385574226525127628e+01,1.385520022107585802e+01,1.385424813975687464e+01,1.335873851695126824e+01,1.353771487142488006e+01,1.386204040489289824e+01,1.386798979217928540e+01,1.386117517332807836e+01,1.385930958426698467e+01
