9.797500687360445326e+00,9.797121666926468464e+00,9.796429898437027717e+00,9.795173146905582939e+00,-3.844455830822306552e+01,-3.673035619542868346e+01,-2.205284549589416088e+01,2.546250675953871223e+00,9.876169937871388527e+00,9.814220595927443114e+00,9.803195400839335605e+00
9.797336939046562776e+00,9.796822228540921884e+00,9.795882758682694202e+00,-3.821988112073323407e+01,-4.397861376118979848e+01,-3.788206647188163601e+01,-2.120114418770081954e+01,2.558877827444256070e+00,9.875200449473171105e+00,9.814130540416643456e+00,9.803171173074476386e+00
9.797336351624352346e+00,9.796821150691972235e+00,9.795880780863051029e+00,-3.933038795108114272e+01,-4.382551694513232121e+01,-3.776644472601014257e+01,-2.118712248965656642e+01,2.593396762628218610e+00,9.876720092479768454e+00,9.814411137171338950e+00,9.803259967753000126e+00
9.797326904062881425e+00,9.796803867270750033e+00,9.795849192873186340e+00,-3.896465944139341531e+01,-4.342945866282640566e+01,-3.747011808431782498e+01,-2.115587910335212740e+01,2.674400299949020621e+00,9.877298860119417157e+00,9.814523595358737751e+00,9.803295823148348020e+00
9.797322912035427933e+00,9.796796586128436957e+00,9.795835903401322042e+00,-3.793295747637093029e+01,-4.237221599034685227e+01,-3.662174592140852525e+01,-2.086522648348085340e+01,2.884267952569576465e+00,9.877419131656173690e+00,9.814503315111165804e+00,9.803287359178350258e+00
9.797325323469451064e+00,9.796801000185455521e+00,9.795843973244558356e+00,-3.643569178317430612e+01,-3.961426103462165571e+01,-3.432525362616687659e+01,-1.952957786548111940e+01,3.329403904566716754e+00,9.877442458993865415e+00,9.814308173127255230e+00,9.803216027376654651e+00
9.797339979563034262e+00,9.796827805197661831e+00,9.795892967946599583e+00,-1.413472135645162098e+01,-3.178350378759227013e+01,-2.904471326026953903e+01,-1.661157685330352507e+01,4.150946651522263053e+00,9.875622317610547540e+00,9.814077458875813065e+00,9.803127954468520144e+00
9.797360467703416731e+00,9.796865272419550408e+00,9.795961455714349952e+00,-9.009751621892078788e+00,-2.197541152002899878e+01,-1.890181948278887702e+01,-9.752523927292379824e+00,5.494685000326155588e+00,9.868697959462064517e+00,9.813264217858076677e+00,9.803065377735599384e+00
9.797369176014164793e+00,9.796881205040563145e+00,9.795990586639474529e+00,-1.489545252386751173e+00,-7.956315318152180183e+00,-6.311712900038013885e+00,-1.364397270472474943e+00,7.220696318705023486e+00,9.856666460079285486e+00,9.811927365183134242e+00,9.802816848433732133e+00
9.797397646750445332e+00,9.796933276390257461e+00,9.796085758145391509e+00,4.594882495123655985e+00,2.184574552825402805e+00,2.912779888191681543e+00,4.972915298728265654e+00,8.640979579077241013e+00,9.841379917639033081e+00,9.809796224993078795e+00,9.802449211042960187e+00
9.797442180264486211e+00,9.797014737042802679e+00,9.796234691884336598e+00,7.136041538644597892e+00,7.089851840246536696e+00,7.333693946403141872e+00,8.062530190286675946e+00,9.376294138983991999e+00,9.827627185413797761e+00,9.807609965838546273e+00,9.801975416259748997e+00
