5.542535292161749538e+01,5.542512700334160058e+01,5.542471495844745277e+01,5.542396808605492708e+01,5.542264122299351925e+01,2.100673633718533750e+01,2.542885017791808622e+01,5.155638970432622159e+01,5.550626476581329882e+01,5.544026788207884238e+01,5.543054464068558929e+01
5.542518387537219837e+01,5.542481793968342885e+01,5.542415042092781619e+01,5.542293986350078683e+01,2.072526389078418418e+01,4.676561623160214509e+00,2.556926176156589037e+01,5.156554515907987479e+01,5.550608126279462340e+01,5.544023061205709979e+01,5.543053186681748201e+01
5.542518519763912366e+01,5.542482035718319366e+01,5.542415483711866386e+01,5.542294790867295973e+01,2.040307781798093600e+01,5.253922567829663492e+00,2.585236421643393001e+01,5.159969454962384106e+01,5.550650782220510138e+01,5.544030193203222723e+01,5.543055542888997422e+01
5.542518335656176021e+01,5.542481699043608501e+01,5.542414868790140758e+01,5.542293671712053538e+01,2.117216534174719200e+01,6.961414338643324484e+00,2.670273318504884585e+01,5.168965192758810190e+01,5.550664433553527033e+01,5.544031377649112358e+01,5.543055860015231673e+01
5.542518365974312644e+01,5.542481754435566899e+01,5.542414970008317709e+01,5.542293856872693425e+01,2.326633343347570815e+01,1.108439844384778539e+01,2.867627531427985588e+01,5.189961682613082417e+01,5.550613739838024685e+01,5.544018369562371618e+01,5.543051260499673560e+01
5.542518951223669887e+01,5.542482824577951561e+01,5.542416925099341540e+01,5.542297420053431267e+01,2.701476098191452024e+01,1.880302280994147779e+01,3.265239003857324462e+01,5.230203659405005112e+01,5.550453314195573284e+01,5.544004443306603491e+01,5.543046114552420534e+01
5.542519765475668692e+01,5.542484313428090559e+01,5.542419645778916504e+01,5.542302382227563839e+01,3.324633644159004575e+01,3.005368365645686168e+01,3.896683550392902617e+01,5.302761958546260246e+01,5.549772565400192548e+01,5.543943111554109748e+01,5.543025338394234325e+01
5.542521763495860654e+01,5.542487966445479231e+01,5.542426318609339120e+01,5.542314535627063776e+01,4.300605940137458560e+01,4.291618958197446432e+01,4.614114119740413855e+01,5.403660718363573778e+01,5.548491278774765334e+01,5.543799420430025293e+01,5.543014912041817865e+01
5.542522799361912433e+01,5.542489860802725588e+01,5.542429780608856049e+01,5.542320846957721159e+01,4.994940817335236005e+01,5.003175688920133979e+01,5.147440026840394012e+01,5.483256227201648869e+01,5.546876833601882595e+01,5.543592807758819418e+01,5.542976331645370891e+01
5.542526324554309269e+01,5.542496306908357440e+01,5.542441558150289183e+01,5.542342304670287945e+01,5.352487215990232983e+01,5.347337746631096422e+01,5.401917858514344317e+01,5.521754915717902179e+01,5.545486244329370606e+01,5.543401377251795736e+01,5.542935123926257290e+01
5.542530081759315408e+01,5.542503179095736243e+01,5.542454120308909182e+01,5.542365212395476703e+01,5.478747599556437109e+01,5.477387407434294175e+01,5.496171875436885301e+01,5.536579812313583204e+01,5.544253634875878589e+01,5.543182667226375315e+01,5.542886514553447341e+01
