1.385622978770688718e+01,1.385608374793944009e+01,1.385581769368774729e+01,1.385533719857433255e+01,1.385449380873804870e+01,-1.695449092833852589e+01,-4.756133235666031300e-01,1.364730712324198336e+01,1.390931474906455279e+01,1.386716654905784551e+01,1.386061045243709344e+01
1.385612689694835709e+01,1.385589564522664929e+01,1.385547418577869294e+01,1.385471203913365557e+01,-6.381794541500735107e+00,-1.787855028218870856e+01,-4.357826832952698126e-01,1.364617729101732557e+01,1.390919051583723665e+01,1.386714296494211140e+01,1.386060139184453099e+01
1.385612738788532994e+01,1.385589654337198162e+01,1.385547582674426259e+01,1.385471502446253567e+01,-6.879681523240444463e+00,-1.768672887405111638e+01,-3.319733046180999292e-01,1.364823531642717569e+01,1.390896112644489691e+01,1.386709578926037878e+01,1.386058291616704885e+01
1.385612865122378956e+01,1.385589885260345611e+01,1.385548004231148056e+01,1.385472268824027786e+01,-6.663413273687940119e+00,-1.706117411383275595e+01,-6.052938603258084527e-02,1.365543073954268927e+01,1.390846003407359177e+01,1.386699021625313755e+01,1.386054135556280720e+01
1.385613165587628970e+01,1.385590434461545506e+01,1.385549006811313788e+01,1.385474091727448531e+01,1.385342025719606873e+01,-2.796182065198383082e+00,8.312253578559145595e-01,1.367995771196824251e+01,1.390766904184197905e+01,1.386703396958962742e+01,1.386055710612565584e+01
1.385613165181625561e+01,1.385590433907187347e+01,1.385549006471248568e+01,1.385474094823017666e+01,1.385342053020214337e+01,-5.602654289364201734e-01,1.696043932739719651e+00,1.371007728556698879e+01,1.390566488240013143e+01,1.386681778257040776e+01,1.386047083626235477e+01
1.385613879094831091e+01,1.385591739027488600e+01,1.385551389677939405e+01,1.385478431417081069e+01,1.385349856676378622e+01,2.382376465289576473e+00,4.621221881327233660e+00,1.376037930489992789e+01,1.390125700016990073e+01,1.386628286764453222e+01,1.386045537061453814e+01
1.385614210304556337e+01,1.385592344825436939e+01,1.385552497292412610e+01,1.385480454052416022e+01,1.385353535059618935e+01,6.671752583774119394e+00,8.341602088078776234e+00,1.380891279649176795e+01,1.389318363389958932e+01,1.386507338006717660e+01,1.386014491563409834e+01
1.385616427792574612e+01,1.385596398694304732e+01,1.385559899380632487e+01,1.385493917458028434e+01,1.385377717487201821e+01,1.055377088249977646e+01,1.149923089511287699e+01,1.384479546332351951e+01,1.388345218814519910e+01,1.386384262110788157e+01,1.385997801173717647e+01
1.385617881251573991e+01,1.385599056612000446e+01,1.385564755848533380e+01,1.385502765489691157e+01,1.385393681549694378e+01,1.258723823137923503e+01,1.299897710931452899e+01,1.385870044401696433e+01,1.387449570402228716e+01,1.386237735668326110e+01,1.385962320533475811e+01
1.385620684689464355e+01,1.385604183158335090e+01,1.385574122009803943e+01,1.385519823269144624e+01,1.385424416681412652e+01,1.341060576452207442e+01,1.356966240476317154e+01,1.386197677838802278e+01,1.386752862756744342e+01,1.386098311814694384e+01,1.385938283956948069e+01
