9.797501880164057653e+00,9.797123847512741790e+00,9.796433913771229740e+00,9.795180655650414181e+00,-5.199094365353468561e+01,-4.947499394464455946e+01,-2.653602379912468834e+01,2.554730752553149742e+00,9.874894004362996469e+00,9.814220251536974970e+00,9.803196782208910776e+00
9.797335690524727525e+00,9.796819928360866570e+00,9.795878546957112576e+00,-5.946029248193232775e+01,-5.862626430087127716e+01,-4.948569176191824681e+01,-2.648673818245481115e+01,2.570858395848758970e+00,9.875527295262841676e+00,9.814317118324279221e+00,9.803226394887296635e+00
9.797333312236649050e+00,9.796815579632562887e+00,9.795870603526573461e+00,-5.919981234323312691e+01,-5.828975438509986162e+01,-4.923780082917647150e+01,-2.635793361650486588e+01,2.606770009409550060e+00,9.877460601567728204e+00,9.814467395953737849e+00,9.803273934250775312e+00
9.797328276135800706e+00,9.796806384502771081e+00,9.795853810121952776e+00,-5.822466796985533932e+01,-5.738665983711056384e+01,-4.855048544298248459e+01,-2.598517765428774240e+01,2.689931401416716383e+00,9.877896969094170032e+00,9.814530598213295320e+00,9.803293100780825498e+00
9.797326869743013589e+00,9.796803827198845127e+00,9.795849149757049901e+00,-5.624804943730814699e+01,-5.501009021261319276e+01,-4.664222329251299470e+01,-2.515226228530708852e+01,2.881772260320239809e+00,9.878526944760192663e+00,9.814517945611225258e+00,9.803282893378332474e+00
9.797332532681616968e+00,9.796814181867077309e+00,9.795868077603728352e+00,-1.809362095024171424e+01,-4.920864514503470843e+01,-4.216135231330842004e+01,-2.270491373995528051e+01,3.276533032679018742e+00,9.877963941584184226e+00,9.814221667526926041e+00,9.803179873426451252e+00
9.797350315580779068e+00,9.796846701605652186e+00,9.795927511175190006e+00,-1.435969995982554792e+01,-3.920939801278148451e+01,-3.349504906273233473e+01,-1.797934726761019775e+01,4.071284678086639630e+00,9.875947636260196560e+00,9.813993678293703837e+00,9.803094443368960853e+00
9.797369209253599109e+00,9.796881255836206392e+00,9.795990676135946984e+00,-8.918552118537215634e+00,-2.350908451188182013e+01,-2.009880423262898574e+01,-1.014625782934627374e+01,5.469583150642919556e+00,9.869441637142493562e+00,9.813143814165746548e+00,9.803012314398463545e+00
9.797384721813854114e+00,9.796909616438954416e+00,9.796042511982598455e+00,-1.419440537753343889e+00,-7.836097216488344230e+00,-6.042963357322827633e+00,-1.010146001132513405e+00,7.300543857871418574e+00,9.856537078869223478e+00,9.811619131858593690e+00,9.802696396033704573e+00
9.797421257041420972e+00,9.796976432571575799e+00,9.796164621626756386e+00,4.867574925277908804e+00,2.595884879845875126e+00,3.310844255883713227e+00,5.306127487792764441e+00,8.728623288798250002e+00,9.840598899035962077e+00,9.809579463689754419e+00,9.802354941295412516e+00
9.797461847483900144e+00,9.797050690823873254e+00,9.796300402224760617e+00,7.233007840784225984e+00,7.279709154547150618e+00,7.525717006088818550e+00,8.211570306940082276e+00,9.419903128638042134e+00,9.826716514531632640e+00,9.807332262336590389e+00,9.802045831537359533e+00
