1.385623453272663852e+01,1.385609245535222733e+01,1.385583364932038464e+01,1.385536641415579950e+01,1.385454729047179256e+01,-2.913739929294179021e+01,-4.523442720226912961e+00,1.365783860559820084e+01,1.390928504007560207e+01,1.386714827357451618e+01,1.386060231733010539e+01
1.385612825364473721e+01,1.385589815228491517e+01,1.385547879569493190e+01,1.385472047766241488e+01,-3.937696931409696788e+01,-3.048506954484756193e+01,-4.453784437316619993e+00,1.365538637376309516e+01,1.390883762849532168e+01,1.386705999149306479e+01,1.386056808352693182e+01
1.385613034930661414e+01,1.385590198469826007e+01,1.385548579548058257e+01,1.385473321025578031e+01,1.385340659871024371e+01,-2.834960772833222364e+01,-4.181177861314883337e+00,1.365852586938175861e+01,1.390835561104747597e+01,1.386696241873010926e+01,1.386053000530793788e+01
1.385613285352017776e+01,1.385590656346253979e+01,1.385549415517002103e+01,1.385474840786986661e+01,1.385343385185297649e+01,-2.702316803288218239e+01,-3.692670463630531863e+00,1.366657337133204031e+01,1.390813237053436247e+01,1.386713672676888010e+01,1.386059783577061921e+01
1.385612853933945132e+01,1.385589867666190500e+01,1.385547975668794862e+01,1.385472223461569996e+01,-3.343513730063419587e+01,-2.571524271130750350e+01,-2.780974966241298141e+00,1.368378735121516776e+01,1.390784221707292190e+01,1.386706211826833623e+01,1.386056745875679219e+01
1.385613149550367496e+01,1.385590407883641362e+01,1.385548961837688431e+01,1.385474017705002936e+01,1.385341925144154729e+01,-1.136945142607020287e+00,-1.130866073425353946e-01,1.372377179337124709e+01,1.390543300672560179e+01,1.386675675770061744e+01,1.386044602751390897e+01
1.385614123167053435e+01,1.385592187888773630e+01,1.385552212337007205e+01,1.385479932388038904e+01,1.385352565867572849e+01,-7.760738586991818622e+00,3.525527448229516914e+00,1.375717687384142529e+01,1.390103391017966139e+01,1.386624246686005080e+01,1.386043959063579223e+01
1.385614255753838187e+01,1.385592430437396239e+01,1.385552655919792642e+01,1.385480742788899633e+01,1.385354040839831491e+01,7.117061010211604533e+00,8.302814984055215675e+00,1.381800735824330317e+01,1.389293151817744132e+01,1.386521666904128836e+01,1.386020541324850086e+01
1.385616141263699141e+01,1.385595877761303640e+01,1.385558952009010270e+01,1.385492202505851544e+01,1.385374668745305016e+01,1.082555487335913824e+01,1.159231570751392049e+01,1.385175384006875987e+01,1.388278948215486786e+01,1.386363834583561783e+01,1.385987762076794461e+01
1.385618703649510053e+01,1.385600562779307765e+01,1.385567509150550691e+01,1.385507778718810101e+01,1.385402704684569386e+01,1.227914803762223706e+01,1.302923936644263136e+01,1.386300299659689017e+01,1.387413501272815353e+01,1.386222962829625871e+01,1.385954024933193018e+01
1.385621467973779275e+01,1.385605618023386043e+01,1.385576745708776514e+01,1.385524603793477638e+01,1.385433039070294647e+01,1.344472375923691487e+01,1.358774259889611358e+01,1.386394920913650708e+01,1.386719403604218748e+01,1.386100313617927426e+01,1.385938937975146246e+01
