9.797483237131523026e+00,9.797089704363330043e+00,9.796371406439392970e+00,9.795066209704931026e+00,-1.153896383138424042e+01,-2.683474680166031234e+01,-1.520909083282484353e+01,3.864578033965748727e+00,9.869704712597817675e+00,9.814094135949307685e+00,9.803197506004677209e+00
9.797305494739696030e+00,9.796764658527489900e+00,9.795777422449550187e+00,-2.837666343011108339e+01,-3.332566872627589305e+01,-2.840447227372661843e+01,-1.490678721185911115e+01,3.877178098367104031e+00,9.869271938949859546e+00,9.814022659011397920e+00,9.803175357107116739e+00
9.797307508848907887e+00,9.796768350642484080e+00,9.795784180221103199e+00,-2.923777030804118127e+01,-3.322019938522478100e+01,-2.832553040206821393e+01,-1.489916144811504317e+01,3.900352479823840923e+00,9.869734756202163339e+00,9.814220093300436432e+00,9.803243156452994711e+00
9.797296360910678459e+00,9.796747961474432387e+00,9.795746911076859575e+00,-2.891055392150956038e+01,-3.294799863461357603e+01,-2.812067377525557887e+01,-1.485368669779442286e+01,3.959543981908281829e+00,9.869956135912717698e+00,9.814306371330333789e+00,9.803272605036251974e+00
9.797291652431022513e+00,9.796739361546109137e+00,9.795731198702384290e+00,-2.749504688560167409e+01,-3.223588077838680732e+01,-2.755112603429323315e+01,-1.462980253351820359e+01,4.088479144934479059e+00,9.870140805846917331e+00,9.814279452839592466e+00,9.803261102957501194e+00
9.797295075422216115e+00,9.796745625254512646e+00,9.795742647043569562e+00,-3.184631658555621314e+01,-3.038004967463460559e+01,-2.598166990625612982e+01,-1.390647049867349772e+01,4.380881817924481503e+00,9.869581524498928005e+00,9.813997931146328568e+00,9.803163492752245745e+00
9.797311736828213213e+00,9.796776093427656207e+00,9.795798327739067446e+00,-9.510620885758052978e+00,-2.580737408219818363e+01,-2.207971334460778223e+01,-1.157642715296942981e+01,4.944240004044874404e+00,9.867649238060836936e+00,9.813798459019643872e+00,9.803089602833150451e+00
9.797327543678184369e+00,9.796805004372361125e+00,9.795851176365234281e+00,-5.008507961236046135e+00,-1.696359858631709727e+01,-1.435865490924309462e+01,-6.612035480317829617e+00,5.946189553831192853e+00,9.862745649819611771e+00,9.813115217050697225e+00,9.803058101712123218e+00
9.797338976789779608e+00,9.796825924815827591e+00,9.795889444461279183e+00,2.299899661497804004e-01,-5.704921795112507965e+00,-4.276090190574448613e+00,3.219387598906386927e-02,7.375666855373764541e+00,9.853087974138134086e+00,9.811713750791216881e+00,9.802773194008265634e+00
9.797380274275360179e+00,9.796901453826446726e+00,9.796027504956065002e+00,5.241961393546218595e+00,3.008122136345993347e+00,3.622854976306401298e+00,5.464774034178436324e+00,8.676474955473613804e+00,9.839493236333156645e+00,9.809728098813787156e+00,9.802447018746226703e+00
9.797425097697528784e+00,9.796983451806068999e+00,9.796177452329526858e+00,8.085453503714392198e+00,7.338151350555511598e+00,7.558727039117195901e+00,8.217011623433556622e+00,9.384375082630139531e+00,9.826649742319196079e+00,9.807623399362588756e+00,9.802000795301108127e+00
