5.542535787593809005e+01,5.542513607784604801e+01,5.542473157969055819e+01,5.542399857589217049e+01,5.542269746234380534e+01,2.051718043415277037e+01,2.658331440356217001e+01,5.368456289694424299e+01,5.550722007734590591e+01,5.543953962823323423e+01,5.543040307526447918e+01
5.542527342368454413e+01,5.542498172214850882e+01,5.542444990477095956e+01,5.542348713564287266e+01,7.572820312014489019e+00,1.120041739752406684e+01,2.641949884027408046e+01,5.364544166693490723e+01,5.550764922536153279e+01,5.543961186295065602e+01,5.543042779371960194e+01
5.542527165834842151e+01,5.542497849474678162e+01,5.542444401123964326e+01,5.542347641447337026e+01,8.862638079769924460e+00,1.131294440340382934e+01,2.658329427909356824e+01,5.364128834344191432e+01,5.550727832587948285e+01,5.543955586555485837e+01,5.543040906857101646e+01
5.542527265229571753e+01,5.542498031136841519e+01,5.542444732597104462e+01,5.542348243094237148e+01,9.598284399011323131e+00,1.208422581148629327e+01,2.700631170911590573e+01,5.363833745633445460e+01,5.550662725136762532e+01,5.543946342112377579e+01,5.543037861191140792e+01
5.542527390747638805e+01,5.542498260490285134e+01,5.542445150789519204e+01,5.542349000437047124e+01,1.133286832922409282e+01,1.413673034706944165e+01,2.830202754546078481e+01,5.189008307485328686e+01,5.550641381624277670e+01,5.544022695931143119e+01,5.543052647179194992e+01
5.542518856039849595e+01,5.542482651583440401e+01,5.542416610248722719e+01,5.542296848624344818e+01,2.679564030324262802e+01,1.903925414286615236e+01,3.181482425681691240e+01,5.230725795819010671e+01,5.550419122224568014e+01,5.543997976754810963e+01,5.543043909700657679e+01
5.542519968877802228e+01,5.542484686351996004e+01,5.542420327982583217e+01,5.542303625683874202e+01,3.390626788293495508e+01,2.833806509990645850e+01,3.754103915744254039e+01,5.306267317218113533e+01,5.549840582588927873e+01,5.543947802164474581e+01,5.543026386272349981e+01
5.542522049541555873e+01,5.542488490762471542e+01,5.542427278936668245e+01,5.542316295053244346e+01,4.171289485587242041e+01,4.124744045243537016e+01,4.494266321112140616e+01,5.401961922052068843e+01,5.548676877131860863e+01,5.543823341347584233e+01,5.543022661567817266e+01
5.542522856091952121e+01,5.542489966118179723e+01,5.542429977081774695e+01,5.542321224592809159e+01,4.904693918678307796e+01,4.903815116131210061e+01,5.079798820046622154e+01,5.480456076816894040e+01,5.547126581648410593e+01,5.543637869507575999e+01,5.542973205606047316e+01
5.542527366039866621e+01,5.542498212286661641e+01,5.542445041208699053e+01,5.542348662414366345e+01,5.309643534316884939e+01,5.307325301383178839e+01,5.374853822655826718e+01,5.520548946787698696e+01,5.545676012425704471e+01,5.543421553693450221e+01,5.542943107550820514e+01
5.542530109999100318e+01,5.542503231697384081e+01,5.542454218189818960e+01,5.542365402546638364e+01,5.463351933112019765e+01,5.462682442134708083e+01,5.486943961709583562e+01,5.536343786080683316e+01,5.544365708728111031e+01,5.543191454117064154e+01,5.542890045551165201e+01
