5.542533819114748894e+01,5.542510017948501400e+01,5.542466609498468699e+01,5.542387936369617307e+01,1.972097568203708562e+01,6.908039728224432352e+00,2.884952115943240614e+01,5.156530268592466371e+01,5.550568716423951798e+01,5.544015325546779138e+01,5.543050518070531041e+01
5.542518788980120803e+01,5.542482537270150544e+01,5.542416409715482928e+01,5.542296487352923151e+01,2.055185588628519611e+01,7.119263292573094759e+00,2.884152566990978528e+01,5.157535800726165576e+01,5.550545794086007589e+01,5.544011318618279205e+01,5.543049182296867627e+01
5.542518901737414438e+01,5.542482743556236358e+01,5.542416786608499990e+01,5.542297173650919007e+01,2.050896383511446075e+01,7.311026397378524777e+00,2.895944160832890191e+01,5.161058447582593800e+01,5.550598461220810975e+01,5.544020425673645036e+01,5.543052212135788182e+01
5.542518650786280432e+01,5.542482284638691681e+01,5.542415948293377426e+01,5.542295647287252791e+01,2.105737773799729595e+01,8.276660519348752132e+00,2.943473991064016460e+01,5.170224553322566408e+01,5.550636448451608373e+01,5.544025739237949324e+01,5.543053900133143230e+01
5.542518571303968855e+01,5.542482139181489487e+01,5.542415682607170879e+01,5.542295164571796562e+01,2.325381057548361952e+01,1.055069825515869653e+01,3.036667677722648406e+01,5.191116361304774784e+01,5.550631729236067713e+01,5.544020128875898479e+01,5.543051729597447519e+01
5.542518981673876510e+01,5.542482889658754885e+01,5.542417054000998178e+01,5.542297665922438910e+01,2.691464482503540978e+01,1.577253816423011656e+01,3.273152004158180972e+01,5.229698155486231315e+01,5.550485472106334583e+01,5.544008287135083890e+01,5.543047250445135887e+01
5.542519762486342927e+01,5.542484317391087245e+01,5.542419663149660636e+01,5.542302425688754397e+01,3.293793161871342079e+01,2.576184891764055607e+01,3.766041964716693968e+01,5.302522733263619870e+01,5.549832548224874529e+01,5.543929191311922722e+01,5.543040592590102733e+01
5.542520535058989850e+01,5.542485730126274746e+01,5.542422244686785859e+01,5.542307132088372157e+01,4.278646506405014094e+01,3.807507859193387389e+01,4.458578543298716568e+01,5.403868200812193834e+01,5.548562704112910637e+01,5.543809022618337679e+01,5.543018046075843586e+01
5.542522793871354736e+01,5.542489860458550055e+01,5.542429790959678826e+01,5.542320882226464107e+01,4.984753241004932534e+01,4.769532343929792972e+01,5.052250801149528314e+01,5.483957622270668253e+01,5.547011744377335418e+01,5.543611765340124009e+01,5.542982952462799062e+01
5.542526482273466115e+01,5.542496605565702339e+01,5.542442116483575631e+01,5.542343348564367034e+01,5.322799570722408191e+01,5.260985166351373721e+01,5.362893019495814428e+01,5.522305834116508549e+01,5.545640848239440857e+01,5.543405364716451800e+01,5.542935399366797355e+01
5.542531179871095048e+01,5.542505196835666226e+01,5.542457817487276373e+01,5.542371971433264832e+01,5.463844511332920462e+01,5.449057328884308049e+01,5.482853550288911038e+01,5.536034654359725948e+01,5.544512222891331987e+01,5.543226363186848005e+01,5.542908795448685311e+01
