1.385623572412637472e+01,1.385609463072404068e+01,1.385583760481675242e+01,1.385537351370004799e+01,1.385455949642181039e+01,-2.395983147846305528e+01,-3.871730968461433164e+00,1.365080222027026124e+01,1.390939963384609968e+01,1.386717895638954268e+01,1.386061492115708660e+01
1.385612694019896196e+01,1.385589575354352121e+01,1.385547441585607586e+01,1.385471250278786215e+01,-7.201290757443333135e+00,-2.461540919948188844e+01,-3.743940506418537595e+00,1.364812799874958671e+01,1.390893049897234235e+01,1.386708617718824499e+01,1.386057890391665026e+01
1.385612916424053331e+01,1.385589981944702131e+01,1.385548183895606300e+01,1.385472599596157117e+01,-3.152178290658906690e+01,-2.473831671544737532e+01,-3.640914923138530490e+00,1.365311040022086431e+01,1.390886865921773818e+01,1.386707053979165138e+01,1.386057254369379876e+01
1.385612978497255909e+01,1.385590095483873618e+01,1.385548391359509779e+01,1.385472977618594825e+01,1.385340037916740030e+01,-2.222976401292861937e+01,-3.301590206111447934e+00,1.366014646813944111e+01,1.390834585048762406e+01,1.386696211256778355e+01,1.386052999654808815e+01
1.385613275305534486e+01,1.385590637925823287e+01,1.385549381483050801e+01,1.385474777423917203e+01,1.385343266502740889e+01,-2.022776312584203495e+01,-2.447757226638333172e+00,1.367711220502564196e+01,1.390767254371207429e+01,1.386703534962942186e+01,1.386055770921302610e+01
1.385613159850170639e+01,1.385590426925844731e+01,1.385548996491453622e+01,1.385474079211798681e+01,1.385342026156447659e+01,-1.059474230635155223e+00,-2.064615171646613234e-01,1.372074215280323983e+01,1.390542428804713992e+01,1.386675778777805235e+01,1.386044667110697048e+01
1.385614100569538643e+01,1.385592146782333600e+01,1.385552137351200308e+01,1.385479795775943757e+01,1.385352318923433934e+01,-7.995261833960324083e+00,2.756908095156774152e+00,1.375754624218076749e+01,1.390149408838232148e+01,1.386633418462371381e+01,1.386047633784008681e+01
1.385614082498702082e+01,1.385592113997864772e+01,1.385552078748064453e+01,1.385479696152138551e+01,1.385352179628281988e+01,1.834896355338341500e+00,7.425024463988832757e+00,1.380759727236665491e+01,1.389385623630734656e+01,1.386522760409048693e+01,1.386021104529917025e+01
1.385616033505180056e+01,1.385595680786515338e+01,1.385558591842154108e+01,1.385491544655296536e+01,1.385373473026288949e+01,1.030411623299830026e+01,1.113644290005517234e+01,1.385160406502988550e+01,1.388404941076116472e+01,1.386376255811773284e+01,1.385993652185741354e+01
1.385618387431495968e+01,1.385599984868645151e+01,1.385566454177888573e+01,1.385505862005315691e+01,1.385399278603276763e+01,1.201316288351903339e+01,1.284406442532847059e+01,1.386176761886312292e+01,1.387542618582527609e+01,1.386245335207738805e+01,1.385966219868561566e+01
1.385620599057570068e+01,1.385604029398570169e+01,1.385573844367654672e+01,1.385519324631867022e+01,1.385423551129875541e+01,1.335067384161201254e+01,1.352439528409501790e+01,1.386393417743958700e+01,1.386817055834561430e+01,1.386122029091497865e+01,1.385933301627669678e+01
