5.542533915057254035e+01,5.542510180377803408e+01,5.542466888861143559e+01,5.542388403588466872e+01,1.718643882558026803e+01,1.121119584150197568e+01,2.653351098537347852e+01,5.347965968586898100e+01,5.550815326067703381e+01,5.543954845846866419e+01,5.543041146574435629e+01
5.542526854070656839e+01,5.542497276256485605e+01,5.542443349262818941e+01,5.542345711549779708e+01,7.329879604243036084e+00,1.141441709144593375e+01,2.642610160377377326e+01,5.342140663427733216e+01,5.550807299642310966e+01,5.543956562306640734e+01,5.543041947388471158e+01
5.542526631571426776e+01,5.542496869348209998e+01,5.542442605357084773e+01,5.542344353035875315e+01,8.099467168464562050e+00,1.159276849315512692e+01,2.658655187082785076e+01,5.343708846079540820e+01,5.550788472034780341e+01,5.543953071795959886e+01,5.543040726051610534e+01
5.542526739410413228e+01,5.542497066502173197e+01,5.542442965434965885e+01,5.542345008562235620e+01,8.989516869394174492e+00,1.241002062667282679e+01,2.706118427898228163e+01,5.344310771093265089e+01,5.550688348434578501e+01,5.543960852485767532e+01,5.543043534952366258e+01
5.542526425916345545e+01,5.542496493321397821e+01,5.542441918314884219e+01,5.542343100588566074e+01,1.197566114659764835e+01,1.470264920293766764e+01,2.846771997760669137e+01,5.188444828350424132e+01,5.550649326821898200e+01,5.544024225581097198e+01,5.543053155675458754e+01
5.542518802444021020e+01,5.542482550722261436e+01,5.542416423132308978e+01,5.542296504971199056e+01,2.679121267374940984e+01,2.004377893915037134e+01,3.222645532889951880e+01,5.230010671373595699e+01,5.550411120884947280e+01,5.543998283984322484e+01,5.543044109011410825e+01
5.542519866613189095e+01,5.542484496456306431e+01,5.542419977947685084e+01,5.542302983543712003e+01,3.389874776889249830e+01,3.041489019472824751e+01,3.878828481780636395e+01,5.309385777578739862e+01,5.549668716413302150e+01,5.543925668394802386e+01,5.543039659958725451e+01
5.542520377076849059e+01,5.542485429992125034e+01,5.542421684142807692e+01,5.542306095091161922e+01,4.375978795023073076e+01,4.387765678814598402e+01,4.649232999581020209e+01,5.413721814787699316e+01,5.548319927151445796e+01,5.543787509318393347e+01,5.543010619115125337e+01
5.542523100531992952e+01,5.542490409711693644e+01,5.542430781379815130e+01,5.542322666540432152e+01,5.067351686084357709e+01,5.056512923946331739e+01,5.176044398990397610e+01,5.489652196282290220e+01,5.546710776355800476e+01,5.543574660042793312e+01,5.542969022904925680e+01
5.542526953148505697e+01,5.542497454609986107e+01,5.542443653210158061e+01,5.542346119312443875e+01,5.372663395285284338e+01,5.369155030457417865e+01,5.414343029123095619e+01,5.524834138133987693e+01,5.545396872022214296e+01,5.543393172483072817e+01,5.542931118415680913e+01
5.542530678415670309e+01,5.542504268914767351e+01,5.542456111751242531e+01,5.542368848366940171e+01,5.485071558676484926e+01,5.481012900892459072e+01,5.501121850883119180e+01,5.536796197690098609e+01,5.544330317715387935e+01,5.543197554457573517e+01,5.542895109303319146e+01
