9.797504710868816247e+00,9.797129265923532060e+00,9.796444066737080902e+00,9.795199475024483959e+00,-4.547963459156866861e+01,-4.260758421276030106e+01,-2.584737317317879501e+01,2.551591858481808917e+00,9.876185378597348574e+00,9.814167531478501516e+00,9.803175995324489023e+00
9.797341087396551629e+00,9.796829929239338597e+00,9.795896964266267659e+00,-5.695582347213484553e+01,-5.422191218348967112e+01,-4.611804889537641827e+01,-2.580038876073919241e+01,2.566412520760572136e+00,9.876166794583140174e+00,9.814147258093534276e+00,9.803168766477535101e+00
9.797342466261406813e+00,9.796832467917020892e+00,9.795901627478597717e+00,-5.661930107479966523e+01,-5.390848361947283252e+01,-4.589686836144547044e+01,-2.570397708960512873e+01,2.601902337200505233e+00,9.877475631711254422e+00,9.814443124766981441e+00,9.803265003680998291e+00
9.797330321955898924e+00,9.796810275130862777e+00,9.795861085402430390e+00,-5.576468101312212156e+01,-5.312916698102237234e+01,-4.533644921324086141e+01,-2.547166555990458647e+01,2.682932569978652371e+00,9.878199000104901373e+00,9.814346631517976149e+00,9.803233403222238351e+00
9.797334501772168025e+00,9.796817960334207598e+00,9.795875162365282662e+00,-5.384060640632537798e+01,-5.135945137161228047e+01,-4.396560010903316851e+01,-2.488709215881391401e+01,2.866410785492646163e+00,9.878799239318393433e+00,9.814330202505590961e+00,9.803222156358767592e+00
9.797340192719138585e+00,9.796828397389711895e+00,9.795894268023880969e+00,-1.832565808805587082e+01,-4.778079348619436217e+01,-4.115255180608811258e+01,-2.337671679192119711e+01,3.236612700384838170e+00,9.878870010160349935e+00,9.814374824982264656e+00,9.803227736376848966e+00
9.797345933164208986e+00,9.796838913123218973e+00,9.795913512612193230e+00,-1.507656009661981855e+01,-4.071468092519101845e+01,-3.527333866929210870e+01,-1.978571187167502288e+01,3.957041179473036685e+00,9.876784826516766813e+00,9.813991167151007389e+00,9.803096294000404498e+00
9.797367302602232542e+00,9.796877988096149181e+00,9.795984923235630859e+00,-9.962525806089873370e+00,-2.805570226634119280e+01,-2.422309534755981986e+01,-1.277560255473207818e+01,5.237542361719897954e+00,9.871076534726078933e+00,9.813309365172397492e+00,9.803069800119940780e+00
9.797376693786569390e+00,9.796895171151199122e+00,9.796016351332649919e+00,-2.939816964969466540e+00,-1.206766003834589540e+01,-9.796726531154352102e+00,-3.427381932177609336e+00,6.994563197386701070e+00,9.859667731760016096e+00,9.812037584834884640e+00,9.802837711611479321e+00
9.797408254260920657e+00,9.796952895087940760e+00,9.796121861474572867e+00,1.547889958209713868e-01,3.188746814638907523e-01,1.273136157938819402e+00,3.952271703972695338e+00,8.516102337808700184e+00,9.844335240256762987e+00,9.810022736812408439e+00,9.802516968783221429e+00
9.797447922590805547e+00,9.797025460932108132e+00,9.796254533393623731e+00,6.325414053794601976e+00,6.384258151372524281e+00,6.723289249646859034e+00,7.675207293136034004e+00,9.329875554110317992e+00,9.830022997125963613e+00,9.807851468832698316e+00,9.802057961531330577e+00
