9.797501880165139454e+00,9.797123847513789840e+00,9.796433913772172986e+00,9.795180655651028800e+00,-5.199094366976712678e+01,-4.947499394161229702e+01,-2.653602379893125374e+01,2.554730752513952652e+00,9.874894004213446763e+00,9.814220251060874034e+00,9.803196780702361224e+00
9.797335690525809326e+00,9.796819928361914620e+00,9.795878546958059374e+00,-5.946029247550336549e+01,-5.862626430086056928e+01,-4.948569176192335561e+01,-2.648673818248879641e+01,2.570858395801836060e+00,9.875527295113414539e+00,9.814317117849856942e+00,9.803226393386236026e+00
9.797333312237729075e+00,9.796815579633610938e+00,9.795870603527520259e+00,-5.919981234366409240e+01,-5.828975438508767581e+01,-4.923780082912302447e+01,-2.635793361650797095e+01,2.606770009363213347e+00,9.877460601418839303e+00,9.814467395481061729e+00,9.803273932755216080e+00
9.797328276136878955e+00,9.796806384503813803e+00,9.795853810122896022e+00,-5.822466797017907680e+01,-5.738665983711569396e+01,-4.855048544300925784e+01,-2.598517765430198168e+01,2.689931401370653674e+00,9.877896968945883316e+00,9.814530597742338713e+00,9.803293099290680601e+00
9.797326869744088285e+00,9.796803827199886072e+00,9.795849149757987817e+00,-5.624804943751517783e+01,-5.501009021262797205e+01,-4.664222329252682187e+01,-2.515226228531492225e+01,2.881772260274024777e+00,9.878526944612460170e+00,9.814517945141966848e+00,9.803282891893545070e+00
9.797332532682686335e+00,9.796814181868112925e+00,9.795868077604664492e+00,-1.809362095026174799e+01,-4.920864514509927545e+01,-4.216135231333621647e+01,-2.270491373996305029e+01,3.276533032633098141e+00,9.877963941436952666e+00,9.814221667059317866e+00,9.803179871946891666e+00
9.797350315581843105e+00,9.796846701606686025e+00,9.795927511176120817e+00,-1.435969995986025971e+01,-3.920939801278262848e+01,-3.349504906273331528e+01,-1.797934726761657132e+01,4.071284678041120486e+00,9.875947636113465933e+00,9.813993677827683726e+00,9.803094441894430133e+00
9.797369209254659594e+00,9.796881255837233127e+00,9.795990676136874242e+00,-8.918552118569353482e+00,-2.350908451206979066e+01,-2.009880423273136074e+01,-1.014625782938894005e+01,5.469583150599109267e+00,9.869441636996247880e+00,9.813143813701197260e+00,9.803012312928524707e+00
9.797384721814911046e+00,9.796909616439979374e+00,9.796042511983520384e+00,-1.419440537769107280e+00,-7.836097216580661495e+00,-6.042963357308892114e+00,-1.010146001144347494e+00,7.300543857826814254e+00,9.856537078723370371e+00,9.811619131395305615e+00,9.802696394567725235e+00
9.797421257042474352e+00,9.796976432572595428e+00,9.796164621627674762e+00,4.867574925267729391e+00,2.595884879749227991e+00,3.310844255885719623e+00,5.306127487773025564e+00,8.728623288751888865e+00,9.840598898890407398e+00,9.809579463227500185e+00,9.802354939832641278e+00
9.797461847484946418e+00,9.797050690824885777e+00,9.796300402225675441e+00,7.233007840859944970e+00,7.279709154556337936e+00,7.525717006080955507e+00,8.211570306939991681e+00,9.419903128598788200e+00,9.826716514386790280e+00,9.807332261875256307e+00,9.802045830077144473e+00
