1.385622978770647684e+01,1.385608374793904041e+01,1.385581769368738492e+01,1.385533719857408386e+01,1.385449380873816949e+01,-1.695449092829051807e+01,-4.756133235626978095e-01,1.364730712325890316e+01,1.390931474911789500e+01,1.386716654922737924e+01,1.386061045297397243e+01
1.385612689694795030e+01,1.385589564522625139e+01,1.385547418577833234e+01,1.385471203913341043e+01,-6.381794541512471497e+00,-1.787855028219772180e+01,-4.357826832882487622e-01,1.364617729103420629e+01,1.390919051589054156e+01,1.386714296511152078e+01,1.386060139238101563e+01
1.385612738788492138e+01,1.385589654337158372e+01,1.385547582674390199e+01,1.385471502446229053e+01,-6.879681523246990338e+00,-1.768672887406911798e+01,-3.319733046091630779e-01,1.364823531644399779e+01,1.390896112649816629e+01,1.386709578942966381e+01,1.386058291670314269e+01
1.385612865122338100e+01,1.385589885260305998e+01,1.385548004231112174e+01,1.385472268824003450e+01,-6.663413273694441585e+00,-1.706117411385347538e+01,-6.052938602300894644e-02,1.365543073955943854e+01,1.390846003412681853e+01,1.386699021642229823e+01,1.386054135609851201e+01
1.385613165587588291e+01,1.385590434461505893e+01,1.385549006811277728e+01,1.385474091727423840e+01,1.385342025719619130e+01,-2.796182065199595002e+00,8.312253578674457799e-01,1.367995771198517829e+01,1.390766904189517206e+01,1.386703396975866553e+01,1.386055710666096985e+01
1.385613165181584705e+01,1.385590433907147911e+01,1.385549006471212508e+01,1.385474094822993507e+01,1.385342053020226416e+01,-5.602654289413397937e-01,1.696043932744363048e+00,1.371007728558336680e+01,1.390566488245326582e+01,1.386681778273932331e+01,1.386047083679728864e+01
1.385613879094790235e+01,1.385591739027449165e+01,1.385551389677903344e+01,1.385478431417056910e+01,1.385349856676390701e+01,2.382376465289791412e+00,4.621221881332991721e+00,1.376037930491654215e+01,1.390125700022300670e+01,1.386628286781333941e+01,1.386045537114912207e+01
1.385614210304515481e+01,1.385592344825397504e+01,1.385552497292376728e+01,1.385480454052391508e+01,1.385353535059631191e+01,6.671752583772670775e+00,8.341602088083824640e+00,1.380891279650831294e+01,1.389318363395266687e+01,1.386507338023588787e+01,1.386014491616838384e+01
1.385616427792533933e+01,1.385596398694265119e+01,1.385559899380596605e+01,1.385493917458003921e+01,1.385377717487213900e+01,1.055377088250002338e+01,1.149923089511749019e+01,1.384479546334012490e+01,1.388345218819825888e+01,1.386384262127651112e+01,1.385997801227121684e+01
1.385617881251533312e+01,1.385599056611960833e+01,1.385564755848497320e+01,1.385502765489666643e+01,1.385393681549706457e+01,1.258723823137979636e+01,1.299897710931911909e+01,1.385870044403359458e+01,1.387449570407533628e+01,1.386237735685183381e+01,1.385962320586860486e+01
1.385620684689423499e+01,1.385604183158295655e+01,1.385574122009767883e+01,1.385519823269120110e+01,1.385424416681424375e+01,1.341060576452284359e+01,1.356966240476818086e+01,1.386197677840470988e+01,1.386752862762049787e+01,1.386098311831547036e+01,1.385938284010317467e+01
