9.797496385180945566e+00,9.797114252632455944e+00,9.796416863180553491e+00,9.795150176322763969e+00,-4.926534853515759949e+01,-4.369800870338248444e+01,-2.453918345977601234e+01,2.547045656416753179e+00,9.874650854070674555e+00,9.814254186156643911e+00,9.803211476427181381e+00
9.797331708257612348e+00,9.796813062868809041e+00,9.795866432850322880e+00,-4.740281423385084025e+01,-4.848200093269953470e+01,-4.390356383310789568e+01,-2.432192171402180847e+01,2.563782600998793626e+00,9.874721995734578428e+00,9.814259680519271001e+00,9.803212830966618441e+00
9.797331824474264650e+00,9.796813257619366055e+00,9.795866776036818990e+00,-5.252347629715274735e+01,-5.098725750927760458e+01,-4.382558489587793105e+01,-2.420081200775808483e+01,2.599115325498273954e+00,9.876438772284650724e+00,9.814375634628651923e+00,9.803249671500831042e+00
9.797327786223922530e+00,9.796805870947268957e+00,9.795853271096966353e+00,-5.050559718584359103e+01,-5.065615353661964804e+01,-4.359568659092434473e+01,-2.433212751667700502e+01,2.680572587301838450e+00,9.877231223068815069e+00,9.814534818218163537e+00,9.803300670993342791e+00
9.797321909970765574e+00,9.796795133039145398e+00,9.795833655171117371e+00,-5.174157502989129398e+01,-4.984214888770171825e+01,-4.296577921545725331e+01,-2.417621975591174888e+01,2.872601863724006943e+00,9.878092056768828400e+00,9.814346735797991883e+00,9.803234450386963061e+00
9.797333902462968425e+00,9.796817074495415056e+00,9.795873760487822324e+00,-1.734755754184011778e+01,-4.762421252870240096e+01,-4.117346205886595811e+01,-2.313560892659368662e+01,3.242126534324748288e+00,9.878166291761255380e+00,9.814369625020109567e+00,9.803232153720101039e+00
9.797341205980057310e+00,9.796830439283155556e+00,9.795898204064508619e+00,-1.453053746843663063e+01,-4.212167262822161717e+01,-3.654646815249036251e+01,-2.048609281281351002e+01,3.934585056927232039e+00,9.876872900183487403e+00,9.814035544927216748e+00,9.803111766869866628e+00
9.797364838491876782e+00,9.796873659447024707e+00,9.795977201758431008e+00,-1.027519243709923380e+01,-3.081528473527432510e+01,-2.655304444373165396e+01,-1.420863184209985519e+01,5.118130711722684190e+00,9.872187134962812749e+00,9.813464862586844362e+00,9.803118028089754077e+00
9.797374022703726482e+00,9.796890467870422725e+00,9.796007958377577651e+00,-3.894034169474053897e+00,-1.462127925325070876e+01,-1.220799913414082027e+01,-4.950767174853892172e+00,6.796037338799999716e+00,9.861664055549780983e+00,9.812167192463931542e+00,9.802878120084836056e+00
9.797407234474560411e+00,9.796951216442145949e+00,9.796118997482951229e+00,-1.477998471456183793e+00,-1.318469076107232851e+00,-1.713201719275243562e-01,3.068478384559957917e+00,8.364708385899977117e+00,9.846541993475922183e+00,9.810288046176486532e+00,9.802410355565655209e+00
9.797463104517184718e+00,9.797053409353194908e+00,9.796305782493623937e+00,9.794948007570638993e+00,5.768411916414997620e+00,6.132798692653898875e+00,7.309821642512055462e+00,9.260445748409969369e+00,9.831772095798987365e+00,9.808104002427516122e+00,9.802159049179616446e+00
