5.542535787595548413e+01,5.542513607786153074e+01,5.542473157970002262e+01,5.542399857588258527e+01,5.542269746227401583e+01,2.051718043140618164e+01,2.658331440307624050e+01,5.368456289417425609e+01,5.550722006865818514e+01,5.543953960083365473e+01,5.543040298913754071e+01
5.542527342370049581e+01,5.542498172216258467e+01,5.542444990477912370e+01,5.542348713563234242e+01,7.572820309764395574e+00,1.120041739761219723e+01,2.641949883925553877e+01,5.364544166421664784e+01,5.550764921685738784e+01,5.543961183613019728e+01,5.543042770940509456e+01
5.542527165836453662e+01,5.542497849476106353e+01,5.542444401124814846e+01,5.542347641446361450e+01,8.862638079474001174e+00,1.131294440326848694e+01,2.658329427823377600e+01,5.364128834078633190e+01,5.550727831754990405e+01,5.543955583929177067e+01,5.543040898600300181e+01
5.542527265231147737e+01,5.542498031138239867e+01,5.542444732597937218e+01,5.542348243093285021e+01,9.598284398524675964e+00,1.208422581135359408e+01,2.700631170825467819e+01,5.363833745372672013e+01,5.550662724320901731e+01,5.543946339539691337e+01,5.543037853102220680e+01
5.542527390749189919e+01,5.542498260491660744e+01,5.542445150790342723e+01,5.542349000436120576e+01,1.133286832870934369e+01,1.413673034694267372e+01,2.830202754462286308e+01,5.189008307231505057e+01,5.550641380826458260e+01,5.544022693415881520e+01,5.543052639271736126e+01
5.542518856041351683e+01,5.542482651584772668e+01,5.542416610249513553e+01,5.542296848623426797e+01,2.679564030376460693e+01,1.903925414195537869e+01,3.181482425608712106e+01,5.230725795569579617e+01,5.550419121444159032e+01,5.543997974294200048e+01,5.543043901964315978e+01
5.542519968879282999e+01,5.542484686353309087e+01,5.542420327983367656e+01,5.542303625682986024e+01,3.390626788340131270e+01,2.833806509885267744e+01,3.754103915669239200e+01,5.306267316975309711e+01,5.549840581824260255e+01,5.543947799752820060e+01,5.543026378689307165e+01
5.542522049543014617e+01,5.542488490763766151e+01,5.542427278937444868e+01,5.542316295052381747e+01,4.171289485600095759e+01,4.124744045260317193e+01,4.494266321023776811e+01,5.401961921812082323e+01,5.548676876380903167e+01,5.543823338978528170e+01,5.543022654115402048e+01
5.542522856093390260e+01,5.542489966119457279e+01,5.542429977082542791e+01,5.542321224591967166e+01,4.904693918686790255e+01,4.903815116134065022e+01,5.079798819969042967e+01,5.480456076581781133e+01,5.547126580908569338e+01,5.543637867172520117e+01,5.542973198258825107e+01
5.542527366041286285e+01,5.542498212287922854e+01,5.542445041209458623e+01,5.542348662413537141e+01,5.309643534317105207e+01,5.307325301371245274e+01,5.374853822582812057e+01,5.520548946556319692e+01,5.545676011694786922e+01,5.543421551385537782e+01,5.542943100284661284e+01
5.542530110000505772e+01,5.542503231698632504e+01,5.542454218190570714e+01,5.542365402545819109e+01,5.463351933108656056e+01,5.462682442116069836e+01,5.486943961638462497e+01,5.536343785853188137e+01,5.544365708004201565e+01,5.543191451829535765e+01,5.542890038344846459e+01
