1.385623572412773186e+01,1.385609463072534808e+01,1.385583760481790172e+01,1.385537351370069459e+01,1.385455949642087070e+01,-2.395983147855928408e+01,-3.871730968490530778e+00,1.365080222019776279e+01,1.390939963361539000e+01,1.386717895565730529e+01,1.386061491884008845e+01
1.385612694020032265e+01,1.385589575354483038e+01,1.385547441585722872e+01,1.385471250278851230e+01,-7.201290757486278338e+00,-2.461540919931137594e+01,-3.743940506453336425e+00,1.364812799867755722e+01,1.390893049874213006e+01,1.386708617645756725e+01,1.386057890160458328e+01
1.385612916424189223e+01,1.385589981944832871e+01,1.385548183895721408e+01,1.385472599596222310e+01,-3.152178290612472367e+01,-2.473831671537637433e+01,-3.640914923166426398e+00,1.365311040014901955e+01,1.390886865898800195e+01,1.386707053906252618e+01,1.386057254138664874e+01
1.385612978497391623e+01,1.385590095484004181e+01,1.385548391359624532e+01,1.385472977618659485e+01,1.385340037916646949e+01,-2.222976401256636336e+01,-3.301590206149530360e+00,1.366014646806851118e+01,1.390834585025840298e+01,1.386696211184019845e+01,1.386052999424579824e+01
1.385613275305669845e+01,1.385590637925953672e+01,1.385549381483165376e+01,1.385474777423982040e+01,1.385343266502647985e+01,-2.022776312550638167e+01,-2.447757226680970177e+00,1.367711220495525204e+01,1.390767254348336124e+01,1.386703534890335376e+01,1.386055770691551992e+01
1.385613159850305642e+01,1.385590426925974761e+01,1.385548996491568019e+01,1.385474079211862986e+01,1.385342026156354933e+01,-1.059474230704442910e+00,-2.064615171768222623e-01,1.372074215273208431e+01,1.390542428781888518e+01,1.386675778705349060e+01,1.386044666881423382e+01
1.385614100569673468e+01,1.385592146782463452e+01,1.385552137351314528e+01,1.385479795776008416e+01,1.385352318923341386e+01,-7.995261833856082134e+00,2.756908095128750347e+00,1.375754624210953381e+01,1.390149408815449306e+01,1.386633418390051986e+01,1.386047633555162406e+01
1.385614082498836908e+01,1.385592113997994268e+01,1.385552078748178317e+01,1.385479696152203211e+01,1.385352179628189795e+01,1.834896355371841814e+00,7.425024463965115729e+00,1.380759727229557221e+01,1.389385623607989118e+01,1.386522760336849025e+01,1.386021104301444140e+01
1.385616033505314348e+01,1.385595680786644834e+01,1.385558591842267795e+01,1.385491544655360840e+01,1.385373473026196933e+01,1.030411623299017165e+01,1.113644290003373349e+01,1.385160406495888630e+01,1.388404941053404507e+01,1.386376255739676111e+01,1.385993651957581818e+01
1.385618387431630083e+01,1.385599984868774293e+01,1.385566454178001905e+01,1.385505862005379996e+01,1.385399278603184747e+01,1.201316288350456674e+01,1.284406442530727155e+01,1.386176761879213615e+01,1.387542618559838559e+01,1.386245335135721746e+01,1.385966219640648234e+01
1.385620599057703828e+01,1.385604029398699133e+01,1.385573844367768004e+01,1.385519324631930971e+01,1.385423551129783704e+01,1.335067384160670123e+01,1.352439528407350267e+01,1.386393417736871925e+01,1.386817055811893695e+01,1.386122029019546531e+01,1.385933301399955653e+01
