1.385623572412878701e+01,1.385609463072636416e+01,1.385583760481879345e+01,1.385537351370119552e+01,1.385455949642013351e+01,-2.395983147863336882e+01,-3.871730968513282356e+00,1.365080222014124445e+01,1.390939963343544150e+01,1.386717895508605380e+01,1.386061491703185311e+01
1.385612694020137958e+01,1.385589575354584824e+01,1.385547441585812223e+01,1.385471250278901678e+01,-7.201290757520464325e+00,-2.461540919917857906e+01,-3.743940506480517350e+00,1.364812799862132664e+01,1.390893049856236274e+01,1.386708617588687176e+01,1.386057889979809943e+01
1.385612916424294738e+01,1.385589981944934834e+01,1.385548183895810936e+01,1.385472599596272403e+01,-3.152178290576230069e+01,-2.473831671532173004e+01,-3.640914923188203645e+00,1.365311040009287247e+01,1.390886865880839629e+01,1.386707053849237781e+01,1.386057253958191282e+01
1.385612978497497139e+01,1.385590095484105788e+01,1.385548391359713705e+01,1.385472977618709933e+01,1.385340037916573586e+01,-2.222976401228345011e+01,-3.301590206179323417e+00,1.366014646801302135e+01,1.390834585007899094e+01,1.386696211127060252e+01,1.386052999244279249e+01
1.385613275305775360e+01,1.385590637926055280e+01,1.385549381483254550e+01,1.385474777424032311e+01,1.385343266502574977e+01,-2.022776312524376507e+01,-2.447757226714367462e+00,1.367711220490012458e+01,1.390767254330414460e+01,1.386703534833430140e+01,1.386055770511422125e+01
1.385613159850411158e+01,1.385590426926076368e+01,1.385548996491657192e+01,1.385474079211913434e+01,1.385342026156281747e+01,-1.059474230759066327e+00,-2.064615171861197140e-01,1.372074215267629071e+01,1.390542428763982130e+01,1.386675778648497470e+01,1.386044666701464223e+01
1.385614100569778984e+01,1.385592146782564882e+01,1.385552137351403701e+01,1.385479795776058509e+01,1.385352318923268555e+01,-7.995261833773518845e+00,2.756908095106808787e+00,1.375754624205361942e+01,1.390149408797557484e+01,1.386633418333249246e+01,1.386047633375356014e+01
1.385614082498942068e+01,1.385592113998095698e+01,1.385552078748267490e+01,1.385479696152253126e+01,1.385352179628117142e+01,1.834896355398670131e+00,7.425024463946483522e+00,1.380759727223972355e+01,1.389385623590110796e+01,1.386522760280088917e+01,1.386021104121771330e+01
1.385616033505419509e+01,1.385595680786746087e+01,1.385558591842356968e+01,1.385491544655410934e+01,1.385373473026124103e+01,1.030411623298367729e+01,1.113644290001690074e+01,1.385160406490305007e+01,1.388404941035538442e+01,1.386376255682952774e+01,1.385993651778021452e+01
1.385618387431735243e+01,1.385599984868875367e+01,1.385566454178090723e+01,1.385505862005430089e+01,1.385399278603111739e+01,1.201316288349325134e+01,1.284406442529057735e+01,1.386176761873626262e+01,1.387542618541979067e+01,1.386245335079027186e+01,1.385966219461176152e+01
1.385620599057808988e+01,1.385604029398800208e+01,1.385573844367856822e+01,1.385519324631981064e+01,1.385423551129710873e+01,1.335067384160249659e+01,1.352439528405655267e+01,1.386393417731290967e+01,1.386817055794041664e+01,1.386122028962874886e+01,1.385933301220554625e+01
