9.797504710868262023e+00,9.797129265922990271e+00,9.796444066736576417e+00,9.795199475024103819e+00,-4.547963459637997374e+01,-4.260758422081890018e+01,-2.584737317318964145e+01,2.551591858487400000e+00,9.876185378653635993e+00,9.814167531660173083e+00,9.803175995900334172e+00
9.797341087395997405e+00,9.796829929238798584e+00,9.795896964265773832e+00,-5.695582347808033319e+01,-5.422191217170978916e+01,-4.611804890281543123e+01,-2.580038876362024070e+01,2.566412520816628628e+00,9.876166794660869996e+00,9.814147258278325126e+00,9.803168767053572097e+00
9.797342466260758442e+00,9.796832467916308573e+00,9.795901627477782370e+00,-5.661930107804623447e+01,-5.390848362790823245e+01,-4.589686836167058459e+01,-2.570397709008816989e+01,2.601902337392377085e+00,9.877475631788222188e+00,9.814443124951342412e+00,9.803265004256129345e+00
9.797330321955261212e+00,9.796810275130164669e+00,9.795861085401638135e+00,-5.576468101305914615e+01,-5.312916698294161932e+01,-4.533644921377698012e+01,-2.547166556011325866e+01,2.682932570525095262e+00,9.878199000200330815e+00,9.814346631704724544e+00,9.803233403797326773e+00
9.797334501771468140e+00,9.796817960333404685e+00,9.795875162364303890e+00,-5.384060640660164410e+01,-5.135945137187991349e+01,-4.396560010932082463e+01,-2.488709215881281622e+01,2.866410785515543402e+00,9.878799239375549490e+00,9.814330202686365467e+00,9.803222156931269637e+00
9.797340192718582585e+00,9.796828397389168330e+00,9.795894268023374707e+00,-1.832565808807493113e+01,-4.778079348619613143e+01,-4.115255180608578200e+01,-2.337671679191540619e+01,3.236612700402466736e+00,9.878870010217049469e+00,9.814374825162730076e+00,9.803227736948503690e+00
9.797345933163654763e+00,9.796838913122677184e+00,9.795913512611692298e+00,-1.507656009659012142e+01,-4.071468092525189775e+01,-3.527333866928653094e+01,-1.978571187167254308e+01,3.957041179490266458e+00,9.876784826573389964e+00,9.813991167331220566e+00,9.803096294571261637e+00
9.797367302601678318e+00,9.796877988095607392e+00,9.795984923235128150e+00,-9.962525806072209278e+00,-2.805570226638170084e+01,-2.422309534756494998e+01,-1.277560255471472672e+01,5.237542361737424379e+00,9.871076534782616818e+00,9.813309365352370861e+00,9.803069800690051849e+00
9.797376693786016943e+00,9.796895171150657333e+00,9.796016351332150762e+00,-2.939816964952417067e+00,-1.206766003834010981e+01,-9.796726531115236725e+00,-3.427381932196075454e+00,6.994563197402024812e+00,9.859667731816445624e+00,9.812037585014644847e+00,9.802837712180934915e+00
9.797408254260369986e+00,9.796952895087402524e+00,9.796121861474073711e+00,1.547889961229991229e-01,3.188746814791896256e-01,1.273136157983374872e+00,3.952271703902927147e+00,8.516102337809527967e+00,9.844335240312627633e+00,9.810022736991919956e+00,9.802516969352117471e+00
9.797447922590256653e+00,9.797025460931571672e+00,9.796254533393126351e+00,6.325414054118612128e+00,6.384258151487780530e+00,6.723289249630049369e+00,7.675207293158683441e+00,9.329875554137110782e+00,9.830022997182906508e+00,9.807851469012252466e+00,9.802057962099862465e+00
