1.385623572412678683e+01,1.385609463072443859e+01,1.385583760481710236e+01,1.385537351370024339e+01,1.385455949642152618e+01,-2.395983147849249306e+01,-3.871730968470285639e+00,1.365080222024819356e+01,1.390939963377588739e+01,1.386717895616672180e+01,1.386061492045211629e+01
1.385612694019937585e+01,1.385589575354391911e+01,1.385547441585642581e+01,1.385471250278806110e+01,-7.201290757456270342e+00,-2.461540919942995131e+01,-3.743940506429114912e+00,1.364812799872767179e+01,1.390893049890231481e+01,1.386708617696599788e+01,1.386057890321349717e+01
1.385612916424094720e+01,1.385589981944741922e+01,1.385548183895641472e+01,1.385472599596176835e+01,-3.152178290644778968e+01,-2.473831671542565402e+01,-3.640914923146993942e+00,1.365311040019901334e+01,1.390886865914788828e+01,1.386707053956997804e+01,1.386057254299246111e+01
1.385612978497297298e+01,1.385590095483913409e+01,1.385548391359544596e+01,1.385472977618614365e+01,1.385340037916711786e+01,-2.222976401281843906e+01,-3.301590206123021787e+00,1.366014646811787969e+01,1.390834585041795890e+01,1.386696211234667686e+01,1.386052999584854106e+01
1.385613275305575698e+01,1.385590637925863078e+01,1.385549381483085796e+01,1.385474777423937098e+01,1.385343266502712645e+01,-2.022776312574001878e+01,-2.447757226651288143e+00,1.367711220500425640e+01,1.390767254364259387e+01,1.386703534940887295e+01,1.386055770851524116e+01
1.385613159850211673e+01,1.385590426925884344e+01,1.385548996491488438e+01,1.385474079211818221e+01,1.385342026156419593e+01,-1.059474230656141547e+00,-2.064615171683894523e-01,1.372074215278162868e+01,1.390542428797783181e+01,1.386675778755805943e+01,1.386044667041094058e+01
1.385614100569579676e+01,1.385592146782373035e+01,1.385552137351235125e+01,1.385479795775963296e+01,1.385352318923406045e+01,-7.995261833928786643e+00,2.756908095148256521e+00,1.375754624215914212e+01,1.390149408831317146e+01,1.386633418440422361e+01,1.386047633714563077e+01
1.385614082498743116e+01,1.385592113997904207e+01,1.385552078748099092e+01,1.385479696152158269e+01,1.385352179628254099e+01,1.834896355348430319e+00,7.425024463981642064e+00,1.380759727234508460e+01,1.389385623623833332e+01,1.386522760387143904e+01,1.386021104460608555e+01
1.385616033505220912e+01,1.385595680786554595e+01,1.385558591842188747e+01,1.385491544655315899e+01,1.385373473026261237e+01,1.030411623299584534e+01,1.113644290004866555e+01,1.385160406500834895e+01,1.388404941069227583e+01,1.386376255789906153e+01,1.385993652116548347e+01
1.385618387431537002e+01,1.385599984868684587e+01,1.385566454177923035e+01,1.385505862005335231e+01,1.385399278603248874e+01,1.201316288351463513e+01,1.284406442532204196e+01,1.386176761884159703e+01,1.387542618575647246e+01,1.386245335185901162e+01,1.385966219799459154e+01
1.385620599057610747e+01,1.385604029398609427e+01,1.385573844367689134e+01,1.385519324631886562e+01,1.385423551129847652e+01,1.335067384161040493e+01,1.352439528408849512e+01,1.386393417741810197e+01,1.386817055827689060e+01,1.386122029069684558e+01,1.385933301558640451e+01
