5.542534227160545868e+01,5.542510753419435332e+01,5.542467940411002303e+01,5.542390337523096377e+01,6.061610792156508332e+00,1.093083881143935798e+01,2.656195802560704422e+01,5.154252114412540919e+01,5.550649608494265408e+01,5.544031397157941399e+01,5.543055995126446334e+01
5.542518226835095163e+01,5.542481500082453749e+01,5.542414505187673512e+01,5.542293008247775532e+01,2.059331498321384757e+01,1.129796214425313217e+01,2.667111677340737330e+01,5.155287324023220918e+01,5.550598869089257903e+01,5.544022124528701312e+01,5.543052878223917901e+01
5.542518509053672204e+01,5.542482016120327160e+01,5.542415447832472353e+01,5.542294724903432268e+01,2.020968377181866771e+01,1.160750035116758383e+01,2.688215805913406697e+01,5.158621960471901247e+01,5.550608634619202064e+01,5.544023451551334603e+01,5.543053296222783644e+01
5.542518492082560044e+01,5.542481985064070926e+01,5.542415391082784026e+01,5.542294621742024674e+01,2.079486161415650614e+01,1.239642048276933295e+01,2.736557021226540343e+01,5.167812548183736965e+01,5.550643802652503211e+01,5.544028314739638574e+01,5.543054837046576466e+01
5.542518422981841297e+01,5.542481858726151245e+01,5.542415160437855093e+01,5.542294202943162418e+01,2.302345129970577275e+01,1.415526787261949693e+01,2.849044760240278151e+01,5.188798775165324173e+01,5.550622729858138626e+01,5.544020524965587526e+01,5.543051982144643830e+01
5.542518858765561163e+01,5.542482655510736578e+01,5.542416616219510672e+01,5.542296857159053758e+01,2.744308815195363493e+01,1.860484377190515204e+01,3.149171145729683019e+01,5.230415263561165773e+01,5.550415605106997674e+01,5.543998821140619526e+01,5.543044273893031004e+01
5.542519866755574753e+01,5.542484498565708861e+01,5.542419983723279842e+01,5.542302996180644925e+01,3.390111480033539948e+01,2.850056067365323997e+01,3.787755332523867935e+01,5.309931806585973391e+01,5.549678391478174433e+01,5.543926969262720661e+01,5.543040082183183870e+01
5.542520367992918295e+01,5.542485415258811088e+01,5.542421659229475495e+01,5.542306052233897873e+01,4.375028832433826409e+01,4.385358904869031704e+01,4.578066578162129474e+01,5.414364064469592108e+01,5.548337344039990171e+01,5.543790120855070569e+01,5.543011504154937086e+01
5.542523078963580474e+01,5.542490372206628990e+01,5.542430715027290944e+01,5.542322549028259004e+01,5.066056749588685904e+01,5.053406565114111970e+01,5.147428344807585177e+01,5.490288994695755775e+01,5.546714936269609098e+01,5.543573466244924930e+01,5.542968384554739458e+01
5.542527132954120361e+01,5.542497785296626489e+01,5.542444259509174032e+01,5.542347227765223749e+01,5.371101979036359353e+01,5.366319533777496531e+01,5.403989499833286914e+01,5.525049875199276528e+01,5.545374510693675063e+01,5.543383994383891888e+01,5.542926832298699935e+01
5.542531215325472971e+01,5.542505252292065876e+01,5.542457909557511186e+01,5.542372124508019482e+01,5.484165270710488471e+01,5.473985537989571526e+01,5.497693667987610411e+01,5.537318009606778446e+01,5.544379606384873682e+01,5.543206556064235713e+01,5.542898978692916501e+01
