9.797494704129436016e+00,9.797110709382920390e+00,9.796409865815000728e+00,9.795136618571934406e+00,-5.504250748136819738e+01,-4.789829019468808013e+01,-2.559838274862744356e+01,2.552276478909618618e+00,9.874554780915186569e+00,9.814297323525105199e+00,9.803227904588135644e+00
9.797327403348674579e+00,9.796804783116380477e+00,9.795850869884823453e+00,-5.238473558357703297e+01,-5.467744408620806240e+01,-4.816086485177841325e+01,-2.553067974158880915e+01,2.569142527105169105e+00,9.874903257989931404e+00,9.814117629528110953e+00,9.803169088171596712e+00
9.797335069339409230e+00,9.796818786123871803e+00,9.795876442211003621e+00,-5.417093050696039569e+01,-5.490637834130922812e+01,-4.798500745358769137e+01,-2.549358729133796686e+01,2.604449297511201689e+00,9.876164977328116379e+00,9.814376065872203014e+00,9.803252091947509683e+00
9.797325344826107951e+00,9.796801007538711303e+00,9.795843957514710709e+00,-1.955375136155917559e+01,-5.303044441738734349e+01,-4.684292399158479725e+01,-2.512250862359569226e+01,2.684649514793354452e+00,9.876759999792682265e+00,9.814477371818407292e+00,9.803283752225677716e+00
9.797322276167033550e+00,9.796795398135344612e+00,9.795833709924668398e+00,-1.898331845410695706e+01,-5.040356833562517380e+01,-4.496449680651053882e+01,-2.463542536321407184e+01,2.899918040423426824e+00,9.877592303250217753e+00,9.814471003866369614e+00,9.803274051506013720e+00
9.797328983567055616e+00,9.796807661975522663e+00,9.795856126760297045e+00,-1.750547140841456795e+01,-4.809436112804360164e+01,-4.159542778404864549e+01,-2.237406926761494219e+01,3.320931962704595453e+00,9.877309409875154600e+00,9.814229420365439438e+00,9.803188487329899559e+00
9.797344807958907609e+00,9.796836607077738179e+00,9.795909034291566897e+00,-1.353886558093002712e+01,-3.644629958612176068e+01,-3.261174074567757941e+01,-1.769683441224199072e+01,4.134685667412082211e+00,9.875329713466985737e+00,9.813982830191728013e+00,9.803096112120778471e+00
9.797365212296503145e+00,9.796873912469658663e+00,9.795977215591285869e+00,-8.684382135855310381e+00,-2.265120745289269166e+01,-1.929449784100067689e+01,-9.455163456084504148e+00,5.490351643518573965e+00,9.868852324232797457e+00,9.813208549793278834e+00,9.803042719032607266e+00
9.797374738408299422e+00,9.796891340087640287e+00,9.796009084678276579e+00,-1.303560739235908983e+00,-7.158670070745774439e+00,-5.487526095785481672e+00,-6.234158979102613074e-01,7.268472719230201662e+00,9.855985978624646648e+00,9.811722765960702475e+00,9.802743658685770356e+00
9.797407556323520339e+00,9.796951356762923169e+00,9.796118765452154875e+00,4.899992938993025682e+00,2.853844360820817272e+00,3.511599160492389515e+00,5.439144880390268000e+00,8.694822873147563413e+00,9.840450847702369330e+00,9.809777867203388624e+00,9.802442821602920020e+00
9.797442461923674628e+00,9.797015226814103528e+00,9.796235576106310461e+00,8.010322610715427061e+00,7.357349169772257724e+00,7.589333146289884979e+00,8.253665495000189978e+00,9.404405244202699521e+00,9.826502530101357991e+00,9.807251795771191993e+00,9.802023837821032259e+00
