5.542534227161391414e+01,5.542510753420249614e+01,5.542467940411712846e+01,5.542390337523478649e+01,6.061610791786108621e+00,1.093083881144600511e+01,2.656195802561864738e+01,5.154252114364736315e+01,5.550649608342117602e+01,5.544031396675569567e+01,5.543055993602001763e+01
5.542518226835935025e+01,5.542481500083259505e+01,5.542414505188374108e+01,5.542293008248147146e+01,2.059331498366734436e+01,1.129796214335774351e+01,2.667111677309031847e+01,5.155287323974474134e+01,5.550598868938096331e+01,5.544022124049485001e+01,5.543052876709433008e+01
5.542518509054504960e+01,5.542482016121128652e+01,5.542415447833169395e+01,5.542294724903801750e+01,2.020968377264171423e+01,1.160750035045682615e+01,2.688215805878891018e+01,5.158621960423558761e+01,5.550608634469021752e+01,5.544023451075217679e+01,5.543053294718082213e+01
5.542518492083387116e+01,5.542481985064866024e+01,5.542415391083475384e+01,5.542294621742391314e+01,2.079486161472068773e+01,1.239642048212311920e+01,2.736557021187427097e+01,5.167812548135927386e+01,5.550643802503286395e+01,5.544028314266584800e+01,5.543054835551545523e+01
5.542518422982661974e+01,5.542481858726939947e+01,5.542415160438541477e+01,5.542294202943526216e+01,2.302345129998483841e+01,1.415526787208542814e+01,2.849044760207369364e+01,5.188798775117913920e+01,5.550622729709890280e+01,5.544020524495552138e+01,5.543051980659129896e+01
5.542518858766376866e+01,5.542482655511518885e+01,5.542416616220191372e+01,5.542296857159414003e+01,2.744308815209560493e+01,1.860484377162291025e+01,3.149171145712559294e+01,5.230415263513989288e+01,5.550415604959658822e+01,5.543998820673503758e+01,5.543044272416732099e+01
5.542519866756386904e+01,5.542484498566489037e+01,5.542419983723959831e+01,5.542302996181005170e+01,3.390111480041520764e+01,2.850056067340035071e+01,3.787755332516002227e+01,5.309931806539026411e+01,5.549678391331691074e+01,5.543926968798302823e+01,5.543040080715320528e+01
5.542520367993728314e+01,5.542485415259587711e+01,5.542421659230151931e+01,5.542306052234256697e+01,4.375028832438054849e+01,4.385358904874824759e+01,4.578066578130713538e+01,5.414364064420517764e+01,5.548337343894178275e+01,5.543790120392996101e+01,5.543011502694425019e+01
5.542523078964385519e+01,5.542490372207403482e+01,5.542430715027964538e+01,5.542322549028618539e+01,5.066056749597934328e+01,5.053406565130181605e+01,5.147428344757896923e+01,5.490288994644662068e+01,5.546714936124224948e+01,5.543573465784746901e+01,5.542968383100156871e+01
5.542527132954921854e+01,5.542497785297398138e+01,5.542444259509846916e+01,5.542347227765583995e+01,5.371101979048742692e+01,5.366319533798541386e+01,5.403989499807437369e+01,5.525049875148575040e+01,5.545374510548576552e+01,5.543383993925189657e+01,5.542926830848766429e+01
5.542531215326272331e+01,5.542505252292834683e+01,5.542457909558183360e+01,5.542372124508381148e+01,5.484165270721966579e+01,5.473985537983861605e+01,5.497693667972347242e+01,5.537318009560759435e+01,5.544379606240477187e+01,5.543206555606800379e+01,5.542898977246618131e+01
