1.385623621436820940e+01,1.385609552080872220e+01,1.385583924167879033e+01,1.385537660489159428e+01,1.385456575737315532e+01,-2.909679836373168627e+01,-4.559744333487268264e+00,1.365702220451383830e+01,1.390949868758950814e+01,1.386719264230095661e+01,1.386061975569146831e+01
1.385612702790364281e+01,1.385589590326686604e+01,1.385547468109225200e+01,1.385471298818605490e+01,-3.922501030136185562e+01,-3.033239887601267881e+01,-4.496033249355700256e+00,1.365487130727751719e+01,1.390873665766496714e+01,1.386704020094014211e+01,1.386056044110853946e+01
1.385613080433028266e+01,1.385590280817983277e+01,1.385548728997450851e+01,1.385473591763084933e+01,1.385341144179156458e+01,-2.824709135291566753e+01,-4.237803774753147401e+00,1.365791866816083910e+01,1.390850455748082481e+01,1.386699343935965878e+01,1.386054221432374156e+01
1.385613198727152451e+01,1.385590497135280863e+01,1.385549123986768194e+01,1.385474309952849126e+01,1.385342432289975534e+01,-2.698106817303241911e+01,-3.732346193632141151e+00,1.366557871947587621e+01,1.390805115065908915e+01,1.386712113011140346e+01,1.386059187413266791e+01
1.385612884787328447e+01,1.385589923171559334e+01,1.385548076040981869e+01,1.385472404776103517e+01,-3.334916031075384524e+01,-2.554229094940490441e+01,-2.823534152198693192e+00,1.368342683362182655e+01,1.390771265534573686e+01,1.386703621413390763e+01,1.386055744785355159e+01
1.385613209142895030e+01,1.385590515971542658e+01,1.385549158243199130e+01,1.385474373682126803e+01,1.385342561770581682e+01,-1.074999895055051446e+00,-1.825380153102846847e-01,1.372095784206243607e+01,1.390540302681058549e+01,1.386675489073852674e+01,1.386044569882835376e+01
1.385614095556972458e+01,1.385592136495788296e+01,1.385552117443366704e+01,1.385479758044969145e+01,1.385352246887594596e+01,-7.493950900249867431e+00,3.456322097183224251e+00,1.375818924323813164e+01,1.390107073953134176e+01,1.386624821651927775e+01,1.386044176445665244e+01
1.385614257030256447e+01,1.385592431771391020e+01,1.385552657466094928e+01,1.385480745273240899e+01,1.385354048220391121e+01,7.033987022772286046e+00,8.331524874816766513e+00,1.381584849361467171e+01,1.389286406118499073e+01,1.386520442297470268e+01,1.386020053251616879e+01
1.385616142671616302e+01,1.385595879272314335e+01,1.385558953587706377e+01,1.385492203388130328e+01,1.385374663541462681e+01,1.081386642151328914e+01,1.160884829658450634e+01,1.384875352086964639e+01,1.388225724220034252e+01,1.386349931343240982e+01,1.385981162793781607e+01
1.385619064384269095e+01,1.385601220930991673e+01,1.385568708938085791e+01,1.385509955471144927e+01,1.385406589607304895e+01,1.228891417636423000e+01,1.303299676626841830e+01,1.386355392886887294e+01,1.387410180330075349e+01,1.386220802193469126e+01,1.385952736341576497e+01
1.385621646830036369e+01,1.385605944048738003e+01,1.385577340234771526e+01,1.385525686081852292e+01,1.385434995942872405e+01,1.344268687612339619e+01,1.358859660903364031e+01,1.386436884055234309e+01,1.386717847473398280e+01,1.386098767255892561e+01,1.385937805504705622e+01
