1.385623424602200515e+01,1.385609207143565413e+01,1.385583308918397094e+01,1.385536552843489488e+01,1.385454577837822754e+01,-2.912114357551368116e+01,-4.329705357919265474e+00,1.366043748194499408e+01,1.390927912706371039e+01,1.386714475583271167e+01,1.386060080431808750e+01
1.385612862554977198e+01,1.385589896227931561e+01,1.385548041134718389e+01,1.385472355614152562e+01,-3.962405241689692303e+01,-3.078224112587295735e+01,-4.210135894099431120e+00,1.365644989656189345e+01,1.390879044679188326e+01,1.386704940820636267e+01,1.386056391802122434e+01
1.385613081148568071e+01,1.385590295888895085e+01,1.385548770958842724e+01,1.385473682674105333e+01,1.385341319549888794e+01,-2.838051440687945970e+01,-4.084860309890359531e+00,1.366022453292618088e+01,1.390847610515175958e+01,1.386698505421276906e+01,1.386053874060413449e+01
1.385613251393002798e+01,1.385590607132464669e+01,1.385549339198214369e+01,1.385474715755259290e+01,1.385343172685763591e+01,-2.752895865679367660e+01,-3.599704410107349872e+00,1.366791444307808234e+01,1.390807899388860136e+01,1.386712452898493808e+01,1.386059302010443517e+01
1.385612904886695418e+01,1.385589973197241775e+01,1.385548181380154276e+01,1.385472610442696606e+01,-3.502260886687432162e+01,-2.717803011270828506e+01,-2.935853164584682595e+00,1.368689486729537030e+01,1.390781156021265730e+01,1.386705279405633462e+01,1.386056361245580426e+01
1.385613205945364612e+01,1.385590523275872421e+01,1.385549185512769910e+01,1.385474437675773274e+01,1.385342690549957823e+01,-1.079102612900577629e+00,-1.267408735287820498e+00,1.371952690750996062e+01,1.390586430602017032e+01,1.386684846460663678e+01,1.386048190886925546e+01
1.385613895190724776e+01,1.385591783574778901e+01,1.385551487168049434e+01,1.385478626579927131e+01,1.385350231423747580e+01,2.255422488047038154e+00,2.358252091158968611e+00,1.377380867108525209e+01,1.390168505177149072e+01,1.386635373167142760e+01,1.386048241067812903e+01
1.385614209161847299e+01,1.385592357974197419e+01,1.385552537951149077e+01,1.385480548867013084e+01,1.385353747741480035e+01,-1.407736977818152546e+00,6.845914672808022239e+00,1.381495456420450907e+01,1.389422114963712218e+01,1.386529574070804571e+01,1.386023881270241631e+01
1.385615996123298110e+01,1.385595625703439104e+01,1.385558505578702793e+01,1.385491405298854772e+01,1.385373257120136437e+01,7.366054360748432117e+00,1.072092164236498490e+01,1.385092555290112415e+01,1.388463086119853429e+01,1.386391810324055385e+01,1.386001128583853514e+01
1.385617922076080077e+01,1.385599147345805449e+01,1.385564938827825188e+01,1.385503120611890004e+01,1.385394372040493849e+01,1.157843489378099733e+01,1.271029148060978287e+01,1.386690470009274101e+01,1.387579001208967888e+01,1.386252475191580658e+01,1.385969539504367276e+01
1.385620823218298270e+01,1.385604453140447134e+01,1.385574633596423588e+01,1.385520784740932498e+01,1.385426255764771675e+01,1.310974789411695163e+01,1.347538928777579770e+01,1.386641311295375090e+01,1.386900882821334946e+01,1.386132778808760335e+01,1.385939581729179437e+01
