9.797500687361567984e+00,9.797121666927575134e+00,9.796429898438084649e+00,9.795173146906487105e+00,-3.844455830798423079e+01,-3.673035619524763007e+01,-2.205284549590896148e+01,2.546250675931917229e+00,9.876169937801320131e+00,9.814220595703471162e+00,9.803195400128776882e+00
9.797336939047697868e+00,9.796822228542042765e+00,9.795882758683767122e+00,-3.821988112059508325e+01,-4.397861376119121246e+01,-3.788206647188425791e+01,-2.120114418770658560e+01,2.558877827422767037e+00,9.875200449403076064e+00,9.814130540192829599e+00,9.803171172364459451e+00
9.797336351625487438e+00,9.796821150693093117e+00,9.795880780864125725e+00,-3.933038795093636253e+01,-4.382551694513339413e+01,-3.776644472601236657e+01,-2.118712248966264866e+01,2.593396762606751338e+00,9.876720092409819074e+00,9.814411136947715164e+00,9.803259967043532086e+00
9.797326904064016517e+00,9.796803867271870914e+00,9.795849192874257483e+00,-3.896465944122891756e+01,-4.342945866282786227e+01,-3.747011808432238666e+01,-2.115587910336187960e+01,2.674400299927448543e+00,9.877298860049524620e+00,9.814523595135286271e+00,9.803295822439425322e+00
9.797322912036561249e+00,9.796796586129554285e+00,9.795835903402393186e+00,-3.793295747616810587e+01,-4.237221599034459985e+01,-3.662174592141160900e+01,-2.086522648348321596e+01,2.884267952548115410e+00,9.877419131586336221e+00,9.814503314887886631e+00,9.803287358469969348e+00
9.797325323470582603e+00,9.796801000186572850e+00,9.795843973245627723e+00,-3.643569178298656652e+01,-3.961426103457792891e+01,-3.432525362614894959e+01,-1.952957786549117714e+01,3.329403904545763737e+00,9.877442458924114987e+00,9.814308172904148364e+00,9.803216026668806649e+00
9.797339979564165802e+00,9.796827805198777384e+00,9.795892967947665397e+00,-1.413472135644456884e+01,-3.178350378743717641e+01,-2.904471326023558220e+01,-1.661157685331249567e+01,4.150946651500674101e+00,9.875622317540797113e+00,9.814077458652860741e+00,9.803127953761185509e+00
9.797360467704544718e+00,9.796865272420662407e+00,9.795961455715415767e+00,-9.009751621882573502e+00,-2.197541151998847297e+01,-1.890181948279084168e+01,-9.752523927306793183e+00,5.494685000304742495e+00,9.868697959392374486e+00,9.813264217635275344e+00,9.803065377028740812e+00
9.797369176015289227e+00,9.796881205041675145e+00,9.795990586640535014e+00,-1.489545252385120477e+00,-7.956315318139687065e+00,-6.311712900037228735e+00,-1.364397270476485957e+00,7.220696318683781811e+00,9.856666460009636310e+00,9.811927364960462583e+00,9.802816847727287453e+00
9.797397646751564437e+00,9.796933276391360579e+00,9.796085758146448441e+00,4.594882495119131605e+00,2.184574552827889704e+00,2.912779888190607736e+00,4.972915298721899191e+00,8.640979579055768411e+00,9.841379917569406999e+00,9.809796224770511941e+00,9.802449210336851237e+00
9.797442180265603540e+00,9.797014737043902244e+00,9.796234691885388202e+00,7.136041538657352135e+00,7.089851840244383752e+00,7.333693946400977381e+00,8.062530190280954301e+00,9.376294138962794733e+00,9.827627185344192995e+00,9.807609965616062908e+00,9.801975415553911830e+00
