1.385623424602195186e+01,1.385609207143560440e+01,1.385583308918393186e+01,1.385536552843488067e+01,1.385454577837829149e+01,-2.912114357550879618e+01,-4.329705357917807973e+00,1.366043748194870666e+01,1.390927912707553560e+01,1.386714475587021411e+01,1.386060080443677123e+01
1.385612862554972047e+01,1.385589896227926765e+01,1.385548041134714481e+01,1.385472355614150963e+01,-3.962405241700468395e+01,-3.078224112587206918e+01,-4.210135894094876541e+00,1.365644989656554920e+01,1.390879044680369603e+01,1.386704940824384025e+01,1.386056391813983524e+01
1.385613081148563097e+01,1.385590295888890289e+01,1.385548770958838638e+01,1.385473682674103735e+01,1.385341319549895367e+01,-2.838051440695558014e+01,-4.084860309884612128e+00,1.366022453292980110e+01,1.390847610516356525e+01,1.386698505425022532e+01,1.386053874072267433e+01
1.385613251392997824e+01,1.385590607132459695e+01,1.385549339198210106e+01,1.385474715755257691e+01,1.385343172685770341e+01,-2.752895865692993027e+01,-3.599704410100317276e+00,1.366791444308150538e+01,1.390807899390039282e+01,1.386712452902237303e+01,1.386059302022290396e+01
1.385612904886690266e+01,1.385589973197236802e+01,1.385548181380150012e+01,1.385472610442695185e+01,-3.502260886710046606e+01,-2.717803011270144964e+01,-2.935853164578897889e+00,1.368689486729913263e+01,1.390781156022445231e+01,1.386705279409374825e+01,1.386056361257420377e+01
1.385613205945359638e+01,1.385590523275867625e+01,1.385549185512765824e+01,1.385474437675771853e+01,1.385342690549964395e+01,-1.079102612894413671e+00,-1.267408735286705834e+00,1.371952690751382598e+01,1.390586430603196533e+01,1.386684846464402909e+01,1.386048190898758747e+01
1.385613895190719624e+01,1.385591783574774105e+01,1.385551487168045526e+01,1.385478626579925532e+01,1.385350231423754153e+01,2.255422488052313046e+00,2.358252091154724006e+00,1.377380867108875684e+01,1.390168505178326441e+01,1.386635373170879859e+01,1.386048241079639531e+01
1.385614209161842325e+01,1.385592357974192446e+01,1.385552537951144814e+01,1.385480548867011485e+01,1.385353747741486430e+01,-1.407736977814462165e+00,6.845914672810179624e+00,1.381495456420822165e+01,1.389422114964892430e+01,1.386529574074540427e+01,1.386023881282063286e+01
1.385615996123292959e+01,1.385595625703434308e+01,1.385558505578698707e+01,1.385491405298853174e+01,1.385373257120142654e+01,7.366054360748245600e+00,1.072092164236607559e+01,1.385092555290484917e+01,1.388463086121030621e+01,1.386391810327789287e+01,1.386001128595670195e+01
1.385617922076075104e+01,1.385599147345800475e+01,1.385564938827820924e+01,1.385503120611888406e+01,1.385394372040500421e+01,1.157843489378184998e+01,1.271029148061092151e+01,1.386690470009643761e+01,1.387579001210144725e+01,1.386252475195313316e+01,1.385969539516180582e+01
1.385620823218293296e+01,1.385604453140442160e+01,1.385574633596419503e+01,1.385520784740931077e+01,1.385426255764778247e+01,1.310974789411732466e+01,1.347538928777692924e+01,1.386641311295743506e+01,1.386900882822511427e+01,1.386132778812491928e+01,1.385939581740989723e+01
