9.797504710847258380e+00,9.797129265902439599e+00,9.796444066717469923e+00,9.795199475009578549e+00,-4.547963479495149386e+01,-4.260758455454507043e+01,-2.584737317361395270e+01,2.551591858674775892e+00,9.876185380721874907e+00,9.814167538332988272e+00,9.803176017023043087e+00
9.797341087375146529e+00,9.796829929218505484e+00,9.795896964247116756e+00,-5.695582370202825473e+01,-5.422191172668476611e+01,-4.611804918380682494e+01,-2.580038887239367185e+01,2.566412522916333927e+00,9.876166797528522778e+00,9.814147265035961354e+00,9.803168788079425156e+00
9.797342466236491632e+00,9.796832467889547758e+00,9.795901627447074489e+00,-5.661930120575129877e+01,-5.390848395947903526e+01,-4.589686837020156673e+01,-2.570397710885517384e+01,2.601902342643877653e+00,9.877475634445703534e+00,9.814443131633705519e+00,9.803265025136809641e+00
9.797330321932060215e+00,9.796810275105260146e+00,9.795861085374241384e+00,-5.576468100945692186e+01,-5.312916706048720528e+01,-4.533644923384107983e+01,-2.547166556834123341e+01,2.682932591811097556e+00,9.878199003766122033e+00,9.814346638479090501e+00,9.803233424585522826e+00
9.797334501745275759e+00,9.796817960303050299e+00,9.795875162326963093e+00,-5.384060641740616404e+01,-5.135945138235061336e+01,-4.396560012057887690e+01,-2.488709215878646219e+01,2.866410786357999285e+00,9.878799241436487577e+00,9.814330209196347354e+00,9.803222177520416025e+00
9.797340192698065664e+00,9.796828397369072405e+00,9.795894268004646577e+00,-1.832565808898569415e+01,-4.778079348627139211e+01,-4.115255180600231455e+01,-2.337671679171028671e+01,3.236612701034534911e+00,9.878870012250660082e+00,9.814374831630324536e+00,9.803227757409125331e+00
9.797345933143288832e+00,9.796838913102757118e+00,9.795913512593177330e+00,-1.507656009555311982e+01,-4.071468092769357838e+01,-3.527333866905561877e+01,-1.978571187163215228e+01,3.957041180104864608e+00,9.876784828594843191e+00,9.813991173760205911e+00,9.803096314909891973e+00
9.797367302581431403e+00,9.796877988075802790e+00,9.795984923216721540e+00,-9.962525805458666284e+00,-2.805570226822460711e+01,-2.422309534785504326e+01,-1.277560255403667533e+01,5.237542362366041537e+00,9.871076536792456224e+00,9.813309371745349452e+00,9.803069820916020305e+00
9.797376693765910360e+00,9.796895171130993063e+00,9.796016351313880932e+00,-2.939816964350422168e+00,-1.206766003804936993e+01,-9.796726529696549335e+00,-3.427381932727854519e+00,6.994563197955462996e+00,9.859667733814990953e+00,9.812037591376054024e+00,9.802837732308576690e+00
9.797408254240393077e+00,9.796952895067867928e+00,9.796121861455926449e+00,1.547890066623693883e-01,3.188746819848713443e-01,1.273136159498550413e+00,3.952271701501532952e+00,8.516102337856407800e+00,9.844335242285087162e+00,9.810022743324726235e+00,9.802516989398764480e+00
9.797447922570436063e+00,9.797025460912200501e+00,9.796254533375156726e+00,6.325414065205158032e+00,6.384258155454310746e+00,6.723289248929194883e+00,7.675207294033767447e+00,9.329875555120420216e+00,9.830022999189944599e+00,9.807851475330984670e+00,9.802057982085107923e+00
