9.797491258492909694e+00,9.797104385207257238e+00,9.796398290542569498e+00,9.795115530753589539e+00,-5.768497339677460900e+01,-4.943925704085160788e+01,-2.626963851438570785e+01,2.558865646993563114e+00,9.875056978614212611e+00,9.814228983944847329e+00,9.803198490903261231e+00
9.797336271939141028e+00,9.796820981242992943e+00,9.795880456799158864e+00,-5.950764017842593034e+01,-5.858493530498667923e+01,-4.946188553190047088e+01,-2.651201019879464127e+01,2.571081496122943566e+00,9.875623938854939610e+00,9.814116418176265455e+00,9.803162269918063387e+00
9.797340524285402807e+00,9.796828731200768914e+00,9.795894590823797543e+00,-5.917014609755414511e+01,-5.823649251273803173e+01,-4.919521102632624121e+01,-2.637866276912809482e+01,2.606621153907308308e+00,9.877245200100045253e+00,9.814429097060825669e+00,9.803261860026321273e+00
9.797329473073688177e+00,9.796808533114656825e+00,9.795857692964956343e+00,-5.814912234975948735e+01,-5.730946835371970138e+01,-4.851996299292617465e+01,-2.603627732276521911e+01,2.688950717548067804e+00,9.877694290136862065e+00,9.814498015264762287e+00,9.803282996448295705e+00
9.797327730059505413e+00,9.796805353892974466e+00,9.795851890896761560e+00,-5.592247983730258198e+01,-5.486685545598671609e+01,-4.653071170383639554e+01,-2.514537493366355392e+01,2.890389557715769886e+00,9.878088228416697092e+00,9.814453783080343996e+00,9.803263371307313179e+00
9.797333973876664714e+00,9.796816775175242853e+00,9.795872769399162294e+00,-1.791406538707344254e+01,-4.889820143188325829e+01,-4.188725300526972006e+01,-2.255345125915760107e+01,3.308926337610732737e+00,9.877886089200611508e+00,9.814211615598743776e+00,9.803176885423116715e+00
9.797350437483956398e+00,9.796846884042851755e+00,9.795927801202841678e+00,-1.414413674603717652e+01,-3.838864186223680264e+01,-3.274091999248101814e+01,-1.757979281837780405e+01,4.111568988531903557e+00,9.875660980195066330e+00,9.813987803277646194e+00,9.803094898426603976e+00
9.797367392340550651e+00,9.796877888719103922e+00,9.795984472403235443e+00,-8.548555134905793551e+00,-2.242271877037831018e+01,-1.915848837357335910e+01,-9.597006691379730725e+00,5.486732124760329121e+00,9.869100284899067432e+00,9.813165690065222435e+00,9.803023985482630209e+00
9.797380123131837593e+00,9.796901164534354223e+00,9.796027016409084354e+00,-1.292521515663565879e+00,-7.158529267315744349e+00,-5.435890568754512486e+00,-6.898709073655595603e-01,7.277876453733188811e+00,9.856169199014807702e+00,9.811695553499701461e+00,9.802730798986063476e+00
9.797411506189577679e+00,9.796958560210772049e+00,9.796131909251382552e+00,4.922025789689474351e+00,2.866566234836871452e+00,3.541728127466232223e+00,5.417766108065765529e+00,8.702102419046573445e+00,9.840456983955602865e+00,9.809728640226218488e+00,9.802421453272833318e+00
9.797446868700800948e+00,9.797023258229012654e+00,9.796250223698917736e+00,8.007960159008666423e+00,7.368213575187098741e+00,7.601154097605758331e+00,8.251082178315842341e+00,9.407845387259541781e+00,9.826246250110934000e+00,9.807355541739763538e+00,9.802067123106763091e+00
