1.385623572412875859e+01,1.385609463072633574e+01,1.385583760481876858e+01,1.385537351370117953e+01,1.385455949642015305e+01,-2.395983147863134022e+01,-3.871730968512673954e+00,1.365080222014277922e+01,1.390939963344032648e+01,1.386717895510156850e+01,1.386061491708096938e+01
1.385612694020134938e+01,1.385589575354582159e+01,1.385547441585809736e+01,1.385471250278900257e+01,-7.201290757519526409e+00,-2.461540919918216730e+01,-3.743940506479781050e+00,1.364812799862285253e+01,1.390893049856724772e+01,1.386708617590237580e+01,1.386057889984719083e+01
1.385612916424291896e+01,1.385589981944931992e+01,1.385548183895808450e+01,1.385472599596271159e+01,-3.152178290577214170e+01,-2.473831671532319376e+01,-3.640914923187611230e+00,1.365311040009439836e+01,1.390886865881327950e+01,1.386707053850787830e+01,1.386057253963097935e+01
1.385612978497494296e+01,1.385590095484103124e+01,1.385548391359711218e+01,1.385472977618708512e+01,1.385340037916575717e+01,-2.222976401229112042e+01,-3.301590206178523168e+00,1.366014646801453303e+01,1.390834585008386881e+01,1.386696211128609590e+01,1.386052999249183770e+01
1.385613275305772341e+01,1.385590637926052437e+01,1.385549381483252240e+01,1.385474777424030890e+01,1.385343266502576753e+01,-2.022776312525088827e+01,-2.447757226713453527e+00,1.367711220490162560e+01,1.390767254330902070e+01,1.386703534834978768e+01,1.386055770516324337e+01
1.385613159850408138e+01,1.385590426926073704e+01,1.385548996491654705e+01,1.385474079211912013e+01,1.385342026156283879e+01,-1.059474230757581292e+00,-2.064615171858656950e-01,1.372074215267780950e+01,1.390542428764469562e+01,1.386675778650045032e+01,1.386044666706364126e+01
1.385614100569776141e+01,1.385592146782562217e+01,1.385552137351401214e+01,1.385479795776057088e+01,1.385352318923270509e+01,-7.995261833775776594e+00,2.756908095107407419e+00,1.375754624205514176e+01,1.390149408798044917e+01,1.386633418334796275e+01,1.386047633380253785e+01
1.385614082498939226e+01,1.385592113998092856e+01,1.385552078748265181e+01,1.385479696152252060e+01,1.385352179628118918e+01,1.834896355397932055e+00,7.425024463946986231e+00,1.380759727224124234e+01,1.389385623590597874e+01,1.386522760281635414e+01,1.386021104126667680e+01
1.385616033505416667e+01,1.385595680786743422e+01,1.385558591842354303e+01,1.385491544655409513e+01,1.385373473026126234e+01,1.030411623298385493e+01,1.113644290001735904e+01,1.385160406490457241e+01,1.388404941036025342e+01,1.386376255684498915e+01,1.385993651782916203e+01
1.385618387431732401e+01,1.385599984868872703e+01,1.385566454178088591e+01,1.385505862005428490e+01,1.385399278603113871e+01,1.201316288349355865e+01,1.284406442529103387e+01,1.386176761873778673e+01,1.387542618542466144e+01,1.386245335080572616e+01,1.385966219466069838e+01
1.385620599057805968e+01,1.385604029398797366e+01,1.385573844367854335e+01,1.385519324631979643e+01,1.385423551129713005e+01,1.335067384160261206e+01,1.352439528405701630e+01,1.386393417731443023e+01,1.386817055794528564e+01,1.386122028964420316e+01,1.385933301225447067e+01
