1.385622978770602032e+01,1.385608374793859632e+01,1.385581769368697991e+01,1.385533719857381030e+01,1.385449380873830094e+01,-1.695449092823691117e+01,-4.756133235583366314e-01,1.364730712327768636e+01,1.390931474917710275e+01,1.386716654941553273e+01,1.386061045356973764e+01
1.385612689694749378e+01,1.385589564522580908e+01,1.385547418577793266e+01,1.385471203913314042e+01,-6.381794541525596998e+00,-1.787855028220769427e+01,-4.357826832804372330e-01,1.364617729105294330e+01,1.390919051594967826e+01,1.386714296529944868e+01,1.386060139297605964e+01
1.385612738788446840e+01,1.385589654337114318e+01,1.385547582674350231e+01,1.385471502446201875e+01,-6.879681523254324915e+00,-1.768672887408911265e+01,-3.319733045992510068e-01,1.364823531646265131e+01,1.390896112655723371e+01,1.386709578961736611e+01,1.386058291729747083e+01
1.385612865122292980e+01,1.385589885260261944e+01,1.385548004231072028e+01,1.385472268823976272e+01,-6.663413273701715767e+00,-1.706117411387648275e+01,-6.052938601238366800e-02,1.365543073957800857e+01,1.390846003418581489e+01,1.386699021660977849e+01,1.386054135669213139e+01
1.385613165587542994e+01,1.385590434461461840e+01,1.385549006811237582e+01,1.385474091727396839e+01,1.385342025719632453e+01,-2.796182065200970790e+00,8.312253578802808462e-01,1.367995771200394373e+01,1.390766904195410092e+01,1.386703396994592197e+01,1.386055710725387868e+01
1.385613165181539586e+01,1.385590433907103858e+01,1.385549006471172717e+01,1.385474094822966329e+01,1.385342053020239916e+01,-5.602654289468018689e-01,1.696043932749516259e+00,1.371007728560150518e+01,1.390566488251210231e+01,1.386681778292635769e+01,1.386047083738951002e+01
1.385613879094745116e+01,1.385591739027405112e+01,1.385551389677863554e+01,1.385478431417029554e+01,1.385349856676404201e+01,2.382376465290046319e+00,4.621221881339393711e+00,1.376037930493493633e+01,1.390125700028178812e+01,1.386628286800016951e+01,1.386045537174070930e+01
1.385614210304470184e+01,1.385592344825353450e+01,1.385552497292336760e+01,1.385480454052364507e+01,1.385353535059644514e+01,6.671752583771065837e+00,8.341602088089421940e+00,1.380891279652662540e+01,1.389318363401138967e+01,1.386507338042254212e+01,1.386014491675942040e+01
1.385616427792488636e+01,1.385596398694221243e+01,1.385559899380556637e+01,1.385493917457977275e+01,1.385377717487227223e+01,1.055377088250028450e+01,1.149923089512259367e+01,1.384479546335849420e+01,1.388345218825694261e+01,1.386384262146302504e+01,1.385997801286181286e+01
1.385617881251488015e+01,1.385599056611916780e+01,1.385564755848457352e+01,1.385502765489639820e+01,1.385393681549719958e+01,1.258723823138041098e+01,1.299897710932419059e+01,1.385870044405199053e+01,1.387449570413399869e+01,1.386237735703823049e+01,1.385962320645884915e+01
1.385620684689378557e+01,1.385604183158251601e+01,1.385574122009728271e+01,1.385519823269093109e+01,1.385424416681437698e+01,1.341060576452369091e+01,1.356966240477371954e+01,1.386197677842315912e+01,1.386752862767915317e+01,1.386098311850178177e+01,1.385938284069314008e+01
