5.542534227161395677e+01,5.542510753420253877e+01,5.542467940411717109e+01,5.542390337523480781e+01,6.061610791784104890e+00,1.093083881144602465e+01,2.656195802561866159e+01,5.154252114364462045e+01,5.550649608341243635e+01,5.544031396672794187e+01,5.543055993593220876e+01
5.542518226835938577e+01,5.542481500083263768e+01,5.542414505188378371e+01,5.542293008248148567e+01,2.059331498366981350e+01,1.129796214335279814e+01,2.667111677308851370e+01,5.155287323974194180e+01,5.550598868937223074e+01,5.544022124046713884e+01,5.543052876700662068e+01
5.542518509054509934e+01,5.542482016121132915e+01,5.542415447833172948e+01,5.542294724903803882e+01,2.020968377264624749e+01,1.160750035045289152e+01,2.688215805878695619e+01,5.158621960423279518e+01,5.550608634468149205e+01,5.544023451072449404e+01,5.543053294709321221e+01
5.542518492083391379e+01,5.542481985064870287e+01,5.542415391083478937e+01,5.542294621742393446e+01,2.079486161472380701e+01,1.239642048211951675e+01,2.736557021187205407e+01,5.167812548135648854e+01,5.550643802502415269e+01,5.544028314263819368e+01,5.543054835542793057e+01
5.542518422982666948e+01,5.542481858726944211e+01,5.542415160438545030e+01,5.542294202943527637e+01,2.302345129998639095e+01,1.415526787208242965e+01,2.849044760207181071e+01,5.188798775117635387e+01,5.550622729709019154e+01,5.544020524492789548e+01,5.543051980650386668e+01
5.542518858766381129e+01,5.542482655511523149e+01,5.542416616220195635e+01,5.542296857159415424e+01,2.744308815209638297e+01,1.860484377162133640e+01,3.149171145712458397e+01,5.230415263513712176e+01,5.550415604958789118e+01,5.543998820670744720e+01,5.543044272407999529e+01
5.542519866756391878e+01,5.542484498566493301e+01,5.542419983723963384e+01,5.542302996181007302e+01,3.390111480041564818e+01,2.850056067339894028e+01,3.787755332515953910e+01,5.309931806538747878e+01,5.549678391330822080e+01,5.543926968795545918e+01,5.543040080706596484e+01
5.542520367993732577e+01,5.542485415259592685e+01,5.542421659230156195e+01,5.542306052234258829e+01,4.375028832438077586e+01,4.385358904874856734e+01,4.578066578130531639e+01,5.414364064420227152e+01,5.548337343893309992e+01,5.543790120390242748e+01,5.543011502685708081e+01
5.542523078964390493e+01,5.542490372207407745e+01,5.542430715027968802e+01,5.542322549028620671e+01,5.066056749597986197e+01,5.053406565130271133e+01,5.147428344757610574e+01,5.490288994644358667e+01,5.546714936123356665e+01,5.543573465781994969e+01,5.542968383091445617e+01
5.542527132954927538e+01,5.542497785297402402e+01,5.542444259509851179e+01,5.542347227765586837e+01,5.371101979048813746e+01,5.366319533798659336e+01,5.403989499807286734e+01,5.525049875148273770e+01,5.545374510547706848e+01,5.543383993922438435e+01,5.542926830840060859e+01
5.542531215326276595e+01,5.542505252292839657e+01,5.542457909558186913e+01,5.542372124508382569e+01,5.484165270722031238e+01,5.473985537983828209e+01,5.497693667972256293e+01,5.537318009560483745e+01,5.544379606239610325e+01,5.543206555604051289e+01,5.542898977237916824e+01
