9.797500687361043958e+00,9.797121666927058214e+00,9.796429898437590822e+00,9.795173146906064332e+00,-3.844455830809575758e+01,-3.673035619533213492e+01,-2.205284549590205145e+01,2.546250675942165920e+00,9.876169937834037071e+00,9.814220595808050618e+00,9.803195400460564812e+00
9.797336939047168514e+00,9.796822228541520516e+00,9.795882758683266189e+00,-3.821988112065967869e+01,-4.397861376119055876e+01,-3.788206647188303577e+01,-2.120114418770387132e+01,2.558877827432790575e+00,9.875200449435808991e+00,9.814130540297346883e+00,9.803171172696041324e+00
9.797336351624958084e+00,9.796821150692570868e+00,9.795880780863624793e+00,-3.933038795100402041e+01,-4.382551694513286833e+01,-3.776644472601130786e+01,-2.118712248965979938e+01,2.593396762616775764e+00,9.876720092442488053e+00,9.814411137052159617e+00,9.803259967374904349e+00
9.797326904063487163e+00,9.796803867271348665e+00,9.795849192873756550e+00,-3.896465944130579828e+01,-4.342945866282717304e+01,-3.747011808432026925e+01,-2.115587910335734279e+01,2.674400299937527148e+00,9.877298860082174059e+00,9.814523595239664999e+00,9.803295822770587975e+00
9.797322912036033671e+00,9.796796586129032036e+00,9.795835903401894029e+00,-3.793295747626284253e+01,-4.237221599034565145e+01,-3.662174592141015239e+01,-2.086522648348212883e+01,2.884267952558141612e+00,9.877419131618962567e+00,9.814503314992197858e+00,9.803287358800927720e+00
9.797325323470055025e+00,9.796801000186050601e+00,9.795843973245128566e+00,-3.643569178307425460e+01,-3.961426103459834280e+01,-3.432525362615732689e+01,-1.952957786548648755e+01,3.329403904555552796e+00,9.877442458956705806e+00,9.814308173008395642e+00,9.803216026999558963e+00
9.797339979563636447e+00,9.796827805198256911e+00,9.795892967947166241e+00,-1.413472135644784800e+01,-3.178350378750958072e+01,-2.904471326025143085e+01,-1.661157685330829636e+01,4.150946651510766472e+00,9.875622317573391484e+00,9.814077458757049399e+00,9.803127954091745977e+00
9.797360467704017140e+00,9.796865272420143711e+00,9.795961455714916610e+00,-9.009751621886977091e+00,-2.197541152000739828e+01,-1.890181948278992508e+01,-9.752523927300046580e+00,5.494685000314751377e+00,9.868697959424943988e+00,9.813264217739405382e+00,9.803065377359118315e+00
9.797369176014765202e+00,9.796881205041156448e+00,9.795990586640041187e+00,-1.489545252385878982e+00,-7.956315318145509963e+00,-6.311712900037594665e+00,-1.364397270474600354e+00,7.220696318693708982e+00,9.856666460042189826e+00,9.811927365064546436e+00,9.802816848057508636e+00
9.797397646751042188e+00,9.796933276390845435e+00,9.796085758145952838e+00,4.594882495121248134e+00,2.184574552826724414e+00,2.912779888191104671e+00,4.972915298724875477e+00,8.640979579065804828e+00,9.841379917601955185e+00,9.809796224874554937e+00,9.802449210666944523e+00
9.797442180265081291e+00,9.797014737043388877e+00,9.796234691884897927e+00,7.136041538651390681e+00,7.089851840245389170e+00,7.333693946401991681e+00,8.062530190283629494e+00,9.376294138972703252e+00,9.827627185376732299e+00,9.807609965720073930e+00,9.801975415883900311e+00
