9.797500687360400917e+00,9.797121666926424055e+00,9.796429898436985084e+00,9.795173146905545636e+00,-3.844455830823257969e+01,-3.673035619543591679e+01,-2.205284549589357468e+01,2.546250675954737641e+00,9.876169937874188065e+00,9.814220595936390623e+00,9.803195400867716458e+00
9.797336939046518367e+00,9.796822228540877475e+00,9.795882758682651570e+00,-3.821988112073875499e+01,-4.397861376118975585e+01,-3.788206647188152942e+01,-2.120114418770058862e+01,2.558877827445106501e+00,9.875200449475970643e+00,9.814130540425582083e+00,9.803171173102830593e+00
9.797336351624306161e+00,9.796821150691927826e+00,9.795880780863008397e+00,-3.933038795108695496e+01,-4.382551694513225726e+01,-3.776644472601004310e+01,-2.118712248965631773e+01,2.593396762629067265e+00,9.876720092482560887e+00,9.814411137180265143e+00,9.803259967781324136e+00
9.797326904062837016e+00,9.796803867270705624e+00,9.795849192873141931e+00,-3.896465944140000914e+01,-4.342945866282635592e+01,-3.747011808431762603e+01,-2.115587910335173660e+01,2.674400299949877269e+00,9.877298860122207813e+00,9.814523595367655062e+00,9.803295823176640056e+00
9.797322912035383524e+00,9.796796586128392548e+00,9.795835903401281186e+00,-3.793295747637905890e+01,-4.237221599034694464e+01,-3.662174592140842577e+01,-2.086522648348078235e+01,2.884267952570432225e+00,9.877419131658959017e+00,9.814503315120074234e+00,9.803287359206613871e+00
9.797325323469404879e+00,9.796801000185409336e+00,9.795843973244515723e+00,-3.643569178318174551e+01,-3.961426103462341075e+01,-3.432525362616760845e+01,-1.952957786548071795e+01,3.329403904567554306e+00,9.877442458996647190e+00,9.814308173136156555e+00,9.803216027404888067e+00
9.797339979562989853e+00,9.796827805197617423e+00,9.795892967946555174e+00,-1.413472135645189098e+01,-3.178350378759845540e+01,-2.904471326027090328e+01,-1.661157685330317690e+01,4.150946651523129916e+00,9.875622317613331091e+00,9.814077458884705507e+00,9.803127954496726915e+00
9.797360467703370546e+00,9.796865272419504223e+00,9.795961455714307320e+00,-9.009751621892464257e+00,-2.197541152003061882e+01,-1.890181948278880952e+01,-9.752523927291793626e+00,5.494685000327010904e+00,9.868697959464840963e+00,9.813264217866960237e+00,9.803065377763781285e+00
9.797369176014118608e+00,9.796881205040520513e+00,9.795990586639431896e+00,-1.489545252386809793e+00,-7.956315318152689997e+00,-6.311712900038038754e+00,-1.364397270472315071e+00,7.220696318705868144e+00,9.856666460082061931e+00,9.811927365192010697e+00,9.802816848461892718e+00
9.797397646750399147e+00,9.796933276390211276e+00,9.796085758145348876e+00,4.594882495123824739e+00,2.184574552825303329e+00,2.912779888191723288e+00,4.972915298728522338e+00,8.640979579078097217e+00,9.841379917641809527e+00,9.809796225001949921e+00,9.802449211071101232e+00
9.797442180264441802e+00,9.797014737042758270e+00,9.796234691884293966e+00,7.136041538644088966e+00,7.089851840246623738e+00,7.333693946403226249e+00,8.062530190286905096e+00,9.376294138984835769e+00,9.827627185416570654e+00,9.807609965847412070e+00,9.801975416287874054e+00
