9.797491258480400589e+00,9.797104385195162024e+00,9.796398290531779907e+00,9.795115530746922872e+00,-5.768497339792543954e+01,-4.943925704035680013e+01,-2.626963851419320406e+01,2.558865647583582703e+00,9.875056980498541748e+00,9.814228989928363234e+00,9.803198509831892338e+00
9.797336271926601725e+00,9.796820981230863978e+00,9.795880456788328416e+00,-5.950764018255787136e+01,-5.858493530494379087e+01,-4.946188553182391701e+01,-2.651201019858082475e+01,2.571081496710827974e+00,9.875623940732696227e+00,9.814116424136186012e+00,9.803162288771620325e+00
9.797340524272899032e+00,9.796828731188670147e+00,9.795894590812984859e+00,-5.917014609060969121e+01,-5.823649251271904603e+01,-4.919521102641916599e+01,-2.637866276898448703e+01,2.606621154491188364e+00,9.877245201969817145e+00,9.814429102997005216e+00,9.803261878805193064e+00
9.797329473061230587e+00,9.796808533102606020e+00,9.795857692954196949e+00,-5.814912234473269592e+01,-5.730946835366791703e+01,-4.851996299278955860e+01,-2.603627732258009075e+01,2.688950718131204010e+00,9.877694291999679521e+00,9.814498021177724851e+00,9.803283015153549940e+00
9.797327730047090455e+00,9.796805353880960965e+00,9.795851890886028812e+00,-5.592247983210295104e+01,-5.486685545601640968e+01,-4.653071170426535019e+01,-2.514537493345044794e+01,2.890389558333180009e+00,9.878088230273512238e+00,9.814453788970512349e+00,9.803263389940106265e+00
9.797333973864297718e+00,9.796816775163277313e+00,9.795872769388472179e+00,-1.791406538702216977e+01,-4.889820141778129425e+01,-4.188725300448943045e+01,-2.255345125818472241e+01,3.308926338200402384e+00,9.877886091050028128e+00,9.814211621466533586e+00,9.803176903985281854e+00
9.797350437471640916e+00,9.796846884030935954e+00,9.795927801192195972e+00,-1.414413674622210948e+01,-3.838864186247815269e+01,-3.274091999268211595e+01,-1.757979281814752781e+01,4.111568989110871541e+00,9.875660982036722046e+00,9.813987809123947414e+00,9.803094916921189395e+00
9.797367392328290236e+00,9.796877888707243187e+00,9.795984472392643028e+00,-8.548555134679361345e+00,-2.242271876984440837e+01,-1.915848837284111283e+01,-9.597006691082309970e+00,5.486732125312816066e+00,9.869100286734171945e+00,9.813165695891809648e+00,9.803024003915538742e+00
9.797380123119628692e+00,9.796901164522546779e+00,9.796027016398539899e+00,-1.292521515566162904e+00,-7.158529267250726136e+00,-5.435890568656866151e+00,-6.898709072585216262e-01,7.277876454290774788e+00,9.856169200844453471e+00,9.811695559309292491e+00,9.802730817365798544e+00
9.797411506177430951e+00,9.796958560199023225e+00,9.796131909240894942e+00,4.922025789761677927e+00,2.866566234774886368e+00,3.541728127483445121e+00,5.417766108276440562e+00,8.702102419634151431e+00,9.840456985781802501e+00,9.809728646022019660e+00,9.802421471609585879e+00
9.797446868688703958e+00,9.797023258217313568e+00,9.796250223688474534e+00,8.007960159028975511e+00,7.368213575216182143e+00,7.601154097644742258e+00,8.251082178474939965e+00,9.407845387820026772e+00,9.826246251932158060e+00,9.807355547524165829e+00,9.802067141409786188e+00
