1.385623395241352185e+01,1.385609139745113261e+01,1.385583169061975184e+01,1.385536264933755213e+01,1.385453930513855880e+01,-2.779828416586141770e+01,-4.486410663924807807e+00,1.365629357480595019e+01,1.390929112838539794e+01,1.386715184890990216e+01,1.386060392407092579e+01
1.385612800609147044e+01,1.385589771170581130e+01,1.385547800272964913e+01,1.385471904622463768e+01,-7.598854904295674118e+00,-2.903161352321636457e+01,-4.400463064597949447e+00,1.365287827738796445e+01,1.390902113058826295e+01,1.386710035867743152e+01,1.386058410524501028e+01
1.385612909997392705e+01,1.385589971151041411e+01,1.385548165387511332e+01,1.385472568143485006e+01,-3.726077372076134964e+01,-2.907350854431626885e+01,-4.343439524505614990e+00,1.365719918787763021e+01,1.390868793583971907e+01,1.386702960559590991e+01,1.386055621542033123e+01
1.385613114793894241e+01,1.385590345449524818e+01,1.385548848767167485e+01,1.385473811130991351e+01,1.385341539201981576e+01,-2.624537575160194081e+01,-3.833672447144368611e+00,1.366686380209609375e+01,1.390834284329655368e+01,1.386695526728895089e+01,1.386052681115069163e+01
1.385613337525343525e+01,1.385590752442519857e+01,1.385549591603759723e+01,1.385475161656476928e+01,1.385343964287020846e+01,-2.305514050754199218e+01,-2.812926170494635336e+00,1.368298063924120989e+01,1.390779804221426375e+01,1.386705525343192313e+01,1.386056497831076584e+01
1.385613151979049285e+01,1.385590413231410167e+01,1.385548972464926898e+01,1.385474037645237644e+01,1.385341959930382849e+01,-9.822492743117541281e-01,-3.273289781627051198e-01,1.372432097648438543e+01,1.390548077679271088e+01,1.386676608682093814e+01,1.386044961216479976e+01
1.385614105237156579e+01,1.385592155740078368e+01,1.385552154318575546e+01,1.385479827896530125e+01,1.385352381170720548e+01,-7.998907625850039338e+00,3.126360927392524580e+00,1.375840278206313094e+01,1.390131450185542938e+01,1.386629669641127194e+01,1.386046115829890901e+01
1.385614168238704025e+01,1.385592271573626633e+01,1.385552367217824177e+01,1.385480220823127873e+01,1.385353117311325910e+01,6.570569521174169481e+00,7.797298124237948436e+00,1.381548913292320080e+01,1.389377438263510101e+01,1.386519433673533896e+01,1.386019540237966652e+01
1.385616237261386274e+01,1.385596054234663121e+01,1.385559275094600551e+01,1.385492791031647997e+01,1.385375728753990643e+01,1.036591092902878231e+01,1.123004909575096910e+01,1.384632136697240057e+01,1.388412361487452529e+01,1.386380213014955487e+01,1.385995759759557622e+01
1.385618092150339464e+01,1.385599445710670352e+01,1.385565469899265523e+01,1.385504068282891765e+01,1.385396030442464799e+01,1.246534354431460301e+01,1.290539230799808479e+01,1.386110977140961964e+01,1.387475751761753706e+01,1.386244052782783953e+01,1.385965446730769379e+01
1.385620712755358852e+01,1.385604238091485740e+01,1.385574226524966335e+01,1.385520022107539440e+01,1.385424813976004366e+01,1.335873851696240600e+01,1.353771487147534991e+01,1.386204040506021506e+01,1.386798979270945509e+01,1.386117517500814955e+01,1.385930958958228132e+01
