7.382743445465489174e+01
6.923865733231843933e+01
6.909873425923159118e+01
6.909300896870703923e+01
6.909062322904944153e+01
6.908032245240289626e+01
6.903370299707549407e+01
6.890333849760177998e+01
6.876693052259412298e+01
6.871191167688620283e+01
6.869822766824285054e+01
6.869523842973481464e+01
6.869459816315566059e+01
6.869446196180865627e+01
6.869443356783392574e+01
6.869442798235299108e+01
6.869442706087812667e+01
6.869442700550031589e+01
6.869442706445789781e+01
6.869442711178872685e+01
9.600000000000005684e+01
9.600000000000005684e+01
9.600000000000005684e+01
9.600000000000005684e+01
9.600000000000005684e+01
9.600000000000005684e+01
9.600000000000005684e+01
9.600000000000005684e+01
9.600000000000005684e+01
9.600000000000005684e+01
9.600000000000005684e+01
9.600000000000005684e+01
9.600000000000005684e+01
9.600000000000005684e+01
9.600000000000005684e+01
9.600000000000005684e+01
9.600000000000005684e+01
9.600000000000005684e+01
9.600000000000005684e+01
9.600000000000005684e+01
9.600000000000005684e+01
9.600000000000005684e+01
9.600000000000005684e+01
9.600000000000005684e+01
9.600000000000005684e+01
9.600000000000005684e+01
9.600000000000005684e+01
9.600000000000005684e+01
9.600000000000005684e+01
9.600000000000005684e+01
9.600000000000005684e+01
9.600000000000005684e+01
9.600000000000005684e+01
9.600000000000005684e+01
9.600000000000005684e+01
9.600000000000005684e+01
9.600000000000005684e+01
9.600000000000005684e+01
9.600000000000005684e+01
9.600000000000005684e+01
9.600000000000005684e+01
9.600000000000005684e+01
9.600000000000005684e+01
9.600000000000005684e+01
9.600000000000005684e+01
9.600000000000005684e+01
9.600000000000005684e+01
9.600000000000005684e+01
9.600000000000005684e+01
9.600000000000005684e+01
9.600000000000005684e+01
9.600000000000005684e+01
9.600000000000005684e+01
9.600000000000005684e+01
9.600000000000005684e+01
9.600000000000005684e+01
