7.191640244441592245e+01
6.940050472118474545e+01
6.938368112815454936e+01
6.938323834822477920e+01
6.938320597762977116e+01
6.938320135646370090e+01
6.938320053909315277e+01
6.938320038071863394e+01
6.938320034781169454e+01
6.938320034055590213e+01
6.938320033887882232e+01
9.599999999999977263e+01
9.599999999999977263e+01
9.599999999999977263e+01
9.599999999999977263e+01
9.599999999999977263e+01
9.599999999999977263e+01
9.599999999999977263e+01
9.599999999999977263e+01
9.599999999999977263e+01
9.599999999999977263e+01
9.599999999999977263e+01
9.599999999999977263e+01
9.599999999999977263e+01
9.599999999999977263e+01
9.599999999999977263e+01
9.599999999999977263e+01
9.599999999999977263e+01
9.599999999999977263e+01
9.599999999999977263e+01
9.599999999999977263e+01
9.599999999999977263e+01
9.599999999999977263e+01
9.599999999999977263e+01
9.599999999999977263e+01
9.599999999999977263e+01
9.599999999999977263e+01
9.599999999999977263e+01
9.599999999999977263e+01
9.599999999999977263e+01
9.599999999999977263e+01
9.599999999999977263e+01
9.599999999999977263e+01
9.599999999999977263e+01
9.599999999999977263e+01
9.599999999999977263e+01
9.599999999999977263e+01
9.599999999999977263e+01
9.599999999999977263e+01
9.599999999999977263e+01
9.599999999999977263e+01
9.599999999999977263e+01
9.599999999999977263e+01
9.599999999999977263e+01
9.599999999999977263e+01
9.599999999999977263e+01
9.599999999999977263e+01
9.599999999999977263e+01
9.599999999999977263e+01
9.599999999999977263e+01
9.599999999999977263e+01
9.599999999999977263e+01
9.599999999999977263e+01
9.599999999999977263e+01
9.599999999999977263e+01
9.599999999999977263e+01
9.599999999999977263e+01
