4.093096407531216130e+01
3.510999213660392115e+01
3.412230597292801093e+01
3.388311071538713293e+01
3.376940437128646977e+01
3.368943322291327291e+01
3.362463453386911283e+01
3.356876686825538059e+01
3.351897442911865710e+01
3.347370270060807940e+01
3.343201355346355541e+01
3.339330609736111199e+01
3.335718164836053745e+01
3.332336832967268236e+01
3.329167482858375848e+01
3.326195988721867991e+01
3.323411213588826030e+01
3.320803663475035705e+01
3.318364615271603668e+01
3.316085579054968946e+01
3.313957995418937230e+01
3.311973092049184686e+01
3.310121850389168685e+01
3.308395041099344525e+01
3.306783301571132938e+01
3.305277237288153458e+01
3.303867535619772156e+01
3.302545084314982660e+01
3.301301090496112067e+01
3.300127197172711391e+01
3.299015593776761079e+01
3.297959117516579397e+01
3.296951341230740695e+01
3.295986642407520861e+01
3.295060247921073682e+01
3.294168248431475376e+01
3.293307578831017679e+01
3.292475962593135108e+01
3.291671820544240035e+01
3.290894148845617195e+01
3.290142372724407949e+01
3.289416185815509408e+01
3.288715385592072948e+01
3.288039715346273084e+01
3.287388721762683019e+01
3.286761634205248583e+01
3.286157268690081423e+01
3.285573957748572127e+01
3.285009501572017143e+01
3.284461136213845833e+01
3.283925511691947463e+01
3.283398672158312337e+01
3.282876029891337311e+01
3.282352323861701393e+01
3.281821558103779068e+01
3.281276907892460315e+01
3.280710583741247888e+01
3.280113650276172876e+01
3.279475786692745487e+01
3.278784980949338745e+01
3.278027150416028945e+01
3.277185686524927632e+01
3.276240931439261317e+01
3.275169616253133142e+01
3.273944327874983884e+01
3.272533137848852647e+01
3.270899626835026197e+01
3.269003678931989043e+01
3.266803583954471435e+01
3.264260094296932380e+01
3.261343001481021275e+01
3.258040274794345947e+01
3.254368629553051306e+01
3.250382677696315170e+01
3.246178363908726539e+01
3.241886682410299159e+01
3.237656800660207779e+01
3.233632701934338627e+01
3.229931079776019232e+01
3.226627759541112539e+01
3.223755224245573459e+01
3.221309390635602199e+01
3.219260749053353265e+01
3.217565632084406957e+01
3.216175234819527873e+01
3.215041594335206554e+01
3.214120919512360075e+01
3.213375019567061486e+01
3.212771557277714152e+01
3.212283671499400839e+01
3.211889323324560053e+01
3.211570569931300412e+01
3.211312871705071359e+01
3.211104478182863886e+01
3.210935905788829814e+01
3.210799504552053918e+01
3.210689103610856421e+01
3.210599723886529233e+01
3.210527346196760590e+01
3.210468724611988023e+01
3.210421236401018064e+01
3.210382761380746075e+01
3.210351584881423292e+01
3.210326319656537208e+01
3.210305842979435909e+01
3.210289245943854297e+01
3.210275792559777841e+01
3.210264886729825662e+01
3.210256045575411576e+01
3.210248877877004503e+01
3.210243066630237507e+01
3.210238354939147598e+01
3.210234534606372847e+01
3.210231436886769529e+01
3.210228925002950717e+01
3.210226888083384722e+01
3.210225236251787351e+01
3.210223896649210928e+01
3.210222810208543365e+01
3.210221929042883460e+01
3.210221214328808514e+01
3.210220634589842348e+01
3.210220164305518153e+01
3.210219782783867970e+01
3.210219473247500588e+01
3.210219222092660374e+01
3.210219018288660209e+01
3.210218852890914576e+01
3.210218718646247993e+01
3.210218609672858747e+01
3.210218521200854269e+01
3.210218449361921955e+01
3.210218391018779727e+01
3.210218343626931414e+01
3.210218305122528193e+01
3.210218273831501534e+01
3.210218248395869978e+01
3.210218227713959749e+01
3.210218210891986956e+01
9.600000000000005684e+01
9.600000000000005684e+01
9.600000000000005684e+01
9.600000000000005684e+01
9.600000000000005684e+01
9.600000000000005684e+01
9.600000000000005684e+01
9.600000000000005684e+01
9.600000000000005684e+01
9.600000000000005684e+01
9.600000000000005684e+01
9.600000000000005684e+01
9.600000000000005684e+01
9.600000000000005684e+01
9.600000000000005684e+01
9.600000000000005684e+01
9.600000000000005684e+01
9.600000000000005684e+01
9.600000000000005684e+01
9.600000000000005684e+01
9.600000000000005684e+01
9.600000000000005684e+01
9.600000000000005684e+01
9.600000000000005684e+01
9.600000000000005684e+01
9.600000000000005684e+01
9.600000000000005684e+01
9.600000000000005684e+01
9.600000000000005684e+01
9.600000000000005684e+01
9.600000000000005684e+01
9.600000000000005684e+01
9.600000000000005684e+01
9.600000000000005684e+01
9.600000000000005684e+01
9.600000000000005684e+01
9.600000000000005684e+01
9.600000000000005684e+01
9.600000000000005684e+01
9.600000000000005684e+01
9.600000000000005684e+01
9.600000000000005684e+01
9.600000000000005684e+01
9.600000000000005684e+01
9.600000000000005684e+01
9.600000000000005684e+01
9.600000000000005684e+01
9.600000000000005684e+01
9.600000000000005684e+01
9.600000000000005684e+01
9.600000000000005684e+01
9.600000000000005684e+01
9.600000000000005684e+01
9.600000000000005684e+01
9.600000000000005684e+01
9.600000000000005684e+01
