4.209083222029624949e+01
3.408844403289152325e+01
3.307884298760551189e+01
3.267067123800563877e+01
3.247486746597476071e+01
3.236509899878049623e+01
3.229454814260195405e+01
3.224541966330074416e+01
3.220987041971142162e+01
3.218368426773393765e+01
3.216421042040964551e+01
3.214963224197057201e+01
3.213865628923531403e+01
3.213034706141830554e+01
3.212402295567189014e+01
3.211918486267491346e+01
3.211546549688880248e+01
3.211259313137542648e+01
3.211036556986162083e+01
3.210863144870539543e+01
3.210727677493575527e+01
3.210621519804363544e+01
3.210538094462894065e+01
3.210472365638461412e+01
3.210420459409483840e+01
3.210379382743811050e+01
3.210346814069908561e+01
3.210320946196676317e+01
3.210300367781399444e+01
3.210283973378736988e+01
3.210270894823522525e+01
3.210260448637646391e+01
3.210252095543297202e+01
3.210245409172186726e+01
3.210240051794598060e+01
3.210235755431460802e+01
3.210232307111314753e+01
3.210229537330802430e+01
3.210227310999758288e+01
3.210225520319247039e+01
3.210224079168061451e+01
3.210222918669126102e+01
3.210221983681529423e+01
3.210221230020034966e+01
3.210220622247787503e+01
3.210220131921380471e+01
3.210219736193664630e+01
3.210219416700027750e+01
3.210219158669409012e+01
3.210218950214031963e+01
3.210218781761291496e+01
3.210218645598892806e+01
3.210218535510352922e+01
3.210218446482658550e+01
3.210218374471635627e+01
3.210218316213424572e+01
3.210218269073003228e+01
3.210218230922338023e+01
3.210218200042295678e+01
3.210218175043680588e+01
3.210218154803635571e+01
3.210218138414321487e+01
9.600000000000005684e+01
9.600000000000005684e+01
9.600000000000005684e+01
9.600000000000005684e+01
9.600000000000005684e+01
9.600000000000005684e+01
9.600000000000005684e+01
9.600000000000005684e+01
9.600000000000005684e+01
9.600000000000005684e+01
9.600000000000005684e+01
9.600000000000005684e+01
9.600000000000005684e+01
9.600000000000005684e+01
9.600000000000005684e+01
9.600000000000005684e+01
9.600000000000005684e+01
9.600000000000005684e+01
9.600000000000005684e+01
9.600000000000005684e+01
9.600000000000005684e+01
9.600000000000005684e+01
9.600000000000005684e+01
9.600000000000005684e+01
9.600000000000005684e+01
9.600000000000005684e+01
9.600000000000005684e+01
9.600000000000005684e+01
9.600000000000005684e+01
9.600000000000005684e+01
9.600000000000005684e+01
9.600000000000005684e+01
9.600000000000005684e+01
9.600000000000005684e+01
9.600000000000005684e+01
9.600000000000005684e+01
9.600000000000005684e+01
9.600000000000005684e+01
9.600000000000005684e+01
9.600000000000005684e+01
9.600000000000005684e+01
9.600000000000005684e+01
9.600000000000005684e+01
9.600000000000005684e+01
9.600000000000005684e+01
9.600000000000005684e+01
9.600000000000005684e+01
9.600000000000005684e+01
9.600000000000005684e+01
9.600000000000005684e+01
9.600000000000005684e+01
9.600000000000005684e+01
9.600000000000005684e+01
9.600000000000005684e+01
9.600000000000005684e+01
9.600000000000005684e+01
