7.213204537888080381e+01
6.979627091585066978e+01
6.949770223658316581e+01
6.940989069323910599e+01
6.938908735810387896e+01
6.938453289035281557e+01
6.938351286565604426e+01
6.938327564041044582e+01
6.938321872833272153e+01
6.938320477417539678e+01
6.938320130368560967e+01
6.938320043272189253e+01
6.938320021289170825e+01
6.938320015719835965e+01
6.938320014305058692e+01
6.938320013944940001e+01
9.599999999999977263e+01
9.599999999999977263e+01
9.599999999999977263e+01
9.599999999999977263e+01
9.599999999999977263e+01
9.599999999999977263e+01
9.599999999999977263e+01
9.599999999999977263e+01
9.599999999999977263e+01
9.599999999999977263e+01
9.599999999999977263e+01
9.599999999999977263e+01
9.599999999999977263e+01
9.599999999999977263e+01
9.599999999999977263e+01
9.599999999999977263e+01
9.599999999999977263e+01
9.599999999999977263e+01
9.599999999999977263e+01
9.599999999999977263e+01
9.599999999999977263e+01
9.599999999999977263e+01
9.599999999999977263e+01
9.599999999999977263e+01
9.599999999999977263e+01
9.599999999999977263e+01
9.599999999999977263e+01
9.599999999999977263e+01
9.599999999999977263e+01
9.599999999999977263e+01
9.599999999999977263e+01
9.599999999999977263e+01
9.599999999999977263e+01
9.599999999999977263e+01
9.599999999999977263e+01
9.599999999999977263e+01
9.599999999999977263e+01
9.599999999999977263e+01
9.599999999999977263e+01
9.599999999999977263e+01
9.599999999999977263e+01
9.599999999999977263e+01
9.599999999999977263e+01
9.599999999999977263e+01
9.599999999999977263e+01
9.599999999999977263e+01
9.599999999999977263e+01
9.599999999999977263e+01
9.599999999999977263e+01
9.599999999999977263e+01
9.599999999999977263e+01
9.599999999999977263e+01
9.599999999999977263e+01
9.599999999999977263e+01
9.599999999999977263e+01
9.599999999999977263e+01
