7.174885735979839296e+01
6.963568019708351642e+01
6.941777261258161502e+01
6.938975202177581991e+01
6.938465087662072506e+01
6.938354138282248584e+01
6.938328289006041416e+01
6.938322053542992762e+01
6.938320518189455299e+01
6.938320135332342886e+01
6.938320039125491689e+01
6.938320014840785177e+01
6.938320008696277341e+01
6.938320007140514178e+01
6.938320006746945978e+01
9.599999999999977263e+01
9.599999999999977263e+01
9.599999999999977263e+01
9.599999999999977263e+01
9.599999999999977263e+01
9.599999999999977263e+01
9.599999999999977263e+01
9.599999999999977263e+01
9.599999999999977263e+01
9.599999999999977263e+01
9.599999999999977263e+01
9.599999999999977263e+01
9.599999999999977263e+01
9.599999999999977263e+01
9.599999999999977263e+01
9.599999999999977263e+01
9.599999999999977263e+01
9.599999999999977263e+01
9.599999999999977263e+01
9.599999999999977263e+01
9.599999999999977263e+01
9.599999999999977263e+01
9.599999999999977263e+01
9.599999999999977263e+01
9.599999999999977263e+01
9.599999999999977263e+01
9.599999999999977263e+01
9.599999999999977263e+01
9.599999999999977263e+01
9.599999999999977263e+01
9.599999999999977263e+01
9.599999999999977263e+01
9.599999999999977263e+01
9.599999999999977263e+01
9.599999999999977263e+01
9.599999999999977263e+01
9.599999999999977263e+01
9.599999999999977263e+01
9.599999999999977263e+01
9.599999999999977263e+01
9.599999999999977263e+01
9.599999999999977263e+01
9.599999999999977263e+01
9.599999999999977263e+01
9.599999999999977263e+01
9.599999999999977263e+01
9.599999999999977263e+01
9.599999999999977263e+01
9.599999999999977263e+01
9.599999999999977263e+01
9.599999999999977263e+01
9.599999999999977263e+01
9.599999999999977263e+01
9.599999999999977263e+01
9.599999999999977263e+01
9.599999999999977263e+01
