7.517691642865797519e+01
6.954434845470052551e+01
6.940510483943651820e+01
6.938849181449464254e+01
6.938452059827936580e+01
6.938353180464963543e+01
6.938328395104376511e+01
6.938322150842827796e+01
6.938320571945793347e+01
6.938320171757257526e+01
6.938320070172045462e+01
6.938320044360399663e+01
6.938320037797454631e+01
6.938320036127693413e+01
6.938320035702582800e+01
9.599999999999977263e+01
9.599999999999977263e+01
9.599999999999977263e+01
9.599999999999977263e+01
9.599999999999977263e+01
9.599999999999977263e+01
9.599999999999977263e+01
9.599999999999977263e+01
9.599999999999977263e+01
9.599999999999977263e+01
9.599999999999977263e+01
9.599999999999977263e+01
9.599999999999977263e+01
9.599999999999977263e+01
9.599999999999977263e+01
9.599999999999977263e+01
9.599999999999977263e+01
9.599999999999977263e+01
9.599999999999977263e+01
9.599999999999977263e+01
9.599999999999977263e+01
9.599999999999977263e+01
9.599999999999977263e+01
9.599999999999977263e+01
9.599999999999977263e+01
9.599999999999977263e+01
9.599999999999977263e+01
9.599999999999977263e+01
9.599999999999977263e+01
9.599999999999977263e+01
9.599999999999977263e+01
9.599999999999977263e+01
9.599999999999977263e+01
9.599999999999977263e+01
9.599999999999977263e+01
9.599999999999977263e+01
9.599999999999977263e+01
9.599999999999977263e+01
9.599999999999977263e+01
9.599999999999977263e+01
9.599999999999977263e+01
9.599999999999977263e+01
9.599999999999977263e+01
9.599999999999977263e+01
9.599999999999977263e+01
9.599999999999977263e+01
9.599999999999977263e+01
9.599999999999977263e+01
9.599999999999977263e+01
9.599999999999977263e+01
9.599999999999977263e+01
9.599999999999977263e+01
9.599999999999977263e+01
9.599999999999977263e+01
9.599999999999977263e+01
9.599999999999977263e+01
