7.795577605355886661e-03,6.668606901842840482e-06,2.216705489325072554e-07,5.535965589935203492e-10,-7.990229224893579188e-03
1.333496414185737257e-02,1.523356689753678280e-06,1.592581620476147539e-07,2.948250266318528657e-09,-6.948139569139497561e-03
4.281816332952576888e-03,4.312126313701545854e-07,2.323285413345147957e-07,-5.893531312561952747e-10,-3.580612650875808056e-03
6.054325691079760416e-03,2.322043590432402490e-07,3.071200551905454622e-07,-8.900926988734906480e-10,-1.213706165008821176e-02
4.768370411342902441e-05,2.448291003679244509e-07,3.770196072313843352e-07,9.880210309749692335e-09,-2.417375639401370124e-02
2.290040219803328149e-06,2.507683766986889438e-07,2.652813152436096496e-07,5.843629355402901617e-10,-1.936695796929377433e-02
1.214042530826173546e-06,3.884750538243204435e-07,1.637234610755838413e-07,-7.509487569529698209e-09,-2.505206877493473816e-02
3.948008765699747120e-06,3.131981363383836671e-07,1.171289963910965273e-07,-2.413184252912618582e-09,-3.996497481242240052e-02
3.380823298739450743e-04,4.379025697152249579e-07,1.289984512973598063e-07,-1.290622430001020436e-08,-3.689637041986519594e-02
6.436485085316077590e-03,5.191878797429905918e-06,1.106788272863392652e-07,-2.183402370201751149e-08,-3.934037953827790313e-02
2.730902776795053957e-03,1.990602250850128383e-06,8.824020636454043570e-08,-5.546065679897938410e-08,-2.883050667183338980e-02
2.066469688636530730e-02,4.305011546694118875e-03,8.974132936496251371e-08,-5.940683099299806128e-08,-3.562988687160300455e-02
2.608869364872232546e-02,1.388132562796185777e-02,4.838011740533294737e-08,-5.790593665410789439e-08,-3.123889281068417331e-02
2.218601524489143342e-02,1.717243608145409620e-02,5.082264697447147370e-08,-1.141226967431772363e-07,-2.191492337219017039e-02
2.455921847616526765e-02,1.651995808769259055e-02,4.710751670475072043e-08,-1.389510559795595888e-07,-2.259769549286182178e-02
3.491656467115616252e-02,6.282350830344165735e-03,7.147900753023175907e-08,-1.611524716809840500e-07,-2.683595542924208446e-02
3.222531212975739828e-02,1.551670593296913293e-02,1.058625799055084569e-07,-2.067112397496846391e-07,-2.136400093143468043e-02
3.878306291735413719e-02,8.456098715495736010e-03,1.728426452491188126e-07,-5.927021206113729438e-07,-1.811642006188628196e-02
3.984876162976321717e-02,1.185017505703341543e-02,3.335740164908279567e-07,-4.308797737538129230e-07,-1.873134175046307914e-02
4.593243113539637046e-02,1.699077031767054144e-02,2.885021374573102217e-07,-7.431428004300012075e-03,-2.071470390188952237e-02
4.594702338609057968e-02,1.264068504397057244e-02,4.766580147083031683e-07,-4.756025419232281365e-03,-2.616479456334347420e-02
4.664357218750976586e-02,1.930082639828905461e-02,6.479485140415026934e-07,-9.140263080670837231e-03,-2.567204292838307783e-02
5.980431990952342347e-02,1.843207166630065133e-02,1.390845509522676800e-03,-1.190424997663495216e-02,-2.744376750575546267e-02
6.158922289657284277e-02,1.580460845845886933e-02,6.062981586483190410e-03,-1.632589250468223854e-02,-2.759327296105004018e-02
6.202233098032943620e-02,1.356403806596443058e-02,2.720479309949323706e-05,-3.874402915434392233e-03,-2.793271065315654569e-02
7.278823085986702024e-02,1.320910178725542491e-02,4.555652622707519542e-03,-3.906318904849691092e-06,-3.100579709798792147e-02
6.585975641041313944e-02,1.881742325410549338e-02,2.450697476576938882e-03,-2.307492903174042950e-06,-2.332227359371233030e-02
6.527333332427455448e-02,1.863582042447788079e-02,1.187806973217159420e-06,-9.333430529156955594e-05,-2.720462547054796135e-02
6.735711675137706633e-02,2.512277831710713408e-02,1.271329828159552949e-03,-9.731424404461515773e-06,-2.879885106840945896e-02
6.187281226725104694e-02,2.089529391826338428e-02,1.092432361119566414e-06,-5.483838567508689606e-06,-2.533166330204663502e-02
5.595702938421523442e-02,2.080609428359201166e-02,2.367832506613627863e-07,-1.085684728150029289e-02,-3.734933106067508946e-02
6.030276912090194036e-02,2.611111760593592609e-02,9.197083028339570907e-07,-2.543998031099951526e-02,-3.231317740883577622e-02
5.734974218989242339e-02,2.161277331991790646e-02,2.339587712008806258e-03,-1.822802510335452125e-02,-3.107430397130498539e-02
7.080034467474917437e-02,1.880573497196775037e-02,7.109589007808622327e-05,-1.461931357896553707e-02,-2.310936755384567290e-02
6.846317190571976630e-02,1.094748302234135884e-02,1.084769759039262589e-06,-1.762030115716913328e-02,-1.361647184247209881e-02
8.117129126633364222e-02,1.112595731192257686e-02,1.775097327578051818e-04,-2.428774845762458195e-02,-2.793662829686022198e-02
8.826937890807384779e-02,1.718573072935582202e-02,6.492424717222756991e-03,-5.211201013617604814e-03,-3.382523075497945175e-02
9.784710497087542591e-02,2.262649081232439088e-02,4.168189722300675096e-03,-1.256542068952873001e-02,-3.060980960624977779e-02
8.127376282579862332e-02,2.697584401655352473e-02,6.654733070472979364e-04,-1.657384437904398100e-02,-3.656096622152578413e-02
7.713897998411375911e-02,1.893865984057350321e-02,7.752092308093132241e-07,-8.732245152291618143e-03,-3.448698241264825520e-02
8.101869587523168048e-02,1.766237665289109929e-02,1.235617981845892395e-06,-1.916469866208283385e-02,-7.595521766755332881e-03
8.378858209592199291e-02,1.534631420056412586e-02,9.022718819091327306e-07,-9.044533997027969299e-03,-3.246552303683623199e-06
6.313732466697020984e-02,2.277292354324683687e-02,1.431330887532332279e-02,-2.222510452496582328e-02,-2.060860996650860863e-07
5.560289791217892102e-02,4.980869971890825032e-02,3.184758154432297539e-02,-6.142493151877910507e-02,2.500636608831434896e-07
3.779046970750415957e-02,6.550708658608431212e-02,5.070934526904391504e-02,-7.970211547242062045e-02,1.566987898436503742e-06
1.441982404134164466e-04,7.099909660779064879e-02,6.612161427569458738e-02,-1.106492009982876779e-01,7.385019318685567997e-03
1.716670808202020242e-08,5.989972994103157783e-02,7.543995601935767070e-02,-1.302436203201660925e-01,3.167001607241136385e-02
-1.973136331454663096e-08,3.453807527936938321e-02,8.592066374876357326e-02,-1.521198131085894911e-01,3.353781146430093868e-02
-3.701166660006940685e-03,1.882870161827704739e-02,8.675910857444542323e-02,-1.620421984595977749e-01,3.094100480298218533e-02
-4.150242743048173505e-02,4.108203747949906628e-07,7.893126114689072437e-02,-1.706345882103420253e-01,4.253695684730615656e-02
-4.626880837562887677e-02,1.523702434913803450e-09,9.209427979828328781e-02,-1.749740920246852516e-01,3.413903112890089714e-02
-2.805070729089866738e-02,-1.425490105255470800e-06,1.116837697173316407e-01,-1.523060356511785063e-01,3.772717447053860335e-02
-1.385823224645764580e-02,-4.418814122766592800e-02,1.197965970359878563e-01,-1.420382737474057966e-01,6.450314881377298970e-02
-1.926237365155318518e-06,-8.417737910988919159e-02,1.009784776256024558e-01,-1.223183452541258820e-01,6.557373467249709431e-02
-1.678320963229477500e-08,-1.291593830139548538e-01,9.311441810177033263e-02,-7.219085255007626212e-02,4.687331622108423246e-02
3.386822100125236160e-08,-1.721728469869226175e-01,6.180138980769185608e-02,-4.505227480140229328e-03,3.246941282927177236e-02
1.796740142405895370e-05,-2.069068219553242272e-01,7.118788048561119561e-03,-1.994609448093731582e-08,3.798075280099141859e-02
2.335203738938849277e-02,-2.351076933396962221e-01,-8.805521169326229595e-10,5.460390807936181984e-08,4.238096956015999922e-02
3.758939817249990628e-02,-2.195235526946327786e-01,-1.754995716908464915e-06,2.180021867309231352e-07,4.129966190899098805e-02
4.560849387545624217e-02,-1.897789866862125696e-01,-6.276186481730071376e-02,2.343919592073614564e-07,5.096644518347642761e-02
1.608849278666949628e-02,-1.660758803904759384e-01,-1.253634688609212844e-01,9.495323100098915663e-08,5.668048152030897430e-02
4.010271407250242358e-03,-1.062063121390860732e-01,-1.565475170936271865e-01,2.172348512381586274e-08,5.590001212106214534e-02
1.427843986124520738e-07,-5.375669511136142026e-02,-1.613316941372912872e-01,-6.005749818680620755e-08,6.400942872257414651e-02
1.154151274506799126e-08,-8.373157971666246306e-06,-1.637052169678398783e-01,-6.556221648644510734e-07,6.325573725227323640e-02
-4.223078521831754123e-09,-6.659857652107846650e-08,-1.533371425296767010e-01,-1.021499673005354068e-02,7.115318338602834303e-02
-9.030907235149141057e-08,1.634106125050711636e-07,-1.456402452604487474e-01,-3.723054367126012176e-02,9.280145033644042474e-02
-1.591211133136918865e-02,5.183421224794512554e-04,-1.359617201735385250e-01,-4.666274650510521260e-02,1.146355655922118438e-01
-1.982521322621335486e-02,4.424533306542392103e-02,-1.182287835503981338e-01,-2.880349553651564629e-02,1.149018134366969340e-01
-3.683515814371914054e-02,7.017490334823354992e-02,-9.272828744681023416e-02,-1.899954023274278796e-06,1.138456403561078495e-01
-3.706623567918405221e-02,7.919789662613191394e-02,-7.455083110925339596e-02,-8.086694527132191571e-08,1.110050054615925597e-01
-2.416157182101597023e-02,8.787057204687963308e-02,-4.879581624761309550e-02,1.976421251079196148e-09,1.014245471964052847e-01
-2.475826270139053141e-07,9.039216104152118791e-02,-1.414400218574092191e-02,8.345786780750172032e-08,9.452620163459175828e-02
-5.055197959028184053e-08,7.168237911345905211e-02,-5.932144208498014965e-08,4.247111459855375595e-03,1.089697172723411295e-01
-7.209546274334042098e-09,6.471743254953279956e-02,-5.833814607648947352e-09,3.990987115356578463e-02,9.677353141078687271e-02
2.924570223754183727e-09,5.335120430567963368e-02,5.771295060664256092e-08,4.215630705454247867e-02,9.114083736479060283e-02
4.220902066949853807e-08,4.176100654919083499e-02,4.087653682003554120e-04,7.025487204694770560e-02,9.214394145743770581e-02
2.355108848673457236e-07,2.718469719299561674e-02,3.486698767021573914e-02,8.863647244429544159e-02,8.810476374784642628e-02
9.607126956684579333e-03,7.795011787444200251e-03,6.343076863347363314e-02,9.115294113942738752e-02,8.909486680375180989e-02
2.024637826957445888e-02,7.762981794645658557e-07,8.498427654614836013e-02,1.025952766109128333e-01,9.460994926179630560e-02
4.012185191385258393e-02,2.500301310862051056e-07,9.392124196104865985e-02,1.266878730659878605e-01,9.621217493896468131e-02
5.274814016961706931e-02,9.075653949707908011e-08,1.041948322135904104e-01,1.355595189822352276e-01,9.188569447632972953e-02
4.465850153143305357e-02,3.158773004345213306e-08,1.005805526667713778e-01,1.386356387458084205e-01,8.792674841822313569e-02
3.465578833235811312e-02,7.933651674200865272e-09,8.631734067448813830e-02,1.157214175119562205e-01,7.063509812089446838e-02
3.378125374117221802e-02,-1.968921622958825506e-09,7.857467198270197406e-02,1.084526494489741200e-01,5.264606637596459804e-02
1.929126503541301121e-02,-3.294055036743937116e-08,7.560040653230291896e-02,1.112013878579455467e-01,3.204801617413003539e-02
2.986249503199019193e-03,-3.151888408166453288e-08,6.917906313988679556e-02,1.037386997948886724e-01,5.106397338901874812e-03
6.477109867327639652e-08,-8.224944889689313940e-08,5.243948589588738607e-02,9.772108679472474302e-02,7.047330402112856358e-06
2.369402069606993778e-08,-1.402842220544451060e-07,4.792847158840454064e-02,8.537791229877203514e-02,8.149950222061574169e-07
-4.610821657968402187e-09,-1.910804948466939022e-07,5.670331673003075473e-02,7.885233550584570816e-02,2.823787700088365684e-07
-3.233681380989557873e-08,-1.740962381949867354e-07,5.857981308761078809e-02,6.224258288691896651e-02,3.172240658688087414e-08
-9.831036559015317145e-08,-1.946383050578873105e-07,5.165268113092658098e-02,5.631154171519402174e-02,-2.194443570990835195e-07
-8.401873053942293823e-07,-1.955161622729060422e-07,5.997932322382602821e-02,5.280562215966761591e-02,-4.219104922235016956e-07
-7.456532637376429504e-03,-1.187268388779481771e-07,5.278334635324589963e-02,4.992557329686968248e-02,-4.710743804437869271e-07
-1.897889640355419211e-02,-7.486309586468618648e-08,3.874388806988384587e-02,5.119422278441520396e-02,-7.012381037674900936e-07
-3.664930792963319583e-02,-4.209304072589241732e-08,1.504945831243174707e-02,4.083929305820385713e-02,-8.473425406759416804e-07
-3.432501529037740307e-02,-2.876677789240546532e-08,1.230999762146912056e-02,3.409621476190591999e-02,-1.273015784104014805e-06
-5.051921339260523336e-02,-1.390761763626131344e-08,4.065240616882514167e-03,2.652262613955823703e-02,-1.234313986558536172e-06
-5.382435438390547472e-02,-1.253946106118647913e-08,6.050897836574359876e-04,2.877853138929100177e-02,-2.154399225028927568e-06
-6.150457655392139317e-02,-1.521607218946212456e-08,1.672365797833741716e-07,1.814447128909369225e-02,-4.649118275824189738e-06
-4.789321760488728791e-02,-1.282765868645571439e-08,5.776490717475786062e-08,2.071631594365678369e-02,-9.654514310654014556e-04
-6.544397145489223855e-02,-4.090565186831850181e-08,2.462878943050075720e-08,1.650795756323479579e-02,-1.362881525010239958e-02
-6.637955108453222342e-02,-6.589119888831569971e-08,-8.251003106019702579e-09,1.436567990732802273e-02,-1.224263025375952815e-02
-5.530274306163864007e-02,-4.899963433234482288e-08,-4.810536937225990417e-08,1.932835349261599264e-02,-2.471646827592834453e-02
-4.666498746343310938e-02,-6.472083626971559437e-08,-1.082201187725105685e-07,1.250775078981751498e-02,-2.801765571499110694e-02
-5.416506690296249427e-02,-6.356527098423091083e-08,-1.929302920251955193e-07,1.818932432351741402e-02,-2.262503675437049430e-02
-5.476296726199188225e-02,-3.135866825015075604e-08,-4.839396701050385954e-07,1.904490303566875806e-02,-3.302233862270986114e-02
-5.892426459585867193e-02,-4.880811096778602843e-08,-3.404644351948598376e-03,6.228997019066024807e-03,-2.413815649452661152e-02
-5.926025115751371031e-02,-7.198393919446979969e-08,-3.202838106622613956e-05,9.286179737616804099e-06,-2.538216942974342097e-02
-6.663659938095886637e-02,-5.610463194590680867e-08,-2.639038026780034479e-04,1.098348964255454856e-02,-2.886295653179927687e-02
-6.486719527331967494e-02,-6.422929078366277825e-08,-9.262984791885878200e-03,3.276205701217349821e-06,-2.514807500521921632e-02
-7.332366946387740281e-02,-7.258623941250415099e-08,-1.416299875813557471e-02,3.865575240218254517e-07,-2.396913394992051041e-02
-6.124349582856684904e-02,-9.306067337242480312e-08,-9.080484411644534209e-03,1.572070244997533767e-07,-3.651923993916922351e-02
-6.563465146393908378e-02,-1.644817544982296875e-07,-5.277479333569165663e-06,1.845404951130357319e-07,-3.835908448190102071e-02
-6.846377077111452658e-02,-1.563889376329388531e-07,-4.477440437112293322e-07,6.140025703175661491e-08,-3.086256479825241067e-02
-6.000216544582159806e-02,-1.942699651634700637e-07,-1.745331592147737071e-04,5.330275336157253226e-08,-3.112890177029416922e-02
-5.598380162640279045e-02,-1.528270781504897639e-07,-3.804311557524055513e-06,4.349091328247785554e-08,-2.917071155057927509e-02
-6.133456748367856898e-02,-1.278238490527915420e-07,-1.884145090778662748e-06,1.536937114420324916e-08,-3.437086678889784974e-02
-6.843373338913376347e-02,-1.070423879661415300e-07,-6.016030926508084131e-03,-5.389297514452132415e-09,-3.378814059934046737e-02
-6.877332579640693666e-02,-1.549284402836613059e-07,-7.347243794536502393e-03,-1.931107941690056600e-08,-3.372210117967912313e-02
-6.281694493363557119e-02,-1.405963965478369859e-07,-1.241808254478122577e-02,-1.988238045319965899e-08,-3.708820645409711264e-02
-5.942431344895262452e-02,-2.879097237461191786e-07,-3.970940931554093473e-03,-4.640477788523662399e-08,-3.963634278269849431e-02
-5.138325471905332703e-02,-3.636058385702415340e-07,-9.682541442443539509e-03,-5.231091856126600543e-08,-4.478311758780547519e-02
-5.463581322590262829e-02,-1.405773564160584932e-06,-1.203624372190814119e-02,-5.024421876492418704e-08,-4.271630390638711527e-02
-3.681202099835389346e-02,-3.041546562241173300e-06,-1.308157583189637971e-02,-6.135455680474436404e-08,-5.150932451684285540e-02
-2.743370258966536246e-02,-6.764686694542019789e-06,-1.696513062049888332e-02,-3.986227930056621627e-08,-4.274218972358431040e-02
-4.239321895305876720e-02,-1.259319311670101900e-03,-2.022329422669940507e-02,-8.476024686276895822e-08,-4.443640921383171932e-02
-3.818685854523480583e-02,-2.340975348654121546e-03,-2.845976339330039823e-02,-1.923018195622773868e-07,-3.072276408132684419e-02
-2.201054382916309976e-02,-5.386701415662003019e-06,-1.973533614943270495e-02,-1.238600624968067789e-07,-3.325940160398348222e-02
-4.139158408050019888e-02,-8.029167690993479697e-03,-1.932648509037949991e-02,-6.098399082159758228e-08,-2.910603448243603494e-02
-3.292441889904894337e-02,-7.407129219312161281e-06,-2.587263041858149301e-02,-6.758035116837028735e-08,-2.682012360991709379e-02
-4.326008336696462314e-02,-8.278951534026297416e-07,-2.386502626406989888e-02,-1.520933815772415085e-07,-2.616909353198520333e-02
-3.030053134602265358e-02,-6.708098332066376968e-07,-2.268538529569488413e-02,-1.507172312627873163e-07,-3.970634194827834390e-02
-2.939227301876366424e-02,-4.908457271329701858e-07,-4.981032848719827745e-03,-7.307563339769527393e-08,-3.487835199873276504e-02
-2.478511955356783175e-02,-4.066342395545315663e-07,-3.521030842158844477e-03,-7.698397488136977828e-08,-4.140989900799777607e-02
-2.070367003857022381e-02,-2.663505327184469636e-07,-8.437579024212485054e-03,-1.352640198020150541e-07,-4.687470652169981739e-02
-1.779760855852872969e-02,-1.869689741381563907e-07,-1.264992844981665913e-02,-1.797985402105885437e-07,-4.626612266833909221e-02
-1.846856585222156344e-02,-2.067310863478864579e-07,-1.327027558718286288e-02,-1.598809233350447684e-07,-3.826322229981695550e-02
-1.623886392387264774e-02,-2.204420088911030247e-07,-2.222896045327564518e-02,-2.044084618875300601e-07,-2.648264673888991658e-02
-5.612485473057557926e-03,-1.226388353312323937e-07,-3.219074459340560967e-02,-1.521612362667318043e-07,-2.003907701509737710e-02
-9.258383774530814329e-06,-8.724569337472180126e-08,-3.114230354884085436e-02,-2.436538241065574754e-07,-3.206103762015423408e-02
-1.944538100564302571e-06,-7.521625664234955863e-08,-2.897060068705679253e-02,-2.081802090899388244e-07,-3.828177493526229574e-02
-1.142997684659656945e-05,-5.848126961639323671e-08,-2.797290494202645320e-02,-1.938665509256154565e-07,-3.143744156670307682e-02
-4.594706467394756829e-07,-3.439665188766614160e-08,-3.652061521619631712e-02,-2.402025402245048610e-07,-2.462802241676261342e-02
-1.819654308336444268e-07,-4.631233515175338617e-08,-4.102348566286928566e-02,-1.435455683795364071e-07,-3.282385013328902035e-02
-2.199360640534438205e-07,-4.665584450180784235e-08,-3.630972248649445150e-02,-6.520605139111196569e-08,-2.096432118362132752e-02
-5.183287045887148648e-08,-1.866724294676743261e-08,-4.115269757876313661e-02,-6.357885427583026024e-08,-2.334230690069441852e-02
-4.293734481968004291e-08,-2.113468457115466260e-08,-5.302777059771820317e-02,-5.109749184173150558e-08,-2.242903460096401166e-02
-1.951678210124932763e-08,1.079705741778551055e-09,-4.585482852193175501e-02,-4.507752481304197386e-08,-2.658307846277464456e-02
-1.405636897509609524e-08,3.806329579882360335e-08,-3.157041621895940314e-02,-2.615781422011697827e-08,-2.003313201584088279e-02
-2.226750593241878740e-09,4.645309535122006716e-08,-2.980389401431436658e-02,-3.085636354422886119e-09,-2.355052377645994524e-02
-6.198833644239609042e-09,1.452373657357845856e-08,-3.989442286166693108e-02,1.201047652097355589e-08,-8.531137564641464929e-03
3.842768117691946327e-09,5.487481407937604674e-09,-2.978618877488527911e-02,3.515748748642097988e-08,-4.372884545660927526e-03
3.365067180721133673e-09,1.366478808174395569e-08,-1.764323429747138502e-02,5.706786831443051776e-08,-5.461104789738801743e-03
1.295857094051092000e-08,1.839201937373980124e-08,-1.330147405292256106e-02,3.281283438705745326e-08,-1.126042334440196515e-03
1.367037741404569275e-08,1.167593653861627118e-08,-2.527926948192157561e-02,7.770866756117542874e-08,-7.771932613318157171e-03
6.394277040804534244e-08,-9.279429084628445809e-09,-1.109852139239723458e-02,8.277660085381122804e-08,-7.240942797606298928e-03
7.181868240737262185e-08,-1.785499910559338351e-08,-4.386668064069016403e-03,6.087145263715802343e-08,-2.047072312980884740e-03
7.094640416283607734e-08,2.210143921209347474e-08,-2.312641414880265214e-02,1.221699623871793517e-07,-6.293776477858338189e-05
8.246646667976239131e-08,1.698100326160666437e-08,-2.677640528697219913e-02,1.158040256075883472e-07,-3.697514274623581069e-06
6.313886420458197063e-07,9.240478477719110687e-08,-3.366106227368013959e-02,1.055446111834174953e-07,-3.342513269043755112e-06
2.699926707770742792e-04,8.297099482127580065e-08,-3.989868799308780162e-02,3.951294436941591270e-07,-1.521720586080349445e-06
2.796090262910742023e-05,9.717130931435404338e-08,-2.922796161605152598e-02,3.259419732981010987e-07,-1.233128330508043541e-06
8.692947359369752186e-03,3.029055597170192010e-07,-3.488877436114048991e-02,1.163692588268882116e-07,-3.398318562194486736e-06
1.433009435871763528e-02,3.478994976248900470e-07,-2.460636433791944799e-02,7.690313034649767908e-08,-2.446657163621256261e-06
7.426678732466070361e-03,3.627651410073491373e-07,-2.281115636251367443e-02,7.815294799868183978e-08,-2.690780850263662216e-06
8.880038521126001547e-03,5.676245306481611699e-07,-1.521907647644830767e-02,5.407845614585615127e-08,-2.179457036290993567e-06
4.362134366241953758e-06,1.451501684424549604e-06,-2.753160763408666473e-02,5.078561095564365133e-08,-8.642570938893035187e-07
5.581187864430571868e-03,1.141390857411393067e-06,-1.852573023042028769e-02,4.808772907002620214e-08,-7.927701326008058958e-07
1.329968759197402289e-02,1.120459593300532341e-06,-4.818315719146083059e-03,6.632220136408103640e-08,-2.231640567469221401e-07
3.183936309345977017e-02,1.133027852668404305e-06,-6.012096801540226312e-03,1.029833077766187063e-07,-2.118502862204497077e-07
3.126086332839915494e-02,8.437986933707704571e-07,-5.590431434935295117e-04,9.428887083457295665e-08,-8.545994949723504728e-08
2.845106986354850251e-02,2.029760034397207316e-06,-7.479498205577856544e-07,2.188146308722046741e-07,-2.094666115202012320e-08
2.915232586938708639e-02,3.417354707118298540e-06,-5.022489697143454542e-07,2.261732894958615436e-07,1.576517081593003886e-07
4.192160499592156170e-02,5.085001355346662269e-04,-1.490280338212391165e-06,2.049099414495275295e-07,1.055330607127583483e-07
4.938276480792107292e-02,1.211199451852596127e-04,-4.223562230080515662e-06,2.706548291826809182e-07,1.117897451838635082e-07
6.142976280863204214e-02,1.245043722354215524e-02,-5.631076439509075002e-07,5.180841952165791396e-07,1.211741067831906821e-07
6.484513654760369616e-02,7.494309738496187159e-03,-2.730997669533068643e-07,8.051288567359943292e-07,1.634796839146840331e-07
6.926216800415919972e-02,3.914138145883687241e-03,-2.751336215192447050e-07,9.546956306894235987e-05,3.777444739833025154e-08
5.222936857406577926e-02,7.367313055740392670e-03,-3.157644603218758506e-07,1.427027383857514527e-06,1.378366444573548288e-08
6.995456859437525210e-02,5.700048238858498829e-04,-1.794642409770560204e-07,2.551563379125007178e-03,-5.523506412846816213e-08
4.115456837349416491e-07,8.395130544754801371e-07,3.865547470956940947e-08,1.829201611610072266e-08,-8.455333249540443420e-06
9.485540385566765550e-07,2.275827425647337883e-06,3.632789231958517177e-08,2.989482421112776058e-08,-1.855968851044165202e-03
1.387579759865853504e-07,4.433515430821258511e-04,2.692936376627229877e-08,1.175880172940766467e-09,-5.595200548408162458e-03
1.827295925994378033e-07,8.992845127382107645e-03,2.638333440084708535e-08,9.484032812342876052e-09,-1.288163034690493092e-04
4.017711985171560008e-06,9.425767840642782641e-03,3.142258156575099222e-08,1.514204668587092550e-08,-1.160631592095217289e-02
4.542032705068750446e-03,2.682563730552376323e-06,2.865397075057223309e-08,9.361297183294315628e-09,-1.191477775681495412e-02
2.670425350261069250e-06,3.788779628351608085e-07,5.252037038336635947e-08,2.715143500645140569e-09,-5.860988446617970173e-03
9.816750896597409987e-03,4.912023836896260814e-07,5.802907310901277946e-08,-5.333519231606139993e-09,-1.609031650046839970e-02
2.576958168178290765e-02,6.783521030635586407e-07,4.545164032895218678e-08,5.476882279907217669e-09,-2.940142565243357084e-02
3.872981241358219168e-02,1.317590408348605124e-06,5.316700915665400065e-08,-3.993747337833093603e-09,-3.779529722133145864e-02
3.751443460415626596e-02,7.399252345908364554e-07,1.332935347242163787e-07,-3.908189766888813009e-08,-3.239698084122129285e-02
3.472589276544482684e-02,2.313238595198793043e-03,9.625115431654980020e-08,-8.198786214201249345e-08,-3.493464517915095824e-02
5.407394799291569826e-02,1.077811026566903585e-02,2.656023931337250034e-07,-9.160702191884185056e-08,-2.810611097065124006e-02
6.013104828780310718e-02,2.485991279548958877e-02,1.741845713539983090e-07,-6.891059847626072393e-08,-4.030405931711249917e-02
5.309897119256448000e-02,2.342825866159685064e-02,7.917685580719631372e-07,-2.352311259593912860e-07,-5.421833211923880042e-02
5.866689967840058723e-02,2.605432368654383643e-02,1.362902272211255196e-06,-4.282898292385459126e-07,-4.229470686174170713e-02
6.402432721671630356e-02,1.849743576834633751e-02,1.162758796118332216e-02,-2.312388215121815890e-07,-3.774689053672994343e-02
6.676859816364096034e-02,2.359447485694220886e-02,1.485933807595736641e-03,-1.840510067087573664e-06,-3.615426109586001441e-02
5.634523550132641140e-02,1.790605170684815561e-02,9.610219696395039272e-08,-2.171158879760317874e-07,-3.878560312853945868e-02
5.435893306533658154e-02,2.783937289366318624e-02,5.933526768801390401e-08,-2.273844386867397379e-07,-3.046525765522099805e-02
5.402041242940357202e-02,1.643000157560506672e-02,6.273775185064642859e-08,-2.459216371941062590e-07,-2.836805958276296391e-02
4.528106993496185811e-02,8.570569372775215314e-03,2.364407469963076194e-08,-4.495331416023611157e-07,-2.057832910747583663e-02
4.241845143914920596e-02,9.884990860765854176e-03,4.062635304171972702e-08,-3.459294559795844545e-05,-1.984682105549598341e-02
4.435601219842521398e-02,1.232238713848111435e-02,3.637423675449033063e-08,-1.164779924972391313e-05,-1.279895989271664231e-02
6.041284586304211668e-02,2.218247522060246349e-02,4.069221612990349475e-08,-8.628819335200190752e-07,-1.838194463388238484e-02
5.973226204081547031e-02,1.566140930392023733e-02,3.183189054816101283e-08,-7.190108176017741954e-05,-1.269244902270758209e-02
5.873788913447100524e-02,6.214239750357239758e-03,4.907740899816054686e-08,-8.536886950944723126e-05,-2.023422456766075031e-02
6.386740832314655170e-02,1.342507806832892933e-02,6.614398978384133770e-08,-2.046141576110366856e-05,-2.142699204361427079e-02
7.946707945947367735e-02,5.498642359376977595e-03,8.880876910674864455e-08,-8.101780432524011664e-04,-1.950261346199292159e-02
8.265471116976273735e-02,1.118595714225093483e-02,1.183917400567426863e-07,-3.462206495230196919e-03,-3.075476626175171688e-02
6.100324993916529659e-02,8.644467869571874005e-05,7.533020536173376081e-07,-4.164333660529304093e-03,-2.843108224726960745e-02
7.090443171886127993e-02,3.511331234505083235e-03,3.039581279721069191e-03,-3.461971294839210223e-03,-2.930967429802212171e-02
8.854045837110993689e-02,1.514984349295006095e-05,4.527760602511460460e-03,-7.100401456553044131e-07,-2.469476661241180870e-02
9.109660354833093443e-02,1.553207404833277820e-04,4.705317278506648826e-04,-1.142996248095266272e-06,-2.602731241244473845e-02
8.593512842016121089e-02,7.882505626448149585e-04,9.672216794570637557e-03,-8.300481009902061988e-03,-1.448007472297473987e-02
9.617213226107836077e-02,1.131007717667622224e-02,3.674491031291725669e-06,-9.092092756008850543e-03,-4.652723985940106569e-03
1.170187197864781120e-01,1.682592410291270518e-02,1.940723964166639207e-03,-5.115558078172031927e-07,-1.984251418997355285e-02
1.223714000353640918e-01,2.173510985871274573e-02,2.047615015160563390e-07,-1.760453760627056372e-07,-2.114612633508538425e-02
1.033930555632429915e-01,2.510042966693862981e-02,1.194479545213663985e-07,-1.226030671386509237e-02,-1.891963829833247235e-02
8.949002380808949997e-02,2.350542227630846720e-02,5.863400938507149478e-08,-2.179753931743636224e-03,-8.993279034463758093e-03
8.974878909278599659e-02,2.113620212343901225e-02,3.350170271282908229e-08,-8.866082562370336886e-03,-4.166395519695299636e-03
7.875753584589458012e-02,2.084019331996460681e-02,2.034757863350432467e-08,-2.196858901094873862e-02,-8.462508394411723694e-07
7.354721884072827620e-02,2.091417255580615281e-02,4.402738633633835880e-08,-2.452027990134955648e-02,1.753010937827248385e-07
6.248237405645685333e-02,4.991807960707103642e-02,1.625882697964271188e-07,-6.019516970222617974e-02,1.643993301493484574e-06
3.898876519853957529e-02,5.588508109620454745e-02,1.349810000141304922e-02,-7.798779837068818555e-02,2.053004371029436108e-03
1.508321329551730368e-06,3.914339213775725607e-02,3.454672675955716005e-02,-1.028767843078070149e-01,3.101579109169739362e-02
9.421711112757206714e-09,2.602980929525121334e-02,6.218073044141531058e-02,-1.242623966778144823e-01,3.628919412521985910e-02
-8.939695429445629514e-08,1.532184536627199251e-02,5.653159704891263376e-02,-1.583236886397730026e-01,5.508612737945488974e-02
-2.678259236554356507e-02,6.455643156259632250e-07,6.261639699121666902e-02,-1.675152783380795540e-01,5.956185496118811956e-02
-3.997321149744530178e-02,1.159243668579973161e-07,7.308990428966573305e-02,-1.391183686457298785e-01,5.685964465846732319e-02
-2.801145259829679324e-02,-2.801483359273097794e-07,8.949050459270728453e-02,-1.185157888000835102e-01,4.862451586783018975e-02
-1.574026031520532262e-02,-2.413464109243673716e-02,1.069964528350749455e-01,-1.246055598741095394e-01,5.854499268262272627e-02
-7.013828261109974517e-03,-7.480000670138550745e-02,1.006639483673618246e-01,-1.013423613238265686e-01,5.666735960335149425e-02
-8.386167078358361713e-07,-9.502337457958510980e-02,1.091891588175446515e-01,-7.770152667192822826e-02,4.265538778089598276e-02
-3.439227465534659461e-08,-1.276571314672380331e-01,9.897670632715864503e-02,-3.001814906692892859e-02,4.321299210335396296e-02
2.777319710909422374e-08,-1.506550946986500439e-01,6.268344342165381444e-02,-3.548124851748547055e-07,4.858220542537756287e-02
1.151712071129347773e-02,-1.727889335110251723e-01,1.892201254678848796e-02,-1.299035393876036448e-09,3.182558660011742396e-02
4.237129445514720844e-02,-1.840308817273773323e-01,5.635284635258290943e-08,1.274373394317643151e-07,3.793444626726320129e-02
3.576753061027997810e-02,-1.843237322351187757e-01,-3.597844279625201337e-08,1.899848477360876630e-07,4.746663802199183740e-02
4.083068216634570119e-02,-1.667613372347559741e-01,-1.522032697552964942e-02,2.975286624798736073e-07,5.811718075826063923e-02
4.457834953965046643e-02,-1.323101036253462037e-01,-6.591512120718145962e-02,2.091491290423548307e-07,6.869199051358733377e-02
2.942868891666653580e-02,-1.178036694514583982e-01,-9.424546452924228990e-02,4.966997563130594688e-08,6.320751597496244989e-02
1.299431243889205253e-03,-7.978529427297377519e-02,-1.115589660465365895e-01,-4.961532575679385443e-08,6.927198469574216699e-02
4.941568124723228582e-08,-1.272753314621769861e-02,-1.253997930455773568e-01,-9.839682263962282082e-07,9.255225016774966396e-02
4.410248731824138882e-09,-5.973381134481615437e-08,-1.117297201546350177e-01,-2.017397088006415290e-02,1.137703669890081648e-01
-2.711348823994987165e-08,1.872604223265574256e-07,-1.104043642582160645e-01,-3.813978240127988834e-02,1.319904662364829173e-01
-6.721664933695993538e-06,5.227995377165365817e-03,-9.016343511560939716e-02,-4.945821915822141285e-02,1.373396286161084057e-01
-3.602877693929341235e-02,4.561183965689120934e-02,-8.421300326935012015e-02,-5.612614956366333147e-02,1.434222591631298394e-01
-6.308839137710070544e-02,6.078788307809009084e-02,-6.526235782179271028e-02,-3.787506797219127724e-02,1.459938487092856951e-01
-5.607714095180672820e-02,8.117261339970442691e-02,-4.729363616462303049e-02,-1.667466881670979020e-02,1.453712681908250759e-01
-6.940579832917688485e-02,8.466534492292009106e-02,-3.048318730635990459e-03,-4.272520946229701706e-07,1.374841092033118051e-01
-6.115556845486312676e-02,1.004236251004091002e-01,-1.200135423344769639e-07,-4.751372169217719094e-08,1.468216262422765706e-01
-3.771065051774125099e-02,9.721248038348334619e-02,-1.102157476961668117e-08,2.651021267989948179e-08,1.348304635216556746e-01
-3.534287712793506703e-02,8.060961638334888935e-02,2.819437870348748692e-08,2.933073282719254413e-07,1.282594528400403111e-01
-3.360716943884603514e-02,6.984296452870952798e-02,3.843931688095377305e-07,2.009191274336782559e-02,1.236939629088299603e-01
-3.124314890330348246e-02,4.997226315585658746e-02,2.747080717473039668e-02,3.391686188696642346e-02,1.106343293444151943e-01
-1.562876334920944993e-02,3.995474147996704722e-02,5.348497079780883956e-02,7.073579358561003783e-02,9.128142966664359870e-02
-7.142683896619839709e-07,3.634299173174552339e-02,7.591969151002314620e-02,8.499726425571547950e-02,8.462556483504009297e-02
-4.830920734873667923e-07,1.167078550447713664e-02,1.032888488242172942e-01,7.870283789153420528e-02,6.510015750492138820e-02
-3.616405403148458004e-07,1.465701243093408233e-02,8.822532868224698677e-02,8.528325995472346710e-02,7.040367384831362763e-02
-2.527550631450153023e-07,1.593657229201743817e-06,7.461130992754727576e-02,9.721824281123615796e-02,5.613070959005995314e-02
-5.120608036800172624e-07,2.975558668991789538e-07,5.558723782026529087e-02,9.591370913181491986e-02,4.969370697927195241e-02
-1.579522730392372148e-02,1.026362965923424039e-07,4.898680938688993597e-02,8.540560174881392519e-02,3.591171900030934450e-02
-1.568870803700695218e-02,8.536242864833075497e-08,2.946727749543918279e-02,8.575655839254697765e-02,1.671151477031466645e-02
-9.999337010836328865e-03,4.334571471308406156e-08,4.022575479376598595e-02,9.014482283512002814e-02,1.719752755579315339e-05
-3.227037790892501451e-02,-7.371111637222978143e-09,3.074854054047496815e-02,8.746037024588224074e-02,1.739101812894618633e-06
-5.742701144653153400e-02,-7.931452459017499668e-08,1.548864210726094183e-02,6.673446753468306736e-02,8.955368961290462642e-07
-4.949486828090626095e-02,-3.477117662626972185e-08,5.522203222316102861e-03,6.754178657051618240e-02,3.025996587454165221e-07
-3.109367360551525822e-02,-4.477697374345323134e-08,1.361344475468244386e-02,7.827440229870591404e-02,-8.587605094580846708e-08
-5.258465754215857491e-02,-1.429281641671215398e-07,1.694438247615781491e-04,5.980078277807152759e-02,-2.551422573676516085e-07
-6.421668734647172083e-02,-3.485763508041752603e-07,1.092520601963143864e-03,6.667229599985030619e-02,-5.739617090758262219e-07
-5.111691350620427982e-02,-1.915405784542238653e-07,9.240597865195822672e-03,6.459799662745326077e-02,-1.344294803863687185e-06
-5.148832184779381788e-02,-4.849197709709224643e-07,2.080202063182254660e-02,6.993229124698197019e-02,-2.116065123947227799e-06
-5.197840886192964249e-02,-4.540527816807097653e-07,2.355187256967326490e-02,6.619225509527741635e-02,-4.428687749158722090e-05
-6.147321682908289675e-02,-7.733027282850330640e-07,2.387678359586934557e-02,6.809854715913087053e-02,-4.462491578565916384e-03
-6.702843753173685915e-02,-1.510557092163092152e-06,2.459166318374077925e-02,5.986394742140427327e-02,-1.679871150331301716e-02
-6.505439619684842689e-02,-2.866717143255396224e-03,1.184070921695593893e-02,5.061390817899100170e-02,-1.364508342103805567e-02
-6.455344349048056096e-02,-9.715759752236680091e-03,2.360341120175705243e-07,5.158000248118340542e-02,-6.033551626000891593e-03
-7.164959330471415422e-02,-1.674657788112652798e-02,6.643676414393548037e-08,5.059999271477778199e-02,-2.537352317308466665e-02
-8.018439244451634751e-02,-8.985245508437638556e-03,4.330204184405906361e-08,4.414941645316561997e-02,-1.452868756986030845e-02
-8.449755718160463502e-02,-1.077010955077708533e-02,3.510078069592802710e-08,2.156723974901687824e-02,-2.711273025351570998e-02
-8.724347853423723709e-02,-1.219622891080473538e-02,-1.845453366636758479e-10,1.319901041075588650e-02,-3.218261085599553872e-02
-8.377867972245160721e-02,-1.154279500562563864e-02,-3.376929752577233734e-08,2.018558279790635263e-02,-3.044310651329537251e-02
-6.827395665369509481e-02,-5.435159584732603877e-06,-1.285850225857628653e-07,2.121121399859696513e-02,-2.130543746354449097e-02
-5.857761818736904880e-02,-3.877944067557296485e-03,-1.500106782602537076e-07,9.377044352432115787e-03,-3.084614520240538948e-02
-7.665796491110536681e-02,-7.981803542696832773e-03,-2.662350497029668616e-06,7.563003576083949966e-06,-2.459643919050192445e-02
-7.386069610466013124e-02,-1.748130155878869357e-02,-1.842649568044542466e-06,5.939609324838412453e-03,-2.767396001016568519e-02
-7.406163230531294384e-02,-1.492410543184981286e-02,-2.637368052313524783e-03,1.243560094179093148e-02,-2.528878502097973990e-02
-5.981605887252251785e-02,-9.790795797561984912e-03,-6.891778303302722786e-07,3.847741398330146735e-05,-3.438572643485816871e-02
-5.569383470449049134e-02,-5.937637687085276644e-03,-2.181910450429382202e-07,9.304568997828534249e-03,-4.019286961055770768e-02
-6.125698925012833945e-02,-8.215885491255266475e-05,-1.218401463913927868e-07,1.325415000229944245e-03,-4.089721381866822519e-02
-4.743105875277059402e-02,-4.764149217529573856e-03,-7.703092947052689872e-08,1.315941306940303411e-03,-3.621610035660634969e-02
-4.144494112548437886e-02,-2.470117059375862418e-06,-5.521304450829075396e-08,1.964553334916068379e-06,-4.157806465629886733e-02
-4.174475286556619119e-02,-6.324201781148822111e-05,-4.494616796089414141e-08,3.013109577481861281e-07,-3.916507429430303444e-02
-5.988093792570228779e-02,-1.862165490563303175e-02,-4.695963631280568877e-08,1.532119440356296115e-07,-3.063971969816822044e-02
-5.333368660077796725e-02,-8.894463317077622860e-03,-5.173363546062995477e-08,9.086094350365705382e-08,-2.530092862363912676e-02
-3.910606126849285047e-02,-2.095934241126856147e-03,-7.642353134234790299e-08,4.528642912970213224e-08,-3.742964283434264267e-02
-3.696650334976166186e-02,-9.124715422999464891e-07,-3.249777359251634565e-07,2.677549184422491480e-08,-3.961154267975643822e-02
-5.576529131165445380e-02,-2.510848236379325388e-03,-2.217833312721440406e-07,-3.126875107609416797e-09,-2.471076789371105462e-02
-5.147234063800579240e-02,-7.758661726639182504e-07,-6.906757079742828982e-07,-5.212750716788033567e-08,-3.118608455354392184e-02
-4.827708251062130113e-02,-5.640140470896175320e-06,-3.273818893864141455e-06,-1.267727392411901693e-07,-3.543037725981566799e-02
-4.153859365957841832e-02,-1.509567450049772910e-03,-1.065668027091146164e-02,-1.842746280550368934e-07,-3.913805581839299025e-02
-5.154795595722458379e-02,-4.904330650745474147e-03,-1.891646179274058398e-02,-2.527916504133360697e-07,-4.360622218101942865e-02
-4.963712704127469511e-02,-3.003091861943358101e-03,-2.934212934805663364e-02,-1.552291179114076095e-06,-3.928212917058636344e-02
-3.437002746518418028e-02,-3.219858788888456543e-05,-2.853222404145345018e-02,-5.312176295453210559e-03,-4.810077850422377760e-02
-2.323631949870004140e-02,-4.216401679180704562e-03,-1.993060179412989991e-02,-7.061051325854222534e-07,-4.777370518249103581e-02
-3.329874468772361928e-02,-1.461689348681715307e-05,-1.683333161019106780e-02,-1.817013052444689805e-06,-5.535951041070402007e-02
-3.625752398307650892e-02,-9.077641874908008716e-07,-2.448139692031497602e-02,-4.980338779791879892e-04,-5.004195533998577472e-02
-2.217479320467199977e-02,-1.094606248695073623e-06,-3.041681904633145722e-02,-7.846391837559338160e-04,-5.181768136831001875e-02
-1.458251660464228265e-02,-5.924929880391146247e-07,-2.959081082852341865e-02,-7.875317486266927066e-04,-4.442570225176638993e-02
-3.289761605649459391e-03,-3.075232937503406135e-07,-3.232290266080798530e-02,-1.559482620817966284e-06,-4.267657268758293793e-02
-3.444644453032163872e-07,-1.797430835749309254e-07,-3.383019916778975261e-02,-1.189103398295303232e-06,-3.302098037483514742e-02
-3.349397544801040726e-08,-1.817340499038524703e-07,-2.791576417211996675e-02,-2.447813578449185392e-07,-3.996071901390983727e-02
-2.997630417854973524e-08,-1.218496711933598278e-07,-2.460392764747989722e-02,-5.274354683725385779e-07,-4.059135684985940018e-02
-2.772457765425862388e-08,-1.282834059748867983e-07,-1.470545262554955046e-02,-2.848655596182565675e-07,-3.474352112310300639e-02
-1.523437851769247266e-08,-8.745637753423525059e-08,-3.183177636320926041e-02,-7.110730844533385067e-03,-3.388829448358102875e-02
-8.293506419534938391e-09,-7.473600491305436416e-08,-1.992164109526816870e-02,-1.741463232855618203e-03,-3.072802682944639902e-02
-5.416623678865717946e-09,-4.677379168122847331e-08,-3.008159571862895759e-02,-4.319292080248210672e-06,-3.906492537445882540e-02
1.104361159190867783e-08,-9.411848793883174682e-09,-2.812683882455105366e-02,-1.518410307167959808e-06,-3.027846632083122311e-02
2.660993803663283640e-08,3.128038957901906467e-08,-2.548669200923050701e-02,-5.672819479186529745e-07,-1.220878741724295072e-02
5.035929457897012317e-08,3.952589315804962629e-08,-1.098360527517693204e-02,-1.796477619971322164e-07,-9.516323537429450044e-03
1.331783632687957908e-07,7.852213672230375610e-08,-1.629683102038928869e-02,-8.327663742587444653e-08,-4.011662725388279865e-03
1.013528962131218417e-07,2.263770502805322420e-07,-2.238003908770152747e-02,-1.113334610540197378e-07,-4.855674347914920434e-05
2.890722615880913521e-07,3.516853923493083487e-07,-1.824322830567638373e-02,-1.477961956412192155e-07,-8.655981596998507376e-06
2.721620957586850641e-03,1.115707530043851071e-06,-2.735957267920046537e-02,-9.987140884499546817e-08,-2.325197508539812892e-03
3.804807654059675238e-03,1.073172771596115067e-06,-3.907019229755857165e-02,-7.159735980919310801e-08,-4.074179479384530157e-03
2.975171611471194837e-03,3.337214322056114309e-06,-3.414896162950544628e-02,-4.452744953411901813e-08,-1.394910812395549343e-03
1.906005102000717100e-02,5.234253263518196322e-03,-3.083517280229428753e-02,-3.259373011496716041e-08,-9.620262585094295146e-03
2.798147258256645023e-02,2.158471687622621964e-05,-2.754888650294090927e-02,1.326471860409233344e-08,-1.489346686618591396e-02
2.779046816142139581e-02,4.954219717203084649e-05,-3.791369414214421779e-02,2.730663171187215043e-08,-8.382099692432028876e-03
1.326648668158186828e-02,1.177956542950798610e-06,-2.621102034615553633e-02,2.381690922353930199e-08,-1.885473879803509049e-03
1.744788415451411015e-02,5.239002730396558484e-05,-3.998517274771697799e-02,3.506627280447380178e-08,-1.764745562963770982e-05
1.805155359441524762e-02,1.887463322837024480e-06,-4.133719466958128697e-02,5.302477166169183153e-08,-5.375921475152108201e-06
1.531593863132978649e-02,1.386722110403220873e-06,-3.353363372077280968e-02,7.333947206752492132e-08,-4.133418831934739303e-06
9.404800620982707582e-03,4.394375500940081503e-06,-3.557668621083136945e-02,5.005143699381665252e-08,-3.094057666413505507e-06
1.066258126504224593e-02,1.749137122252814616e-05,-2.524137103479146688e-02,5.047014568351391626e-08,-2.814417396534849322e-06
2.582713327670076511e-02,1.584040525802684371e-04,-2.092296862846942940e-02,5.266045400138173128e-08,-6.194703039874655402e-06
3.367743352149882990e-02,4.093160654975374485e-03,-1.974945989091079004e-02,1.051412934221210455e-07,-5.728733717736093770e-05
4.398161014758721760e-02,7.344734513841558177e-03,-1.548504016031594654e-02,1.060543754414365293e-07,-5.841360715995833237e-03
4.389524688185533763e-02,5.412224904748503748e-03,-2.178124674468631325e-02,1.700130825883389817e-07,-3.118089860093209865e-03
5.538845359041682376e-02,1.711490282193284989e-03,-1.216126212474622457e-02,3.733215697669538016e-07,-2.112018750958189958e-03
4.560175697048919619e-02,1.050178838897697711e-02,-3.387324018332294167e-03,8.179817187175524285e-07,-7.794183001878236382e-04
4.511119517660767270e-02,2.902663652514777333e-04,-2.159799993227094761e-02,3.753842276955370261e-07,-5.077361379315730155e-05
4.082510726508893628e-02,1.156505484644011414e-02,-1.431643467264659929e-02,2.126549728586083656e-07,-1.575016742191281551e-06
3.849732178767308749e-02,9.656369813897997326e-03,-1.734125341066669254e-02,2.729149487633911194e-07,-7.926837314313072805e-07
4.100835297876275626e-02,6.986840915371024877e-03,-1.062729501868657500e-02,5.451603258770822421e-07,-5.977376715246775917e-07
3.211285938234448994e-02,3.479343415572092556e-03,-1.546751910199979478e-03,3.444958305694048842e-07,-4.570070735928904100e-07
3.742908320813531642e-02,1.225327745139662659e-02,-4.602505168201488986e-03,2.254138690958702171e-07,-3.637614726661058781e-07
4.751736085138846127e-02,2.216821198065052536e-03,-4.770810582870082808e-07,1.347342489809554779e-06,-4.626060889396815516e-07
5.989890158708481571e-02,1.650527309312343691e-02,-1.799557378142189429e-07,2.028986999612411926e-03,-7.045117912853050342e-07
4.843412047463310777e-02,5.932720047698483885e-03,-1.776910282861006991e-07,3.394418842779551183e-03,-4.048962648284802055e-07
6.025892428559626035e-02,1.046218497717175781e-02,-1.286767239806805940e-07,6.935195261282562490e-05,-6.542013108493080866e-07
4.489458413208255450e-02,7.175426641524272446e-03,-1.931677086530505166e-07,8.902929094900016556e-07,-4.186614174429256213e-07
4.230996522500671958e-02,8.269320163977071647e-03,-1.619707672085989265e-07,1.042948247045502250e-02,-5.645465078461538241e-07
4.983126648148684251e-02,8.281346312778057120e-03,-1.989268385694069004e-07,9.266191503783844513e-03,-9.171042567843299106e-07
6.479046637989162305e-02,3.041215688603982753e-02,-1.939235601472224015e-07,5.673284903426198115e-07,-4.745964687808972240e-07
6.801264638100724957e-02,1.719906185052431230e-02,-7.241038565039846206e-08,3.134545146579380877e-03,-5.344048811878380711e-07
5.571665173890656686e-02,1.218023080169468655e-04,-8.028096648553623771e-08,6.790609108938766396e-03,-4.845946595667238970e-07
5.258992064813761136e-02,2.887188984877096186e-06,-9.749536402608625639e-08,2.751825925101491891e-05,-2.323176374863580693e-07
5.158694992225973386e-02,1.405140827038419168e-06,-6.061732420177508348e-08,5.787383606722447838e-06,-3.437746220947096637e-07
1.359548072905419848e-04,2.386802647671225573e-07,1.748599908854064338e-07,1.524269636111521423e-08,-5.901884296156402173e-04
2.805051171899684145e-05,2.166328026738572214e-07,1.493164114282548227e-07,1.208215330572627971e-08,-9.055154981351730067e-03
9.815147725535934752e-07,2.283931419805140977e-07,1.148217701665920646e-07,-3.481581279213207516e-09,-1.030388056900664352e-02
8.753423370677316116e-06,3.932542696891601723e-07,9.800097302002703512e-08,-3.830850505862900687e-09,-2.414898475820321730e-02
2.177151751481848536e-03,1.051445038468373335e-06,1.230171280822228747e-07,-4.112089538462738218e-09,-2.560134599890463367e-02
1.842811887605934687e-03,3.093712382698933939e-03,1.771333355529929501e-07,-3.068573666447519473e-08,-2.685696819329813287e-02
9.174691665901103799e-03,8.943048946367486158e-06,8.425344274147355275e-07,-7.527342389669730893e-08,-3.231390146933395269e-02
2.100586146285007838e-02,2.297614248519602458e-06,3.808594254566043374e-03,-9.446683433178999346e-08,-3.561576294977187446e-02
7.741422209418589810e-06,7.462916270309441982e-07,6.630994392898809217e-06,-9.735733077196974328e-08,-4.161891707933474543e-02
1.002105435360439896e-02,6.365021910027818371e-07,1.154023692898383531e-06,-4.117518520474220255e-08,-3.546667303657691922e-02
8.807342156671232533e-03,2.634618011633962816e-07,3.286462549397939500e-05,-2.514904634971746798e-08,-2.191665419756315403e-02
1.483394374860618793e-02,4.411705843445297778e-07,8.040236458375810157e-05,-4.240970072802588117e-08,-2.700440561160188241e-02
1.145308581362705636e-02,1.323800457080734478e-05,1.950223519393453261e-05,-7.870467162790556352e-08,-1.934944513073043326e-02
1.506233236052029710e-02,2.534597209734541778e-03,4.092839460940421274e-03,-2.673228771144444692e-07,-1.462305242560200773e-02
1.509235276073341014e-02,2.360179990378205236e-03,5.504114193316793184e-03,-1.301317520839367894e-06,-2.165986265030657790e-02
2.548931229109605359e-02,1.563690690096738610e-03,3.743140567013139835e-03,-3.294929074357671951e-07,-2.440875783876726365e-02
4.682399659190965291e-02,1.532556865257605171e-02,2.175462145720429182e-03,-1.045776269456080923e-07,-1.735264614715861797e-02
4.454818501983999479e-02,2.358635630665745567e-02,1.477131411042006404e-06,-9.809164729004855821e-08,-1.615126465751108575e-02
4.271354482941516761e-02,1.655177684903058610e-02,9.501187222810155251e-07,-1.019058662486847603e-07,-2.559687102078383319e-02
5.012510108398365166e-02,3.546857388287130014e-02,1.923094215656618869e-07,-9.844873373415164031e-08,-2.829549936212327407e-02
4.417996663745417385e-02,3.053474158603106808e-02,4.175486089480749878e-07,-1.309329982188460675e-07,-3.709788884012487492e-02
2.481603622771983569e-02,1.225194590634508772e-02,2.316201806493304777e-07,-1.677252578507732667e-07,-3.764450083469615682e-02
2.768472896972278691e-02,3.257176768139843369e-06,4.355413042304147851e-03,-4.197514642435674475e-07,-4.865270633766576036e-02
3.037137346248704878e-02,8.690651820961364184e-07,5.500999212985058749e-03,-6.432881832544503500e-07,-5.204043692276783678e-02
3.861028017154043146e-02,2.769803765054045224e-03,5.104499979436584529e-06,-5.050519827066652174e-07,-5.007690125451656760e-02
4.300996254678579600e-02,8.645412595844994760e-03,8.568164268721157875e-07,-1.054321865214949668e-06,-4.345904296102955783e-02
4.357429432457492202e-02,3.222561579074304438e-04,2.680502483851649603e-07,-8.210544683084958564e-03,-3.388380782801829472e-02
5.370119312263076788e-02,9.027940293514818276e-03,1.110871607568546778e-06,-5.019013484546079595e-04,-2.380718003439879354e-02
5.964379150304509325e-02,1.669009661133425901e-02,4.959580811153569696e-07,-7.566272371388026857e-03,-2.138010392886109667e-02
5.801278107958268704e-02,1.499172871510538220e-02,2.218698862172941241e-07,-4.252867129996379565e-03,-2.516771740965676601e-02
5.775690053812731345e-02,6.441862909359220325e-03,5.837926317830529257e-07,-6.752737033617213155e-03,-2.963799860067515071e-02
6.260063639632924837e-02,8.691806713368456158e-03,5.234107862011819639e-07,-7.623746864570212986e-03,-2.114806899624181377e-02
6.335695742563278443e-02,1.809952995267269382e-02,7.204247376091745001e-06,-1.619273371838388792e-02,-2.419390691562904594e-02
7.011436037765422791e-02,3.154294089008639890e-02,5.494154710138482965e-03,-1.009344968675374328e-02,-2.035562293023365776e-02
7.749456910897586925e-02,2.473205867229023511e-02,1.163115428022115953e-03,-2.011687122607801539e-02,-1.585834637350038920e-02
8.959408755490770593e-02,2.318035680020906139e-02,1.294072143971222646e-04,-2.018291253979014738e-02,-6.599148355620075047e-03
9.751996962532917534e-02,2.996664287509011662e-02,8.174969872246754671e-03,-8.778228948106807372e-03,-3.217954580810126423e-03
1.128290175939451051e-01,3.661552412837976861e-02,4.798038900123237360e-03,-1.883892844310888076e-02,-1.055113007865743788e-05
7.222082854413812425e-02,2.642222642404726957e-02,9.284511779506544611e-06,-2.978089937567245105e-02,-9.675403253651965055e-06
6.856807003401534095e-02,3.042038594022233172e-02,1.145722485520704220e-06,-1.112646501002593352e-02,-1.567619735933396751e-05
8.479415295651626661e-02,4.608827058203852911e-02,1.977491002055282018e-07,-1.717631660060993035e-02,-2.090656055359106712e-04
6.463927386758297478e-02,3.499186675333405133e-02,2.114753238395908759e-07,-3.050780229240094427e-02,-1.199398786859363573e-06
5.539932867951867512e-02,3.025035480975496113e-02,2.118736948736690731e-06,-3.963685877566553578e-02,-1.623539830247227910e-07
2.631880194889219676e-02,3.491919608014186494e-02,1.447013530700401798e-02,-6.233038938147472674e-02,4.411410510249862468e-07
1.739504123494658300e-02,5.566549735205542082e-02,4.943735304354828636e-02,-9.080889343036008254e-02,1.555204925043652400e-06
8.710419781063678547e-08,6.006133483918989213e-02,6.180323466618605627e-02,-1.148891215813189204e-01,3.538673874649639166e-03
2.426770244470910921e-09,4.342262043461289633e-02,7.305387334727291015e-02,-1.189123092698177730e-01,2.340637721473730684e-02
-1.044048051068512954e-07,2.480976608582786958e-02,8.443701083210308767e-02,-1.281356041394093870e-01,2.471724032720660352e-02
-4.747983509571284538e-02,1.170299543891702263e-06,7.313213285886237258e-02,-1.416141497934462479e-01,4.222971247582698456e-02
-8.348086316893708891e-02,3.028940329874665589e-07,8.233745035253037248e-02,-1.595999220905671978e-01,4.190337917884547764e-02
-8.451043791121173876e-02,-7.319968536691649051e-08,1.038279290451126213e-01,-1.498190154124182383e-01,3.485051050502121356e-02
-8.073896552317173791e-02,-2.350179325293435401e-02,1.101037025759476345e-01,-1.450138849652273521e-01,3.930943717704812879e-02
-5.584422121721518972e-02,-7.237950637567112933e-02,1.144643424119065611e-01,-1.183159876435907892e-01,4.597934529184665581e-02
-1.771418134842016670e-02,-1.106740336349153059e-01,1.105777274901267870e-01,-9.284242771397760441e-02,4.972942829840392570e-02
-3.789097508533263384e-08,-1.546074221843219687e-01,9.620976910550425865e-02,-1.987937937856055701e-02,4.424161652456529148e-02
2.082826685066976763e-08,-1.959912383567669336e-01,5.148770094485610738e-02,-4.000789855305901638e-08,5.048843151445202987e-02
3.873758745513104958e-03,-2.256703553899835624e-01,1.304925069374285521e-07,6.170940418885406552e-08,5.011633931519073049e-02
4.575859233932113440e-02,-2.185212044002702581e-01,-1.930562675506709362e-08,1.429541571587489303e-06,4.723908699947882567e-02
5.659113605224161403e-02,-2.117398956218471684e-01,-2.100981140087709864e-02,2.049635449818511951e-02,4.511608497882153151e-02
5.755325633608335961e-02,-1.832667030457887369e-01,-8.999318320197900734e-02,1.089090368630591874e-02,5.362648265886255788e-02
3.705485079147433081e-02,-1.423520493167649281e-01,-1.389056267433894098e-01,1.108809592969086732e-06,5.181161435190917430e-02
2.482443910460328806e-02,-8.760918942252554631e-02,-1.596268422871280901e-01,5.499752874662687496e-08,4.852914580778582010e-02
3.920657433936795215e-05,-4.852240095648512747e-02,-1.515458301005490893e-01,-2.050784596423597068e-08,5.730457248092547112e-02
6.113614536869876002e-08,-1.830976759554928127e-06,-1.606850468020774858e-01,-1.068928542772380951e-07,6.333137946324778056e-02
8.901508063954889729e-09,8.075484139697537428e-09,-1.561203805626073804e-01,-1.409328723580802347e-05,7.807831093069834971e-02
-2.257791392638113174e-08,4.742075250025866048e-07,-1.525379909006239210e-01,-2.601682325577499635e-02,9.414986700699599920e-02
-1.486985273429524486e-07,1.023985941334983746e-02,-1.253607965276622715e-01,-3.709753728272311563e-02,1.018393919494370720e-01
-7.525349093414043967e-06,4.036887181704839483e-02,-1.110911448984387012e-01,-1.892340639004820579e-02,1.077224190405595139e-01
-2.137958868688353414e-02,7.039001550379399286e-02,-8.760815795308782294e-02,-2.249638486292263387e-03,1.060875948576863181e-01
-2.320811733185552256e-02,8.882857630692242434e-02,-6.174803229220138245e-02,-1.283304547798018949e-07,1.131119064755379822e-01
-3.746349927277022734e-02,7.924104400663074810e-02,-2.902530037913767999e-02,-3.906417501553873121e-08,1.201581659086860543e-01
-1.156828452469329908e-02,8.125107277930107563e-02,-3.941575942347855002e-07,2.267196757945157864e-09,1.164741353992818085e-01
-2.615611346423941333e-07,8.400232061645936110e-02,-3.655368187315222579e-08,9.496586906540092868e-08,1.127340063108861895e-01
-3.020219375234791853e-08,8.374176149198464536e-02,6.141651738113491032e-09,8.559320084595320802e-03,1.139165754944513748e-01
-7.099737566197583343e-09,6.358492420484744556e-02,1.094521601688782040e-07,4.407859046398593383e-02,1.012822201910642678e-01
9.797500920966307938e-09,4.787577864691234392e-02,1.920126936483504540e-03,7.079702611212776442e-02,9.995020623925755798e-02
4.480595127463658144e-08,1.945371247294374814e-02,4.283121383754377037e-02,8.719652466739792607e-02,9.460205974750512947e-02
3.539098640532441274e-07,1.829022567263849375e-02,6.037318465466096074e-02,8.930747127981197853e-02,8.935008275673213263e-02
1.250251091045114296e-02,1.692134655451625153e-06,7.435460426123692568e-02,1.006408486656040213e-01,8.792341832595282347e-02
4.017097427729800913e-02,3.651317944718621338e-07,9.783648530227895268e-02,1.045074493045639874e-01,7.640366764568361224e-02
4.091066912601260680e-02,2.827600796913816377e-07,8.941234170269915515e-02,9.885366752943035296e-02,7.018473699722987957e-02
3.965208704459425443e-02,1.788499049611689289e-07,8.072086098679458199e-02,8.756744306025454616e-02,7.354190567212806617e-02
2.849911348513534115e-02,6.260302314415840229e-08,7.109539332077280394e-02,9.882090231424403570e-02,5.992562450510497546e-02
1.330570639597741106e-02,5.225055801228313633e-09,7.532827356065946445e-02,9.649742075217419834e-02,5.207205763518606839e-02
1.073962346283343673e-02,-6.110641317632315015e-09,6.969234573868213212e-02,9.180573651729774520e-02,3.116298453933099427e-02
6.132937733222060738e-04,-2.326710755793559645e-08,5.947978232523453562e-02,8.526054350340483978e-02,5.714205424615314242e-03
1.056840717114941510e-07,-1.005109118277960355e-07,5.886517241217466279e-02,7.889035926449493308e-02,4.013784270975086029e-06
2.780897808812814076e-08,-1.310873074389375453e-07,5.625996403150498176e-02,7.626165136534045208e-02,8.758370004987437027e-07
-2.868047142289396792e-09,-1.506045485488274733e-07,4.544086597157987600e-02,6.551597636038014594e-02,4.657491809937794349e-07
-2.947156225725343534e-08,-1.477966978938615567e-07,4.079032612724947660e-02,5.214560022629854963e-02,7.959515834463129910e-08
-1.374262852983993617e-07,-1.761922765038513174e-07,3.547340307712433527e-02,4.854919724194913661e-02,-9.693631453974733002e-08
-3.336980520875405115e-03,-1.761159709582436456e-07,2.488873246797813216e-02,6.473085072452075539e-02,-1.366723100166008208e-07
-3.283611125044731682e-02,-1.795639707727156556e-07,3.600975200283278860e-02,5.435403854056137379e-02,-3.173361327661690470e-07
-3.587411252011274421e-02,-8.475185425365115290e-08,2.099220967576997596e-02,4.433899965865133186e-02,-4.426642721999477453e-07
-5.684272480220561863e-02,-1.091895043669007131e-07,9.297397201741129658e-03,3.444183488482751437e-02,-4.095382617222401040e-07
-5.436746597295906425e-02,-8.627374675026644810e-08,2.618938095932058212e-03,3.601329732604877099e-02,-3.812158362612095070e-07
-4.879419891200340031e-02,-3.080180436900647946e-08,4.485243555101483745e-03,1.845466470497753725e-02,-5.502001673612757651e-07
-4.925660112742467206e-02,-1.768861689108320384e-08,3.028318427256596150e-07,1.482588200352569392e-02,-5.547547509850237595e-07
-5.953102164946713626e-02,-5.974250295491171300e-08,1.232804296029694005e-07,4.274218597104418628e-03,-1.381958552253101766e-06
-4.967148035183222704e-02,-5.595374919586436702e-08,3.988840343329716206e-08,1.461764439029409647e-02,-3.440332916597718844e-06
-5.401667721142720119e-02,-7.133893993348883735e-08,9.050020228795647498e-09,4.458712622221605061e-03,-5.348083836085291885e-06
-5.834753600712455635e-02,-3.431872415063933952e-08,-2.503650636430625919e-08,7.401246623958604616e-03,-3.414196863807455348e-06
-5.513754972230100471e-02,-9.711471118358257614e-08,-8.600957106964916953e-08,5.344358954404121280e-03,-9.462723914292318035e-06
-5.698078846675999620e-02,-1.069864271921255514e-07,-2.512097218378872988e-07,1.367888029652875037e-02,-7.681340813245062481e-03
-6.029760437449032534e-02,-7.426769946843095852e-08,-5.441110662682592739e-07,1.998044028065702402e-02,-2.069377897892947862e-02
-5.524148824977250655e-02,-6.775764584273805311e-08,-3.413464582350015685e-06,1.302734808207637457e-02,-2.150571772745829210e-02
-5.497442516882319885e-02,-9.514211923809188310e-08,-6.492599956838145114e-03,7.748004573998308261e-03,-4.523916217890441849e-02
-5.578990533458883655e-02,-1.389197005871176841e-07,-3.357418057362723221e-04,1.972264631636104146e-02,-5.001358734089077218e-02
-6.206743826511783302e-02,-9.375828790170623106e-08,-2.935951240352286263e-03,1.295525492597152366e-03,-4.006530846372084731e-02
-5.774674240122222579e-02,-1.377725955357362546e-07,-1.573149045894317588e-02,8.511144205480576782e-04,-3.544239194349557004e-02
-6.964378885034554212e-02,-5.450304309163663284e-07,-1.096977995150889840e-02,2.897861769753029820e-03,-4.153284394574222049e-02
-6.724861038911013333e-02,-5.326380740747513311e-07,-7.242170715808917379e-03,1.276087437009594561e-06,-4.851013248100955605e-02
-7.345168497536924690e-02,-2.697503455944922686e-07,-9.210884056048531179e-03,3.118727306982150316e-07,-4.401084815921239152e-02
-8.175553446188787987e-02,-2.075891096225313829e-07,-2.032761028895222963e-02,1.017656101674655879e-07,-4.502759879445977775e-02
-7.440186901066174474e-02,-2.330169106459152102e-07,-6.571801303471212947e-03,1.342734534264862269e-08,-5.141217894286195106e-02
-6.313316516220673913e-02,-1.831004603157526468e-07,-1.418680768367815842e-02,-4.679109041314339794e-09,-5.097322807439437498e-02
-6.058391166732453315e-02,-1.645008995475652984e-07,-1.714906392974176186e-02,-2.595781486485001415e-08,-4.357131099642783806e-02
-6.323489104254394200e-02,-1.384049823666048743e-07,-1.375310182204610501e-02,-8.189735907374472725e-08,-3.489091322967530912e-02
-5.853984889697027433e-02,-1.602439302213061242e-07,-1.309154988084899884e-02,-1.976809802607049509e-07,-3.965565022137090140e-02
-6.451679722806047401e-02,-1.666783319074019797e-07,-2.163503842847801575e-02,-2.817595467179377648e-07,-3.409001466317664042e-02
-6.076638262395955836e-02,-2.149962125744772031e-07,-3.226675291572885657e-02,-2.598973718417663448e-07,-3.196246655347573240e-02
-6.238793794575493018e-02,-1.412574303186674303e-07,-2.236704498162742430e-02,-4.503419061601659100e-07,-2.807678101724596018e-02
-6.201532318055071741e-02,-2.255642848207919909e-07,-1.674874527355113205e-02,-8.570874753171747756e-07,-3.189596150757634252e-02
-4.308288895439783134e-02,-3.660245490412329042e-07,-7.312445478030684363e-03,-1.644719228889184885e-07,-4.161456282906386694e-02
-4.013817742128639871e-02,-2.432649774017577564e-07,-6.698826689247644808e-03,-1.040662495518447480e-07,-4.407462705915653201e-02
-4.089232847710726898e-02,-3.091438103982904339e-07,-9.390462376929597371e-03,-8.948511768188878425e-08,-3.527909766962099986e-02
-4.845036195576562371e-02,-1.144791614655042237e-06,-1.507899769364054628e-02,-1.144624313449994555e-07,-4.194713262015237198e-02
-5.020206787963460426e-02,-8.041550494720101247e-07,-1.676913508233295394e-02,-1.189896802649898497e-07,-3.700781139434658473e-02
-4.070529195345168327e-02,-2.765441543376005395e-07,-2.806317910348945718e-02,-6.081941533097916320e-08,-3.987701404605998451e-02
-4.505978354078164078e-02,-4.278367378728239560e-07,-1.872861484219263961e-02,-6.222766767791897078e-08,-4.222260040541599146e-02
-4.114898431599193357e-02,-1.921586436659253663e-06,-1.394843852073976778e-02,-7.730664423620806551e-08,-4.635329645751170430e-02
-3.585074573081332289e-02,-5.682060196745489171e-07,-8.167403149601924761e-03,-9.941195882386384023e-08,-4.791326954443592134e-02
-3.599882292295905617e-02,-5.780993873354214686e-07,-8.521000051227660063e-03,-6.409971736925393237e-08,-3.675153952116823330e-02
-3.351702127201496018e-02,-3.283889960594814084e-07,-1.694025589837671458e-02,-7.770429810972159193e-08,-3.181302653447215523e-02
-3.120381065759167752e-02,-4.688327369631028468e-07,-1.467061893310893719e-02,-1.208374773824386002e-07,-2.580250173537657066e-02
-3.181076230140877925e-02,-4.042347249569288524e-07,-2.533672370221826120e-02,-6.695752115260854234e-08,-1.836748294754154964e-02
-4.176430107997050611e-02,-2.118932383811320765e-07,-2.541781906690747037e-02,-1.365061427618054753e-07,-2.017013073768718703e-02
-2.157897069608852650e-02,-1.378340515986810756e-07,-2.411168181683137277e-02,-1.255490259136216941e-07,-1.439957370939545962e-02
-1.574363557642514261e-02,-2.378679480743055876e-07,-1.609305730485700511e-02,-1.643815263709501353e-07,-2.105614967311160088e-02
-1.070386155545071651e-06,-1.328066017977149977e-07,-1.688078053501804524e-02,-1.568439692824961997e-07,-2.092989626673422143e-02
-7.436000143778350199e-08,-8.642612744829364970e-08,-1.630747564179853976e-02,-7.038097485732582531e-08,-1.975679934572176916e-02
-7.694786985527779042e-08,-7.467694727991631182e-08,-2.783655067268360137e-02,-9.547055599703886460e-08,-3.177074042714834318e-02
-4.132030252009715458e-08,-7.057085670467845686e-08,-1.969587614158012367e-02,-1.310284979604353892e-07,-3.630720157601780018e-02
-2.122408778899351180e-08,-6.269099740742287844e-08,-1.291627392353789441e-02,-7.593542246019016156e-08,-3.189568669731162459e-02
-1.389328942436625964e-08,-1.820132011666806964e-08,-1.870672044906836196e-02,-3.388863777122547048e-08,-3.374738127264342163e-02
-1.160768853804823733e-08,-1.137230595956691117e-09,-1.794042871116920818e-02,-2.441345280971863142e-08,-2.319093849621710682e-02
-1.313263408436383138e-08,2.162845424988919110e-10,-2.259674378501673464e-02,6.665996124665515398e-10,-2.745437863721011951e-02
-1.939602382434129971e-09,2.257079983916919548e-08,-1.191559279457314775e-02,2.095696023367599599e-08,-3.155200140059475494e-02
-1.894232543675088318e-09,4.241702170129171586e-08,-1.742835133625128194e-02,3.675185363169727996e-08,-4.002368034688490867e-02
3.666590301218065580e-10,8.757614612805849387e-08,-1.208032029733136815e-02,2.604173461589730027e-08,-3.137682341457954938e-02
-4.629515971745193093e-09,5.718357624781752943e-08,-1.995034388599285433e-02,2.328741060412993135e-08,-1.656509357469480859e-02
-2.070583468591315603e-09,3.269756847841768236e-08,-2.361508691862230364e-02,5.508552442112980762e-08,-9.174577919163684134e-03
7.887431930165081719e-09,3.181243455652111406e-08,-2.695570366186412700e-02,9.576346734958645390e-08,-3.784971168893631541e-03
5.916567912298543396e-09,1.243213134558371226e-08,-3.213617292618697885e-02,8.961082441255912737e-08,-3.062343730604161999e-05
-1.148386466264726350e-09,-1.342748902536451288e-08,-3.334033300407239497e-02,3.982530838589357283e-08,-2.288313099713693645e-05
1.014424719533786690e-08,1.419498874118007218e-08,-2.957069782565448571e-02,4.577799059685826382e-08,-2.444034641699309885e-03
1.834249806074666154e-08,4.264461898198071409e-08,-3.331581333048322380e-02,5.079098140868954426e-08,-1.853533071408046775e-05
4.732395285702871560e-08,9.954743740981087997e-08,-3.389109293062388811e-02,5.855528279786999806e-08,-1.516525075049014637e-05
1.117785090678060497e-07,7.435200466812187153e-08,-2.332194801951928062e-02,4.667025655076814828e-08,-3.078553096752361913e-04
1.168442162520687200e-07,5.856506329132492412e-08,-3.152044491597335435e-02,7.032029749625590682e-08,-3.196953967514865036e-05
1.617750424513315777e-07,1.069984840123842421e-07,-1.688714646151092194e-02,7.504394027766765805e-08,-5.240432061527082332e-06
1.462686162266553835e-07,1.857157076788285253e-07,-1.918314583751501087e-02,5.912400102169533038e-08,-2.980018538219671605e-06
3.429378386299504910e-07,2.079917427034098995e-07,-2.450887643808668734e-02,3.882499479693650375e-08,-5.705394487275026994e-06
1.340340230498588401e-04,2.877261593639739612e-07,-2.123476440537774845e-02,5.873561488162403247e-08,-6.897294446400484361e-06
1.217568577615595234e-02,2.532054054845232003e-06,-2.613417232519351513e-02,9.947630939803374491e-08,-1.707918756606791245e-05
1.919748781975556470e-02,2.084011427605839118e-04,-2.768935589713399786e-02,9.495794583021088089e-08,-8.589531291262776506e-06
2.220714815089326263e-02,2.817705035826498207e-06,-2.211534441740755502e-02,3.899895461729407626e-08,-2.786161621716205862e-06
2.244353645949542439e-02,2.383177127283067866e-06,-1.920069062679203090e-02,5.119004126704011372e-08,-1.421739017370863693e-06
2.773282542036274723e-02,9.306091962282540711e-05,-1.586672922194350480e-02,8.701600131726788352e-08,-7.912126793652347629e-07
2.581280416228694252e-02,3.741772585923913768e-06,-1.190926909883852601e-02,1.294252888764395969e-07,-2.963954534354218429e-07
1.859302074048425901e-02,1.118276629446557655e-06,-8.966163983113352096e-03,9.479364168495748393e-08,-2.759094475057709360e-07
2.489069172861567425e-02,4.286365497384837393e-06,-4.135153467852710485e-03,1.120001004349703865e-07,-1.594883702008760313e-07
3.005216483298947527e-02,4.270601661534990478e-06,-1.476790686956099746e-06,1.626988909972370264e-07,-1.218432180555024803e-07
4.025264076250550938e-02,9.886088696002970008e-03,-3.727966644126980878e-07,2.633298984209401337e-07,-1.515180062268051576e-07
3.694646680392287691e-02,4.102941782145929672e-06,-1.286822722398638168e-07,3.100586074140870260e-07,-1.368127358434587996e-07
2.827645907086268756e-02,1.869381406078676383e-06,-1.092513841443605068e-07,2.162529329418666393e-07,-8.785908697729707258e-08
3.338911914222571914e-02,5.371632198990188574e-07,-8.115596551597839924e-08,6.518373766007250653e-06,1.176466240624437789e-10
3.807244205141991494e-02,4.672594898078758473e-07,-6.194041989734908196e-08,5.762003453706013593e-06,-2.729460937836889458e-08
4.174342494321844899e-02,2.202001810800712897e-07,-4.053552716588070024e-08,2.229070587038954304e-06,-8.343447141991797901e-08
4.344202024922039912e-02,2.461087947290135083e-07,-5.218282503140600831e-08,7.200016118391948311e-06,-2.080257926826572034e-07
