2.675410830348430233e-02,8.533697760617085793e-08,-6.396414725485616249e-05,1.887337366195281261e-07,-1.814573913305291726e-06
2.498021171081911060e-02,8.815438714063837012e-08,-1.198843284911578705e-03,3.284598984788990528e-07,-5.943668772687379264e-07
1.881161252936702083e-02,5.093222682788211628e-08,-1.083998108343054399e-02,5.269887031509789537e-07,-3.228217194287969997e-07
1.299449107066164705e-02,5.038867936418977217e-08,-1.712703198209718485e-03,9.654790710006017163e-07,-1.326299325248331106e-06
2.032139414274805253e-02,4.962649896040637866e-08,-3.302838964392622832e-03,1.806549154425026722e-06,-5.494515668848876254e-06
1.266371837774344679e-02,3.999424199491861465e-08,-5.633793861422502561e-03,3.937592876760070503e-07,-7.098104807343575231e-06
1.519836867457836742e-02,4.649932714083251533e-08,-5.149031072668005388e-03,3.870436635354799387e-07,-4.784522262251380073e-05
2.452449904660585628e-02,9.410563428996737447e-08,-1.566348880017741146e-03,8.496233318800355944e-07,-1.729046289028011649e-02
2.606487916286379797e-02,7.985782858075005901e-08,-9.151761312675001786e-03,6.038652304303711159e-07,-1.084672170353801098e-02
2.195557166187248402e-02,2.089290591886427407e-07,-1.466296336925981131e-02,6.011085330287754955e-07,-1.331528792941485961e-02
1.588755069922933444e-02,1.109377522958188349e-06,-1.280733820588053976e-02,4.081060147877872935e-07,-3.700827758743438153e-03
3.188034464131515172e-02,8.259052770922111972e-04,-2.749674576161067682e-02,1.056807222588102949e-06,-4.056646699212836869e-05
3.190106433727779578e-02,1.155834132943493048e-02,-2.817341288902600049e-02,7.117674962783714980e-07,-1.779914831525215070e-06
2.774407830538800149e-02,1.004879531910163673e-02,-2.308127442961635176e-02,5.004905808640416235e-07,-1.456349893441247438e-07
2.603357499972301994e-02,1.472185750929477614e-02,-2.047702740701019472e-02,2.795724684861220690e-07,-2.274630660755387469e-07
2.822784626232885050e-02,1.198098243214475687e-02,-2.320699638305084855e-02,5.617829572406662783e-07,-2.040085306860664584e-07
2.659010661459254576e-02,7.860305080381338461e-03,-2.556153429939850286e-02,1.017261340041072133e-06,-8.628902199812046005e-08
2.300795903041957108e-02,8.496037807113963891e-03,-3.085580586513926929e-02,6.699384940057366550e-07,-7.998241510182335697e-08
3.051812617653620538e-02,9.076882753303884208e-03,-4.293298526050787212e-02,5.746746902484964542e-07,-4.250780541036739876e-08
3.369026669731819273e-02,2.590778288512788838e-02,-3.993318239178338114e-02,6.139536546020290729e-07,-2.462771913962360772e-08
3.346445270195139848e-02,2.210155916123204486e-02,-3.745854971618484824e-02,6.332141763433506265e-07,-2.732093681572466040e-08
3.138095349869129275e-02,2.276429074353733886e-02,-3.895939446331879441e-02,8.118753523291864000e-07,-7.343609843699654778e-09
4.490872890953725993e-02,2.727986389410157891e-02,-4.401642189317413884e-02,3.722351081464255403e-06,4.383161522816212639e-09
4.742045573359908450e-02,3.782090173156199553e-02,-4.976255830695443944e-02,8.101790508835009274e-06,-2.839564336321344557e-09
4.290230961509818031e-02,2.601992379763943750e-02,-4.397655304178643698e-02,7.197145244766422829e-06,-3.122822347950232898e-09
4.486172483167264607e-02,2.149279715685045722e-02,-5.730138461599297572e-02,3.575382177899330246e-04,1.985801053331854713e-08
4.078925382796533966e-02,2.766200559531217448e-02,-5.708598311960303567e-02,8.146301258740043061e-05,5.496250879289749256e-08
4.002910401102726529e-02,2.523976550531291732e-02,-6.077208030393097676e-02,6.127181575209595067e-06,3.417448998284267550e-08
5.470944481835449819e-02,3.158677958487744047e-02,-5.440816168809111536e-02,4.712275863792135186e-03,8.885616837296393168e-08
4.564472936310067647e-02,3.440513012584755365e-02,-5.155857370880191637e-02,3.663238055735408994e-03,1.249799090994802996e-07
4.064723591509648154e-02,4.028143736494006061e-02,-5.286449976441518622e-02,4.628847270699214895e-05,6.575586187855585611e-08
4.272236579860971828e-02,5.061690016755318600e-02,-5.365977068366578617e-02,2.439686575935417256e-05,9.224612847293264583e-08
4.262641927236895945e-02,5.463260035305590040e-02,-5.224095081478110497e-02,2.123452441386580129e-03,8.000759588572519797e-08
4.429668839948918552e-02,5.206970247598417117e-02,-5.343062119158902001e-02,1.223254468180760314e-02,1.403588910997141956e-07
3.480150099660464513e-02,4.915238551501902725e-02,-5.297693618401148191e-02,9.299006092459712698e-04,1.938802379818583305e-07
5.218222827561428551e-02,5.608900048332532418e-02,-5.512234065223322460e-02,2.195989743848831763e-02,1.950705968533702663e-07
6.084139369927910046e-02,5.426345902951289907e-02,-7.063513243737015723e-02,3.218302995415348033e-02,2.491993363793259258e-07
5.495263396130457834e-02,5.650286581270673458e-02,-7.650541829775252267e-02,2.552134961273604466e-02,3.071263968274529078e-07
5.046583699566078302e-02,2.882581853353283555e-02,-6.977943201956925134e-02,1.716059242657020853e-02,8.524950885259893149e-07
5.217295232901774521e-02,3.886003326571555588e-02,-7.495666080168052192e-02,1.112782386224756177e-02,2.065702474287372288e-06
4.616610778392193221e-02,4.647159095987745542e-02,-6.179170423835803061e-02,2.667171443552238291e-06,1.079599644689916045e-02
4.666455260942485583e-02,3.240413845330220727e-02,-6.196604924412251608e-02,1.386982035425173872e-07,2.359674412801138210e-02
4.127192470695312254e-02,3.656974813567746146e-02,-5.362588705502625841e-02,-1.135849241053396106e-06,3.445731295036091879e-02
9.443958394026169892e-03,3.735124816137255777e-02,-6.528281269804200870e-02,-4.070783616923055737e-02,3.048639751750279944e-02
1.391446226711501538e-07,6.811091760630111867e-03,-8.081645495577143012e-02,-7.924464809486783667e-02,4.456271728909529800e-02
-2.454798663948755919e-08,4.659950482722356748e-08,-9.881103824678619252e-02,-9.494174393920949695e-02,5.695912473674320797e-02
-7.939064035572018521e-07,-8.825825721437866008e-09,-1.036439172755107135e-01,-1.109517104273310267e-01,6.800623829282563537e-02
-3.597015175963859390e-02,-2.569762288498136944e-07,-9.961569750036905480e-02,-1.229953649209147848e-01,4.608791344598811568e-02
-6.500317474967476361e-02,-8.121714066189292258e-03,-1.001614776547585656e-01,-1.313620223978937962e-01,3.312548723906646314e-02
-8.997330023776516084e-02,-2.268092817267574127e-02,-9.848551177852613026e-02,-1.479412229428873904e-01,4.684746489026318794e-02
-8.794848897660620390e-02,-4.090503259942339376e-02,-9.900012885792569550e-02,-1.282318950197568197e-01,4.456356228773194345e-02
-8.735859403491884334e-02,-6.054811117567805712e-02,-1.032386973702306560e-01,-7.218841641555655275e-02,5.265440330507585587e-02
-1.074114521735157063e-01,-7.940324333599940720e-02,-1.046527529315182392e-01,-2.647456492810821085e-02,7.702686063113560466e-02
-1.248285635358620110e-01,-8.558966233864814810e-02,-1.024968639629076361e-01,-4.132515383089064492e-07,8.182833543053949499e-02
-1.187710270539818619e-01,-1.006690878536608130e-01,-1.103380358378964615e-01,7.698802560105134636e-07,6.426757523987448872e-02
-1.150853531377902389e-01,-9.089758594937340230e-02,-1.047394744904208974e-01,7.132506740568941850e-02,3.713391368069730858e-02
-1.193367254835027841e-01,-7.128150196736049438e-02,-8.372433507541447717e-02,1.354927495994872610e-01,1.241682887214149746e-02
-1.393055262394282401e-01,-1.626133513740623399e-02,-5.200123070267803627e-02,1.675989179177107546e-01,3.330788152848629025e-07
-1.406347349966530769e-01,-2.023180857733817677e-08,-4.388136162000149143e-06,1.723010787386686227e-01,1.518633813313330644e-08
-1.329319623889938518e-01,7.437432903995752573e-08,-2.275762255873431489e-08,1.652916324238430934e-01,-8.526333749764450125e-08
-1.394033746040129473e-01,2.242867457173860005e-02,1.436466896568038520e-07,1.283716782757901853e-01,-7.610763181301043341e-07
-1.214844099953005935e-01,8.316245977329148054e-02,1.037990102158873815e-02,9.641616992623111559e-02,-6.535620549704547236e-06
-1.052727062058402274e-01,1.241008947823277753e-01,4.935276207797885395e-02,5.998736563575639280e-02,-3.604140295509613022e-07
-9.654401753801271358e-02,1.358913950727964060e-01,7.338432910587357194e-02,1.530532940083699934e-03,-9.272625170325700889e-08
-9.290963247685017634e-02,1.366421592503933857e-01,7.743781034371803595e-02,2.268934784415425580e-07,2.514995309469437768e-09
-9.842303558298068356e-02,1.295445413990790329e-01,9.526562650417305655e-02,-4.918805601392261714e-07,1.204469080066577090e-07
-9.738517211321710831e-02,1.227949312397925014e-01,1.025230189848743978e-01,-2.631793395681792172e-02,6.858268617480077973e-06
-7.480462814581342879e-02,1.215904933451381481e-01,8.976994853829768639e-02,-5.097029788028090147e-02,1.534024789624669795e-02
-5.314064938721514003e-02,1.062566111955016990e-01,9.297526540945511009e-02,-6.833345906247960400e-02,3.134245610124293535e-02
-3.681464601268757963e-02,8.612329189891063108e-02,8.898138453897552758e-02,-8.429148230103970796e-02,4.006791787084744427e-02
-8.195613452584488335e-06,7.160084296410457183e-02,7.751252600113808788e-02,-6.997075107181502385e-02,5.328021264231116300e-02
-7.005756748004859934e-08,4.843958109633596243e-02,7.300098135985766401e-02,-4.113856628107002283e-02,7.009107736621460194e-02
-7.525329225416661491e-09,5.719082778728104902e-03,8.046267645052523898e-02,-1.991964527928431067e-02,9.116743774029972824e-02
5.328404159108371023e-08,1.980561588666360699e-07,7.345372872676418641e-02,-2.379611520198652009e-06,9.120963998716373478e-02
2.539773153491990233e-07,2.940557661139457120e-08,7.735774670979546352e-02,-2.684732457456163028e-07,9.747193014623709018e-02
1.391594296340699886e-02,-6.290285810557951880e-09,6.652528782302767618e-02,5.764293748720534928e-08,1.027393697574673359e-01
3.619238973169768003e-02,-6.598433403309661900e-08,6.163757603887302233e-02,6.302139810311505018e-07,1.193252449219869421e-01
4.575761838763501427e-02,-3.210688951895847689e-04,5.045356999861105862e-02,8.484763229861394876e-03,1.264078386885674754e-01
5.316417219304786501e-02,-3.601412844784681461e-02,4.244454375718830635e-02,3.322711180808993886e-02,1.359475928064761419e-01
6.485134424145999610e-02,-4.111112136535755024e-02,3.231419853501482642e-02,6.639035898016136528e-02,1.356307908042382326e-01
6.622300370807181202e-02,-6.711452402676311435e-02,2.996404042459557826e-02,8.531359878928081175e-02,1.278695118872121839e-01
5.943354394818382846e-02,-7.730944719795060371e-02,3.170334494411013865e-02,7.996911080137664163e-02,1.349089561227832246e-01
6.150874369690696730e-02,-6.245821493159819937e-02,3.545981003825580957e-02,7.627913319063391040e-02,1.151999102565890998e-01
6.269065235567300443e-02,-6.027044155950449927e-02,2.518494085949947447e-02,8.000584965306865859e-02,1.022723087522217772e-01
6.860737735458408149e-02,-5.789109181055964587e-02,2.407573294031458561e-02,7.235444892043950416e-02,8.126343299019370137e-02
7.276450898228070674e-02,-5.175926503961478242e-02,2.145105005324565023e-02,7.399970426411332791e-02,7.426415463875615797e-02
6.197616413286047982e-02,-4.431861402594015203e-02,2.512603812169628831e-02,5.682055267845280422e-02,6.241976160866472695e-02
5.636745940829143015e-02,-3.802005718137233675e-02,2.141391147373158249e-02,4.914393139320993170e-02,3.331173395093388334e-02
5.315128967916050301e-02,-5.180349622060927833e-02,2.240918797047160987e-02,4.735837239890756944e-02,1.663307032478791511e-02
5.412151388747824671e-02,-4.590503194560987404e-02,2.650996204589608010e-02,2.943331699339415963e-02,3.499538976162785541e-03
4.033493445108504022e-02,-3.769819664364713885e-02,1.574242115823452567e-02,2.181963340437366103e-02,2.056215512160557051e-06
3.993844576832642629e-02,-4.470889096888693015e-02,1.367438190051519648e-02,8.086647202014289604e-03,2.242633404210281195e-07
2.322863542165699499e-02,-4.846449616156116302e-02,1.427483503545176093e-02,1.568999003830636736e-06,9.104356152680000535e-08
9.632884803534915233e-03,-5.506321336434151503e-02,2.276186147967276460e-02,3.206656188869610860e-07,5.183553926806265131e-08
2.231980216890057769e-06,-4.609160223587557142e-02,2.491900128619284685e-02,6.742168979641255428e-08,6.315849826121897421e-09
2.268965794873996769e-07,-3.839817669662392435e-02,3.113764610085344511e-02,-5.135556409241405409e-09,-4.497129209713722878e-08
6.524494242103069757e-08,-4.355185888549945039e-02,3.361410065070807168e-02,-3.420131004493654299e-07,-1.030946541757677803e-07
3.873411457407881461e-08,-5.223057496435004610e-02,3.986548497087444992e-02,-5.094705064218956805e-07,-1.446120510042059929e-07
9.490099854508201019e-11,-5.038272226924377095e-02,4.136516516550257927e-02,-1.176641988523985743e-05,-4.385554832534197148e-07
-1.948431095524763711e-08,-4.702636037558953486e-02,3.580433316575374475e-02,-1.940132108993695292e-05,-6.360560929386540295e-03
-5.110458635319846558e-08,-4.413667114736121583e-02,4.327728601092808991e-02,-1.277501570092257413e-02,-2.009290712290065506e-02
-2.121656703975664706e-07,-4.304721825712941319e-02,4.853839327164646139e-02,-2.118396354665332340e-02,-2.747092739104004325e-02
-2.616391917684961938e-07,-3.344286302940718825e-02,3.863490368126794999e-02,-8.954234365232129414e-03,-3.642855891991422790e-02
-2.923309336546969318e-07,-1.497703660616808881e-02,3.520385410514458718e-02,-4.937508382675119198e-03,-3.855461701400399177e-02
-7.592589136485830919e-07,-2.621655486386759853e-02,3.389365999012710490e-02,-1.162321070418405669e-02,-3.676599997260184688e-02
-1.078720715114545549e-06,-2.893969045062741441e-02,3.848408535770491551e-02,-2.110840504078717594e-02,-5.253305975800301453e-02
-5.535342626884779066e-04,-2.563870120147281745e-02,4.024183051262353317e-02,-2.179357946124095904e-02,-4.296445977318272963e-02
-3.543334899016816240e-06,-2.661805763438942346e-02,2.742670909834644608e-02,-1.323954566149023425e-02,-4.437024921026372359e-02
-3.007567265638989753e-06,-3.054934135354080496e-02,3.168608705637081246e-02,-1.857730406275593174e-02,-4.523957259590290214e-02
-1.265504201736828826e-03,-3.623331630180146035e-02,3.148893323634215785e-02,-2.844877583003631305e-02,-4.669732789797313710e-02
-5.304156483549011571e-03,-3.868019253424118814e-02,3.472166841428709488e-02,-2.929891099452136896e-02,-3.545978848629333796e-02
-3.456478059923805634e-05,-3.092102593263720833e-02,2.404165257268020203e-02,-2.373281829585402805e-02,-4.737554919298085643e-02
-2.687272022254897655e-06,-4.946231264669252031e-02,2.808177287751532566e-02,-2.083853494689143562e-02,-6.394794799070292746e-02
-6.839090688719924198e-06,-4.439798580952204060e-02,2.834912927654785822e-02,-2.634866337963790231e-02,-4.753539603245423434e-02
-7.789889223852824881e-07,-3.920904640520313927e-02,1.520875303798806429e-02,-1.573566080241217344e-02,-4.102409262911475146e-02
-3.470167483754728729e-07,-3.183612225267591633e-02,1.255580312542321601e-02,-1.767590417702891853e-02,-3.776861559087470177e-02
-5.424464406985547356e-07,-3.002446997948383239e-02,2.490121444265026851e-02,-1.623351514905078605e-02,-5.275087244487414867e-02
-4.940160264520160820e-06,-2.761712051951103336e-02,2.302001316307272782e-02,-3.006963079242303341e-02,-5.045148023157163680e-02
-8.481955930877077494e-06,-2.863966164885957399e-02,1.901262232269336841e-02,-2.292390045616761809e-02,-5.091957753391276875e-02
-1.941058782977965512e-03,-1.917579982844674208e-02,2.472868539590683881e-02,-2.638698628170698182e-02,-5.469748550070144960e-02
-5.887975124742615696e-03,-2.420742517064297314e-02,1.728303563170573501e-02,-2.007043712312302566e-02,-6.074808776792640919e-02
-2.230315948884620258e-03,-2.393128730515287766e-02,1.229920472944413291e-02,-1.522030289846188801e-02,-5.833708337237537150e-02
-3.158257519168555810e-05,-2.101866404638663005e-02,1.622143836083058191e-02,-7.288402051224005321e-03,-4.686748399193410575e-02
-4.697736897377789768e-07,-7.746256977524699182e-03,1.386550821845954247e-02,-3.320283029621064652e-04,-6.506711027304369621e-02
-5.271221065280356153e-07,-8.820247855721203775e-03,8.149069774214829504e-03,-7.869429406985461875e-04,-6.385035305401159933e-02
-7.560994587911185798e-04,-5.986824598412196496e-03,1.526716312005333732e-02,-1.107292834841302510e-02,-6.553409646784605358e-02
-1.557106064314948491e-03,-6.255256912064684980e-06,8.041920329530967762e-03,-1.085376125450561446e-02,-5.921591234950214500e-02
-1.103207806701152300e-06,-7.941880750537940020e-07,1.294337113767462686e-03,-7.209747762815134212e-05,-6.061541052264592111e-02
-1.127264198556166418e-06,-1.459085058715164467e-06,1.258386903579036299e-02,-7.671571965941146318e-05,-5.754960031958557959e-02
-8.718851809775015309e-07,-2.104913340746877878e-07,5.876287350416877810e-03,-2.325483142412297410e-05,-5.373405567710551334e-02
-5.268196488154710128e-07,-2.365002482381599690e-07,1.350018881146763938e-02,-8.677613402380874750e-04,-5.848339750301322776e-02
-1.290109423572063051e-07,-1.138085746353913099e-07,1.180427861531012888e-02,-2.217097238300944302e-06,-7.216893674974082795e-02
-7.693434089956734190e-08,-1.177841313583380855e-07,1.498303891883011850e-02,-5.333321503479590062e-07,-6.100019461131547804e-02
-5.054414562481094424e-08,-8.407994298715509031e-08,5.848647664413042166e-03,-2.143315330017460159e-07,-4.746388496833946202e-02
-6.614756991652727841e-08,-3.752404336348590152e-08,6.159266642949524180e-04,-2.537042970794709855e-07,-5.523431242503045596e-02
-6.979338504841951543e-08,-2.323020443089682629e-08,1.010165821363025956e-05,-2.505209751835119503e-07,-4.796917450518173309e-02
-5.991078394090819919e-08,-3.982955514937416800e-09,2.567090593406642842e-05,-1.574977848339441533e-07,-4.326247953607718216e-02
-1.118401428599821883e-07,6.495481414859245072e-09,3.146673104655369607e-05,-2.400714697803920876e-07,-3.907473658410639400e-02
-7.707714739768731543e-08,1.802555613887299342e-08,2.471509198454948685e-06,-2.402738152259242693e-07,-2.867023948507680525e-02
-4.264189915454324226e-08,6.630608240255584060e-08,1.261009366345919537e-06,-1.379171017365947261e-07,-4.436398911300126757e-02
-3.952555371200770222e-08,1.513088935649656595e-07,7.670790121377488653e-07,3.436567622614000337e-09,-4.396798860340225823e-02
-4.368777134789031183e-08,2.832574090948916001e-07,1.296029384209564032e-06,7.685312595298375592e-08,-4.066976861089340034e-02
-4.085290290436262244e-08,1.422670428526584962e-06,2.654715046234038188e-07,8.152967445101632285e-08,-3.015534679963490297e-02
-3.975178075359040355e-08,1.857542483569482583e-05,3.551960008085990388e-07,1.642953433269387067e-07,-4.226768009544653454e-02
-4.722355427827281254e-08,2.594399941217070181e-06,6.459225818521475391e-07,1.118452747263395614e-07,-4.096910162760332430e-02
-4.528813729582381725e-08,3.834868266658420996e-03,2.070156352701216177e-07,1.242936400023158200e-07,-4.532900980088006709e-02
-5.279762388299738680e-08,1.828677647722562472e-02,2.535726570899994378e-07,1.182785658898221733e-07,-3.874734540939341054e-02
-4.208842626049161855e-08,1.388007077192261567e-02,1.406963531807068971e-07,1.531889510252104438e-07,-4.773031468438453107e-02
-1.850338314713845390e-08,9.019696771479682879e-03,1.441943367619313636e-07,2.141474673355860546e-07,-4.099816746499675146e-02
6.970952672275691642e-10,1.934773763512307593e-02,7.925492472597014741e-08,4.801441800430239061e-07,-3.385063492222243481e-02
-7.341221844283710245e-09,8.509073374322441777e-03,6.673682669850573461e-08,4.224836441249136879e-07,-1.724032433962689737e-02
1.905281052413237176e-09,1.092637372308120393e-02,2.652820168134563871e-08,9.343669675835280162e-07,-2.039248661469491089e-02
2.071796069160160845e-08,2.189485080783493305e-03,1.268013029190215184e-08,1.611299423096295212e-06,-1.824912015062031545e-02
2.632043325501071280e-08,1.847289483500560775e-03,1.196461375354825086e-08,9.267740305778903333e-07,-1.898171948500234144e-02
3.908892868486317937e-08,4.538537587014290949e-03,-9.509534122954019638e-09,1.743225839755993125e-06,-7.581080547660045375e-03
7.215957279009658518e-08,7.926462404412344329e-03,-4.111415714428144207e-08,2.056654020011799717e-03,-8.560652126317637098e-03
5.774225554247885009e-08,1.084199868528154228e-03,-2.804254683282730732e-08,2.992811728167687774e-03,-1.069744423810233686e-02
5.566569797264761205e-08,1.322036511141341970e-02,-2.428360661272300191e-08,5.399233112111243120e-06,-9.073151054635040418e-06
4.877977922192279405e-08,1.204951143273105298e-02,-3.462685456616857064e-08,9.171733758021228823e-06,-4.016624762241996618e-07
8.165972148032435130e-08,3.164073435500538989e-02,-5.452240871324173194e-08,1.573218944705233996e-04,-4.643194824037373990e-07
1.062265721864055197e-07,2.855300029066228443e-02,-7.765631666073015368e-08,1.113457703177880712e-03,-2.164167974586969578e-07
1.057000137762600964e-07,2.242638757472779562e-02,-1.242775751430685662e-07,8.583031854535888312e-05,-1.061361608020528140e-07
2.096095402368396313e-07,3.765770108616520173e-02,-2.285199908928407812e-07,1.088505007466045388e-03,-8.444705247133950891e-08
2.757615997755130909e-07,3.576010525767388259e-02,-2.943412509351538168e-07,9.118031189435809453e-03,-4.850036185889370158e-08
3.531964580928063581e-07,3.170992770928570542e-02,-2.348392479548179679e-07,6.766147705860092731e-03,-4.735795147192958195e-08
3.211294997508484386e-07,2.920419113047288684e-02,-2.395816604717737059e-07,5.362799526093480103e-03,-2.622650621483979749e-08
2.030674403177918948e-07,3.658716267362504410e-02,-2.358559078255538308e-07,5.811849634153945103e-06,1.455797899400286147e-08
3.395426795728936575e-07,2.888627517703254086e-02,-3.200586790162446570e-07,5.812462384273745891e-05,1.510393618824327894e-08
1.782420704566681779e-06,3.057746927831995337e-02,-4.311118144480176590e-07,3.514074224463058661e-03,6.596107264521775290e-08
7.625294994409322657e-06,3.741147550409038014e-02,-1.262596004904963119e-06,9.327574361235182326e-03,1.086926787386329422e-07
1.111693208066040208e-06,3.238473836359305469e-02,-1.050404864636917317e-06,8.438667025625408435e-03,2.154422693965104436e-07
2.492046510883506749e-05,3.427673899231910987e-02,-6.623838346997135638e-06,8.991219247393867492e-03,4.226749072411947739e-07
7.971184577530172205e-03,3.628169410624916547e-02,-9.400424729619137092e-06,1.038506780060266532e-02,1.977928710360663144e-06
2.476606854240706503e-03,3.585818204815720972e-02,-1.886258776621401660e-04,7.877774543983704150e-03,5.493834828202422832e-03
6.274930876842045764e-03,3.817301135593778594e-02,-1.820196810837020063e-02,6.591401639146034046e-03,4.116506225652412799e-04
2.421941703141732363e-02,4.353021492128983372e-02,-2.138566285846886517e-02,2.246506493307355579e-02,1.155781639439333553e-03
2.971704790022467596e-02,4.169501053973203447e-02,-5.734503414033761438e-03,2.444284628119134523e-02,2.319435312985968639e-03
3.012667377508894059e-02,3.968709780693088079e-02,-1.624181284211610385e-02,3.326357099384744109e-02,9.098831771278775155e-03
1.982213399744599258e-02,3.335082492122045522e-02,-9.073343621940030065e-03,1.769955248251252680e-02,1.697748327939390929e-03
2.416835393950662186e-02,2.557512448593827689e-02,-7.760095434024875775e-03,2.927340666638852951e-02,8.479768264149127534e-06
7.211433430524824724e-03,3.668166643853032113e-08,-3.013142800520173031e-07,2.034727720802093135e-07,-2.917190331265387884e-07
1.766510410911269202e-02,3.042935299831367393e-08,-4.157737349536662054e-07,2.620721598288207464e-07,-1.073162351419248977e-06
5.716556312005084337e-03,3.025928487242384283e-08,-4.520102613190362064e-07,1.566349914711720227e-07,-5.484113261644735931e-07
3.654120086009292855e-03,4.773888551676134910e-08,-4.231712750848339657e-07,8.343639639147450167e-09,-5.611834459274237883e-07
1.543417897327461867e-02,1.451067535536866517e-07,-2.883650698309686794e-06,1.545650153380888957e-07,-7.949875757668185482e-07
9.209813775577425921e-03,1.409668717042093515e-07,-5.950163638617466918e-04,6.739460157917306624e-07,-2.477773463638038367e-06
2.127380619607637717e-04,6.897425051200693178e-08,-4.118895539705616225e-06,6.426830685999214547e-07,-3.481717839627238983e-06
1.029247279618096013e-02,2.277644487492895648e-07,-2.464230602804895823e-03,1.179596877830775740e-06,-4.940838677938402514e-05
2.147979232519395612e-02,1.062866991308995321e-06,-1.193924368758128400e-02,4.836975103902835924e-06,-4.381876296132321399e-04
3.315891129194114412e-02,1.467437997964593543e-05,-1.715820664414677635e-02,6.029840044886537048e-03,-1.080353267431314115e-02
2.999568163425623060e-02,1.354499311688585112e-06,-1.793222262083231724e-02,6.561440381971107502e-03,-9.361205016764181019e-04
3.670167196441864038e-02,1.513613659961423122e-02,-2.032300168740969540e-02,5.910408963911438322e-03,-2.101989754342061814e-06
4.851980331437814181e-02,1.582458471066407191e-02,-3.971085536014767881e-02,1.465146023563416479e-02,-2.593236656108143865e-07
5.514790202462451635e-02,3.233505409009993642e-02,-4.307874603200059771e-02,2.165963339460744499e-02,-2.993395375201071283e-07
5.383370477695204742e-02,1.913798718388567618e-02,-4.491724243534586658e-02,2.282873082026491002e-02,-4.503271091836541912e-07
4.998559196059760429e-02,2.401378872455367519e-02,-4.347413829374879857e-02,4.920772653872948314e-03,-2.277449801200284720e-07
4.836618644411336959e-02,2.095486884929313037e-02,-4.245133830025538124e-02,1.263376983143714959e-02,-2.389501475752936169e-07
4.613201066702090486e-02,2.421728299353523642e-02,-4.916574440680717556e-02,2.400807138358814017e-03,-1.755293469138057927e-07
4.389029075339468539e-02,2.152993741420974882e-02,-3.733216849723128283e-02,3.470517467198383933e-03,-2.099485530686386690e-07
4.985929702738924746e-02,3.456268468416588691e-02,-3.232949619235960664e-02,7.840685316220281529e-04,-1.914135290585466606e-07
4.547501605834764621e-02,2.318876789400214911e-02,-3.053751525974065031e-02,5.137239058887022958e-05,-1.807009319513607107e-07
2.489809486455549226e-02,2.863300748343337865e-02,-2.163314596766172798e-02,5.009151657541798391e-06,-1.003303851491258341e-07
2.380747759243884501e-02,1.952469189211647471e-02,-2.268651019984722211e-02,1.775675654276143951e-06,-4.594394955589844359e-08
2.428284599338168676e-02,2.419103430781643568e-02,-2.070971155889947055e-02,1.992321943062760955e-06,-1.126013247718172695e-08
3.414629430985475361e-02,3.259616454860524842e-02,-3.673800514677259127e-02,5.058942434071694084e-06,4.730538895021098712e-09
2.347308958335462756e-02,3.990475809860907774e-02,-4.210815206753597273e-02,4.544372916739791447e-06,-1.350390316844089765e-10
3.501492278069755215e-02,3.866496608197503293e-02,-3.925820718197932380e-02,2.158966916715447052e-03,7.563252181665532411e-09
3.859323275926746649e-02,4.801031508333564179e-02,-3.487386356364686330e-02,9.155810886228993035e-05,7.275863889805719984e-09
3.717412638896331473e-02,4.711804899221060799e-02,-4.292420608559133904e-02,1.314490995204424181e-02,2.388099269285506853e-08
4.546748929962252106e-02,4.963783533499128986e-02,-4.431822106131503430e-02,2.145638606836151874e-02,1.108146808872015200e-08
4.062155458720741186e-02,3.008046793339301875e-02,-3.840344287451469968e-02,2.492773903752071307e-02,4.486986572784769969e-08
5.390655727000791958e-02,3.610174474202964418e-02,-4.118394005675823921e-02,2.734114333780713474e-02,8.594664161191253919e-08
5.631255897247803427e-02,2.627279013507840058e-02,-4.379647949518054167e-02,3.331421672912879967e-02,3.210905503036348503e-07
5.015990146588692605e-02,3.132789427538017202e-02,-5.502660372471390726e-02,3.158130933713183125e-02,4.636763329777018238e-07
4.146009917904448089e-02,3.161772999024517472e-02,-5.167312344597786711e-02,2.405840862642280586e-02,2.219506169517595497e-06
4.290286194141183784e-02,4.250865568518275017e-02,-6.060260630220269673e-02,2.326720371628927461e-02,6.911034449968618716e-03
6.535977976294581049e-02,5.589471418454049906e-02,-7.464665291110494927e-02,4.705570762347171393e-02,1.429899845586630851e-02
6.535662465235604623e-02,7.318895545437581474e-02,-8.192400728094295648e-02,4.484586687416040884e-02,6.301152765485761552e-03
5.328309023172515813e-02,7.026542143837240240e-02,-6.555210584208101543e-02,9.117319885236185167e-03,3.532628710158235947e-06
5.049979884856226758e-02,7.099144339918107838e-02,-5.682892991139138622e-02,1.392156024081679308e-02,8.566993943885535881e-03
4.276406192411629642e-02,7.520081607190813588e-02,-4.778237867252952548e-02,5.390795727007237448e-06,7.531835477576254330e-03
2.473965230468800833e-02,6.408120265518056635e-02,-4.165640009868074728e-02,5.032311193219326822e-08,1.059044645407961581e-02
1.435393056547105972e-02,5.962036765520363490e-02,-4.384898092952558418e-02,-6.707995334204317894e-07,2.214408087695869665e-02
4.994297084993686105e-07,6.080432339967229566e-02,-4.602826828171813905e-02,-3.946315462147206854e-02,3.667437873751062255e-02
3.888040665373839265e-08,3.435192399722020867e-02,-6.181433175258646551e-02,-6.888505034476515021e-02,5.762740105068830249e-02
-1.348929446690806665e-07,5.440541027549752048e-08,-7.457225465986414004e-02,-9.969649838497290917e-02,6.547659737963977544e-02
-2.018580107527830417e-02,-2.860939039889002982e-08,-8.871220216111845580e-02,-9.246144032420325343e-02,6.862127841283828522e-02
-7.861074310436792778e-02,-1.271380332829245500e-06,-6.916537879453497906e-02,-1.218959496995311864e-01,4.770513258114449789e-02
-1.025256063645634541e-01,-2.761636859762488586e-02,-6.591787211337678254e-02,-1.331713178648912532e-01,4.223702288581590580e-02
-8.903588074434060085e-02,-4.507431894879185968e-02,-7.585301500894957305e-02,-1.266597214417478356e-01,4.026784075794723194e-02
-8.998157856144575750e-02,-7.461878549007743000e-02,-8.067644570601724407e-02,-8.776129491453660281e-02,4.456045254214646006e-02
-8.989719209449913151e-02,-8.077336736566455289e-02,-8.702397907971291813e-02,-5.566850013542078146e-02,6.494837684752696738e-02
-1.080488374693703985e-01,-9.587258285218960840e-02,-9.472847140196434534e-02,-1.023815713440109909e-02,5.950576633018817702e-02
-1.018028972286485478e-01,-8.685912860293937277e-02,-9.255999395959275955e-02,-1.240979786083503688e-07,4.910030526277753965e-02
-9.410266863731778231e-02,-9.301219139336207309e-02,-8.650734293613868142e-02,1.699418977360239789e-05,5.945087707244760267e-02
-8.929638082934092391e-02,-6.350301981160071108e-02,-8.397100511995696237e-02,6.136632846890092280e-02,5.431550276112554615e-02
-8.882876673052096661e-02,-4.782881201920613501e-02,-7.594587056224730293e-02,1.206875713236450348e-01,4.696344437832447594e-02
-9.836872440618159297e-02,-1.784263026836463775e-02,-4.048435362882477767e-02,1.486503791296434618e-01,2.570150290036215049e-02
-1.223937106812116316e-01,-1.642953874386996491e-07,-1.744942320527351283e-06,1.458695342888496338e-01,1.959063337348054823e-02
-1.181151455521568389e-01,3.355352107644383682e-09,-3.763314466665432625e-08,1.383615229192342866e-01,1.706671897918398371e-03
-1.095571991396687289e-01,4.531630887716089906e-03,3.818512234851659642e-08,1.246396576335791345e-01,7.981890976221761756e-06
-1.040161836076536200e-01,3.749871369272802374e-02,4.731532079940546379e-07,1.076789123824591909e-01,1.435740442305701105e-07
-1.102169769580629288e-01,6.572558410015770514e-02,2.560350756993837879e-02,6.487847097169671673e-02,7.055693560848965283e-08
-1.120111300107301117e-01,9.576301416383947718e-02,5.921945765845146314e-02,1.733708796387233473e-05,3.232226616764680102e-07
-9.657120292100021541e-02,1.058082524420435877e-01,7.268661240149805469e-02,1.003431803119057530e-07,2.150928381516470714e-02
-1.028827472763968742e-01,1.075202477242262616e-01,7.984776558309471250e-02,-7.655929943764043125e-07,4.777572253320478551e-02
-1.006730505516407748e-01,9.410915984659941336e-02,7.704766938419990718e-02,-2.264612971560655760e-02,5.751784731352314883e-02
-9.844433126183849136e-02,9.532309809832884007e-02,9.360645726934821442e-02,-7.569417261259969720e-02,6.219804029745690244e-02
-9.362867720854373133e-02,6.920006461839282863e-02,1.005396282544115949e-01,-1.114004903495719179e-01,6.888710748126530836e-02
-7.245607141960884456e-02,5.956429485312632333e-02,8.979564142994310438e-02,-1.179559048828895118e-01,7.494859898898659223e-02
-4.755530135996041685e-02,1.904356578914798495e-02,8.790551322386154498e-02,-1.160655215544143526e-01,8.956543467267108483e-02
-1.459393749761653605e-02,9.422559431160042079e-05,8.727120211384126192e-02,-1.172635354371580341e-01,1.086973398228619492e-01
-1.410909599312920388e-07,9.447846186149693355e-08,7.844376458390200924e-02,-9.607896099679655300e-02,1.134835712123726664e-01
-2.769050908190133480e-08,-3.249866854011297295e-09,9.140838119639747850e-02,-6.926758707544898586e-02,1.109913857176731411e-01
1.673309005355000915e-08,-9.270314246467625823e-08,9.601004333526287626e-02,-3.483189679832902896e-02,1.026618769095772044e-01
7.770868637288152932e-08,-2.905076126499584208e-06,1.004464115318140643e-01,-3.117454962669501052e-04,1.013041927498597866e-01
1.014062101915445271e-06,-1.802592057145072438e-02,8.220198564870807856e-02,-2.106671872571634179e-07,1.023658682593756586e-01
1.738404589387604685e-02,-3.188908739412759513e-02,6.872731814714239107e-02,8.975421502929467080e-08,9.433000386122500358e-02
2.944455933430381242e-02,-7.037410465492462130e-02,6.582739283656605100e-02,6.595955550862644554e-07,7.154822695979123903e-02
3.513841035119610878e-02,-6.968593884424827134e-02,6.051883364207315263e-02,6.006583862927997779e-06,9.204728499186110025e-02
4.105168234149126488e-02,-6.889817665710439021e-02,5.881466083570737607e-02,4.480144742245758920e-03,7.816047386596390589e-02
3.053183466214103373e-02,-6.765795892947831791e-02,5.160358278067168208e-02,1.294847166959704754e-02,7.444832535603702894e-02
1.940510537556068560e-02,-8.089904514769691302e-02,6.233818956436708303e-02,1.663731621868507621e-02,4.639762805060426709e-02
2.295558459956941605e-02,-6.600463447983802301e-02,6.724226475674967285e-02,1.267750811665149628e-02,1.855909419236515673e-02
4.158998557833964993e-02,-6.440086206678058423e-02,6.216243933622542933e-02,3.322807658062981728e-02,1.080533600625206182e-02
3.828742421296200266e-02,-5.912482158577392344e-02,6.942139929200420723e-02,2.599133709047875621e-02,5.126192129198685633e-07
1.805876915587934298e-02,-7.030425951858866596e-02,8.708911238766811613e-02,1.315468301664740949e-02,1.325282033524657378e-07
2.032627470260649216e-02,-5.918403156570768708e-02,7.281819592865360069e-02,2.445936110404486885e-03,6.819113689362160757e-08
4.927161242786202294e-02,-5.030991821587469520e-02,5.663495786238098573e-02,1.759746886653415499e-02,-1.429509955560194282e-09
2.093128874917445439e-02,-4.636639731111983492e-02,6.927114660841800220e-02,3.488609025954931935e-03,-3.649520082001432450e-08
8.782972363139645092e-03,-6.523809926000560810e-02,6.934935955180132616e-02,1.323401357163351801e-05,-1.006593056673981665e-07
2.260727424783783024e-02,-5.259555695471292147e-02,6.276651423112129813e-02,2.538057512013865855e-06,-5.004677953584917421e-07
1.914227895828641765e-02,-5.893015550287131199e-02,5.836436390842875827e-02,1.072869229634724569e-06,-5.306427815932427340e-07
1.741489636719808359e-02,-4.768759142562650766e-02,5.873945946679333396e-02,7.265196332920685164e-07,-7.958583743052355733e-03
7.345611158872836916e-03,-7.466713031490126995e-02,5.790973607148152541e-02,3.570057790120938634e-07,-1.303280337982202011e-02
4.474483688159012661e-07,-6.696809928831207182e-02,6.662238582194839054e-02,1.659127231073827202e-07,-3.155713960579047822e-02
6.778354667495835048e-08,-6.225197159948468728e-02,5.921788812066414165e-02,3.476691772733887988e-08,-2.905106197244974528e-02
8.745967000616405497e-09,-6.484205970016761189e-02,5.717910526244966707e-02,-1.023505349394199605e-07,-2.433913718468170423e-02
-4.087915041047572624e-08,-8.104392697686513269e-02,4.693237542972200638e-02,-2.595118305088789123e-07,-4.832753398500189840e-02
-8.866793127315840922e-08,-7.590332562083185186e-02,4.963211180442577558e-02,-1.122332606004969485e-06,-4.015706036680085494e-02
-2.107580981543638387e-07,-6.456942675273665000e-02,4.630100133577279287e-02,-7.439674604930025968e-06,-4.654612534838050569e-02
-5.055256968808851878e-04,-6.814536431746918976e-02,4.820245149818055963e-02,-1.086902978995499432e-02,-6.144300194619049110e-02
-2.833440231189725354e-03,-5.694951853005240927e-02,4.254395697517069502e-02,-2.002191448573888144e-02,-6.238520842324127291e-02
-3.245011755008417125e-04,-3.839405341546457684e-02,3.398987035786171784e-02,-1.901266508251358081e-02,-4.388629637407865519e-02
-3.847801199737229988e-05,-3.733877918365309523e-02,2.836957471254170429e-02,-4.527648683120623005e-03,-5.037909061399446081e-02
-1.649358493277753787e-02,-3.376661417738002074e-02,3.855887607489889846e-02,-2.198406731716361431e-02,-5.389495462957861333e-02
-1.681809369941033791e-02,-5.033918656414857612e-02,2.847995910956048135e-02,-2.788807191446159624e-03,-5.212583023898024331e-02
-1.630335170332790004e-02,-4.288402112994908755e-02,3.199605387379007154e-02,-1.732281409615046147e-02,-4.758784781336490577e-02
-4.356776780914395353e-03,-3.122115209708094599e-02,2.573565886657240565e-02,-9.465311180659718646e-03,-5.599128027351190501e-02
-5.450294487418730050e-06,-3.275807500699186303e-02,2.071525194747413090e-02,-4.747439216898125328e-03,-5.953319736140499224e-02
-1.219652865440999613e-06,-3.825058800975834200e-02,2.585799948236795071e-02,-1.663709081948672056e-05,-5.630576529011359355e-02
-3.363690548644932576e-07,-3.121144214066205042e-02,2.101885790458618564e-02,-4.426739235381563385e-06,-5.914335727147936733e-02
-1.946438111899802340e-07,-3.545879793392470863e-02,2.014448913689306786e-02,-2.214628963622621384e-06,-5.027567077416117414e-02
-4.186272349248098506e-07,-4.721295033854743667e-02,1.408325460392882700e-02,-2.447683377584017814e-06,-5.335948241759198851e-02
-1.580357564751138603e-05,-6.661236525625684191e-02,3.146562164794841632e-02,-4.986342049782938363e-06,-4.775858860121618560e-02
-1.393824952330609440e-06,-5.325797868417690706e-02,2.977487771131624023e-02,-1.649907421707104448e-04,-4.459934033565413070e-02
-7.323391866608576635e-07,-3.807020388184246401e-02,1.486370787124678509e-02,-4.978849426229204527e-04,-4.449031045933235506e-02
-1.030499952348459356e-06,-3.245722627159745854e-02,8.398165467361138475e-03,-6.121280606996220425e-03,-4.786556619846161348e-02
-1.176179490737160570e-02,-4.012608372465931161e-02,2.016909532839579466e-02,-1.644527560646685121e-02,-5.241035129830847600e-02
-8.175286809702397503e-03,-2.617624233754218752e-02,1.951774915232873386e-02,-3.010308944477680174e-02,-5.919646003697388859e-02
-5.305895058589883088e-04,-9.508154901738547979e-03,1.882730672084283186e-02,-2.219068050099620021e-02,-5.508104464201958594e-02
-6.593874776338430610e-03,-1.140405258775892793e-02,1.812950680917521304e-02,-2.297971184468345154e-02,-6.246450452671593184e-02
-8.808207801636120521e-03,-1.566932258593102187e-02,2.230877602346002450e-02,-1.858727351562440219e-02,-6.775582136441860026e-02
-1.160484194447736726e-02,-9.561648861299979971e-03,1.782566022465870842e-02,-2.972614593940163530e-02,-6.234278619723156167e-02
-6.051796282896947668e-05,-1.898616101563074451e-06,3.251607739900131723e-03,-7.042522603546297853e-03,-6.130910027892685910e-02
-2.136753627907953615e-07,-4.414628884440524479e-07,7.949000767441062642e-05,-2.650667014124272305e-06,-5.870173849016464135e-02
-1.852695750726466650e-07,-1.993975672209607768e-06,2.402993689000070562e-04,-1.826215650736648461e-06,-5.899127015524574524e-02
-3.078777693084804873e-07,-3.153196446207616739e-07,1.209271056289242148e-02,-2.342545796947387553e-04,-6.552042833298830915e-02
-1.450077117190194362e-07,-7.877582215612948659e-08,1.444647697735520044e-03,-6.658761543107393226e-06,-6.715486793457617343e-02
-1.270832308808235939e-07,-1.825884561731658143e-08,1.278688278451461696e-04,-9.589558582108222806e-07,-7.474787628525053629e-02
-6.187556613321279711e-08,1.337625904593817013e-10,7.071978740988522783e-06,-3.840093960492209140e-07,-7.094867967292509126e-02
-3.564604930575893518e-08,2.356192443528432726e-08,8.822675099756982992e-07,-2.523721244917027365e-07,-5.334552663151533036e-02
-1.838368694188909011e-08,4.549284863939909946e-08,2.272725636161686938e-07,-8.643892526697000480e-08,-5.972822896668277676e-02
-1.839275109686956779e-08,5.290264736352610359e-08,1.038574551240144885e-07,-1.000972064267391485e-07,-5.091239097813542169e-02
-8.648064068969260320e-09,6.797776690266034034e-08,8.209304556771227595e-08,2.099652620388529102e-08,-4.108360851962009064e-02
-1.331012083433737585e-08,3.649586282608274441e-07,8.002741994391507071e-08,5.609179244071829349e-08,-3.993887429231637864e-02
-3.897458823046759745e-09,3.860835019648001941e-07,5.706627347175936147e-08,1.126292222445207369e-07,-2.709158091634566654e-02
-7.674455634651700384e-09,8.466728974713480459e-06,2.984023756210891168e-08,9.096275339651583862e-08,-3.603426915514437029e-02
1.103573911162488025e-08,5.046482821210881986e-03,1.042258388863814304e-08,1.784539047444773614e-07,-2.620166381046904955e-02
1.437372804379794902e-08,8.276934465762569903e-04,1.057655908064458190e-09,1.824364080917600363e-07,-6.950213233487664323e-03
3.559507830736115861e-08,3.552015528003682281e-04,-1.629307606316418336e-08,2.070676338410959383e-07,-2.328555082347384068e-03
4.268938304348109198e-08,2.823000406097166300e-03,-3.029498517721371146e-08,2.461581240496728703e-07,-2.654057107784423128e-04
4.473152540598602556e-08,1.451645099537143303e-02,-3.723247395917664263e-08,1.206682922212109982e-07,-6.256077830784542625e-07
5.562721637125161764e-08,1.973198445365936804e-02,-4.131181055813102456e-08,5.022844013104968130e-08,-3.405389178838773911e-07
1.256431886042654720e-07,4.815845628199125206e-02,-9.667447843489090467e-08,1.943486800064477928e-07,-8.178252209651330934e-07
9.577663850201522061e-08,4.156007184142733457e-02,-1.427205161949709595e-07,2.170157058685774994e-07,-1.979306295736922383e-06
1.983037890323704252e-07,2.706652299027547878e-02,-2.311324174038679945e-07,3.538989553849117099e-07,-9.348257732933262719e-07
3.529692713217130853e-07,3.615483199947257253e-02,-4.485918997879916558e-07,1.538405830298644690e-06,-6.588226323778475122e-07
2.245895671002065947e-06,3.842298091910085339e-02,-4.290617681147727126e-07,6.196136447328724284e-05,-2.494997443804454060e-07
1.804381886221190134e-06,4.200835179632491506e-02,-6.479251263869106284e-07,7.982327198994391168e-05,-2.313464011096027129e-07
1.696143155359294756e-06,2.182034910064542185e-02,-3.189231905675839971e-07,3.580668499832108604e-04,-1.719542195095543807e-07
3.040933793542297415e-03,3.600113074617532216e-02,-1.845630989193184423e-07,1.845516260095791863e-03,-6.430595427227106347e-08
2.358489290924100091e-06,4.066769038347128884e-02,-2.012041794196529649e-07,8.424276754466342556e-04,-5.708380653878824231e-08
2.938956502612474807e-04,3.711393496157899818e-02,-1.391041580437893437e-07,1.138418040254769579e-05,-1.030371147247510240e-07
3.803937729485077215e-06,4.378918650010713703e-02,-2.949174870354385213e-07,3.848665014376256724e-06,-9.000174672026238914e-08
4.140923401705446414e-06,3.474036490268483934e-02,-1.898227712100265656e-07,1.817884913700511498e-06,-6.738928085809116624e-08
5.136906219740040511e-03,4.812895232894025266e-02,-1.498886801933550626e-06,6.888905289573954080e-03,-5.653836633510419762e-08
1.585010124405306434e-02,5.464770774475195825e-02,-4.755451219391522259e-03,2.270196775065022946e-02,-4.621013206495698862e-08
2.572821545340823676e-02,4.560802714537830899e-02,-6.590423149989036583e-03,3.410356358771822471e-02,-3.700213579457413492e-08
1.857992672025776670e-02,4.324183307464946752e-02,-1.071160110515891181e-03,1.898901214355426179e-02,-2.556096306253953731e-08
2.366022997013186163e-02,3.622033713576398167e-02,-1.269107611873998565e-02,3.232004335459288252e-02,4.578378165971643630e-09
2.800982034948668389e-02,3.803253137700348535e-02,-1.385806018940046250e-02,2.837689619149882936e-02,2.046173570283853808e-08
1.413570706056374408e-02,3.424972504776424564e-02,-1.115605731502948908e-02,2.073712291339738223e-02,5.285591550902076008e-08
8.588952516238857610e-03,3.905296724541760384e-02,-8.660300589558043993e-03,6.100331051537670468e-03,3.862467517279284427e-07
4.765576823946930315e-03,3.512617117634760783e-02,-6.502659305095857475e-03,1.446607773649694914e-05,3.145589514895623709e-06
7.962273310073646193e-03,3.723453268218829271e-02,-1.361982169116080811e-02,1.563410847379648541e-02,1.818406066572013897e-05
2.068243942128570462e-03,1.679574374910160206e-02,-7.518346106121831345e-03,1.019830436236638174e-02,1.891172376425038918e-03
8.014475590564043919e-03,2.491939333294672029e-02,-8.822121199629766319e-03,6.466119491911723367e-03,2.134535957903177170e-02
2.053081342867615552e-02,2.592121712192391181e-02,-8.017726094269058898e-03,2.830050775620063241e-02,1.038365745263097537e-02
3.711592337928820706e-02,3.194135995874777117e-02,-1.009111583846120444e-02,3.728595046628042226e-02,5.488239548068675304e-03
2.314434185439186858e-02,1.857719430896825202e-02,-6.401801707605688820e-03,2.329086625824038082e-02,8.345066806685520408e-03
2.407568017858750103e-02,1.230348110083803390e-02,-9.010644832372289095e-03,1.944394866203630681e-02,7.621662493794965931e-05
1.432236312044551409e-02,1.933025316313452188e-02,-1.455118901015116178e-04,1.083964572523462427e-02,3.219654171507612111e-03
2.470070579142037703e-02,1.824831105943536258e-02,-1.358016063799870548e-05,2.231158133257531845e-02,1.923144796357355388e-03
3.401425767975865821e-02,2.457145236277635814e-02,-1.030343964627464422e-02,2.205625196536134536e-02,2.767888386597900426e-03
3.007828372114986631e-02,5.675483002814036421e-02,-1.171669415208094304e-02,4.778196416570741623e-03,3.063699501573331936e-03
4.581750772018078344e-02,4.443095943026136030e-02,-8.796881111715424556e-03,1.739943510661650164e-02,1.090859357528969203e-02
3.318568605552738721e-02,2.333012061560305397e-02,-1.461118030200833553e-03,2.869782900354592853e-02,2.815013973141077485e-04
2.096249999486905768e-02,2.051848952855757011e-02,-6.293346458084424786e-04,2.752343215499497217e-02,3.299448284281451208e-03
1.462854246153260686e-02,1.641727062963209416e-02,-4.907584743807554169e-03,1.373786751195771316e-02,5.034821728772868116e-06
6.864333841645778485e-03,3.454265319365482555e-08,-2.066202300240310968e-06,2.044015245910831752e-07,-1.122869836498939605e-06
4.825472066815363927e-03,3.619282195427856580e-08,-5.488280576272057122e-06,3.074144807814550972e-07,-5.176614146325153907e-05
1.114631601838926529e-04,3.264328817474886168e-08,-1.441539422977693229e-06,2.218178236264674219e-07,-5.050834053310392698e-04
1.190935562470817576e-02,6.035634495074149584e-08,-1.642458112865395728e-05,2.651110030207240987e-07,-1.053337597449137755e-02
2.060091870590806742e-02,7.127842152841663695e-08,-1.574931150900840985e-03,4.799150104868815025e-07,-1.062345043510048125e-02
2.475461581993878071e-02,1.705389475331281310e-07,-1.214588929157844020e-02,4.365264998273118077e-07,-1.368746554481522354e-02
2.856748093576563438e-02,1.804309191398352996e-07,-1.784587095810766244e-02,7.834033887882240802e-07,-1.087216662067519608e-02
2.892179855053669119e-02,7.119162147435415510e-08,-2.680443033553860793e-02,7.551558511400345884e-07,-1.271261858021757556e-02
1.837186218393455084e-02,3.953387328802236797e-08,-1.301289316065644235e-02,6.466771584835388480e-07,-1.761004608385197123e-02
2.489894682418260230e-02,6.141690721535096026e-08,-2.169908086763124022e-02,1.083942266618667906e-06,-3.259909008737309883e-04
2.260970789033158596e-02,7.067962462270707832e-08,-2.213941812501477036e-02,1.671469123289853106e-06,-7.621498215711143648e-07
2.819487674195219826e-02,1.288040913785804815e-07,-1.465440222399084017e-02,1.297191190582222562e-06,-1.018117757842138556e-06
2.446352095876982297e-02,1.713313841167810188e-07,-1.535543280350987888e-02,1.008768966788899442e-06,-1.837477237010310293e-07
1.692002634919557991e-02,6.536586168826778939e-07,-2.817365245378918026e-02,7.818494068594637305e-07,-1.161718146906500484e-07
1.973029528088433154e-02,1.624718382260162636e-05,-1.687510816873099770e-02,7.513614236024019438e-07,-1.239402221501390728e-07
2.199013519014690957e-02,2.717842500439199686e-05,-2.163724597507057576e-02,1.284023897416167279e-06,-7.348807537958321401e-08
3.557554994084650979e-02,9.298828852737974285e-03,-3.043745142587225838e-02,5.841772820910334046e-07,-8.804299030949443684e-08
3.332644425603958210e-02,1.139681604297230165e-02,-3.272271909629472647e-02,3.179517262185622135e-07,-5.373690093459056558e-08
3.055013963185456566e-02,7.426175596377089343e-03,-2.926934309863530800e-02,3.979500611751885914e-07,-7.082936047443003666e-08
4.258734869346444268e-02,2.934897362499783863e-02,-3.976645202441538712e-02,4.343175421054631372e-07,-1.031589624155863513e-07
4.385653098040912662e-02,1.473133746977405185e-02,-3.558036288407373515e-02,5.825022266209347169e-07,-1.693244080258390700e-07
3.538369206449129556e-02,4.339043306017377997e-03,-2.637528389644352989e-02,9.144729327279487478e-07,-1.327338372915729275e-07
3.878431986362625844e-02,1.771067615473814793e-06,-3.870951846056924772e-02,2.279104455950710714e-06,-1.208276155583235487e-07
3.959621366587822572e-02,1.097179175991168739e-06,-3.514005703203656322e-02,1.497528671084137802e-05,-7.778229385255273543e-08
4.489116600558560460e-02,1.738694518379342319e-03,-4.819662850848634855e-02,9.812346017335273410e-03,-4.501350862643889678e-08
4.037024651735694053e-02,9.671528089611816648e-03,-5.180373673042493188e-02,5.555914212776285645e-03,-1.367884855228245283e-08
2.807210732943918666e-02,1.855506823190159263e-02,-3.838231112944167495e-02,2.586183263530552668e-04,-1.392413236876753479e-08
3.850168866480317004e-02,2.057305185893583410e-02,-4.382991581991698554e-02,3.034119643970011482e-03,1.846812115896165332e-08
3.849595941312578679e-02,3.128143058910039243e-02,-4.731028702929036822e-02,1.776568366197120441e-03,3.591592550547525063e-08
3.082131659759843045e-02,2.419018287822881363e-02,-4.644815667460953229e-02,1.439110943538121626e-05,5.540921289799277023e-08
3.074348699926306855e-02,1.790310725483729853e-02,-5.113052091451064651e-02,1.615003519969962365e-05,1.004217495866306938e-07
3.647298638116192732e-02,3.392517442498201030e-02,-5.633306490419220935e-02,1.935956249431000989e-03,2.381188501451699342e-07
4.447180188847555532e-02,3.940173315643348551e-02,-5.950123972679294965e-02,4.669800870337892026e-03,6.624621861475769153e-07
4.669004642650241566e-02,3.911772344310365801e-02,-6.159545616073243413e-02,4.444776258300814874e-03,1.335795062415788114e-03
4.313548746099914871e-02,5.012987564349572628e-02,-6.907199799553029318e-02,7.275709163136229347e-03,7.088529868764307769e-04
4.184598901476985905e-02,5.508809559457845256e-02,-6.670898793970908569e-02,1.607577233555000304e-02,1.755223835250605685e-02
5.181140910450186127e-02,5.892936306056311552e-02,-7.207016936913566985e-02,1.195558360911075715e-02,2.211763572632697433e-02
4.752399440688540033e-02,7.140458061006091373e-02,-7.861123509151231314e-02,8.442318608619259895e-03,2.508185523350288729e-02
3.215349521430267699e-02,4.829603350087042363e-02,-5.046071346954143083e-02,2.199966334218703742e-05,2.086020525198957823e-02
4.198971091194934890e-02,5.006315828268826512e-02,-5.610481506959643511e-02,1.548254736406895512e-05,3.390926999980720113e-02
5.109119129637818002e-02,6.003032066342738060e-02,-5.221113388790847576e-02,1.574999593962626754e-06,1.864260548125516032e-02
3.001987892280162315e-02,4.114022065097347469e-02,-4.400454054179434027e-02,-2.745749295467229637e-08,2.567694480307554372e-02
1.768659918208528858e-02,3.017235951178518297e-02,-4.808617950272135039e-02,-8.792427466099350173e-07,2.335168849014745626e-02
2.598415434944163754e-07,2.285541629267348260e-02,-4.232859348695289237e-02,-3.764734288489080677e-02,1.893711419009363670e-02
6.125227594038294271e-08,1.855353484627188492e-04,-6.859911862892797974e-02,-6.451441538863784964e-02,2.024435542208096947e-02
-6.017562011765288327e-08,2.223828493972617627e-08,-8.354151449407638819e-02,-1.010818288799381209e-01,4.228088389587413704e-02
-5.811236508113176540e-03,-2.919979779191539657e-08,-9.317625862137673964e-02,-1.175457024810950546e-01,4.672093145198231295e-02
-4.851025386899259634e-02,-4.022819103600206066e-03,-8.680002009724714640e-02,-1.295207384738905620e-01,2.552983772023669981e-02
-8.762456946322581819e-02,-4.772134109348688535e-02,-7.802375352123339103e-02,-1.531686266548517861e-01,3.046392565498916641e-02
-9.177742033336901140e-02,-6.202678176986745062e-02,-8.016736554902138823e-02,-1.699875684382086138e-01,3.339993634412793261e-02
-8.869947116677277810e-02,-8.526158423709480350e-02,-7.816733382450043177e-02,-1.412758640640481012e-01,2.896920749814029666e-02
-1.040735870033072663e-01,-9.546981401026492786e-02,-7.557635432447361301e-02,-9.099449392941272308e-02,5.059475495360593600e-02
-1.134945751109504575e-01,-1.112052903813699894e-01,-7.629850930706909284e-02,-2.987652496389997178e-02,5.780015177354348721e-02
-1.199430942597822097e-01,-1.183577318007719564e-01,-8.094149158990628090e-02,-2.584171449927695948e-07,6.663722075060209138e-02
-1.140457579365615898e-01,-1.112077564559168646e-01,-8.238519639969019148e-02,6.543117698286389161e-06,5.356101603343485507e-02
-1.137586139511688882e-01,-9.801813550498320038e-02,-7.964556150729727724e-02,9.611860002321029328e-02,4.602623278860205891e-02
-1.185182628668969979e-01,-5.176838504730910118e-02,-6.108918210957631212e-02,1.634711121783747334e-01,7.451548072540938213e-03
-1.237553642373743490e-01,-6.735338289969082136e-07,-3.948341475848321513e-02,1.927406858747170992e-01,2.084611608726645888e-07
-1.260185415519346763e-01,-4.032470464817102236e-11,-5.880615470469451994e-07,2.024108400523724205e-01,-1.239860191391380776e-09
-1.290838787040361757e-01,1.581440126403546535e-05,-1.952548037417370611e-08,1.847175933130200398e-01,-1.670772652637693582e-07
-1.249344265430727546e-01,6.402027349677065493e-02,1.077790557086444027e-07,1.558658806432829946e-01,-5.925701665050294567e-06
-1.060289803737892722e-01,1.171058670636326571e-01,2.875586951141389245e-04,1.101651302858401571e-01,-2.229332135877454355e-03
-9.786190370314519493e-02,1.198771595825209035e-01,3.732345489105876740e-02,6.633803235543711541e-02,-1.211251571050735081e-06
-8.701529502002695871e-02,1.342074642034651599e-01,5.857993365732209329e-02,4.633984497533658216e-03,-9.027201447669449952e-08
-7.504554789990929009e-02,1.478207879206570596e-01,6.733618794291609810e-02,2.568804537147957618e-07,2.636817402910177978e-08
-8.382433139473240147e-02,1.385843634312729222e-01,7.314879493209046346e-02,-3.081634307007254520e-07,1.843901983484910091e-07
-7.299785083490337168e-02,1.216339883864330645e-01,7.609110874921491685e-02,-3.960778270774168580e-03,4.791709356346303926e-03
-5.732045245877550460e-02,1.222778374075814689e-01,8.012428175008760867e-02,-3.914137069337383229e-02,3.067899910624163895e-02
-4.654769633239087129e-02,1.055343775324929789e-01,8.563092312458228661e-02,-6.889644577951133109e-02,4.146165893680155146e-02
-2.250513473597485353e-02,8.803252289480693882e-02,7.721276482795169649e-02,-7.886041794716362741e-02,6.480970983501879723e-02
-1.670510896494737871e-03,6.040893987377782270e-02,9.316483569907624274e-02,-7.298679963095736078e-02,7.632484696180952266e-02
-1.280452565831622342e-07,3.524805590955965712e-02,8.416144543748321771e-02,-5.786448134859496079e-02,9.154311396803010981e-02
-1.680223519808817653e-08,3.807779389709333042e-05,8.043100302495970189e-02,-3.147232677142599439e-02,1.097387471450429336e-01
4.573307316466771481e-08,8.333339121800238972e-08,7.236139432544967665e-02,-6.451004063686606353e-06,1.205940325309889927e-01
3.320164250678086202e-07,2.516142528574072413e-09,7.422381438153764777e-02,-3.241886833785205286e-07,1.115321799226509508e-01
1.054730260164547448e-02,-3.863346491516967539e-08,6.177530744535202067e-02,-1.643626538979295285e-08,1.236825713977489360e-01
2.561937601427077132e-02,-1.469705003423846950e-05,5.864079165035793184e-02,3.116865281003609755e-07,1.220585859619758989e-01
4.223055912832086867e-02,-1.061638412903695948e-02,4.297640172922019552e-02,2.727968694755593745e-06,1.264783246681041862e-01
5.115340822153577327e-02,-2.417661549741903851e-02,2.995245692604961776e-02,1.869559297373544343e-02,1.269067339789439752e-01
6.178722809512258995e-02,-4.708108912068768859e-02,2.260146645068034088e-02,5.758395208668633941e-02,1.287130565786153702e-01
6.374206752035545265e-02,-4.967200634459142256e-02,2.020230011304974954e-02,5.963348886966011314e-02,1.268462213498428581e-01
5.444694620739714414e-02,-5.417313693169331645e-02,1.937381971567838854e-02,5.055308341146706741e-02,1.253327328362555393e-01
5.262220863973236795e-02,-5.879138547221245126e-02,2.287877794837972836e-02,4.998745446350136290e-02,1.073077760969977784e-01
4.916496767886513464e-02,-5.771572029238716123e-02,2.692682310048427965e-02,5.162753012239113676e-02,1.016276889088647828e-01
5.262541044442429344e-02,-5.485644974144620462e-02,2.022606297326481894e-02,5.240953520695953299e-02,9.151609455636987300e-02
5.592217998560686937e-02,-3.535836594896409751e-02,8.422402430181306215e-03,5.178972070987277604e-02,8.338164200924838565e-02
5.278853903915701334e-02,-5.361325180273366492e-02,1.913601606584465833e-02,5.223948458579570631e-02,5.355175620843975054e-02
5.461774259297560996e-02,-4.471776889364731389e-02,1.968614543664459413e-02,5.677531679066477599e-02,3.894781552512122796e-02
4.420370533672706576e-02,-4.635487859283621975e-02,2.599190182393997656e-02,4.025787427944221841e-02,2.951813950465081299e-02
3.921062545266473798e-02,-4.675724030604561099e-02,2.092277288444262598e-02,1.662425773542324653e-02,1.403708679725247307e-02
3.113556434906235293e-02,-4.174753430973998647e-02,2.896779464355229983e-02,6.812987188796527406e-04,1.334074791199156288e-06
1.437946848235585953e-02,-5.176231024585682683e-02,3.569643775543494130e-02,4.576009530367757196e-07,4.837148242427240780e-07
8.722136715849756333e-03,-5.424832174202079416e-02,4.940076426301329843e-02,2.284077097018121853e-07,1.463180661909857347e-07
5.151179185134609906e-05,-4.761094759225934642e-02,3.476946358664631531e-02,3.575766911865537826e-08,6.667113325069031419e-08
1.413603218211336870e-07,-5.643259460323327148e-02,3.641367611865139325e-02,-9.628208692438434916e-08,2.871863571183904431e-08
8.007927910996730129e-08,-5.132696714057496251e-02,3.628468322900383486e-02,-2.833237608812419140e-07,1.971244771173249509e-08
3.080181192369839175e-08,-4.436914536404898413e-02,3.455109060803358834e-02,-8.498101810159524683e-07,-3.405741469219325798e-08
8.383568128919968447e-09,-3.207507118932081264e-02,2.741134198273528777e-02,-6.647860951936339011e-05,-8.109237170330084455e-08
-2.548025246249791730e-08,-4.541738930371637395e-02,3.497062155005256634e-02,-1.480535974072412844e-04,-2.389699887643929989e-06
-5.191166935123822474e-08,-4.935774191413173917e-02,2.990162650407860237e-02,-1.956983487066712296e-03,-7.727938110013987671e-03
-1.360754179985282936e-07,-3.742248098895006869e-02,3.554480305488643549e-02,-1.187001875681112546e-02,-2.340160344029780515e-02
-7.817992277725844962e-07,-2.624562210606438961e-02,3.416868491451116596e-02,-2.897098841699283223e-02,-1.962058880640331696e-02
-9.675822739246289772e-03,-2.571930489114284193e-02,3.949736079507935871e-02,-2.349493730443568545e-02,-3.119328584803081339e-02
-1.131047991373737918e-02,-3.305765683734442073e-02,3.819230931674154339e-02,-2.440892784286693984e-02,-3.796871999240055556e-02
-6.818365075647953022e-03,-2.360159402391871428e-02,2.483419934778091989e-02,-9.527170246564211492e-03,-4.332586921997429869e-02
-1.977619009546014925e-03,-1.269065655367941983e-02,1.783982733240657009e-02,-1.241177904179342067e-02,-3.339012157768340983e-02
-5.845983526726726502e-06,-2.690961539334005628e-02,1.717337766732432089e-02,-6.961565868584174491e-03,-4.717101012202017107e-02
-7.192011152882058747e-07,-3.265760131975555675e-02,1.528950240691899151e-02,-2.994983089998558192e-03,-5.646067618689120521e-02
-2.040146730420805063e-03,-3.704661710704212907e-02,2.052307348216733662e-02,-3.007253315080652897e-02,-4.756234480651432700e-02
-1.967642266113307087e-03,-3.961524786467367915e-02,2.057809011916705497e-02,-3.070997171937277920e-02,-5.494846546113774793e-02
-3.221269801823937670e-03,-4.764352596761235042e-02,2.413281172400711175e-02,-2.131344774307552051e-02,-6.658611665957571424e-02
-1.361821114520826237e-03,-4.327329169033139467e-02,3.140446194916308303e-02,-1.697083283908082732e-02,-7.345011680160776213e-02
-3.101135035647060480e-03,-3.885121284411711257e-02,2.835117685532366483e-02,-2.763045909367336031e-02,-6.895578889933021149e-02
-3.496808328289914038e-03,-3.139074470162368097e-02,2.615383377908923543e-02,-3.636451904729194606e-02,-6.714160585296141681e-02
-6.942936818693622311e-05,-2.944160782443972987e-02,2.558573189888802002e-02,-2.620894739583046890e-02,-7.809129847959360438e-02
-1.413422975686956664e-05,-2.243493480725000308e-02,2.655962748943723958e-02,-2.109503319109010122e-02,-7.809373391685663079e-02
-7.133319189945092260e-06,-1.194871766480156208e-02,2.842779730876751620e-02,-1.650541320670127071e-02,-7.199493620113538161e-02
-1.172282724738803877e-02,-2.853404818682333741e-02,2.505854041606223742e-02,-2.685712369647311193e-02,-6.302105521839455882e-02
-7.580422073161202645e-03,-1.579651065831286921e-02,2.306686860612725681e-02,-2.171289083573290160e-02,-6.797879879123612523e-02
-1.646176306832430880e-02,-9.413583659501584960e-03,2.005936262744962770e-02,-3.191935968021233222e-02,-5.354700753022166582e-02
-1.397035715221539229e-02,-1.073955010540851096e-03,1.898436170520465330e-02,-2.680241754208409141e-02,-5.676993511557602151e-02
-1.483717713844662917e-02,-9.414828544073770497e-03,1.480471760715800292e-02,-3.353453679292816431e-02,-4.469964507986371599e-02
-1.088898750366943009e-02,-1.633981435522951012e-02,1.952447059439323118e-02,-2.141169223658004328e-02,-5.698352567048805412e-02
-5.520982160427645372e-07,-7.896515202749516613e-03,1.022452529648109829e-02,-7.219983809117143207e-03,-6.111891337305919852e-02
-3.323730194206209417e-07,-6.865174789874563255e-03,5.724508879027432121e-03,-9.520880549181461386e-03,-6.481532433848583019e-02
-4.949876256886589897e-07,-1.555930444742381451e-02,1.118988663794272080e-02,-7.207016654786053619e-03,-5.147083977924681031e-02
-1.162742162285747912e-05,-9.132835277628549228e-03,1.855854471658816701e-02,-1.090551755623278204e-02,-6.084081816764638773e-02
-2.965108828757361636e-07,-3.527446829088303644e-07,2.197954708478314090e-02,-2.967517503899814914e-03,-5.714382348896959729e-02
-1.816732063720446052e-07,-4.164204233133381519e-07,1.456443476111522924e-02,-1.372862513702016556e-03,-5.909149510176715803e-02
-1.745966053200604069e-07,-3.794571868311781258e-07,1.449961276488862839e-02,-7.560523679584670855e-04,-5.657414980743481758e-02
-1.486381765501490511e-07,-1.970620428543199864e-07,8.046022064726555609e-03,-1.976319442727895267e-06,-6.258579193900674909e-02
-7.305082602409360163e-08,-8.152816997446875454e-08,1.016254675744945532e-02,-7.444306987268751765e-07,-5.748123676095601847e-02
-7.558473716354016869e-08,-6.270518677108406004e-08,1.244657572876527868e-02,-7.944044891622394711e-07,-6.174441108113167681e-02
-1.024181632469341321e-07,-5.526311951125878176e-08,7.658462557649456555e-03,-1.114622181029113563e-06,-5.295792493063921497e-02
-1.033949930217815397e-07,-2.588557752385665017e-08,9.924368226799257578e-03,-1.388998739270372006e-06,-5.249183107781237728e-02
-9.383389459973589893e-08,-1.024109985999397143e-08,1.237612511920795598e-02,-1.214662178341633810e-06,-4.447255038286351131e-02
-1.265489052705325857e-07,-7.126195201882513955e-09,1.765009576569061614e-02,-9.677059427005307884e-07,-4.043638313155895753e-02
-8.349419476084236396e-08,2.583460886725736782e-09,1.826244165652486390e-03,-4.227877083270016618e-07,-3.072710019375249693e-02
-6.449107076415813930e-08,1.101388455811948973e-08,5.158713928996149639e-04,-1.074269701911311284e-07,-4.234388065799036399e-02
-2.794391311006696578e-08,5.075659311380542950e-08,1.867356681949725942e-06,3.365183744514827251e-08,-3.314708528351828498e-02
-1.605732206977862666e-08,1.003976913243344353e-07,3.401684836394816692e-07,1.252997643633425727e-07,-2.592012141824359683e-02
-2.069289872208009542e-08,2.564063858920581683e-07,1.418777408139123491e-07,4.376205245433901831e-08,-3.975889798773618589e-02
-5.142894191197207930e-09,9.830357550460734574e-07,1.356205577481244352e-07,1.996331055500497844e-07,-4.152708832564932367e-02
2.260719389929991980e-09,1.744822820938727640e-06,1.341494297684177946e-07,2.390152578645378682e-07,-4.176089982087689140e-02
1.817721262860819652e-08,7.042236505620828419e-06,8.229115897262548321e-08,5.209401846777977071e-07,-3.008162872618330708e-02
2.093935571167137516e-08,2.985758816472017967e-06,6.105926812556987868e-08,4.842133464601739228e-07,-2.363852825319813847e-02
2.662860159450425021e-08,2.309940720871170860e-06,7.046539154756739177e-08,4.041780909947194051e-07,-3.654531867857533506e-02
7.262488747797881662e-08,1.687559434722417042e-05,4.293912142930462736e-08,1.892815617761343402e-06,-2.473190916318912871e-02
8.871030529987502092e-08,9.855676514839133167e-06,4.904522398239846879e-08,4.255692529080501245e-06,-2.557023545129072373e-02
1.037756342636249475e-07,1.014911914742686614e-03,5.013693803685519198e-08,5.583074525641278249e-06,-1.817896430976622887e-02
6.172167577649533958e-08,5.554432396417523579e-03,8.491419011123373271e-08,5.120473542366631742e-06,-1.037107241264484565e-02
6.730297480818564943e-08,5.767689193733253314e-05,6.755355310329796125e-08,2.090994081709375178e-05,-1.315857056987842480e-04
7.061796011417304460e-08,5.028098968418332230e-04,4.203349386090490335e-08,3.053456664407901247e-05,-3.581795949459520151e-03
4.840083169454834247e-08,1.263393480763492192e-02,5.089953525593702011e-08,1.103686009636122041e-06,-1.214001525336372419e-03
1.987710645296035196e-08,1.761321983487663945e-02,7.289374315324333296e-08,6.172931958403489970e-07,-1.310072018618023762e-02
4.137438389672268268e-08,2.887018335681744430e-02,4.311162468501317507e-08,8.641384555161674401e-07,-2.048849408799887847e-02
3.074733045751315007e-08,2.859014651450081379e-02,1.942699808718930189e-08,1.232220909051805773e-06,-5.146733613176975031e-03
7.250406450183583239e-08,3.392232273960767847e-02,-1.343723482265944678e-08,1.068859201100989627e-05,-1.388131206877301383e-05
9.255780279916729783e-08,2.685856540342108911e-02,-1.201885900408379863e-08,4.931713187096917715e-03,-1.704934850269125091e-04
1.207219790548653322e-07,1.679125991210177887e-02,-3.299297584891001032e-09,3.615157193316894096e-03,-2.642472908945096371e-07
3.494777326379790832e-07,2.007314432849955158e-02,-1.697830629340671366e-08,4.057722137410786460e-03,-6.786446679105060853e-08
4.422601989037023842e-07,2.369803083049475123e-02,-3.183300508343675830e-08,1.168313656189542305e-05,-4.555290694806971146e-08
4.884329436583341454e-07,1.700771303351565275e-02,-3.176760420147314899e-08,3.909758678079672430e-03,-9.556055767588448643e-08
1.542663297121067498e-06,3.021434154535803177e-02,-8.545380882494239128e-08,1.139442778153903178e-02,-5.884557570428175988e-08
1.323923177897520093e-02,4.044295911063197635e-02,-2.677944653688130626e-07,2.498973111171769526e-02,-4.367359007579014521e-08
9.832793536455466249e-03,4.069082465822042999e-02,-5.245447275041692091e-07,1.654669045263834973e-02,-2.867108496906111880e-08
2.031336767929347526e-05,3.768418605989273112e-02,-8.363575994196812988e-07,1.041871797187762100e-02,-2.207828333670700016e-08
1.580003485192564420e-06,3.592259966571305363e-02,-7.647881025400583654e-07,1.561461815620390596e-02,1.104091601799066126e-08
2.111006937307882349e-06,3.602887519005736755e-02,-7.319986197747216485e-07,1.432848373484581737e-02,3.029152590140034095e-08
6.199322581303007772e-07,2.364985134112932222e-02,-9.088130774599921356e-07,6.039980136029553422e-03,9.730769649425879522e-08
3.386564829999553623e-07,2.772775728958167332e-02,-4.701248574038924343e-07,8.404793928628497696e-03,9.615567247077268550e-08
6.922872156588946703e-07,3.944494176281162362e-02,-3.094263892343920316e-07,7.186012029562220162e-03,2.096737581984242418e-07
6.882941576050826036e-06,3.168311186490210818e-02,-4.179704029940316033e-07,3.349312220644145872e-03,2.742225265820656700e-07
1.038178907954111913e-02,3.296574940939589471e-02,-1.486502603731022146e-06,1.033390477355997615e-02,2.486207528894167584e-06
9.551692772144865923e-03,2.178620568619715411e-02,-8.997960698058125965e-07,2.153188875688153217e-02,4.500684671552796507e-06
7.316171608682245885e-03,1.634312802028049100e-02,-6.838792825496614337e-07,8.775354220897176385e-03,5.320215159585302972e-03
8.730027860285389379e-03,1.563386337773577800e-02,-5.231158837373262289e-07,1.710047922593988662e-02,1.174748886441918591e-02
1.259255345129191642e-02,1.561439603922667833e-02,-2.933927652610441736e-06,1.794386338879470216e-02,3.236345830949825721e-03
1.625969057560746125e-02,3.315108912463407987e-03,-1.628808180657562689e-05,3.120922304234700559e-02,1.214054154814247645e-05
1.914944858053685417e-02,9.950212818989492489e-03,-4.920031619470009200e-03,3.612725217275061101e-02,9.438667928967975343e-06
