-8.162504432014279498e-03,-6.387594096967127734e-09,9.044521704966930389e-08,2.852794771633121798e-02,-2.927522204233361930e-02
-1.425583898908884341e-06,-1.245021944078895704e-08,4.388378199049510026e-08,3.987879826065665601e-02,-3.242958439185366498e-02
4.948974695432002654e-06,-1.203967637429265926e-07,-3.381930443256867580e-06,4.173341736217746345e-02,-2.418161237715372308e-02
6.987234342461058086e-08,-4.459024570032630438e-08,-1.134307994275560736e-03,5.420921624255108789e-02,-2.517307700003337811e-02
-5.378436045016493465e-04,6.534805152176219426e-08,-8.680120774904773584e-07,4.056525314796192300e-02,-8.651429023384298381e-03
-6.395730327466947372e-09,-2.746696349932107033e-08,-9.400139880758680515e-08,3.368125137258516644e-02,-7.654244718026900242e-04
2.531652706764074551e-07,3.363001699285376120e-09,-1.175580951429167537e-04,3.584221121587236047e-02,-3.136756000666358988e-03
1.354197757467394904e-08,3.991950391146125754e-08,-2.595784491135762831e-08,4.920675677349166388e-02,-2.504643420319042667e-06
-8.875816700057745484e-08,3.865414968023193149e-08,-5.669527528747094262e-08,2.771892615489811654e-02,-7.113472153999422061e-07
-1.749362412895037908e-07,9.396784598442715564e-09,1.966295081506289243e-07,1.844253261994589430e-02,-3.342628402919658028e-05
2.651771007370544523e-08,4.525905416680049985e-08,1.135325499043149446e-05,1.606504753811406963e-02,-9.287218708389199875e-08
7.392901846926415617e-03,7.958852394103147797e-08,-3.627592428376369627e-05,3.623934880739541203e-02,-6.711200580998768731e-09
2.572304436175734096e-05,4.336015652639731899e-06,-1.179791623920848492e-03,4.385394965451167026e-02,4.729763322363141185e-07
9.212589187626549800e-06,-1.276122600052173606e-08,-1.609700277863755052e-08,3.337392562840617999e-02,-5.899782030761589417e-07
1.107833978646402887e-02,2.163273376824295511e-08,-7.164095625847637735e-08,4.682582134042779370e-02,-4.017481305588255933e-08
7.335009368489499304e-03,1.215628858164402993e-04,-1.120696881137779946e-02,4.352779021477778260e-02,-4.542050350067980525e-07
-4.061396028259348071e-08,9.969275352985842043e-04,-1.211119905352568579e-04,4.941312878195469604e-02,-1.845648270430246378e-05
1.047905194599133076e-05,1.206476213440737556e-02,-3.909548709636857626e-03,3.792089320085793164e-02,-2.195312203589480388e-03
5.642033222526438539e-03,8.740961696011847332e-03,-7.148745448853539158e-03,4.907995621441900436e-02,-1.191412314668571955e-02
9.808236904663670055e-03,3.840361485244227179e-06,-1.534143885426419794e-06,5.978594820121232306e-02,-2.753313925606856380e-02
1.899230901297485619e-02,5.979062093369674237e-03,-3.031734748200377386e-05,5.914231915617066543e-02,-8.998207285417905710e-03
3.986601443121269572e-02,2.004046938402162361e-07,-3.079807083191351308e-08,5.453792922618992678e-02,-1.661669307168029547e-02
4.389982649060468478e-02,1.117168431003196375e-07,-1.616925272532504959e-05,5.399166403974988565e-02,-2.101536012048077495e-02
5.691567679121904005e-02,1.164707273732384647e-05,-9.306927608699999123e-08,7.075164985583823340e-02,-1.350106310136510272e-02
5.071022932701711033e-02,2.828248900084302369e-05,4.128083639865219025e-08,6.900930251487852329e-02,-1.892036040846923825e-02
5.469055300270083547e-02,3.543310391386616567e-07,-8.265711426793472998e-07,4.816005539276584785e-02,-1.570290951604804298e-03
5.632656850373513047e-02,-3.836100984385505309e-08,8.400654702326112446e-07,5.691350164015858415e-02,-2.147605361146719821e-02
5.229845818746522296e-02,-8.227926933375800835e-08,2.482360835072358173e-07,6.465117948998749808e-02,-3.040025873143304205e-02
4.899930846633238080e-02,-1.321747378707925419e-07,4.157102804365672576e-06,5.549441549920566125e-02,-1.084392388476231301e-05
5.415294185284757339e-02,-1.054813890775635200e-07,2.545278134071590900e-06,5.416281841935018798e-02,-5.330556233922472874e-07
5.526568516756644872e-02,-1.524181762066679313e-08,1.388728476007255672e-02,6.877293265751582840e-02,-1.412366295108103791e-07
6.982285349081106263e-02,7.828131812143236396e-08,2.788936020082375886e-02,6.833253747338302597e-02,-3.933892985982829275e-08
5.441508758912005222e-02,8.700463551665850680e-07,8.158367856253126394e-08,6.877228561463190337e-02,1.446812920550436659e-07
5.679577586474694739e-02,-3.116027094563711998e-06,4.387837920877669666e-08,5.928441062384511018e-02,9.765543146741621766e-10
5.796370525964290865e-02,-4.116001708347487338e-07,-7.397441110435570965e-08,4.237964985029148840e-02,-2.270983207239506306e-06
7.200062499249491876e-02,-1.478676346008732218e-08,-1.270300191760180249e-03,6.265093895729799411e-02,-1.830510575437379352e-07
5.757951437906810854e-02,-3.462079139949592850e-07,5.711611274573790765e-08,6.726066378549142022e-02,-1.922646053380110380e-06
6.954130476386155557e-02,-2.221517008591133557e-03,2.981966718249660225e-03,5.707219013587166295e-02,-7.895120503951327112e-03
7.429766599386143644e-02,-1.840078221608700907e-07,-3.782913261769441720e-06,6.440697758452217092e-02,-6.230986277893086137e-03
7.013327802952375178e-02,-1.764583676950154736e-02,5.903912058393320661e-08,8.996633887345903413e-02,-6.962357236176682179e-05
6.952466809688570559e-02,-2.932196402904698948e-02,3.780707637626489955e-08,7.911764746285171457e-02,-1.645223860368084186e-07
9.203900296078566801e-02,-3.687754726635401881e-02,-1.037995124407182871e-05,5.051868046991764977e-02,2.647160219120662274e-08
1.093514778321266756e-01,-5.080989424422845818e-02,3.517377001193921723e-07,2.715295569918993457e-02,-3.786843798035907128e-03
1.257797959434323321e-01,-5.953200581567474892e-02,2.945729756707999095e-02,4.218702052132427410e-02,-4.651248842835754849e-02
1.211106594487968008e-01,-7.491032794789878602e-02,3.103917564915938468e-02,5.216572295114009494e-02,-1.136014461030979972e-01
1.049990755992812747e-01,-8.045453787677912805e-02,1.400690420603879077e-02,2.025745558269684624e-02,-1.456176925925351529e-01
9.500761050082701109e-02,-6.401001405930981103e-02,4.021226648875585868e-02,1.237509897009520742e-08,-1.623663699136441985e-01
7.674118460644585582e-02,-5.943350045051220588e-03,5.842871062864311849e-02,-2.139461682234108583e-02,-1.685970168694305438e-01
7.411182584752083746e-02,5.571574696858422673e-03,5.554205979604569243e-02,-7.606160036837721072e-02,-1.617523268475716258e-01
9.293144985787440970e-02,2.673219602545418710e-02,7.027751706743369520e-02,-1.357075176912398151e-01,-1.587705918247539760e-01
7.839276070507769645e-02,4.853757539180343639e-02,4.572812171971853135e-02,-1.365900146134438331e-01,-1.579608533017175520e-01
5.375099825454063285e-02,2.681299941022239133e-02,3.631939779769140280e-05,-1.317568985919775060e-01,-1.670449615054357961e-01
1.738220456892880170e-02,1.424342141141174412e-02,1.399831082169224070e-06,-1.417161602306725443e-01,-1.742018689646010199e-01
4.090967291814751224e-03,1.278223226703593431e-02,1.071324779715853959e-08,-1.373145186239014826e-01,-1.639078220797109409e-01
1.467138570121087268e-02,9.254396165611287724e-04,-6.551562886370101979e-02,-1.182380707827015015e-01,-1.109617122431753866e-01
2.257793477337812979e-02,-2.762401208655106029e-07,-1.221160271220798205e-01,-1.008000272163554339e-01,-9.201878991573825273e-02
3.218988217058656176e-02,-1.323867878156722785e-02,-1.628803843775239735e-01,-1.038214809412813799e-01,-3.158283471796809183e-02
4.402190395209449464e-02,-3.577025677115920621e-02,-1.792713928012306113e-01,-1.273128022840316620e-01,5.609657162697718385e-08
7.164573533218275558e-02,-1.891504814535299034e-02,-1.739570163076115117e-01,-1.108167738538675534e-01,4.899909337756425121e-02
8.062980130996297290e-02,-7.684885687815577737e-03,-1.399648986492189329e-01,-8.128522547223560046e-02,8.976358127268813103e-02
6.566007305262262783e-02,-2.815108678607742628e-07,-1.031490330886938173e-01,-9.534803816385045705e-02,1.158684775600141437e-01
9.358042661900804748e-02,-1.199337092863144013e-03,-5.848152447848645880e-02,-8.361801576785725387e-02,1.591434503391884192e-01
8.520122389111706163e-02,-2.895253688837283804e-02,-2.402201801308684738e-04,-1.036282687231423610e-01,1.699455567581927007e-01
8.412819196210688522e-02,-3.940637354456410363e-02,1.180523105258024681e-03,-1.007470110202876024e-01,1.757468376890812811e-01
7.144412060346314042e-02,-5.877837978266420987e-02,3.574825745041270569e-02,-9.989215651039730359e-02,1.711734333784249995e-01
6.865093093751453712e-02,-5.542198737753482873e-02,1.077704306162439590e-01,-9.589226397282482606e-02,1.501380279442324217e-01
5.162176711565343717e-02,-5.043699339889838595e-02,1.564919444151601224e-01,-9.782699598068883562e-02,1.422823117177310637e-01
4.734085523559199843e-02,-6.186699131183884259e-02,1.620666335485137222e-01,-9.152715588659061929e-02,1.293133106028197810e-01
1.443703137828581708e-02,-5.489918119942324704e-02,1.909064260214514974e-01,-9.528781215922049741e-02,9.719028020134359847e-02
6.605908779879731936e-04,-6.901972292506217133e-02,1.909826524331839359e-01,-8.727511523764068524e-02,6.385481891904258578e-02
1.914927892700648037e-08,-8.075191021802251290e-02,1.502874721114673962e-01,-7.126680324122233734e-02,5.089216928736684659e-02
-2.257618944766400701e-07,-9.127674785049892658e-02,1.094814825832312322e-01,-5.149868969741430019e-02,2.940066631679869383e-02
-3.823076382328881567e-03,-1.017872469715767614e-01,7.013663792184175738e-02,-4.396285654989965513e-02,1.327161580443380826e-02
-5.280152964049279868e-07,-1.076702302180371218e-01,4.602740452075472499e-02,-1.569067009787022959e-02,1.044860870603441134e-02
-1.220484515472544662e-02,-1.122119127262449084e-01,3.335775180329880046e-02,-2.836137173242811015e-03,2.893364946546150232e-07
-3.677305648885170059e-02,-1.206425975964889041e-01,2.351797472377425632e-02,-2.352214964627748212e-07,-3.254981412195272488e-04
-4.926297312912535087e-02,-1.336022527588711095e-01,6.801891779109625311e-08,-1.398492264994521763e-08,-4.750148739651111670e-04
-5.550274561813535457e-02,-1.337206561551758655e-01,-1.810983148724985402e-03,-1.644882818152441685e-07,-1.492172861859935619e-02
-5.782480328016682131e-02,-1.478037011320884053e-01,-1.461167254056645534e-02,-8.870076694867537817e-03,-2.217536039182250659e-02
-8.792183504007586303e-02,-1.492666322669627121e-01,-3.332854892468138652e-02,-6.459638804771170029e-03,-3.969975914864588840e-02
-7.918995525558887583e-02,-1.469845401909970761e-01,-8.079969308465230482e-02,-1.189808101881952365e-02,-2.438562230835396652e-02
-7.292066334655222803e-02,-1.547446906230189045e-01,-6.872805957143239552e-02,-6.590054774748864592e-03,-1.247199801059714619e-02
-8.483389070103834750e-02,-1.478972223672652408e-01,-6.497177695825624710e-02,-1.901873788353331506e-03,-1.530700233855475552e-02
-7.280804680048569288e-02,-1.363437765065767804e-01,-6.545854049647606421e-02,-4.057825879544880353e-09,-3.309863762021145184e-02
-8.858342136590122151e-02,-1.208209061504833259e-01,-5.990298230717205907e-02,-1.892562104911863840e-08,-3.305948432490872502e-02
-7.514313317608309339e-02,-1.294862417054654657e-01,-3.728560195448472198e-02,-1.125656974088301760e-08,-2.835717048765512907e-02
-6.159953028575001349e-02,-8.984985713915857874e-02,-3.831787701928585782e-02,-8.829786384155377489e-04,-2.785357202963808718e-02
-7.180160252393220921e-02,-5.755263130680448452e-02,-2.591580322186408034e-02,-1.916352649449393812e-07,-2.634931634458406724e-02
-9.230588605939557545e-02,-5.684599534370728124e-02,-3.247832325698544174e-04,-1.146068253591001894e-07,-2.479681146419205826e-02
-8.063294635402294686e-02,-5.391733380828941241e-02,1.403014575709704740e-08,-3.907689864433383162e-03,-1.551050136860749468e-02
-7.103510601290737025e-02,-3.995242550074436932e-02,-2.607912772471737008e-06,-3.269191261510019113e-07,-1.870628419858575558e-02
-6.215369205395931962e-02,-2.136294422562977358e-02,-1.217777701206703388e-02,-6.050070914432137924e-03,-3.111686295799814123e-02
-8.469203669943506374e-02,-1.209339772582391018e-02,-3.625909043788177674e-07,-1.100075755135614293e-02,-3.555763640900549971e-02
-8.850236298173710936e-02,-1.972505523258016522e-02,1.923287706374473215e-05,-1.748297298170362404e-02,-3.895055932877523885e-02
-8.954030122695190441e-02,-7.123171380714252848e-03,2.654386961287374599e-02,-3.364306024956842389e-02,-2.381651087289157059e-02
-7.996793581269477647e-02,-3.378323903649151517e-03,1.833769145885734073e-02,-3.197947415091542678e-02,-6.023736559694598848e-03
-9.166314693378661838e-02,-5.021157152357149734e-04,4.194706248314666874e-02,-2.996680081502317572e-02,-2.600348387649811942e-05
-8.164146944496747382e-02,-1.500701036931356355e-02,4.989556515590450048e-02,-4.871717221163068129e-02,-4.621063194148024726e-06
-6.583514829638734134e-02,-6.959510910613760418e-05,5.040281975441564949e-02,-4.869573569110296346e-02,1.210977953743484752e-08
-7.830099821043647046e-02,-2.126014277053943959e-05,4.977272772467553064e-02,-2.665749569800096239e-02,-4.550888489427322226e-08
-7.262645289839717022e-02,-3.451458607654704581e-07,5.407822871208490395e-02,-1.676629667744747657e-02,3.895127314484281945e-08
-5.407280499742122409e-02,-4.963478564966993782e-08,5.141166140790984218e-02,-1.500207468245748355e-02,2.754123717597439792e-08
-5.351748860303072453e-02,-8.030132230279633439e-09,2.757500471418562055e-02,-1.426429380390024058e-02,2.461416461821410123e-04
-4.489411021628517823e-02,-8.490748860306203813e-09,1.330706961451122612e-02,-9.557780964149691170e-04,7.640733433255272021e-05
-4.056667010333688678e-02,4.889071232156106829e-08,4.755876093958154999e-02,-8.004845941641377735e-03,2.343813896240450883e-05
-3.503912156957498386e-02,2.505166261445764292e-06,6.923672472673482459e-02,-2.442334125937593685e-03,3.902526416086742663e-03
-3.052670106098007152e-02,2.334393218404547813e-06,4.810295515309475495e-02,-2.445312756382889748e-03,1.235993119482989462e-02
-3.210823515772665004e-02,3.425673352094796200e-03,5.085890226276221920e-02,-1.409470505124477622e-09,1.446484451833344141e-02
-4.443210765484427449e-02,1.636548784552167846e-02,4.964992451809552287e-02,-7.331819243624862138e-09,7.563171967602103085e-03
-4.063787502070279750e-02,2.586413172048413617e-02,3.986412193305634982e-02,-1.771841794930005033e-04,1.013016396995341378e-02
-3.514619626022503357e-02,4.393794132452299994e-02,3.489008604872300551e-02,-3.727855585838834879e-03,1.715477656867439929e-02
-2.690766513670186932e-02,4.637720176794502686e-02,2.090543310661035006e-02,-2.188998675839079738e-03,6.015448266526646735e-03
-5.321599972401449413e-02,5.126687389714825599e-02,2.285067821590704845e-02,-9.136260187316259940e-03,5.634887768587250149e-03
-6.025327355112243544e-02,5.656541971394653950e-02,7.197697639010847137e-02,-2.937133840746449634e-06,1.525776752141774911e-05
-5.129195808043699595e-02,4.702954321852020891e-02,4.923607685370279957e-02,-3.776472738552219867e-08,4.157427057809375231e-04
-4.724755415363768307e-02,4.229023239270331136e-02,3.550773038136580823e-02,-2.881682150783802067e-06,8.515583761086758033e-03
-5.199945686412569407e-02,5.600747826316809785e-02,4.827298598751827291e-02,-4.842399135218486417e-03,1.555056041655177371e-02
-5.787971701327099955e-02,5.620768896920601970e-02,7.296030543907235100e-02,-4.126114801501460219e-07,3.166472342957258549e-03
-4.808347799876879630e-02,3.736077504242225206e-02,6.346999706506013805e-02,-6.304705807672670007e-08,1.423370171356751375e-02
-3.290841061812931762e-02,3.809228049016426948e-02,6.137400946555347792e-02,-8.145735167902368637e-10,4.392687189673430762e-03
-2.766747380151365898e-02,4.616437824630247044e-02,6.419510001870633309e-02,3.566901121597270235e-08,5.907091813066956375e-03
-1.394484972977770056e-02,3.761592907755189480e-02,6.141924273223867137e-02,1.764878009718457742e-08,3.849910860256199833e-03
-1.877928867115081363e-02,2.965978169511081924e-02,3.039874902534492329e-02,8.215448082196892782e-09,1.394614270408292556e-02
-5.488372628169464404e-03,2.503517066029225038e-02,1.367824741100829023e-06,1.016711656080038391e-02,8.798414941665699471e-03
-1.803152848284458876e-02,1.748999974378345756e-02,5.346878357761546730e-07,6.829130572246052723e-03,4.947068248089043878e-03
-1.375316185564009856e-02,2.267385241675599558e-02,1.841280971806548081e-02,8.890504423303964231e-07,4.313624851005939606e-03
-2.075706865839539359e-05,2.427351017448125398e-02,6.759889039405645784e-06,9.151859979211201960e-04,1.338144603956845785e-02
-4.019215109664684804e-04,2.815075369873535488e-02,2.398115339947227538e-07,2.408857593874433442e-04,1.384814939842747041e-02
-6.453070705005651934e-03,4.481290726092967969e-02,1.409319026887311147e-07,1.077875215015156067e-08,2.252784302712122766e-02
-8.621560926503294559e-03,4.463085397819162303e-02,9.723803692453064336e-04,8.510031705924700940e-11,1.984353256284909425e-02
-2.111074049672866451e-02,5.584526054718313981e-02,3.802598837710300782e-03,-8.666178209096727745e-08,6.635462224796643063e-03
-3.382167225385960402e-02,5.234989779078331323e-02,6.848127518124566548e-03,5.063242070451437438e-09,8.857674929856347579e-03
-6.032206558457985091e-02,4.367415871057325066e-02,2.944288177349107462e-08,1.745117352439169770e-09,2.658906354847159737e-04
-4.328011552259639072e-02,3.805541108331637890e-02,3.907800552140747630e-06,-2.436591439535026933e-08,8.534433583388324751e-03
-2.921355936247248264e-02,4.269648493419820473e-02,2.177283466971593334e-02,-1.835918048135781940e-08,6.012780260363118773e-03
-2.164542164491039741e-02,5.432888059889143251e-02,1.226656255859243268e-02,-1.511276118953494206e-07,3.305225426652497363e-03
-1.216896492646002415e-02,6.061089454798775089e-02,7.195493493154000521e-08,-7.074630485283941895e-06,1.902082575718400462e-02
-1.293425643635131700e-05,4.698129516046112980e-02,5.195340480783996497e-03,-8.039990333336114250e-03,1.719363821417455723e-02
-6.717464817486102496e-03,2.800598350801191197e-02,4.356177301747628851e-09,-4.971404540179887597e-04,1.137338031735594425e-02
-4.600130486077013461e-09,4.452285699991326978e-02,5.675425584937953796e-09,3.954931250796358308e-09,1.971491389627121754e-02
-6.652190706475527028e-08,3.911601972607517408e-02,-1.189815898029267019e-07,-9.502107608681866892e-10,2.369514405593951822e-02
-1.981873171500928072e-08,3.292495600963880192e-02,2.027624154727794625e-08,-9.861078442197745382e-10,3.430590494419054337e-02
2.157952407062528320e-05,2.520744588644102668e-02,6.766429556729346175e-08,-8.924918456512649545e-09,3.421466621877718856e-02
1.037453203455519145e-05,2.860746454218617355e-02,2.068942068834457281e-08,-6.597032001338531811e-09,3.422477916464677916e-02
9.285356196039359123e-08,4.200137333809221551e-02,-1.151993104109641842e-08,-9.320612975440424223e-08,3.387469343410669242e-02
1.304964088165460011e-06,3.347744285001374998e-02,-8.073046940498511614e-08,-8.116095583540079358e-03,4.204250532245148997e-02
2.191652047384923881e-04,2.822278543144242716e-02,-2.110677601301282133e-08,-2.124895772361062629e-05,3.619597395060807077e-02
5.337502987364147329e-05,3.693846184094968371e-02,-2.669769857982316412e-09,-8.574829124244821718e-08,2.230426704393742576e-02
4.499308888496286778e-07,4.246047685960448181e-02,3.270741985832440607e-03,-1.509765347493851294e-02,1.834210608487019112e-02
1.132498454815884488e-07,2.671989818154003882e-02,1.801753392895452324e-05,-1.409563603754909744e-02,1.913091689847574994e-02
-7.620718613460403237e-08,2.014931903192613422e-02,9.661052093562437386e-07,-2.808700830204832397e-02,9.568471280173337923e-03
-6.800054168494803868e-03,6.162797037870704642e-04,8.603406113357413935e-07,-2.175937260148376809e-02,1.594710348026829936e-07
-1.767466683375030351e-02,2.936518651493691076e-04,-1.151411312137991335e-08,-1.992422551256581298e-02,9.572079507523697707e-07
-2.533761735937881208e-03,9.696701443107756668e-07,2.566010393474833735e-07,-1.564559261419152733e-02,4.844557162415262131e-07
-1.590484927084066119e-04,-2.097413577345543006e-08,1.538173575286058096e-05,-1.202470529363255762e-02,1.300522566574998303e-07
-6.701686391513353909e-08,2.443871529324387511e-03,-2.386654651339535638e-02,-8.771178959687968985e-03,7.063908080767250456e-08
-2.730430921419814177e-08,1.949888899423191406e-03,-2.726483662802641275e-02,-1.405672800640241950e-02,2.714479597529247112e-03
1.136584741923129907e-08,-2.254418004674601893e-09,-2.987510817967918254e-07,-2.994989923511667471e-02,5.138103207887543434e-06
3.708656175768270754e-07,3.722168546378237140e-08,-5.184131427931234527e-03,-4.688502316344717036e-02,3.467045837800163385e-06
5.300497557532488998e-07,-1.344039826513126383e-03,-5.561427391541993136e-03,-1.242302708651877446e-02,5.175435822845169103e-04
3.600979748263609605e-07,-6.341330215252147760e-03,-2.641944991215030084e-02,-3.016435396578150840e-08,9.762214356847282587e-03
1.156482629621742239e-03,-4.254943768017021254e-03,-3.286206781790260850e-02,-1.139152278921759520e-02,8.075812987922080868e-03
2.090454696546707465e-04,-1.587017303454892753e-03,-5.239788794128101817e-04,-1.401544706606235893e-06,7.472376994247707793e-03
3.544711646682002874e-05,-6.228235506998848871e-04,-4.584450344063006715e-03,-2.954728809926163609e-08,4.277586517261146998e-03
1.058899642345988300e-06,-1.187748307443298138e-07,-1.540424109226733868e-02,-9.760467776285038088e-03,2.401751849382972523e-02
2.116526452575687514e-03,-1.448897326976197307e-05,-1.051207280816545721e-02,-1.258119254099162398e-06,3.969209510965490684e-02
1.356450655941718493e-02,-1.092340088646891715e-03,-1.173169986005738709e-05,-8.718384154206361096e-07,2.680529376895070953e-02
4.297554204260266124e-03,-1.698121437700484066e-03,-6.172859609089933162e-03,-5.085850094431531496e-08,5.394675169710986401e-03
7.470603162240552621e-05,-9.706463097498283996e-03,-4.055497883806671866e-03,-1.892720945066877916e-03,4.365318264897523164e-03
1.340781640885003838e-02,-2.070214006201451587e-02,-1.423405449913800371e-04,-1.101835002352435692e-06,1.385460208930075141e-02
1.320913596120244261e-02,-2.144831455653440147e-02,-8.433296632351221581e-03,-2.363955897598659511e-03,1.334022419302875566e-02
3.033885833521776255e-07,-2.200002092444669488e-02,-5.105655437526062211e-07,-2.739296052998690342e-08,2.223640934130325861e-04
-4.239086199555850455e-09,-3.620777080339081938e-02,-2.911806004533587911e-08,-1.060077792350807144e-08,2.424440513009750291e-05
4.757275523265198715e-07,-5.553169750978230457e-02,8.178376221862198594e-06,-1.453515056177029701e-08,1.866831173036686978e-03
3.335822487951059772e-03,-4.819338752534302328e-02,-1.226926172684819107e-02,-1.464334417389482394e-09,3.087943253559343497e-06
1.060957653820140956e-02,-4.232745258075926165e-02,-7.740622822413081167e-03,3.231951907881130353e-09,7.221978715987565993e-05
7.355293680433167870e-03,-4.553533631829417144e-02,-3.716358692741655173e-03,1.605523309190748066e-08,3.384888018816110088e-03
1.188023675997055412e-02,-5.894181111831785225e-02,-5.727161614542943750e-08,1.698163695348023293e-09,3.624127855421099136e-06
9.499586062559222527e-03,-6.109771664806232933e-02,9.573037799511787975e-07,-7.418580846838534414e-10,-4.493865176190450239e-10
1.284530518840030534e-02,-6.181163988132658965e-02,-2.433603445636369458e-08,3.364738417674047214e-08,8.305503863320573034e-08
-3.711955471996415581e-08,-1.083739313236326372e-08,4.095988529513806993e-03,1.072257539940586583e-02,-1.045988291565066326e-07
1.979965418866367258e-08,3.562377275495621022e-07,1.582022199149488620e-05,8.449487890936894022e-03,-7.742255612310156991e-08
-7.029265414891273066e-03,3.829270267250104000e-06,1.819572107512223980e-02,1.089457412446786632e-03,-9.744784460068864340e-03
-3.807548144920535200e-07,2.620501018964923952e-08,3.045272402713716103e-02,1.394115823307723186e-08,-2.551613694430494850e-02
1.267162678185365801e-06,-4.491505680777708239e-07,8.589912336480603691e-03,5.838826885674177312e-03,-1.375703878347474436e-02
3.997287130338075566e-07,-1.853365028269933620e-06,4.815142612794584437e-08,2.953365199177320800e-03,-1.092381406440088264e-02
1.795640891583841606e-08,-1.101242950748377546e-05,5.074150173455601806e-03,6.323170711373653913e-03,-1.311740047928621443e-02
7.957759407044846730e-08,-1.172026984578397764e-04,6.020783545741620378e-08,2.114591216711590033e-02,-6.334900469441134482e-03
1.359858253834050380e-02,-2.671210297305342488e-03,1.336250088297890337e-07,3.709057666167480533e-02,-1.185413345079183402e-07
2.473282879301057571e-02,-1.140617996243374577e-06,-2.060865119883783252e-07,3.955485591268782797e-02,2.288395213056687657e-07
7.147305545217954616e-03,-2.554248730388524369e-07,-3.274931633772170857e-07,4.605151602852924908e-02,9.735786337035501496e-09
4.255698343243462781e-07,-1.611846218595974767e-02,7.378633316931503052e-08,4.731738526941961509e-02,-2.867566594074947514e-07
1.945171368529283185e-02,-1.396571838042978166e-02,2.271115743387918317e-04,4.620200532897156959e-02,-2.110274914659768939e-07
2.493874017840880600e-02,-9.189468810820018369e-08,5.705612840664078536e-07,2.851940718148388357e-02,-3.588893466103346884e-07
3.350542897504259904e-02,7.529345829349808590e-08,2.799437853992188599e-08,3.179591484942666246e-02,-1.991479492940202548e-07
2.985159314676889136e-02,6.226948516171634326e-09,4.176019062662216208e-08,4.905523489110735769e-02,-3.191344024315893955e-03
3.029577899039886096e-06,-7.920697296140713495e-03,1.099302468173079175e-05,6.401439835243513676e-02,-2.568038566963283531e-02
1.008379984225249697e-03,-4.086202857387331855e-03,3.445269309964142939e-05,5.821011601245945632e-02,-1.365466406175375007e-02
-5.391081427857245417e-07,-2.347445017793282191e-07,-4.689357317916817675e-09,5.197424598440999327e-02,-6.300746561927221198e-04
2.049148708640934188e-07,-7.010590928977217223e-07,-2.606072927693786865e-07,4.640758614523277092e-02,-8.619587063568909944e-08
4.933880857523308301e-03,-6.122987042929723984e-07,-2.982415860736076577e-03,6.478079644546735905e-02,1.514138580962329711e-09
1.761863481612100865e-02,-6.195084603244175285e-08,1.277003302747535931e-06,5.718881291650691756e-02,4.116580064997715556e-07
2.187811741974759680e-02,1.608508785359051478e-06,2.207062748453081022e-02,5.242282980784716828e-02,1.832781189128629579e-08
2.045226880181745879e-02,-4.445125207138095247e-07,9.370093520744486940e-03,6.553342053721265825e-02,-3.744931269595116939e-07
3.277196973587033491e-02,-1.302604054455445450e-02,2.598125343359665787e-02,7.302216641420943011e-02,-6.726153503571068417e-06
3.988687406885479958e-02,-2.393573009462998495e-03,1.061848325949886658e-02,5.569264958191766368e-02,-9.253762130492920531e-06
8.863942644972052851e-03,-7.109164554863003763e-07,5.277548378571833873e-07,6.501135375542370365e-02,-3.591527186638692683e-07
1.755260856571228684e-02,-4.245574525035194851e-05,3.344152259080683839e-07,6.742621289685339636e-02,3.283537033498688759e-08
2.276581721331451952e-02,-8.181145403616750175e-03,1.229284612860554460e-07,8.037297421236581918e-02,2.424697750286428470e-09
2.658404363011661331e-02,-1.319899117540004711e-02,1.878530722467157714e-03,9.392644094036832481e-02,-1.677349739684918015e-08
1.054394867261402961e-02,-2.038895997743834032e-05,2.059666589946688684e-07,7.736188499725943357e-02,-8.329738779384205052e-07
4.158612084368570883e-02,-1.343427862947727328e-02,-1.389853701823808892e-06,8.641832283115541413e-02,-4.882861172369379818e-08
6.861284051226440583e-02,-2.423620755345223809e-02,-3.259883000280244657e-08,8.733930173814716258e-02,-4.459670047006835479e-08
6.429355212601513270e-02,-2.476182946549615807e-02,2.920043189978418572e-08,7.908631415729534819e-02,-1.456708600311527524e-06
3.702865219084578580e-02,-2.440160480320205036e-02,3.976862292331804008e-03,8.401508225888514036e-02,-6.091683130291623491e-03
6.500863283084627742e-02,-3.973920615126076000e-02,7.656460628862815469e-03,8.155112606868554492e-02,-7.747967233399099812e-08
7.276757519125938434e-02,-5.205885952305013692e-02,-1.462860742723329453e-07,9.663655673018022030e-02,-5.305237560019437898e-08
7.343567218068157432e-02,-4.103802818629322113e-02,-3.521842919157197604e-02,8.199012149602884214e-02,2.607112394162122747e-08
7.541085565579373762e-02,-1.156426422595762359e-02,-3.113667698181387354e-03,6.322417062054822012e-02,4.806313914006381930e-08
5.519128799706742722e-02,-4.690064318746713090e-02,-2.078883689667262308e-02,6.659044957672505261e-02,1.009452842621197515e-07
7.943302087864030636e-02,-6.339233442080438596e-02,-3.032796685467336814e-02,8.225898928798155985e-02,1.102815904707319002e-02
7.293364256691277359e-02,-3.477848149434203950e-02,-2.002501259381674059e-02,3.805510934272753748e-02,2.343628937534675966e-02
8.135965121858032556e-02,-4.506950849412193205e-02,-2.104791680966829059e-02,2.189499207448675211e-02,1.409025158353444020e-03
1.294911196020575861e-01,-6.057523313306911739e-02,1.031791986299403913e-02,1.849978379309580312e-02,-1.059293606642803393e-02
1.061626154247811149e-01,-8.279340062368342745e-02,4.711700959503666714e-02,6.820525473427290451e-03,-7.507969401670253062e-02
9.293032171762520555e-02,-7.727370324113594369e-02,6.400213518880223940e-02,-9.600854588078539721e-07,-1.286309059258309573e-01
7.900905820399950485e-02,-3.546487967058623708e-02,4.583316322136449933e-02,-1.092158430255511792e-02,-1.266229765305163790e-01
9.324932676635264150e-02,9.761783140430103168e-08,8.008833394901636316e-02,-3.722501892449957966e-02,-1.322616220819044230e-01
1.057285869420401814e-01,2.304401900093685021e-02,6.261747759607783070e-02,-9.983476085806933242e-02,-1.387603130719607392e-01
9.898731517318266893e-02,4.636880012557896558e-02,3.451366276481351164e-02,-1.285063698838983248e-01,-1.329799679516960598e-01
6.833945307592297069e-02,4.240296278625190624e-02,9.491158239816565059e-07,-1.512465471875941159e-01,-1.342517934717396277e-01
3.516226085170270216e-02,2.789726774928035215e-06,1.285480244956323410e-02,-1.516207279059905710e-01,-1.522970821247852380e-01
2.677570577321042311e-02,6.779318180519896251e-07,8.295834441945364179e-03,-1.522640399151994617e-01,-1.471773344896335489e-01
3.939081467656333456e-03,2.252144698049537291e-02,3.475860381742466204e-08,-1.466257086520828812e-01,-1.206244329250162201e-01
2.967199320131386469e-03,2.330013424167351813e-02,-4.311755035581964907e-02,-1.271430113112120563e-01,-6.875326275764613582e-02
3.898317377154253416e-02,2.203059342029047570e-09,-7.226373271921014696e-02,-1.109368065562623684e-01,-3.003359571751580345e-02
7.128771304808524667e-02,-3.679255233272531265e-03,-1.292922484529033245e-01,-8.930795670138988451e-02,-8.664601520244571366e-08
8.253496085565953377e-02,-8.016182585304095290e-03,-1.386495217583285089e-01,-1.001411962213731160e-01,3.383388021993865406e-06
7.324960671629313080e-02,-4.353163989027411356e-03,-1.136903279085718366e-01,-9.283298522955994725e-02,1.670645272582596888e-02
8.844112923510157043e-02,-9.163580710573894159e-03,-7.909366920302340898e-02,-6.851158357584513636e-02,3.874880967847632585e-02
9.471728888823476022e-02,-2.175370190635612586e-02,-2.209823150235938269e-02,-7.459312076176623230e-02,8.036565240843182578e-02
9.366191627480398296e-02,-4.859569836567784878e-03,-2.084433329180894041e-06,-7.687565788477253304e-02,9.202282751836289576e-02
8.802651001204885028e-02,-4.757107989270957689e-03,3.912662053120834899e-03,-7.929893193294397513e-02,9.441691945945783482e-02
7.710320601647945027e-02,-3.931360869409997877e-02,4.048246280660788843e-02,-7.316229889458145119e-02,1.046332029245998912e-01
8.470116784109885111e-02,-6.289626268144241084e-02,7.574119742921449350e-02,-6.781225272937008164e-02,7.524621726019790902e-02
8.703885561207946875e-02,-7.123977367785032377e-02,1.132524549952930171e-01,-8.871258568432423275e-02,4.140998940626563346e-02
7.062147058718511172e-02,-4.761978577558099307e-02,1.449882209510109099e-01,-9.179193229025871259e-02,8.124950324240346952e-03
6.001158844116611518e-02,-4.857564621932103366e-02,1.972578542377061706e-01,-6.846856703419271217e-02,5.132005303113262168e-04
4.673505980575980157e-02,-7.069194067267874082e-02,2.084093109743559991e-01,-5.646669533586205769e-02,1.206981311091770001e-07
3.328649860002071831e-02,-8.336900654988935178e-02,1.737937964354391296e-01,-4.564753362094477185e-02,4.854283573602572322e-06
2.163974478134858457e-08,-9.079305917379033863e-02,1.444512784728916865e-01,-4.778591833135505812e-02,-8.960200018305526534e-09
-2.151847960867360997e-07,-1.314955899573040654e-01,1.630491934824661593e-01,-4.070326731499124967e-02,-7.567726692686000371e-06
-1.161467477364863959e-07,-1.455974512020802025e-01,1.167878078343886350e-01,-8.711216251252281925e-03,-1.324178380588402755e-06
-3.273681496362173225e-03,-1.406981775624640274e-01,7.056983450545648018e-02,-1.947315830948306546e-07,-9.673409284945661685e-03
-3.949973403255570281e-02,-1.273246399752608338e-01,3.403493537906155525e-02,-1.274234831738716753e-06,-2.911904544319837349e-02
-5.454712284280739676e-02,-1.382382550956999245e-01,2.240558421966359903e-02,-4.653372481798964677e-03,-2.522246951787434147e-02
-5.313596944455514087e-02,-1.423892576631941020e-01,1.047751672999928190e-07,-1.212891992744881062e-08,-1.638649256127842208e-02
-7.068616247701844935e-02,-1.309446715494163860e-01,-6.177257702470401526e-03,-1.102884877604771649e-02,-2.120915636016330874e-02
-1.078351710022666249e-01,-1.042543002952961428e-01,-3.380446438555340799e-02,-8.870969801881192773e-03,-4.073527411508184176e-02
-1.034499570087632769e-01,-1.236956729596146581e-01,-3.016719083925350348e-02,-1.726243507156337287e-02,-5.724598693881680772e-02
-9.029112022035583329e-02,-9.108276962692125889e-02,-6.470612401149834769e-02,-1.803737516665248133e-02,-3.395284359717041373e-02
-1.220357220859499686e-01,-7.902387811698421971e-02,-5.982424959948876020e-02,-2.549023283051324654e-02,-4.146180609622860530e-02
-1.419256402833618813e-01,-4.412473746020333792e-02,-4.712804832352908424e-02,-2.391073461729884692e-02,-3.718837280906307774e-02
-1.399084451584166333e-01,-3.395525252012496220e-02,-3.278290849591562750e-02,-1.791134609834013972e-02,-2.591402961587340598e-02
-1.335710957248960051e-01,-3.132449048994596225e-02,-5.415832793472458856e-02,-4.640463383054181309e-03,-4.295615506900721074e-03
-1.419181485082380290e-01,-2.573187657102688980e-05,-3.828418420777758568e-02,-2.412982435490573091e-02,-1.329860438114260958e-06
-1.364190347686892735e-01,4.522453724148124923e-09,-1.450546785222509537e-02,-1.808737549377138765e-02,-3.559940427905938166e-10
-1.001126255279930349e-01,-1.364748001304148133e-06,-8.732990424865702886e-03,-9.579657015441916945e-03,8.307004701122060251e-05
-9.126883930460034933e-02,-1.885763999235268509e-02,-1.082767355273174179e-02,-7.953894470017835804e-06,9.231743628954082112e-03
-7.542569924241100676e-02,-7.007959864912084030e-03,-2.107107625806154197e-02,-2.118061415294688818e-02,3.586543971486324395e-02
-1.035698894450919616e-01,-1.111440470850069001e-03,-1.468522701169467402e-05,-3.296957134843336162e-02,2.297992413992559421e-02
-1.059148195654329438e-01,-2.882032443411641082e-02,-2.908000092379734462e-06,-1.507489403819175892e-02,4.015798900662417847e-02
-7.939844010414874587e-02,-2.259874760423537937e-02,-5.461966881059949266e-05,-2.454558642788098877e-02,5.721973311935674850e-02
-7.733598264866708982e-02,-3.367127946831581162e-03,-1.131033079822974484e-02,-3.477745116075319637e-02,4.947012438357015901e-02
-1.077849536444768080e-01,-1.229770819617858799e-07,-1.815382697808618981e-02,-3.869589836865480054e-02,4.946643854872467827e-02
-1.058121404986460401e-01,-1.186732334998163513e-06,-3.045653239552917070e-06,-2.355580938539161839e-02,4.835757237140250742e-02
-1.199013708181547178e-01,-2.368861192303373968e-05,-3.583660472515672220e-03,-2.784951195403333885e-02,5.061966034984859142e-02
-1.207210622864312854e-01,-1.173052014918797932e-07,-1.362959289328351774e-02,-6.192216770730725461e-02,4.748932449546836021e-02
-1.270219645209132442e-01,1.024883221084458250e-02,-2.105117217123206319e-02,-7.122278163969582299e-02,4.373495106107625624e-02
-1.106655421884462226e-01,1.309119822246787964e-05,2.099492359494294860e-06,-7.091960736588784342e-02,2.572517099584477676e-02
-8.916942194219998341e-02,6.925701429159452152e-03,1.053760314464592326e-02,-6.397489842857849440e-02,3.206341191189496925e-02
-8.374238212469133080e-02,2.919421930066594395e-02,5.029829908496617763e-02,-6.613363848975020720e-02,3.108637944857515698e-02
-9.081264478869140178e-02,6.137729915510135165e-02,6.699290951426360718e-02,-5.071807751457342583e-02,1.177232222993343904e-03
-6.637688214667222808e-02,5.232115197795966788e-02,6.056580046211098439e-02,-4.362410804535378495e-02,1.821445943671618634e-02
-4.936764042257289764e-02,6.410482678525881994e-02,7.889553260269476648e-03,-2.205788744832310605e-02,3.914770654623089124e-02
-8.220445162249882809e-02,7.147251745092800257e-02,3.313737353928718210e-02,-2.577612585002669876e-02,4.998179748367607630e-03
-9.826368378255909142e-02,7.506263798013201871e-02,5.348494851615077927e-02,-3.390018780365196271e-02,2.071958306870950116e-07
-5.741959717392230989e-02,9.241869753568532353e-02,3.419061963201296822e-02,-3.217351247797489711e-02,9.045432323361454752e-03
-4.294737706241375658e-02,9.525398269366630588e-02,6.350114928503967915e-02,-1.782552468524983835e-02,2.505888265572546003e-04
-4.080508598551934457e-02,1.032473796864791377e-01,5.533737509866819976e-02,-3.779826968819709199e-02,4.330669753079096143e-03
-7.149746720887824314e-02,8.492774250707356420e-02,5.520849796421357231e-02,-2.759497996968594130e-02,9.873747551533453015e-04
-5.659697597616501763e-02,6.774284408847351668e-02,4.679935670026826033e-02,-2.012468486218435548e-02,7.138678938731353799e-03
-5.427069061040791509e-02,4.997717910233731575e-02,2.558847037675091030e-02,-3.322293225145378070e-03,2.011743060264935615e-02
-5.447356682682217427e-02,5.871263057858625706e-02,1.312087852542189077e-02,-1.830704235618486192e-02,2.108084844452520409e-02
-6.519099258364252636e-02,7.074035070864795327e-02,5.950869853455806151e-03,-1.804393360818506639e-02,1.755859918963095095e-02
-5.247530726777982490e-02,3.967140961064174326e-02,2.921576600674030341e-02,-1.989007088111943732e-04,1.346512856785275075e-02
-3.068095502112492406e-02,4.254623829706002253e-02,2.450774075319600911e-02,-1.883137723095975267e-09,3.355976716037286853e-03
-3.146767635375117417e-02,3.726484205873643873e-02,4.593369654677524616e-02,-2.138140198686830308e-08,1.770026853072847898e-06
-5.072262508212208726e-02,5.187378268871780523e-02,4.346748836650975861e-02,-1.184323379961958527e-03,4.696712832447807609e-07
-4.199438665710159696e-02,5.448296892959181292e-02,6.839034832966200961e-02,-6.321045883252108611e-09,9.151774802496192702e-08
-2.710317670262113801e-02,4.309508770706130254e-02,5.329722833948878635e-02,-2.716484834945812476e-09,2.174681754628294416e-07
-1.834357524966409234e-02,7.296021353079054639e-02,2.381535179490586879e-02,-8.404680159597538027e-09,8.444154824028075861e-08
-3.982168612340278302e-02,9.613861835674351874e-02,3.269249136773071801e-02,-4.408724264934550170e-05,1.218483560833221691e-07
-6.255576594829962735e-03,8.010061655346564780e-02,4.568341065031165243e-02,-2.750683282234827350e-09,1.386622897095071334e-07
-4.667015535872789771e-03,6.524620695681697391e-02,4.586867130397170866e-02,1.174837460035403563e-08,6.030313040586481261e-04
-2.048496028617874734e-02,5.926344825931485066e-02,3.404932803810731268e-02,3.412624513024637794e-10,9.254946918826568655e-03
-3.606772757347338071e-02,6.658100695298353744e-02,6.223493719227032178e-02,4.647972076752309612e-09,1.384139369406106601e-02
-2.034596400412175266e-02,5.866667916759106538e-02,8.901237790551967677e-02,-1.412700606223867895e-09,2.620299557269373594e-02
-2.052974868167669294e-06,3.679498092825175815e-02,5.923557519849285274e-02,3.452303743750570521e-08,3.997776352305067171e-02
-5.762723524370295426e-03,3.556587195608241353e-02,5.449791442535029812e-02,3.573301014179364174e-09,3.299837357175935959e-02
-2.051460634838010375e-02,3.844309449037353749e-02,4.862975524518554915e-02,1.717428681220400196e-09,2.556491876745064021e-02
-3.103959125810624390e-03,1.055330602398292343e-02,4.813183170605384725e-02,2.358979291528996210e-09,3.387083177376525034e-02
1.360200928463452484e-07,3.299061263918904446e-02,1.965368092027645550e-02,7.175751901914737083e-04,4.898162199077065598e-02
6.884712490935530432e-07,2.748758840268108669e-02,1.020447656773742445e-06,3.908171218782417744e-03,3.043674997537274690e-02
-8.112234904840146996e-06,2.486855624415585178e-02,8.249594371962520531e-03,6.464988681846996037e-03,7.918945239015855869e-03
-1.123016042756446131e-07,1.407778553619811954e-02,3.294111149211844886e-07,2.344638731881762417e-02,2.123946890930354311e-02
2.929385816924551276e-08,2.236204956068033148e-08,1.133689194427096561e-07,1.742674924803159359e-02,1.917193496655770352e-02
-3.815485012651765688e-08,2.839602228231103169e-04,3.716990293300580194e-08,2.023930530859277436e-09,8.249166796769201448e-03
-1.489598338633619612e-06,1.829126843384012132e-07,-9.935608580052871795e-10,4.645693770384629424e-09,1.148794792404628749e-02
-4.210306019205855580e-08,-7.096238518668927639e-07,5.641860529601690705e-07,1.558216920990733857e-08,5.004905127245714430e-03
-6.264039338587511688e-08,-3.444184914316895073e-03,2.358090295868839597e-04,6.554530800526600502e-09,3.093967343592015501e-03
-1.644679524773209845e-07,-9.746118549097763364e-04,1.302972290558096267e-07,3.078155721530092649e-09,1.770239633940271645e-03
-1.424937421620760710e-07,-6.100519804929651138e-03,1.885774267441637370e-02,-4.569352080810422415e-08,3.236341360807571104e-03
8.434257508590107519e-08,-5.425609519332972967e-03,6.572218233073525220e-03,-5.797230307182306994e-05,1.459037501147593396e-02
2.139291584581542310e-02,-4.207042637899303938e-03,9.302246204415826851e-08,-1.748048323107277852e-09,3.475246745540307158e-02
2.397257545972342890e-02,-2.452902574476538428e-08,2.857433840252542242e-08,-2.389105915033731386e-03,3.671551759900567452e-02
5.018439316866872557e-03,4.317492038019801748e-03,-1.152529111574163165e-08,-1.040137514105738369e-02,3.578330521595986941e-02
1.348099492747483787e-02,-1.217114084870060877e-07,-3.990671132710872391e-08,-1.188317481301034550e-04,3.285212555829892384e-02
1.911329186292815008e-02,-3.846426980430947881e-07,-8.446644287546458624e-09,-7.372475280565453192e-06,2.823532252799966502e-02
3.824771936834849700e-02,-2.080699634548738422e-06,-5.956277199087022444e-08,-1.575551035657481516e-02,2.741416080995060997e-02
1.601490070520597553e-02,-1.683861779379694284e-08,-5.754942387948144988e-08,-2.723421543387616675e-02,7.615855673746311713e-03
1.092857315903137012e-02,-6.264128331752587024e-08,-2.639792083334874040e-07,-1.025767741698291498e-02,1.416506908936618694e-02
1.639318802087130073e-02,-8.732744206002326695e-06,-3.057530055225709739e-02,-1.458312280371313642e-02,2.583596682659311181e-02
1.599042082294052994e-02,-1.651743959995086901e-03,-2.328852207868699689e-02,-2.007559023640956633e-02,1.046375235559320396e-02
1.129836364475918117e-06,-9.730611853687080586e-10,-1.821539611030619649e-02,-7.142200457208834619e-03,2.011880598467332732e-07
3.663802611517363932e-08,-5.761511496882459472e-07,-6.583665215475996820e-06,-2.633665471385162484e-05,-1.463183064034083071e-07
2.439122761792481011e-06,-2.831034748353387139e-03,-5.183397720814673752e-03,-6.737274741115224197e-09,1.032151891949898023e-07
7.151231205571901865e-07,-1.683081629497218141e-03,-4.042299059586613487e-03,-2.101364340426324214e-07,2.321612265286672589e-07
4.965546569399195179e-07,-2.439438261828596511e-07,-3.382204761249075695e-03,-7.566327815992922175e-07,4.710922227738530064e-06
8.994539974600775968e-05,-4.395939406994723263e-03,-1.164879292514115795e-02,-1.008677151041633924e-08,3.136590277725451441e-03
2.056758840717375601e-03,-2.244294432017287025e-02,-1.815839061453586659e-02,-8.907806761019921671e-09,3.010599451932947015e-07
1.540504516897013801e-06,-3.914972316058857454e-02,-2.792417851170142865e-02,-2.766951544647907636e-03,5.577194341286275436e-08
4.139121159112995986e-06,-3.208578123125211540e-02,-3.841674707822208962e-02,-1.939839381986724690e-02,4.255097815963608550e-08
2.647947963041749099e-03,-4.701570862405542173e-02,-6.531881085646343718e-06,-1.972714632978895058e-02,-2.280704409783686569e-06
3.159490829070275841e-02,-5.409621231446994083e-02,-1.837530594155047265e-06,-5.503989527761957330e-03,-2.317438100904308224e-06
1.889735823034262643e-02,-4.331115301213017688e-02,-3.303191342117946933e-02,-2.640939529003665659e-02,-4.980703579663271763e-03
2.053612361710882107e-06,-4.968852734575535113e-02,-1.713811396056710338e-07,-1.007961584867199216e-02,-8.464982588678372380e-07
7.616247763551242667e-03,-5.693768811166357441e-02,9.893514749241441418e-09,-5.385634929933757174e-07,-1.227921314614458454e-07
8.193407402704504933e-03,-6.540950446154676634e-02,-4.546072564072002545e-07,-4.679491352383155688e-09,-3.341195885507231052e-08
5.109630235734938068e-03,-5.071878118688284004e-02,-4.666661884816859437e-03,-4.812598711499794203e-09,1.069477452239948327e-07
5.067546375993435138e-07,-4.749221271687562029e-02,-1.163796903970755074e-07,2.289557794204663671e-09,-1.366503609483265254e-07
5.253907057994301780e-06,-5.686752507044446486e-02,-1.548586817295085334e-07,1.437848510010404002e-09,-2.570981473965360863e-07
2.579513651986296285e-07,-6.765302710305112766e-02,1.867578270103077275e-08,3.445943077720789707e-09,-1.515801001489714731e-06
7.416543094055588123e-06,-5.771336530398285536e-02,-7.552400613013592653e-05,-9.119936601632146044e-09,-5.158514792978906825e-03
1.156730042322783189e-07,-4.607542775006035624e-02,-1.221066435908464382e-06,-6.337254536638157153e-03,-1.096902283067677925e-02
4.634932469165613280e-07,-6.554338685989076485e-02,1.666586453371556576e-05,-1.175836146334181651e-07,-2.978448096228341994e-03
-7.100527119745940405e-08,-7.889695560073707592e-02,-2.383676816545535128e-07,3.839974515986510362e-09,-1.855139227782160111e-03
-9.204310639648985741e-05,-6.505142539914678113e-02,-1.210507972652876199e-02,-1.159673562285255482e-08,2.114436401381066459e-08
-7.787756502848182820e-08,-6.986212329117753861e-02,-1.244630692695730158e-02,-1.846868997919426545e-08,5.454706479802347457e-08
1.223083615674738771e-07,-6.975881277218820564e-02,-1.972425585552492130e-02,-8.424908643378604319e-08,-2.231038742249781745e-08
1.588944535474211506e-05,-2.967397965430273576e-03,2.314498688803743368e-08,2.892398743850979614e-02,-1.161069029949160429e-07
1.536687834230998097e-04,-1.344785018771545682e-06,1.403575885851830940e-07,2.556922554239074094e-02,6.959322820676882779e-03
1.600086844887587948e-07,7.235763405555920805e-08,8.325356520985970413e-03,3.075889033400136530e-02,6.870442842780536156e-04
-5.788326554498321974e-08,6.496781723008126780e-08,2.278997923463909996e-03,2.215176455297478489e-02,2.260888450538309826e-08
7.199143738182688466e-08,2.714441385478768678e-08,1.535495617071279233e-02,3.370564015134070585e-02,1.094565228226334603e-07
1.179865365310762582e-06,5.114808694529923472e-08,5.018391938124631968e-02,3.888577368705994214e-02,9.121574434279406579e-07
9.089550837806395522e-08,2.477110772026983279e-08,2.905873713432841760e-02,4.013044302555091730e-02,-5.032821940354700427e-07
2.724091306325773874e-03,9.069329093727782469e-07,1.401073291541410012e-02,4.326909473365310455e-02,-3.928007209713295464e-06
2.639808798694986780e-06,1.889234621872864081e-07,5.058898608980579720e-02,5.501647653438675178e-02,-2.479687083333379990e-07
2.979387878915126857e-07,-1.530324372371646596e-07,4.557878855756648806e-02,4.975581638182202671e-02,-1.512782789962012882e-07
1.922191582186901688e-07,-5.011666317428318294e-09,1.500319025167735909e-02,2.569838178483363142e-02,-1.239934914000046136e-02
6.356790242958214311e-07,-1.063245956990587340e-07,1.102945358516425195e-02,3.249871122357970987e-02,-1.220728299936810202e-02
9.136958610398180497e-03,-1.357283519372436888e-07,3.254377756872423814e-03,4.332986175925410827e-02,-1.771128691377107612e-06
4.271480928145049427e-02,2.157637643685330006e-08,1.368440223250765327e-07,2.236302117858648617e-02,-4.299819112427226246e-07
2.125414949373913634e-02,1.663000789301922252e-07,2.227374856395968744e-02,3.072942668625886636e-02,-4.338172440689661388e-05
2.275389333166228517e-02,2.194698292279822008e-03,2.275720551079271216e-05,3.841171592858550615e-02,-1.866246367599880968e-02
2.895785015134193577e-02,1.327707725914754953e-07,4.229975637826881990e-03,3.873493498254772238e-02,-2.550840916243059947e-02
2.195025429350913257e-02,-1.302919020384761131e-06,1.987483883190990785e-03,3.989922389361297284e-02,-1.974731546138749905e-02
8.696208699917058749e-03,2.610935267811307628e-08,7.874686724132863770e-07,5.003803077485621115e-02,-3.079866051246084660e-02
1.200963501994110026e-02,4.264432349014390158e-09,2.875495949853151476e-04,5.691521615062523215e-02,-3.592716340613206355e-02
1.430915051933594716e-02,4.490870836116514246e-09,9.666117298900302367e-06,6.407123318878629736e-02,-1.406246048415997658e-02
4.274129441283830413e-06,3.822806487995624952e-07,1.280777332691802111e-06,5.029953559663254831e-02,-2.619279321099395622e-07
1.826547077835677457e-07,8.945565193625553899e-03,7.108902336446377926e-07,5.733180146720970316e-02,-7.957014521944302332e-04
1.257298609465984110e-07,5.404645602542747300e-06,1.611251910776894250e-07,6.263523457416528273e-02,-1.398611497272841085e-03
5.499807903459156684e-07,7.420549510313927524e-08,2.493332987991745425e-08,7.795198772375952490e-02,-4.514160198897525754e-03
1.618466722656903417e-02,-2.733923936477401834e-08,7.997991688304249835e-03,9.499227925546931128e-02,-1.707695513999544547e-04
1.100407430207344869e-02,2.419487057121847000e-09,2.165780317252551795e-02,8.974652551658703070e-02,-1.106374594799216377e-02
2.172993392991803829e-02,-4.098582081364034362e-07,5.679134140360183068e-08,7.817936824726254286e-02,-1.551705008938829809e-02
2.782445176942053081e-02,-2.062186992926044390e-02,1.617867749777046268e-03,7.902085928669901060e-02,-1.673890834079971510e-02
3.606171156112795984e-02,-1.476716711629583526e-02,3.611322504650835586e-03,7.999296498568549130e-02,-7.143378957627077169e-04
5.223716019987754977e-02,-7.804404709508235240e-08,5.421403778365031635e-07,6.808651824069592018e-02,-8.545476354993922386e-07
6.119921358521347721e-02,-3.464909318895245834e-07,1.819565381749107408e-04,8.250064968249834485e-02,-1.942668271846871575e-02
6.572475046083887940e-02,-3.490919335848676440e-03,3.522214959493196237e-07,9.615702988440864851e-02,-1.767777170659943012e-02
8.925975436829583498e-02,-1.096296042698090105e-02,9.821789891262495270e-03,8.094453930433741229e-02,-1.218998062153653188e-02
7.971678510797189365e-02,-7.970378689262771826e-04,1.238385146807930923e-02,6.863224790339161885e-02,-7.483959795021755991e-03
7.642134617754356429e-02,-2.001002978097168525e-02,3.839418426272921895e-05,6.813378031823620617e-02,-1.255887953329085397e-03
8.487247021973011452e-02,-4.078659633561516201e-02,5.005006324241227156e-09,7.755742473330264064e-02,-1.442967574121744149e-06
7.173353140151114693e-02,-5.229771832742745319e-02,6.816199870289336940e-06,7.096670604160444651e-02,-3.314632665411856888e-08
2.927994346513700455e-02,-7.854494136080811609e-03,2.736120618236753677e-02,5.138282646650386976e-02,-1.305997483741382683e-07
3.482308511565237324e-02,-2.962951485607693072e-02,2.027252817182079517e-02,6.280716213007420112e-02,-1.527853296607745086e-07
5.479007558739187184e-02,-3.862086022537659924e-02,1.384362000360105267e-03,9.962514641853480180e-02,1.367001839279882025e-07
4.216983708381771834e-02,-4.851172640551393300e-02,2.372707487167697790e-02,6.473895578943784923e-02,4.558823080471716199e-06
4.486242560675249985e-02,-5.503136207048426459e-02,4.460734896793814436e-02,1.260018380402174766e-02,-4.758429371384285264e-06
3.729628961813979265e-02,-4.132122568306577370e-02,4.927923142249465011e-02,1.110194811395482752e-07,-5.842772987969527265e-02
2.599683522831399210e-02,-5.538686377849015574e-02,6.894502787775237673e-02,1.572469025332665776e-02,-1.109062491793825073e-01
1.232605496100224601e-02,-5.607027805749657118e-02,7.641985205733366204e-02,1.009623939594594159e-08,-1.519529388901754707e-01
1.938774530912027935e-02,-1.862811165145066353e-02,5.603350823596368879e-02,-9.579485539605930700e-09,-1.720594656815784829e-01
3.330524118271131762e-02,1.136679373740429031e-05,8.317525854266717700e-02,-3.270046242578324852e-02,-1.872838944719351084e-01
3.923536087481037382e-02,3.707806677865128214e-02,8.296246195742386365e-02,-8.888134680563211654e-02,-1.777351856605346725e-01
7.144306492508221973e-02,6.190473628137119905e-02,9.119681983813887616e-02,-1.288787647136432624e-01,-1.584547127768619335e-01
4.535405151450203759e-02,7.152172224338952666e-02,7.355470710272266066e-02,-1.282685471895111395e-01,-1.441237105896108206e-01
3.404313696751525703e-02,5.090709500468525855e-02,1.937885075915566149e-02,-1.300457817942131666e-01,-1.486744009789152388e-01
1.922760264150113682e-02,1.865597373048185834e-02,1.394995217192395061e-02,-1.307707281689449719e-01,-1.483480616741511271e-01
2.116615121357387497e-02,2.623318143732866333e-05,4.902693161734183914e-09,-1.112037508800723662e-01,-1.125129020101025695e-01
2.051899799653588395e-03,1.155320320717731933e-07,-6.627683205727209759e-02,-9.678813225582887092e-02,-8.628230133921230283e-02
1.349869746879177844e-02,-2.858794492844927526e-04,-1.578344647203583362e-01,-8.344384523750066063e-02,-4.412094376050313543e-02
3.642274642832402792e-02,-3.480740717398802392e-02,-2.099889676710432751e-01,-8.543193334030073360e-02,-4.522898159772362043e-08
5.801364366927613120e-02,-5.716382888637594473e-02,-2.182887735335337087e-01,-8.910127959289865229e-02,3.798302871835643885e-02
5.166422778271501787e-02,-3.891122578887952488e-02,-2.106560726367255887e-01,-8.733977542853231524e-02,8.631600045071065319e-02
7.984995955421361757e-02,-3.066096978163281028e-02,-1.929008203723757975e-01,-8.088786169388659242e-02,1.282850282056005597e-01
8.385237369396336682e-02,-3.117885106984166418e-02,-1.345857361735823265e-01,-8.706000032070226879e-02,1.587199847608209979e-01
9.939607623429638772e-02,-3.066998005339385824e-02,-4.984401133999030731e-02,-8.981934168350924619e-02,1.854499859270269946e-01
9.016665013742859724e-02,-1.390717942900817662e-02,-2.589532381566116495e-02,-9.004612070539502744e-02,1.769523470791528053e-01
8.442256598854105953e-02,-2.185377317310069345e-02,-8.940180573910777237e-03,-1.094561554773408191e-01,1.629986697549639096e-01
6.173798873612176830e-02,-5.898806429216351538e-02,1.953089263323746355e-02,-9.052584204038888194e-02,1.536710983127270724e-01
5.257141011316481677e-02,-5.038328535794728974e-02,7.915724387935749173e-02,-9.525720445097896061e-02,1.300358159937338443e-01
3.230910884838392172e-02,-3.537588184472511416e-02,1.119748269956195863e-01,-9.009479563578104422e-02,9.627423920110199373e-02
1.174411819657881183e-02,-5.441359246204763300e-02,1.350276204198927743e-01,-7.968923907018195252e-02,6.088432034622510980e-02
4.675361746714563657e-07,-6.226389105094302240e-02,1.917037434728884882e-01,-5.592405168170651308e-02,5.499081960721186740e-02
7.165298284820383862e-08,-6.425756972481273810e-02,1.857421395221589000e-01,-4.575050670205835224e-02,5.010859350098361559e-02
-1.800259682378957842e-07,-6.603877365786267606e-02,1.678094877477775415e-01,-2.994285284554537574e-02,4.532550241722514001e-02
-5.070020119997867262e-07,-8.107282958570924403e-02,1.324764525035772855e-01,-7.600958267251597261e-03,2.945209812945380826e-02
-4.013207448918050395e-07,-1.159438158659118756e-01,9.278142549126477956e-02,-8.594717959322740607e-07,4.042299300015334690e-02
-1.200999352728877347e-02,-1.345118919443172856e-01,1.214177731210979022e-01,-1.274336169933029292e-08,5.528687262868228064e-03
-4.151404476786160758e-02,-1.331695782735839162e-01,1.035254643435205568e-01,-3.527604216324001541e-08,-7.913708681708637215e-08
-5.172507312077579550e-02,-1.485861578217133050e-01,4.660678118193694458e-02,-1.013798193134409394e-09,-1.330469579764100366e-03
-4.854659914316331037e-02,-1.612592557582696873e-01,2.058705118881223024e-06,-2.214722761660492567e-09,-6.072181281412624301e-07
-3.071066668359412680e-02,-1.686460791285198102e-01,6.213463556088363783e-08,-2.620290192928821633e-09,-3.020777120225180807e-07
-4.041551670602750584e-02,-1.697762682812563595e-01,-9.043561893895013006e-04,-1.771196231751284916e-08,-1.946175442301610950e-02
-3.931070696969081457e-02,-1.736415831661761444e-01,-4.666340374248840323e-02,-2.202923704430793054e-08,-4.028087894663345131e-02
-3.596748842765528503e-02,-1.631725902290368513e-01,-3.708798588328858503e-02,-1.793660681692787811e-03,-3.739135186373176989e-02
-2.814708914984238863e-02,-1.485775044462083194e-01,-2.663440548331552984e-02,-4.758067213246576152e-03,-4.256924395443800746e-02
-5.043686999646886104e-02,-1.163808488132360430e-01,-5.055509322342077727e-02,-1.492301399778180453e-08,-5.159576241764341625e-02
-5.291005070416621853e-02,-1.030180520365705232e-01,-7.513742880525521584e-02,-7.611441043180764653e-09,-6.261571892458905886e-02
-5.094064384683002350e-02,-8.977444149203983592e-02,-8.354089440169126801e-02,-2.486937201355876444e-10,-4.405261752158510374e-02
-4.535969273708765487e-02,-8.697810344709315522e-02,-5.077708437335115566e-02,-9.535993027304864332e-09,-4.636269816272353683e-02
-6.092344231932324272e-02,-5.856472800050312177e-02,-3.416356629279913154e-02,-1.228211285016114882e-08,-6.596002235994957719e-02
-6.919879497347276864e-02,-6.386800515508482545e-02,-4.214458438375270899e-02,-1.347292707936086685e-08,-7.344080097379991623e-02
-6.036503739492507514e-02,-5.493453099608577167e-02,-2.165297542866728708e-02,-3.267273645937345553e-08,-4.627472400887268356e-02
-6.032195755078603727e-02,-3.969506379885724690e-02,-9.345830244594946143e-03,-1.832637731420649379e-08,-2.073937014822185496e-02
-7.301999518294544078e-02,-3.248592011113590056e-02,-4.517869882139784356e-05,-5.017008085601575576e-08,-2.201359699006940132e-02
-8.206513696249509437e-02,-4.518908593846773097e-02,-1.280044413137866881e-07,-1.147022293212008985e-02,-3.760946858440631507e-02
-8.927570012076337103e-02,-5.078252874636225711e-02,8.717129813866829360e-06,-3.158081746549254443e-02,-1.654401977744786312e-02
-6.993070248015274826e-02,-3.390443505700168475e-02,-6.162443804349704480e-10,-1.813079329404226891e-02,-3.343985096043967866e-04
-8.234914726254199957e-02,-9.930194560994190164e-03,1.375483291892835783e-07,-3.325896412900259530e-02,-8.263968515358653330e-03
-8.835405564054225891e-02,-2.516743741020369476e-02,1.121720541938203523e-02,-5.028490528766851181e-02,-2.599499980279261491e-02
-5.575088817123524665e-02,-9.721463560998597903e-03,2.192779255197237903e-02,-5.629276150945380225e-02,-2.527338291504481124e-02
-3.695493905917177080e-02,-1.919892935618412689e-03,1.443252465736859051e-02,-7.102552841203038647e-02,-2.514664196900607412e-02
-4.768419638348660172e-02,2.425105567302576542e-08,6.109581057493610780e-03,-8.309813941978903828e-02,-1.158123346437202675e-02
-2.483598307309983766e-02,8.263844860502227270e-09,1.370875802939861587e-07,-8.137481018771275387e-02,-1.789640428573893716e-02
-2.853968047184167814e-02,2.514542835100542602e-08,8.488440566688364931e-06,-8.311973200087505176e-02,-2.212848604425825925e-05
-2.794497503325509002e-02,6.640577883440176155e-08,1.015805350200001643e-02,-6.690247541083023386e-02,-4.750924636283820746e-09
-3.243148481880982203e-02,4.288539010328419609e-03,8.503362466047610646e-03,-5.773096116278205597e-02,1.172179131294141537e-07
-3.817441818108109619e-02,1.139260771418766985e-02,3.424538186985065723e-08,-3.749526744574495363e-02,1.070362166446180090e-07
-5.151072898701763297e-02,5.734095903572849172e-03,2.465730485500187107e-03,-1.389393047875039228e-02,2.447490984659816514e-07
-3.334229455386996527e-02,3.911630843772152984e-03,1.904212481554613465e-02,-1.530652320729218412e-02,7.130356785742862078e-06
-2.578994086479312331e-02,3.818392480143177614e-02,2.827503669922851442e-03,-1.128632109668784890e-02,4.793340377859884108e-03
-3.186342614035356235e-02,4.677997574427632255e-02,1.938568800656534363e-02,-1.214118440345304979e-02,2.574734862854945877e-03
-2.296422746224401415e-02,4.015552458395291874e-02,4.842612088635552675e-02,-1.220201507829690377e-02,1.154969059296372287e-02
-2.633729228179606391e-02,3.459677092463902398e-02,4.257074339408509212e-02,-2.154446068094503092e-02,1.161592241850221800e-02
-5.174903652848315133e-02,4.991736724377967421e-02,3.058033512252753341e-02,-3.137551819626164390e-02,1.076869580723199306e-02
-4.949915014274392649e-02,5.949158926440628603e-02,8.084486553618064689e-03,-2.206971448561742891e-02,1.388610074417228361e-06
-2.377967828582568804e-02,5.000747115230857326e-02,3.289735711279173636e-02,-2.113829962575883986e-02,2.581570334202239011e-06
-1.777880241156093097e-02,6.711657906623735848e-02,7.440912793625742427e-02,-2.314484281244436753e-02,8.353442324606479702e-03
-2.465246403351317728e-02,8.745435214035568450e-02,5.935761204142277897e-02,-1.592832091449081569e-02,4.236368155841870563e-03
-4.146022800359725896e-06,7.994201855063846895e-02,4.355061072806944156e-02,-2.829983246545124918e-03,7.560022278268150285e-03
-2.512792082373397533e-08,7.780711694640299325e-02,4.599048881328600402e-02,-7.520308658843396360e-03,1.911332344657729054e-02
-2.250533189298711672e-08,7.063662718869985480e-02,6.730532677975965827e-02,-1.305408369324601546e-02,1.788233143790105700e-02
-3.504647958799895759e-07,7.121482532706638335e-02,7.037410992576753621e-02,-1.511003559409102547e-02,5.477420524006152043e-03
-1.936465153843485701e-06,5.504123610936222100e-02,5.672673205133030999e-02,-3.104235364139107216e-03,9.485525913531397708e-07
-3.190808403326842168e-05,3.579371946831227252e-02,4.478768092698994646e-02,-4.892991413792358359e-09,2.753116226571233460e-03
-2.306996555215845915e-03,5.443932684686546980e-02,6.353472389530467890e-02,-8.607371930525199656e-09,2.175686455779044700e-05
-1.153352481848186374e-02,6.768996769202627328e-02,6.696835731712787176e-02,-1.022562915529115686e-08,7.455286509808494886e-04
-2.563777502783746217e-03,6.298632152448298271e-02,1.346398522182467271e-02,-5.167756214329758904e-05,2.843808541982764207e-06
-3.307146212155628959e-03,5.370514074512336422e-02,1.300864037850028507e-02,-4.091641615973232259e-08,1.164699179821170841e-06
-8.307989855595493758e-03,4.380746301875519666e-02,8.613428483614151560e-03,-2.330960270157590780e-07,2.799657553398002870e-03
-3.789827009060225266e-02,5.065252631369368541e-02,3.536095235393375315e-03,-1.522788030254473585e-03,4.152109093505124154e-05
-5.123547670245966190e-02,3.641171551535742068e-02,9.847008647858049302e-03,-3.024002717338213459e-09,1.095664103777427287e-07
-3.073102881464773867e-02,2.975207244279272356e-02,1.034222608045121691e-04,5.275915286057502542e-09,1.838840720884423423e-05
-1.789515947544183944e-02,2.803320102181486306e-02,2.502328857576488967e-08,-8.064945335066511062e-09,1.346042012627441829e-03
-4.402604035485142148e-02,3.820457301671811162e-02,-7.091097512712741052e-08,-9.644980047470770308e-09,7.911291365345336476e-07
-5.975990235963263286e-02,3.532941931598854168e-02,-1.056155266347624527e-07,-1.432853698864775849e-08,-9.392324532535800961e-08
-5.148737964314309412e-02,3.810075714884010589e-02,2.510441382745673235e-09,-7.838809038731643856e-09,4.885124088573056287e-08
-2.602645400605796758e-02,4.302182602665188815e-02,-5.574254390421261327e-07,-1.701721623434752503e-07,1.063905758697597297e-06
-3.802487228399093616e-02,6.133061654861794720e-02,-3.023903568809253999e-08,-6.300433532536970716e-05,3.348386621448169215e-07
-3.046244559292805507e-02,7.540778581335866315e-02,-1.442362850598239818e-08,-3.182616890043761422e-06,2.230305747180214884e-07
-3.251327098451616687e-02,5.878915087083228658e-02,4.192711621200085302e-03,-1.188621155745384672e-07,2.327620586385092255e-03
-1.748472128295695469e-02,4.694871373606294973e-02,8.363274828723095717e-07,-1.879051914789948291e-03,1.930172955096095405e-02
-1.299363912006030498e-02,7.171388653114461886e-02,3.534523743419230745e-08,-4.089442121578828158e-03,2.726513366427401816e-02
-1.098171251942287908e-02,5.764649198169293637e-02,3.484650864167520534e-08,-1.362339426988169935e-08,2.225594358145037421e-02
-8.267018502616033104e-03,4.755916688447112128e-02,-3.165378434901420585e-09,-1.162668357092806823e-07,3.286253820740420856e-02
-7.986368439203675364e-04,6.102598800260570361e-02,2.369443546914595649e-07,-1.190066244372475005e-07,2.313414426783107908e-02
-1.053165206517239078e-02,6.536140119984475139e-02,2.218214511786899788e-04,-1.341002948331395729e-08,1.683209751735981197e-02
-1.378507840234150308e-02,5.929945572242939500e-02,5.817489199364148028e-07,-5.846368311139677521e-09,3.386833470259209295e-03
-1.665979973257536439e-02,3.642460485951584670e-02,1.823624012680682971e-02,-2.986346134283837758e-09,1.464126553890967262e-02
-1.447028148271056573e-02,2.286423039758618894e-02,2.305521959321447586e-02,-5.565178564639636745e-08,2.964561378665108923e-02
-1.285976221331270979e-02,5.612380842839190948e-02,1.943588673076821329e-04,-2.488100190661824746e-07,3.236482627468745960e-02
-7.836391117014949656e-03,2.676927077838320637e-02,-8.093648850679959948e-09,-1.096648922074015626e-05,1.259426888885435691e-02
-5.307072790714245110e-05,1.461234055577579835e-02,5.691854286852436236e-06,-7.071016271467812786e-08,2.345830563366636465e-02
-2.696706844046276373e-07,1.197835668852173692e-02,2.513495667472649686e-02,-4.767140675834288109e-08,1.480054020849942004e-02
-1.430777729333905686e-02,2.121969079597378974e-02,1.052064393994085224e-02,-1.188068601545309681e-02,4.236342476771746035e-05
-2.716741658582897193e-02,5.151154911015495483e-03,-8.695988734996646331e-06,-2.800867741662910193e-03,8.745410226528574013e-04
-5.463299032490360655e-06,1.375753760492180539e-08,-4.001539680126095337e-03,-1.746929551277491222e-07,2.222198915261984140e-02
-2.704217653724437184e-04,1.546132430211283543e-08,3.186528534226267027e-08,-2.058593303787115483e-02,2.689351872105754868e-02
-7.144216255320930538e-07,1.790453345158083353e-06,2.476289661877293432e-03,-2.624809347824432620e-02,1.901831993473753618e-02
-2.345873965581060537e-07,4.643832469039846540e-03,9.611863446101140390e-08,-2.583514663100033512e-02,4.084688004563540899e-03
-5.063707709011253990e-08,5.865696784280308336e-03,7.523590893611085441e-03,-3.748514518665243406e-02,1.469276643752101888e-02
8.790250058109078289e-08,6.393434687766935181e-07,1.373606945832392921e-02,-2.212313915870057004e-02,1.489021759715144534e-02
-1.405463202194207511e-07,3.770035777811497641e-03,1.904785833268277328e-07,-1.684842862643527034e-02,1.692710476483058959e-02
1.588591951815719406e-07,3.744410916041505770e-04,-6.857458730226291196e-03,-1.639721663791971970e-02,1.550963721732070803e-02
-1.078924418243899658e-07,-4.592356825105203179e-08,7.621399624206528291e-08,-6.703064870261457196e-04,2.181939118345321837e-02
-1.153583494296048291e-06,-4.490755924897862068e-08,3.984145555246612494e-04,-3.495187755672151558e-05,1.343943618904537909e-02
-4.588841759513542957e-03,2.091223807901268147e-03,4.188127993146239478e-08,-3.566606669557735276e-08,1.436774036917597488e-02
-1.696955400546200636e-04,1.273369403197157538e-07,-6.445624939100426031e-08,-5.424616169798679633e-08,6.510070667293018330e-03
3.736530479082754171e-08,4.205332881335809837e-08,-1.154876674342144780e-04,-1.199538427070744600e-09,3.763537752633918472e-05
1.977595810052009750e-07,-2.735981131759912041e-08,-9.641945022672834874e-05,9.014025187333940246e-10,1.158154572649293217e-02
1.229075884200885881e-05,-3.527132285778847440e-08,-2.627927032494023371e-07,-6.582495059581049029e-09,2.904526755671749810e-02
1.443359528084483024e-06,-7.507609406282218963e-03,-3.919983346373675117e-08,1.036473020290189735e-08,2.187777944353823043e-02
4.971534889954214815e-04,-1.989109835285764877e-02,1.262136754381327485e-07,1.774940692989402649e-03,3.517753580166537580e-02
1.328425930125795747e-02,-2.080040040646819605e-02,-1.317501239473963870e-08,-3.628844815265124721e-09,3.560169524822064113e-02
1.930755867350995018e-05,-2.555523631191233130e-02,7.025386461072176437e-08,-1.028827483589181590e-08,2.389171502485889012e-02
2.690636092304281995e-04,-5.164772787364064338e-02,-5.771883146148557101e-06,-1.589783803224224209e-08,4.838468890608562875e-03
1.581059100737849249e-02,-5.342600029661417199e-02,-1.608871080417758476e-02,1.607274051538884104e-08,2.560582009192328284e-02
2.032503887656287450e-02,-5.505635241878527320e-02,-1.196271814008621412e-02,-8.028995288999502501e-09,2.614217308054003069e-02
3.226234755926164245e-03,-5.124209846287981068e-02,-2.417973134394948477e-04,-7.161390502512699104e-03,2.831643126636458271e-02
2.722713387902384128e-03,-5.861947223282869962e-02,4.244734952600828570e-08,-6.869122251275917249e-04,1.524280904274206809e-02
6.702573101807563979e-03,-7.013196531142479317e-02,3.686825685664216401e-09,-7.415788940436878008e-08,2.960921995946895133e-02
1.720581643188045737e-04,-5.806466039450521727e-02,-4.854892561762205355e-08,-7.165862735514011948e-03,1.965078434331531815e-02
4.737829935083050035e-08,-2.798768246873725024e-02,-1.095053296379103029e-02,-3.891780547983029678e-03,2.407294356260802556e-02
8.340838816084403209e-08,-4.804965685556374794e-02,-4.060237133925476832e-02,2.523121869695559614e-11,1.243017633937844139e-02
