-1.292484697487597675e-06,1.226097776334681040e-02,-6.625866133831496453e-03,4.394165148132601732e-05,-4.433502796903122006e-08
-1.959846192718646172e-06,9.157877984485062947e-03,-1.508504977869893661e-02,5.803194699513369853e-05,-4.201222569748674082e-08
-6.204184618938520693e-06,4.783896806221510714e-03,-7.125966514290639660e-03,1.281014026007810269e-05,-2.303354602560643518e-08
-6.853101982934015044e-06,1.701096779828207423e-02,-3.350855104844099354e-03,6.245264972483438698e-06,-2.481325415043348502e-08
-1.358022642610648554e-05,2.100143767752322282e-02,-3.252837831333202107e-03,7.702475908500303195e-06,-2.820093403712338382e-08
-1.266200085619561442e-05,1.675181031018291647e-02,-1.451558359697252163e-03,4.526107993846329830e-05,-3.598122548200004080e-08
-5.250061156886531855e-03,2.574423610505779253e-02,-2.938981414093121136e-03,2.823888441262726660e-05,-5.097488918901841894e-08
-7.293196439569100790e-03,3.660452848988931390e-02,-4.407225284505968664e-04,2.232833869997758025e-05,-9.327849273380437000e-08
-8.167981721341680337e-03,2.511771150339738023e-02,-5.530415926724752173e-04,1.328726694576563274e-05,-1.190034440407420394e-07
-1.559862910672032976e-02,2.106815027786196337e-02,-8.251127708106908640e-03,1.384460392369075824e-04,-2.275724322165379113e-07
-1.418765011824946014e-02,6.312250598321950297e-03,-3.103542992361498897e-03,4.367418786057570244e-03,-3.661372078182280050e-07
-1.982336442117694011e-02,1.168096370709419997e-02,-2.734205216514164552e-02,1.208863414366109779e-02,-4.436900261615667300e-07
-2.409879363068972991e-02,1.124089317321074963e-02,-3.734497699337762516e-02,9.321403193665266790e-03,-5.427852841925248639e-03
-1.795600969126791638e-02,1.011018092512763755e-02,-3.635824731767741541e-02,1.378391437269584421e-02,-4.793849664544078820e-03
-1.631758672886041497e-02,1.171938945281172581e-02,-3.157791441109683572e-02,2.310423772484127003e-02,-8.188631475554770294e-04
-2.177536207116408107e-02,9.212340951368039321e-03,-3.318480250065727194e-02,1.245985515269981865e-02,-2.742075540004264144e-06
-2.161096481087674756e-02,1.344091502954228474e-02,-3.316276457396511584e-02,1.334251766508099454e-03,-2.096681909806542755e-06
-3.256578695891283043e-02,2.790653132681290578e-03,-3.274941795754052198e-02,4.201318437522225807e-03,-2.742802376193867590e-07
-3.394651987780429592e-02,9.104673326989181151e-03,-3.786234868704879686e-02,1.274420370774391117e-02,-1.829092781530882246e-07
-3.219681270285154606e-02,2.785356175950127848e-03,-3.651432191127242793e-02,1.944509508660888578e-02,-5.438373750275643960e-07
-3.749195018169653587e-02,5.617735355420411421e-03,-3.910972807035250493e-02,1.513142012237354839e-02,-4.220887532080483575e-07
-3.404344695143512317e-02,4.062129724261552902e-03,-4.186568086357580348e-02,1.835465751578915436e-02,-4.305271597896556721e-07
-2.446214123345545263e-02,2.223944296291261325e-03,-5.944099752285544880e-02,1.492008958147266785e-02,-3.483661394698624757e-07
-3.401410648547518317e-02,3.138961445397429450e-04,-5.889329611392211949e-02,3.411471377069089095e-02,-3.605122337061595004e-07
-3.248625173849013087e-02,8.736673741630423824e-06,-5.774445979604701795e-02,2.366688159531042321e-02,-5.515561535490705973e-07
-3.797336051694547715e-02,1.093064872138405578e-05,-6.747141611390876370e-02,1.707234846797994754e-02,-7.617955830391836619e-07
-3.386399366999704591e-02,7.078600582767360257e-06,-6.398271430922912451e-02,2.316772185905236273e-02,-3.172958684707344928e-07
-3.825304732494326510e-02,5.328333723760200973e-06,-6.225071839781609606e-02,3.248880568462305524e-02,-3.352659070274171721e-07
-3.763818625930258344e-02,2.014531628329566831e-04,-7.016337431986792439e-02,3.246750129123405354e-02,-4.381015014327984395e-06
-3.527134186841560104e-02,2.437952011011129208e-05,-6.445948051817772251e-02,1.542367604620434145e-02,-2.646532047604917350e-06
-4.486303087392286282e-02,7.738554458306676816e-04,-5.463491147061781683e-02,2.418425095285708926e-02,-1.218726254591329973e-02
-5.282207579205080994e-02,1.981677428870802092e-05,-5.513932231673342177e-02,4.000392166628530949e-02,-1.736902093862274787e-02
-3.373304850902004298e-02,1.880235279866411009e-05,-5.119306328329759070e-02,3.015284806180753771e-02,-4.882374527727446900e-03
-3.267571794851078376e-02,4.126164628597505084e-06,-6.027456754375052489e-02,1.962368542925110870e-02,-1.673557832658841991e-04
-3.884228372740536339e-02,1.433726709807244145e-06,-6.271099961747829410e-02,2.771662411705045487e-02,-5.494395159276847660e-05
-4.090863760290479323e-02,3.321465474700985616e-06,-7.256933097065097760e-02,2.479938866959549224e-02,-3.261804474346841412e-03
-5.110076482971236123e-02,8.905729856247299753e-06,-8.204786829128511705e-02,1.666741597301639455e-02,-1.667332778312058134e-03
-6.685677523974548064e-02,1.704325707160419047e-06,-8.997518416102978644e-02,2.710662689971076941e-02,-2.554360211438743561e-03
-5.338686657059439622e-02,1.939428759799707782e-06,-7.508111314900373090e-02,1.354925697055126173e-02,-1.541992239063432525e-06
-5.641862847483466309e-02,4.181293717253255299e-07,-6.962419839749346695e-02,1.774254507737662440e-02,-4.800185814407205803e-07
-5.351147957338676930e-02,7.875199335420457863e-09,-6.724517427747403464e-02,2.587005815938800413e-02,-2.414762071397267346e-07
-3.814629729713718553e-02,-4.514221059674328715e-07,-7.279787176284049921e-02,1.779299606542963930e-02,-5.210644517116345797e-08
-2.415385143771715468e-02,-1.217744754433775456e-06,-6.253095272912714830e-02,4.955995011109978754e-02,3.665469705622842174e-09
-3.234000134487241551e-02,-4.085281966944452094e-03,-4.108849262164086802e-02,8.467365472273424842e-02,4.362564158225981599e-08
-4.319284142831181922e-02,-2.007754671430206014e-02,-2.043729605623623505e-03,1.207480761573772599e-01,2.105472965485675485e-07
-3.935180353335457348e-02,-5.338257821426965061e-02,-1.735515767060169054e-07,1.315116979117174900e-01,2.755959956647838563e-02
-4.606011286654979747e-02,-7.997089057865695849e-02,1.355941489254956181e-07,1.348038081921701936e-01,5.573659080347629496e-02
-6.149520534014189799e-02,-7.385248334346267152e-02,1.050716302419132248e-02,1.336230382776265324e-01,7.216423290162031490e-02
-5.203981069084815531e-02,-6.536795707805852229e-02,6.056955752984851532e-02,1.455944076176855506e-01,7.441185422862098275e-02
-4.878952401757301327e-02,-7.837621753021185855e-02,8.588340533096208707e-02,1.492587127123597979e-01,7.383663494540093630e-02
-4.918985061163289041e-02,-6.615203483170450927e-02,8.016787632112412632e-02,1.185818586047367451e-01,8.714051229303027002e-02
-5.299958812315481993e-02,-6.028828819576157599e-02,6.923981404610862755e-02,6.702112031647149137e-02,1.158961120762581343e-01
-3.870364648618500325e-02,-7.368944126171120268e-02,6.392761662295003144e-02,3.200997024123603679e-02,1.397569769739721024e-01
-4.766324779353164898e-02,-8.295958590222725360e-02,6.148303910410172352e-02,1.890840018582069893e-06,1.486813887914802401e-01
-5.162459826995406675e-02,-6.893237839468398243e-02,4.002055579639078597e-02,-1.621801847182762336e-05,1.680821998415011342e-01
-5.732173999155599359e-02,-5.735560923141940631e-02,4.387150798929922470e-03,-7.674635460600469361e-02,1.614285769687001104e-01
-5.714746926562277313e-02,-6.178373405707642679e-02,2.935212169395518504e-06,-1.413501266119390198e-01,1.554194836904105870e-01
-6.705824052365334798e-02,-8.044851455849338917e-02,2.237098299522583341e-06,-1.933619141112879469e-01,1.125617126059759859e-01
-6.092953868282649510e-02,-8.231019816257544031e-02,1.517558744770787423e-06,-1.995754093941656537e-01,3.634282722009560956e-02
-4.690411430720344693e-02,-9.827190978622746265e-02,1.186209966769613833e-06,-1.855119091792539199e-01,6.064066779985521378e-08
-3.035080331537573506e-02,-1.038013334643965724e-01,1.554809597829611581e-05,-1.682595229451778474e-01,-5.449853712842470536e-08
-4.971480808122084351e-03,-1.122258446119777653e-01,2.179408372083130828e-05,-1.415481107938878491e-01,-3.325166269392865193e-02
-5.436877482595768500e-07,-1.116110983810729429e-01,4.777408822266938915e-03,-1.020478781046138678e-01,-8.297457120890806836e-02
-1.722578980771852225e-08,-1.040417285336781295e-01,2.285341195601957656e-02,-7.062971815692836719e-02,-1.165036115138541606e-01
5.352311932926575550e-07,-1.120723701058520400e-01,2.481355523592172416e-02,-2.084728859860651012e-02,-1.221012373713383087e-01
9.558183587889639357e-03,-1.158573500911649207e-01,3.820144952471780236e-02,-2.387623529688277299e-06,-1.263431435804156511e-01
4.728424502885348463e-02,-1.294456849902052287e-01,4.877270618497531879e-02,9.532659634947148131e-07,-1.210593627736377131e-01
5.742142415658948312e-02,-1.293444635882553539e-01,3.334605579193376107e-02,1.246271381678915376e-05,-1.114915880294239103e-01
7.727472805993775007e-02,-1.166823082121320881e-01,1.550562247432623122e-02,2.106619054177797171e-02,-9.894523279304463792e-02
8.937145698372211955e-02,-1.082451166912107854e-01,3.806701228082087784e-06,4.197982036102920061e-02,-7.516850818115419774e-02
9.672168665206765104e-02,-8.917267453403288080e-02,1.868697190380996659e-07,4.728253248695913485e-02,-6.208243607336664388e-02
9.285049908594546209e-02,-7.858283772967641911e-02,-5.214157801051326288e-08,4.249316050354638719e-02,-4.180474587322886848e-02
1.148909453831766930e-01,-7.042229377967640369e-02,-3.163375854285827499e-07,3.346966942187466071e-02,-1.491359963002827138e-06
1.015121610123185247e-01,-5.128880351859541054e-02,-1.730271082735835783e-03,2.810492281722301589e-02,-9.618271138589840927e-08
1.021235343042280336e-01,-2.191327000226548152e-02,-1.959513684797880087e-02,8.496393513530460864e-03,-1.601374268413344107e-08
1.031028319994295311e-01,-5.430387235985371930e-03,-4.801412797527774418e-02,2.254763728547103032e-05,4.770568847208130317e-08
1.093824408157712674e-01,-3.498019847623071830e-06,-5.868365300901529080e-02,1.774147727157510966e-06,2.894323633002474120e-07
1.197144478870710987e-01,-7.760822555292039236e-07,-7.332244984859302706e-02,-2.500411763628308100e-07,2.952257122820147600e-02
1.318866522206015857e-01,-3.030422064280756293e-07,-8.295116645739035455e-02,-2.311001453377839862e-06,7.085209458622035439e-02
1.292256684475291406e-01,-7.211979999800272513e-08,-9.625435616770582070e-02,-7.473851812181138665e-06,9.325214438180796928e-02
1.233785691763302217e-01,1.773656744738365935e-07,-1.007515629820837227e-01,-1.071345279512116513e-02,1.066542289067548277e-01
1.161810777380568871e-01,3.955200990242985421e-07,-9.335135385141564435e-02,-2.524907543183671152e-02,1.042885212897278757e-01
1.120803326514791670e-01,1.943947271475485955e-06,-8.548954223267761499e-02,-2.388549666191326637e-02,9.421007643991551050e-02
9.907455782180403514e-02,5.845401580840024286e-05,-8.091772745295752745e-02,-2.785435275342278139e-02,8.417427032070624870e-02
9.535719471749154463e-02,1.771839883024274934e-02,-7.340498282415398867e-02,-2.915530119659298300e-02,7.663969018272288880e-02
8.489313599936419708e-02,3.448257840258122514e-02,-7.336837243859122004e-02,-3.067125944700423851e-02,5.974441231637449279e-02
7.887159690029627024e-02,3.623245571447236690e-02,-4.719710787376228678e-02,-3.269856316958393017e-02,4.806845652872201308e-02
6.399270117952687853e-02,5.088351902155496820e-02,-3.355676820522682235e-02,-1.883804832436867735e-02,3.440400076441324506e-02
6.108206242160433425e-02,6.102051940007587050e-02,-1.704780499336358427e-04,-2.462292780873745132e-02,4.162769596982447001e-02
5.366320537304995059e-02,5.222216160378943817e-02,-6.324714153448312911e-07,-9.258055057234341675e-03,3.707018111677864297e-02
3.572873709869479886e-02,5.046888133490508993e-02,-1.930828591703523288e-07,-8.635247361244586736e-03,2.755933798341386742e-02
4.025154141817215148e-02,4.921897105029024444e-02,-3.098628898844186466e-08,-5.851085240728203657e-03,3.811764711188219551e-02
4.248853442265514840e-02,4.703061285062424407e-02,9.765934213696993690e-08,-5.566382335673677908e-05,3.541333056466979684e-02
4.253115673670130464e-02,4.106750012138541545e-02,2.417972864090439195e-07,-1.725169343507664346e-04,2.254689630110074533e-02
3.717147480042718583e-02,2.817135400558299155e-02,1.617053174744500579e-06,-2.064978786669034033e-03,1.344403158757310340e-02
3.683680731414207266e-02,3.209236559525730642e-02,7.035539587673208433e-05,-8.276609002135714224e-03,2.258030418666955348e-05
4.266998386807937388e-02,1.971112933282574003e-02,2.143527432776715438e-02,-9.657934595375659327e-04,7.601223864183200648e-07
4.256068504710121270e-02,2.587371322861989342e-02,3.285163358889966329e-02,-1.206022863949192565e-02,1.845573181252614474e-07
4.301054518604310872e-02,2.728803773325286230e-02,4.661162160885199551e-02,-3.552086345307734101e-03,5.486416645979353233e-08
3.134596981496878820e-02,3.459381104778094795e-02,4.255013197449780682e-02,-6.020500729484224572e-03,7.844589955018073901e-09
2.757369416327495187e-02,4.931056637009249843e-02,5.591377574469125894e-02,-1.034253240223823424e-03,-1.216617777101173831e-08
2.394408293128865231e-02,4.731831353984558564e-02,5.842039362906231020e-02,-9.501783983312405216e-03,-4.765161210577734628e-08
9.335769957956749354e-03,4.688712049006137778e-02,4.686419401722604489e-02,-1.978395753236776577e-02,-2.068364276327941485e-07
1.332839689151245994e-03,3.778126166502130540e-02,4.219203903104694342e-02,-1.899671550212008939e-02,-1.463021140331503113e-06
4.294198837188694176e-03,3.651630200658722430e-02,4.382933005383905095e-02,-1.257719357804371052e-02,-1.991880440745644931e-06
1.142377090992611283e-05,5.036043306614950560e-02,4.865363666094939255e-02,-4.135979089034752358e-03,-4.362246467518425194e-03
3.621382875149591517e-06,3.848722461358138752e-02,5.266443894914112772e-02,-7.942576819094375462e-03,-7.452444514120479604e-03
1.190534389515747767e-06,4.108551980812054361e-02,5.179036468669984128e-02,-9.147895123311927147e-05,-3.158108811218349622e-03
7.435698446813948574e-07,5.152980656732470549e-02,5.142460867872135355e-02,-2.010575610220736219e-05,-1.598992898985148250e-02
4.344848456454992545e-07,3.613531698386270724e-02,5.262488439963033948e-02,-1.003139913633455409e-04,-1.399739535509281034e-02
2.535811467145337534e-07,3.307497740782124052e-02,5.929888535411950712e-02,-2.838542569259971515e-03,-1.695530436016737599e-02
3.309409837265233362e-08,3.519290576963286787e-02,5.821034406677930151e-02,-8.548690048104566619e-03,-1.438376794452062013e-02
-3.814030478149688351e-09,4.923916966745758156e-02,6.057965771312145281e-02,-1.496692005643332143e-02,-7.802006042935805520e-04
-6.705484841170514687e-08,4.102344773458516114e-02,6.039557221508345952e-02,-1.173632872799165516e-04,-5.450786258779913350e-05
-2.579018185509661103e-07,3.719007513266479881e-02,4.981195942623674322e-02,-6.500631261537377463e-03,-1.867064676559033552e-06
-3.790990627362670695e-07,3.201180162502727938e-02,5.338602157223164280e-02,-3.727642051568358394e-04,-9.407877275232809760e-07
-9.402900600132836640e-07,3.792610254142823184e-02,5.908165581161354402e-02,-1.075297331969253940e-04,-5.580930066939149108e-03
-1.468694199832750320e-06,3.936891623736796936e-02,6.318171093640274905e-02,-1.399898297584694475e-05,-1.562023219752231226e-02
-3.299019781009334895e-06,3.914616709057566063e-02,6.631594001544424688e-02,-2.327138279013943919e-04,-7.146697153523056713e-03
-1.047036305928604270e-05,4.228802276158813434e-02,6.320113907264741926e-02,-5.414506917818006412e-04,-1.806661657204191099e-02
-1.127903629339991123e-03,4.557382740716631186e-02,6.548215194773844561e-02,-1.956654883878397231e-04,-1.366058466876890302e-02
-7.346847744135054023e-03,4.631289338177185799e-02,5.139523856775778110e-02,-2.811403220567914273e-04,-2.072159391556275057e-02
-2.021010987465998460e-03,4.326290721362418407e-02,4.563088113805025686e-02,-8.562388602527868514e-03,-2.070969354523000128e-02
-1.100868642466434899e-02,5.045240759347536380e-02,3.327968470654587424e-02,-3.726912536922581676e-03,-2.471379568963857562e-02
-9.284622110310078100e-03,2.842614794910627504e-02,2.636607093951213662e-02,-7.386128319767040588e-03,-1.393152039874341434e-02
-1.498916850094713683e-02,3.654590810636834664e-02,4.156830424429466819e-02,-1.084705436652774919e-02,-1.757829679766752598e-02
-9.073464591461126438e-03,1.664421477287417878e-02,3.907085256913584576e-02,-6.938659821522377702e-03,-1.185292266016003612e-02
-1.908816171448371110e-02,1.493762993323209318e-02,2.931839334079885950e-02,-8.559215927835206461e-03,-1.926044606932897710e-02
-1.100578215356115726e-02,1.902804407839786202e-02,4.067336381143771273e-02,-7.253722310000420941e-03,-1.378443878431452954e-02
-1.419464746139281752e-02,8.648357698709356611e-03,3.612834338548796820e-02,-3.920463639694045897e-03,-1.650278146988528108e-02
-1.127249583458127084e-02,1.769163628828427162e-02,5.002474256586389445e-02,-2.180259659711015021e-04,-1.565140291748779583e-02
-1.704269020668579618e-02,2.390894643172567294e-02,3.875863724133753185e-02,-5.904283982978850848e-03,-2.089735214055457591e-02
-4.189636381258534889e-04,3.315480472791938055e-02,3.822446836948838189e-02,-1.711478577309098054e-02,-7.519245561724401290e-03
-9.585305553997825606e-03,3.049603037377897341e-02,2.576658722949426439e-02,-2.209361910585113525e-02,-1.007668755009429214e-02
-1.924168252448639482e-02,3.125923362448302517e-02,2.662781943543002586e-02,-6.855020790411722048e-03,-1.492987673089138552e-02
-2.207157235290235081e-02,2.541580087825438816e-02,3.119051565776341170e-02,-1.167893935302380219e-02,-1.692531548082504972e-02
-1.327042918930722640e-02,2.657115311934292456e-02,2.144653038529646324e-02,-1.058877627774311610e-02,-2.331666950096148924e-02
-1.672716244181319742e-02,1.214706568149981694e-02,2.216245709727824448e-02,-8.738041088396934081e-03,-2.219227623212009434e-02
-9.610371980284011448e-03,1.801130687435174990e-05,1.266063528915635332e-02,-9.958907622843798588e-03,-2.411412411650706161e-02
-1.646249177111844264e-02,5.531806260694445421e-03,8.658118683120595918e-03,-7.119547694169062668e-04,-3.628732269261879251e-02
-2.214723861688788417e-02,5.612262926585970084e-03,5.227225347119265897e-03,-8.251954947668987267e-03,-3.819625639003840223e-02
-1.287905136534652634e-02,1.877767815844592209e-03,9.483510826909263836e-03,-1.900120708364939556e-02,-3.252166944140197358e-02
-2.482032939115395159e-02,4.049852636905775209e-06,1.225493572555135381e-04,-1.971099251893433657e-03,-3.399920138472244807e-02
-2.663410372719219807e-02,2.613659364771684749e-06,1.784732163755435577e-05,-9.441188019247308272e-03,-4.106462203531754257e-02
-8.792317416180101680e-03,1.061316313844662416e-06,6.553151990361897206e-04,-2.202540385524219893e-02,-3.268304026873971452e-02
-1.821540003376203448e-02,6.012458757159657483e-07,3.796515920319338761e-06,-8.926930932475662245e-03,-4.220787792354301071e-02
-1.027447649355666542e-02,4.986864900085434921e-07,3.686106495943419905e-06,-1.279058678096836772e-02,-4.387973119382920090e-02
-1.279501806267583849e-02,5.779988954567590519e-07,1.867754245239385142e-06,-1.435280157372030053e-02,-4.086935063588108957e-02
-1.100364046230848519e-02,6.855787359398961264e-07,5.439422728010611028e-07,-9.442349597707330733e-03,-3.866688894514508368e-02
-1.760244567862570900e-02,4.981065136784766283e-07,1.745040738446981395e-07,-7.732206599169579551e-03,-4.534387242418690123e-02
-8.142296677223510165e-03,2.377402762628820009e-07,2.070762794800281565e-07,-1.068953270605397035e-02,-3.482180529515024187e-02
-9.791686821579674918e-03,1.365376043919343151e-07,1.003835128930854113e-07,-1.308509824504406303e-02,-1.438673898318520127e-02
-2.623132653830528155e-03,9.658930269268218566e-08,8.333886439922167512e-08,-1.515892899930614164e-02,-5.701854961145040417e-03
-7.769186259265913400e-03,-7.216902026066865451e-08,2.671107671596816890e-08,-2.168987817944845794e-03,-2.857856789873986728e-03
-1.390414365564317765e-02,-1.091569571622349522e-07,-1.458352134651976550e-08,-1.339450766173704357e-02,-1.275261541603968894e-02
-1.667021623437345626e-02,-1.011946214147601668e-07,-1.123056814155240105e-07,-1.095727800971413313e-02,-4.712279898174436508e-03
-9.903033908178326267e-03,-1.368280468564734678e-07,-8.276276453257608384e-08,-1.205667753052353137e-02,-6.441710523861312633e-03
-4.167247195683491771e-03,-1.978079162382325757e-07,-1.261971286480656651e-07,-6.922211893100657827e-03,-1.406274143128684491e-02
-2.543385762655686003e-03,-4.441854675081697173e-07,-1.697805986182418582e-07,-1.178159800237784521e-02,-1.280086812042098912e-02
-7.533969704909217538e-03,-7.149048612831141785e-07,-4.600881300524332770e-07,-7.099739392352131563e-03,-2.636699462240294292e-02
-4.900870423488697981e-03,-2.967824051207663560e-06,-1.879114044084856662e-06,-1.103668728049381903e-02,-1.924340470863145774e-02
-1.470215130130667286e-03,-6.236523667906780015e-06,-2.204358441288916092e-06,-3.809618701085559691e-03,-1.172609854256797569e-02
-1.069021884979936415e-02,-6.082723152729517642e-06,-2.475420478533335231e-03,-3.784565632549069454e-05,-3.049006736274235616e-02
-4.879469159688333731e-03,-4.858379025410644513e-06,-6.157108338332154505e-03,-1.817887347815956773e-05,-2.327784216261401598e-02
-2.624271029410560428e-03,-2.374927078738945283e-06,-2.253292645360113495e-03,-3.962075674965782771e-05,-2.130767492936921567e-02
-1.701156123217599427e-03,-3.047113984498251804e-06,-6.738798923271408815e-03,-1.797940624866894340e-05,-2.655291535587576621e-02
-2.744536832698246838e-03,-2.920803714055760959e-05,-9.263409258960162134e-04,-6.355692113600564636e-06,-2.636811821611124290e-02
-9.945292535935634087e-03,-2.269325539861923979e-05,-6.599293714126746452e-03,-6.992965768803494737e-06,-1.466030828778631945e-02
-2.229627258461724980e-04,-3.727771039586018006e-03,-1.705508024990476032e-02,-5.356473532238125950e-06,-2.040596557059934629e-03
-3.018668401985846045e-03,-1.121035939208792943e-02,-2.111190382126919979e-02,-5.271626579175383698e-06,-6.133207081496266228e-03
-1.301754288888248045e-05,-1.518663042537228558e-02,-1.906288461226759295e-02,-3.640710356354698027e-06,-4.786344677740590964e-04
-1.860564011967272770e-05,-3.495737782423380922e-03,-2.357609393198514119e-02,-2.747848807354572960e-06,-5.597727886186933752e-06
-4.531388712003904041e-06,-8.168917852678659816e-03,-2.851143067803333167e-02,-1.972029479672708723e-06,-7.448384575787182627e-06
-1.014624373868837393e-05,-2.561391030586829959e-02,-3.961420057632192987e-02,-2.001181650640955476e-06,-6.143984041753505938e-03
-2.802944586354858144e-05,-1.643884791563694422e-02,-4.299276044628536769e-02,-2.390135067915181446e-06,-1.338370667975063251e-03
-1.993253396397709381e-05,-1.805558791473814428e-02,-6.018335480136176308e-02,-1.430957505972011863e-06,-5.573920198287032196e-03
-2.669809961942000025e-06,-1.087454593926256291e-02,-6.091207342511226197e-02,-1.851002093170257024e-06,-1.071720050130187639e-02
-5.933741439696256543e-06,-5.209838270592222513e-04,-6.760024639397622936e-02,-1.794167096965175176e-06,-8.999438878168166886e-03
-3.070712435651089654e-06,-3.409927535447797309e-03,-5.846059014174426194e-02,-1.476353336637696893e-06,-4.287188738174471138e-03
-1.706023268584769281e-06,-6.145093622193486746e-03,-6.743751704456871221e-02,-1.590726236630249431e-06,-2.298412658347105241e-03
-7.111587547719913900e-07,2.331822978615917024e-06,-1.649252559050966304e-05,5.914025555099026722e-06,-4.207857103091724656e-08
-1.021187622522794086e-06,4.001343874678274504e-05,-4.885805895837950488e-05,7.064579722274598776e-06,-6.449304416755029821e-08
-8.607877903281350027e-07,5.215679729924540056e-03,-1.247397819390663814e-06,9.948209164971454139e-06,-1.339510062054096734e-07
-6.415851708108810702e-07,1.693442120894941979e-04,-1.074938053329247789e-06,5.957387193655707541e-04,-1.357954762011997980e-07
-5.456003697240138191e-06,8.474929596101398246e-03,-5.056337529811183364e-04,1.695339518605201235e-04,-3.466570783359521632e-07
-1.039718118249204071e-03,2.614725154792566387e-03,-4.821593920975690561e-03,5.569310064541842172e-06,-2.842167520199193134e-07
-7.038882916543824555e-05,5.405318672248199917e-03,-3.761956276246595368e-06,6.634398542395279321e-06,-1.146043896536963734e-07
-1.207148029529864046e-02,1.284749242187446273e-02,-2.624853007591528985e-04,1.520502832850602887e-05,-1.443071269818062953e-07
-1.672486781924615445e-02,1.232581667913235611e-02,-2.305526231746019700e-02,8.173754397904908222e-06,-2.230736513732381406e-07
-2.858370478517865271e-02,1.908031829069922400e-02,-3.299351273225417658e-02,7.657197363173128452e-06,-1.053165880640460918e-06
-1.760277367763439862e-02,1.975196131702502272e-02,-2.775512565733124354e-02,1.210547371944064987e-05,-3.253657897500301838e-07
-1.402663348044664443e-02,3.044752180903542021e-02,-3.391240029915635473e-02,1.022793968780904514e-04,-9.628185914650439915e-06
-2.484372410383731133e-02,2.112822330936669352e-02,-5.922958139570546482e-02,9.451610851935219465e-03,-2.265943519230080598e-06
-3.058897865517292217e-02,2.223408974848485251e-02,-6.669545372803623029e-02,5.131493057589349947e-03,-9.840843781236535692e-03
-3.813132679471124831e-02,3.840586183648730945e-02,-5.383994546569683542e-02,5.909855796308653665e-04,-1.098332084060363485e-02
-4.575394245066916749e-02,2.615781805850119282e-02,-5.650425945787621029e-02,5.773559201358520292e-03,-1.016678716654975841e-02
-3.101572616101780019e-02,3.006282711337146529e-02,-6.405078954998343066e-02,1.251130745365345090e-02,-1.147602139017161373e-06
-4.427663885986073827e-02,1.998671206308532192e-02,-5.803885569635008207e-02,2.031202447753450643e-02,-4.180797380624813940e-06
-3.881145857873219418e-02,1.220927200553738497e-02,-4.988883932200090937e-02,3.605465917302823949e-03,-7.155271595031423813e-03
-3.991847579473975505e-02,2.445959966722037644e-03,-5.765950118040045341e-02,9.707281032985612401e-03,-9.776635992293117999e-03
-3.235529252507926556e-02,5.410616435292312648e-03,-5.657731576713202065e-02,5.090898739235968397e-03,-3.044725224186072780e-03
-3.592861344216571190e-02,9.676095980131947210e-06,-4.120180277688035436e-02,5.518026697656650887e-05,-1.455094776716814656e-02
-3.481284811150400088e-02,6.029473107295611533e-06,-3.330533644797530057e-02,5.063510823000269730e-03,-9.022576288878514025e-03
-3.126926093173591770e-02,1.755183135904483024e-05,-3.882777906059682593e-02,6.089450635036109359e-03,-1.084017431394846548e-02
-3.798062801136779798e-02,1.863077276861040656e-05,-5.695364886337311167e-02,4.722471476681192569e-03,-1.265617523154723319e-02
-3.452031968108727061e-02,1.030966542308920124e-05,-5.037690089033562690e-02,4.863465526549053466e-03,-3.613834310902015734e-03
-3.647357007898873599e-02,6.488731602378422442e-06,-5.012673066363425994e-02,2.927237844830445686e-03,-8.655810185644111088e-03
-3.388429812530166507e-02,3.018728479652980314e-06,-5.687376023793369595e-02,1.670087509001831269e-02,-1.477883729097214001e-02
-4.017452257908974561e-02,1.926342816740275006e-06,-6.839500781437150845e-02,1.237152390030260909e-02,-1.249154660488258767e-02
-4.599817951098941760e-02,1.935136876283552929e-05,-6.859688463576642248e-02,1.058475626543737419e-02,-1.044203680775737837e-02
-3.670171967145078457e-02,5.865577213507107250e-03,-5.588555970712865556e-02,7.900967738741710225e-03,-1.856620785759093193e-06
-3.961063901261106801e-02,4.552905551088661136e-03,-6.843949771374858992e-02,1.058672278831181840e-02,-2.659113353176613920e-07
-4.234666446339736129e-02,6.660315249808954324e-04,-8.719985291901120872e-02,5.584161718840285503e-04,-1.735436900378437074e-07
-4.498104065138519569e-02,8.409346964362466670e-04,-7.692626853235208506e-02,4.570694106466886478e-05,-1.513872458625610924e-07
-3.616100217241718234e-02,9.341915466570980750e-04,-6.834919876229918201e-02,8.550523190443651278e-03,-1.609139321544424544e-07
-3.141810723211258677e-02,1.216074424954412866e-06,-7.637677018173388843e-02,6.050696665610980768e-03,-1.986221079803530821e-07
-4.328529907368303120e-02,1.359358201465926516e-06,-1.073453102803514914e-01,5.098411978433295931e-03,-8.122777096767003052e-07
-5.616423317946139804e-02,5.606849512372623213e-07,-1.166729342595450858e-01,1.622047268483844257e-03,-2.508580204477943096e-03
-4.780392092200362597e-02,2.052855158614494384e-07,-9.068958052349337939e-02,2.504500960296877216e-02,-5.179980729997218751e-03
-3.875091938989205786e-02,-3.868054071631940486e-08,-8.115137545901927874e-02,1.791949446174554914e-02,-5.922204811059853316e-03
-4.127522800278975862e-02,-3.299008515201915461e-07,-7.523432893351562900e-02,1.604263602689377094e-02,-1.499943887563291375e-02
-2.415400853263308459e-02,-5.859691607971506698e-06,-5.985879655213202644e-02,2.530743572954805357e-02,-9.805622015716591253e-07
-1.671062517732246552e-02,-3.194712514570586387e-02,-5.244809394379273959e-02,3.056265578911324804e-02,-4.725840949786251424e-08
-2.845231798309145327e-02,-4.608397667694236199e-02,-3.107269494826904108e-02,7.311467613899851059e-02,-7.440743400939817321e-09
-3.037813252643521006e-02,-4.797065513550042432e-02,-9.554476841586838907e-05,9.209549298546249041e-02,9.279917615225796989e-08
-3.837726413137868692e-02,-7.051882458287118960e-02,-6.188089454791187387e-08,1.048941454487727493e-01,1.506047733376375021e-02
-3.496924653732887828e-02,-7.468955052703554753e-02,4.020796576737417433e-07,1.004244402302236633e-01,5.915877576718762271e-02
-3.645066889235515362e-02,-8.106503577674688266e-02,5.010677775726131433e-02,1.110605756930140575e-01,5.896980907485934592e-02
-3.071306000686999452e-02,-7.925100666394167825e-02,8.501163446373341537e-02,1.114799299515629172e-01,6.837710412856001785e-02
-2.876878367296761482e-02,-8.446451232038330870e-02,7.314685891754529878e-02,1.094269373624181113e-01,8.360302447531395287e-02
-2.804146703022677295e-02,-7.118896382531907097e-02,6.210814390726947937e-02,6.956222168343850765e-02,1.114181186103627430e-01
-2.992757237554690905e-02,-8.257674699359393578e-02,5.533376012232899682e-02,5.163828170421957964e-02,1.336799156910029041e-01
-4.044630744682532059e-02,-8.849903777356661616e-02,5.270507350479159553e-02,2.302413432804657531e-05,1.419919248004967438e-01
-4.731289586504354439e-02,-6.597178524197112870e-02,4.643769775721599130e-02,5.002939441599312042e-07,1.407636804708573552e-01
-3.658378544652751002e-02,-6.466958777767996269e-02,2.487736987299167882e-02,-8.632824550268998595e-05,1.501695236994577964e-01
-4.297839895096283030e-02,-8.017072051870254012e-02,1.363506593626468996e-06,-4.451407737327095493e-02,1.450044463638212877e-01
-4.390900639803750616e-02,-6.197521533816973544e-02,1.946457902909227175e-07,-1.092322982236588746e-01,1.318590512439351548e-01
-3.219008115026912586e-02,-5.061827717215074129e-02,8.272000722453051541e-08,-1.409810691041027408e-01,1.132544506397253903e-01
-2.386483434953650187e-02,-7.476320805379679801e-02,1.106584032114948262e-07,-1.469265742145870191e-01,6.616369041311589982e-02
-9.405163795731618856e-03,-9.190908912516204676e-02,9.003622598330807652e-08,-1.540805087658691230e-01,3.551823257093891274e-03
-2.868024780153609005e-06,-1.058362839779434794e-01,5.212985250318551744e-08,-1.379580667837830565e-01,2.181190451586390606e-08
-5.594438188127786353e-07,-1.011605249498410547e-01,1.216451120682392351e-07,-1.376435559106330420e-01,-7.681862099215742399e-08
-1.215503872238302570e-07,-1.010849186360396196e-01,7.567917678651147646e-07,-1.103907836882543209e-01,-2.024127747240763234e-02
1.925407397350158935e-07,-1.242764806712015890e-01,2.390976228610195396e-03,-6.602595443527235763e-02,-5.942560393935458068e-02
1.942733521359292850e-03,-1.242264875089073850e-01,3.413497006409339785e-03,-3.868480739063711368e-03,-7.621197560195300258e-02
3.755350435719219393e-02,-1.373490496593537114e-01,2.511490216038422818e-02,-1.309608460577560543e-06,-8.330686880800110272e-02
4.976754386603805813e-02,-1.368592158488718125e-01,4.635143794904474090e-02,2.038093665125867628e-06,-6.750220642978313479e-02
6.798401907043177816e-02,-1.345275487763756272e-01,6.055673848026881662e-02,1.039166129372436596e-02,-7.155750909735318632e-02
8.577694966943986976e-02,-1.251504800817635488e-01,5.741596088443252227e-02,4.846614430173001864e-02,-6.353415749091974318e-02
9.426919215732550150e-02,-1.307464645062423880e-01,4.466301529876116200e-02,6.997773909619885158e-02,-5.356075320003104295e-02
1.062822413974663788e-01,-1.093454704520031573e-01,3.638677264828328595e-02,7.767004909955699254e-02,-2.102794533000456809e-02
1.213455231674530344e-01,-1.016643822119683988e-01,2.802176138474798007e-03,9.258902484075898220e-02,-3.623998847761316494e-07
1.236600737001871814e-01,-8.540966700299976178e-02,2.239690080330776569e-07,8.781485693060833708e-02,-6.503356293320095837e-08
1.264700368686626497e-01,-6.017804250757673862e-02,7.091395336325137363e-08,5.679408564838579060e-02,-1.664393983352660036e-09
1.324819920343684732e-01,-3.137729407392256947e-02,-4.356629589232156809e-08,4.128675639053465407e-02,6.606447311309612738e-08
1.366242576815087928e-01,-3.575048694919492225e-04,-1.314029750428967833e-07,1.963038361793490935e-02,9.319189416892101753e-05
1.285746679708893447e-01,-4.511011793941333752e-07,-9.984320423615585778e-07,3.523107865966615784e-05,2.146253540428603307e-02
1.245815793940620170e-01,-1.868328020139605184e-08,-1.086784559545839017e-02,3.971186920021249698e-06,4.076993810798472395e-02
1.188000793164878666e-01,7.714671054414470419e-07,-8.634160661399312153e-03,6.247651737399331637e-07,6.700821257286806998e-02
1.144924957883207833e-01,1.011210104367534127e-06,-1.495446326047283371e-02,-8.079715559556841704e-07,7.086032251419094319e-02
1.042893598303269304e-01,9.332991653833061811e-04,-1.852141315672328065e-02,-2.828065745780588098e-06,5.982374125466987519e-02
9.960847900111728659e-02,2.856339477043359516e-03,-1.516060350300860865e-03,-9.351127873009287635e-06,5.533887787440582712e-02
1.002330426695228205e-01,2.444146277979067708e-02,-4.310488968853450455e-07,-8.451167084333743862e-04,5.687301255533855349e-02
9.031696994185707539e-02,3.761980640329642966e-02,-1.951501623083276186e-07,-1.251101846292708951e-02,3.000608620059756759e-02
8.285821061064441162e-02,5.350797382758057386e-02,-1.408601048287430033e-07,-2.862034145630352328e-02,2.581693991841327654e-02
7.759893915403474896e-02,7.127407592701504035e-02,2.488118807972891172e-08,-3.164640410576922969e-02,1.243446811778874637e-02
8.017537596226048668e-02,6.810929384352426563e-02,3.509195742164813040e-07,-3.761809386776898689e-02,5.368090388486243016e-03
6.793415489147082431e-02,5.673145701614489000e-02,6.348406621101996795e-07,-2.689119611785368430e-02,7.576157075348430415e-07
6.220139661747069171e-02,5.535020694373126576e-02,2.980319878112818412e-07,-2.247257716238737837e-02,1.197941385168131051e-06
5.704330785014067456e-02,5.001545174548453765e-02,2.222895632190777931e-03,-3.480985365729122316e-02,8.609878585210050900e-07
6.206746900950580598e-02,5.185094872171677055e-02,2.437653972886173748e-02,-3.555944427462724711e-02,1.831259464426184588e-03
5.064044131344139221e-02,5.120863551259573904e-02,1.402736335799420996e-02,-1.963373741961191646e-02,1.783553364639393608e-04
4.801996601300537182e-02,4.182320954125033630e-02,2.189516019117055193e-02,-1.787067903966770011e-02,2.028065702132952550e-02
4.514459321921297785e-02,6.549759192884235803e-02,2.628447216153700916e-02,-1.331426810945761548e-02,1.048695623324740096e-02
4.968691592209962399e-02,6.624682244570251344e-02,3.540274705775537517e-02,-2.140309704703874730e-02,2.127960753867726845e-02
5.058187704005789181e-02,7.015113632437539049e-02,4.697713476972472518e-02,-1.968111932372066872e-02,1.629997147038312472e-02
4.723856653015018336e-02,5.817587727317848068e-02,4.736884258362124289e-02,-2.158008135051980164e-02,6.728013945022966701e-03
4.459958302696064719e-02,4.554551237260644897e-02,5.268019239785349389e-02,-4.066544218291576196e-02,3.306122008639231138e-03
3.107066942306119239e-02,5.794301762639237491e-02,5.563329977087096145e-02,-4.368465255453282681e-02,1.567541996930280994e-07
3.643133584202291886e-02,5.145858223109692209e-02,6.114119497015440413e-02,-2.430539946268382018e-02,1.096658983614575705e-07
2.737038049512175927e-02,5.693689612472235123e-02,6.807678228691417532e-02,-1.806671366961957320e-02,3.971710599627289449e-08
1.468627383774238036e-02,4.917457675588730870e-02,8.005706162531395220e-02,-2.587292330503252261e-02,6.224386456573821002e-09
6.718743492718117286e-03,5.016717531724604329e-02,6.669258990487979266e-02,-1.562210512767735204e-02,-2.575112675609998384e-08
1.083904115337252670e-03,2.978379908113969535e-02,5.309002149533831316e-02,-8.301994562401049382e-03,-1.244901174885125932e-07
1.367370798367154710e-05,3.233764525957420755e-02,4.854844593992489743e-02,-1.133540554483212191e-02,-5.743455841325455418e-07
3.930284878045086584e-06,3.233500680804776706e-02,7.021930170694221096e-02,-1.096453123841603129e-02,-6.420852352756971072e-06
9.141665807050763343e-07,3.450908758720629826e-02,7.110446753963269029e-02,-2.152947403201764878e-02,-2.876198978179105525e-06
4.884659417462452106e-07,2.564351463430865688e-02,6.832125457797083579e-02,-1.544908822927095263e-02,-1.138315695653581384e-03
3.013842712139450618e-07,3.127077160943241702e-02,5.538907133730418958e-02,-2.111259247280700569e-03,-7.679764486493545483e-03
1.618238992244709684e-07,4.424904900233111310e-02,5.385987675725630724e-02,-1.449473193919222948e-02,-4.451000050444573961e-03
1.479161263770909878e-07,4.927665038958130989e-02,6.409686324366749288e-02,-1.724170552721440014e-02,-1.317571174918426334e-03
5.831676243214897244e-08,4.887842731726108753e-02,5.071255531053357052e-02,-1.180020626382236038e-02,-5.538834478272116261e-07
-2.714066210140041459e-09,5.264236754695321430e-02,3.849939267160980283e-02,-1.684859569698885992e-02,-5.223498199105465952e-07
-5.989132765845700803e-08,6.001425413583427043e-02,4.236965024917244832e-02,-1.591739036167944682e-02,-1.377753157438734455e-07
-5.868723663859090777e-08,5.022751962283034111e-02,6.073535467603593391e-02,-3.056272981531202998e-02,-7.995526062018396528e-08
-1.736088894082316821e-07,4.791115336093051263e-02,4.719213331843025161e-02,-9.198914760406519744e-03,-1.678116107642855928e-07
-6.479208598024025035e-07,4.534593538006214536e-02,3.938420022482312655e-02,-4.733961781112752676e-03,-3.254474657518272465e-07
-2.506064856579016074e-06,2.980992192074561481e-02,3.390685250801021844e-02,-8.499003613243068939e-03,-1.852101854618010879e-06
-6.355084620556522720e-07,3.794925163000369139e-02,5.535975880564296403e-02,-3.613755228075487061e-03,-3.157669111589290492e-07
-6.459005068624721184e-06,4.072066584672143913e-02,5.483415029855763512e-02,-1.236397934008726698e-05,-4.074082708540583547e-03
-3.028393188525612688e-05,4.442360956947058459e-02,4.711367299196515812e-02,-1.098994705698234903e-04,-8.258103446544569695e-03
-7.546406717841379515e-03,4.498605682888187629e-02,4.894306798826947996e-02,-1.131669080587592059e-02,-7.207326661061678498e-03
-4.928688853716575377e-03,4.731196818806806398e-02,6.320708311899146670e-02,-2.133017582061853129e-02,-9.365587274359751802e-03
-1.984359495629775191e-02,4.285270611143670444e-02,5.877000003919991694e-02,-6.166377318098264539e-03,-1.628170878473830796e-02
-2.765873657115804421e-02,3.828015618351929966e-02,4.348835050590760254e-02,-1.052816520312219693e-02,-2.714375768124876326e-02
-3.495810067512977737e-02,3.863578845453372740e-02,2.740104751012301110e-02,-1.275980016630330269e-02,-1.838425934157203803e-02
-2.841409895761824039e-02,4.322980428612670234e-02,3.765445627507159332e-02,-1.902614777676446198e-02,-1.684613684928190289e-02
-1.875567489639796276e-02,3.462133713250691025e-02,4.547245162271759678e-02,-1.311805236583245791e-02,-2.957532615986669874e-02
-3.093395017277868198e-02,1.822989381537538228e-02,3.059834803104189566e-02,-1.507463576306402979e-02,-2.902311102113229457e-02
-3.196615065477004941e-02,2.634826907361501741e-02,3.269549014860981956e-02,-4.604595465305480299e-03,-3.287700871336720482e-02
-2.742468803969211680e-02,2.759212913060674066e-02,2.109088435512874657e-02,-1.019207381076059175e-02,-3.705749530023019767e-02
-2.502727932527652049e-02,1.080826176793345597e-02,8.376970959182933676e-03,-3.930231719997819353e-03,-3.729735876490566232e-02
-3.304438878695973442e-02,1.356938235649787772e-02,3.270825224664719382e-06,-7.611609217896883779e-03,-3.677338834670478701e-02
-3.613843461596379092e-02,8.358109273990024096e-03,1.388030652900020178e-05,-1.320365754460984045e-02,-2.414614567910965126e-02
-2.794016929565295085e-02,6.934484865103061543e-03,3.368279011208691338e-06,-7.371671057992709372e-03,-1.442748701384080970e-02
-3.055017665723790479e-02,3.800282680797799199e-05,2.048241253575326134e-06,-2.344033520585550069e-03,-3.059411752679480276e-02
-2.596764524127675999e-02,5.704133096157157579e-06,3.427228519883640539e-07,-1.344766548832324049e-02,-2.484769947516076230e-02
-2.773310071025695753e-02,2.252312377673048909e-06,3.020699967847187348e-07,-4.021601252652518346e-03,-3.110022382299453339e-02
-2.153287654606803395e-02,1.155795569538859419e-06,5.300261007817025166e-08,-8.669442227252100461e-04,-3.581882555268689483e-02
-1.258031642274821948e-02,8.680829897209288178e-07,-3.107597431940752649e-08,-2.642883876180503834e-05,-3.322951757887327578e-02
-6.997668008463542658e-03,4.269908141542639981e-07,-1.451045431734954933e-07,-1.723945361357851169e-05,-1.719581081076711898e-02
-2.858983605074560605e-03,2.087735729834742020e-07,-2.454902167146583728e-07,-1.375026885948433218e-04,-1.355664045002091811e-02
-4.761219415454271374e-03,-6.256880848961940226e-08,-1.772592072981741221e-07,-1.001771797872381805e-05,-2.449619911720139417e-02
-7.338929970698171261e-03,-2.156820489181612956e-07,-2.896678408891693147e-07,-5.303534008378925097e-06,-2.107107972426318018e-02
-2.770530041969335514e-02,-3.483895425816870563e-07,-1.398400144278041445e-06,-6.169124877866797056e-06,-4.207191358492348016e-02
-2.638691575911371323e-02,-7.470405952550700875e-07,-2.155553455167007357e-06,-5.053429235651861348e-06,-4.507440368421228999e-02
-1.721369167069501660e-02,-7.165916700539676548e-07,-6.866134766423326220e-06,-6.860701018871144062e-06,-3.035007068606984312e-02
-2.310889010093730364e-02,-3.679491509659662162e-07,-5.991410564946279826e-03,-1.874781691096927508e-05,-3.917546358912614435e-02
-1.740568038403066467e-02,-3.639547633389228096e-07,-2.073180898120198859e-02,-9.261995220506241385e-05,-3.259495386628381841e-02
-2.740191352627285512e-02,-7.604766252191798109e-07,-1.534997184944671134e-02,-4.535582433371344695e-03,-4.083221853659897010e-02
-1.606508832399940537e-02,-7.434166617647884107e-07,-5.792024552241764254e-03,-4.276136896520707324e-03,-2.280563488638905068e-02
-1.243715122541262999e-02,-1.611914465562892181e-06,-1.772718080909326671e-02,-1.275244472610449070e-03,-2.613318720325901595e-02
-1.218027223181773755e-02,-2.277320961721337816e-06,-1.410927665638455307e-02,-6.709493318285507726e-03,-2.881826204994950361e-02
-6.329481787905960610e-03,-2.019245857020229991e-06,-7.146670342693890558e-03,-5.848736266027055632e-03,-2.087861916033515938e-02
-1.040203676320832459e-02,-2.865626692018787597e-06,-4.764670612703967786e-03,-5.817386065576787238e-05,-2.508971450951156743e-02
-1.164958055119724983e-03,-8.433426304355554500e-07,-3.981478343793470355e-03,-2.153765687974766203e-05,-2.261272428633470319e-02
-1.050992647775885261e-02,-1.444400121867031612e-06,-2.170564175948764066e-02,-3.104819812787892202e-05,-2.047800116394512399e-02
-2.392373520375768586e-02,-1.179962032378425573e-06,-2.884333988819729952e-02,-3.039289656404725324e-05,-2.127968048283964894e-02
-2.275740646235540135e-02,-8.356705885940245568e-07,-3.744059354566944137e-02,-4.108943997024797729e-05,-2.542750449366699278e-02
-2.237427266908727577e-02,-9.463122632854174509e-07,-4.279399492734070609e-02,-9.910149713547319417e-05,-2.903286539731414831e-02
-2.066006638889557670e-02,-1.137239279660362942e-06,-5.305112575645652695e-02,-4.164792412592725236e-04,-1.971619284454670731e-02
-1.035120337926655545e-02,-1.025750321689190352e-06,-4.110482304065544990e-02,-6.178862307449542576e-05,-1.390415197692700285e-02
-1.729163402366093449e-02,-2.405680760563550697e-06,-3.108119605095639726e-02,-2.445315138761776797e-03,-1.812458980589908356e-02
-1.636695788399880613e-02,-1.241853909608670297e-03,-3.720608391244652896e-02,-1.220415184530759884e-05,-2.178593818785557606e-02
-1.847870263579373326e-02,-7.587165982963642655e-03,-4.117808701038456337e-02,-7.098317543899222966e-06,-2.566954093839512313e-02
-2.113646021208977991e-03,-2.509326234406405835e-03,-3.964515693676619323e-02,-1.824306292287127741e-05,-1.003556206662900054e-02
-5.610933251379456736e-06,-7.375896326441258631e-04,-3.555652724052284913e-02,-1.243613634271865085e-05,-6.379480838368332962e-03
-1.773594593171393162e-04,-1.144465321836217464e-02,-3.944097877673713448e-02,-9.662535984497751615e-06,-1.474911186358007255e-02
-1.498037652541321660e-05,-7.909201608171944644e-05,-4.446272666812447344e-02,-3.927020733422939710e-05,-2.815333853462328745e-03
-6.911507286724078686e-06,-5.292636122259770081e-06,-5.390080314003048434e-02,-2.138363461702195956e-05,-3.953446629486621032e-03
-1.176892678433353093e-06,-9.087371689837184200e-06,-4.543319349225408144e-02,-6.900300971147376166e-05,-4.307075849318996078e-07
-5.418402359894054559e-06,-3.163377992898320650e-06,-4.517668402236766495e-02,-2.575907895475033915e-05,-1.655536988695346068e-06
-6.866723836076604290e-06,-4.426429615333091522e-06,-3.897838227837053388e-02,-6.478636911318614687e-06,-6.350676975186052526e-06
-7.150012853145247600e-06,-1.124678598239725868e-06,-4.406300090425311483e-02,-9.525168083735702571e-06,-3.627352467153603481e-03
-5.616354193418124884e-03,-9.368432455359875552e-07,-5.406270826755323056e-02,-7.493526247251277768e-06,-1.378692993775213621e-02
-3.032804063457321918e-03,-2.079840654521779347e-06,-5.535622842164630159e-02,-1.296931336120175323e-06,-1.764348114011603935e-02
-1.199874343045843357e-04,-6.963427689947866574e-07,-6.942810349584287166e-02,-1.590882228448921742e-06,-1.080093995352020969e-02
-7.065705434997274548e-06,-5.965884222704455139e-07,-5.796019165381088856e-02,-5.973088684797764922e-06,-3.486189048122835359e-03
-3.015561255320767286e-06,-2.511185482779418805e-06,-5.153459096546254142e-02,-6.571399169414515204e-06,-1.477417117617284764e-06
-2.151276873532869185e-06,-1.758516411070195636e-06,-4.738655562522024745e-02,-2.651779959399107951e-06,-4.982954197277033302e-07
-3.191573630697824623e-07,4.639124113489910188e-06,-3.393905847942368574e-06,5.745112160183165282e-06,-1.078646758738052424e-08
-4.024149027718666173e-07,4.539288006262456529e-03,-2.146575798599386771e-06,3.853317614006842085e-06,-1.469611968995272826e-08
-5.942104130785175597e-07,1.310632402505567708e-02,-9.060435131313477748e-07,3.568559782457037409e-06,-1.914437995913903593e-08
-1.767683591895271805e-06,2.739656683561631292e-02,-2.110158111840013923e-06,4.899222732786292548e-06,-3.772649263658990889e-08
-1.007332732145422912e-05,3.031580391021128015e-02,-1.348982184963686600e-03,7.607284716950271895e-06,-5.796640156189208037e-08
-6.889322442967505365e-03,3.526565265659215714e-02,-3.081098872562853131e-03,5.564986217958894866e-05,-6.061480024943718019e-08
-1.494314042134322999e-02,3.455849939531053377e-02,-1.291095104043310689e-02,2.498240198842375821e-03,-5.715318362221320870e-08
-1.713169062967423092e-02,3.014873220666718090e-02,-2.208061825025228742e-02,6.669681903050964089e-03,-4.559147335757038899e-08
-1.886314526157561317e-02,4.434614683239471861e-02,-6.390358873857824272e-03,4.064074030317250431e-03,-5.506839304756036733e-08
-2.134819297542467006e-02,2.818077163603016980e-02,-1.307488126817694246e-02,4.153241302259845199e-04,-4.441876313816990310e-08
-1.347097424989455484e-02,2.011963184645371161e-02,-1.677922365379941674e-02,5.284294501743839545e-04,-2.407580309266410747e-08
-1.686507021325817091e-02,1.795721145681035413e-02,-1.807514032488965333e-02,1.210427850133143383e-03,-4.506136750353176209e-08
-1.282169549032311992e-02,9.160845048485183675e-03,-1.184615294143516809e-02,9.641782302867019224e-04,-5.144316355279092839e-08
-1.160703679035849333e-02,5.160448468281073411e-03,-8.498520797731072898e-03,8.950637644232945639e-03,-5.552135625378165129e-08
-1.667989725434232753e-02,1.953263381853039340e-02,-9.953154291795515349e-03,1.505996042448083834e-02,-1.241019258194644346e-07
-2.409246966290434083e-02,1.803017232491024510e-02,-1.900914022151735383e-02,6.157344185318918556e-03,-1.459119544684844553e-07
-2.000932636343413090e-02,6.460995166752653111e-03,-4.726313584312370752e-02,2.165058098275926893e-02,-1.988237922340219360e-07
-1.527655271168367260e-02,4.638386341927386997e-03,-4.272422473653120917e-02,1.864861251087211735e-02,-8.252265921181748181e-07
-2.008332197483084919e-02,1.520602492711491810e-02,-4.102337096586426007e-02,2.373361977803143535e-02,-2.788809710010357206e-04
-2.640378910034342150e-02,5.175713085344737542e-03,-4.776563114710963287e-02,3.379962598027500681e-02,-6.241342523296476014e-03
-2.750713215639738127e-02,2.466567817965772957e-02,-4.117987130918815408e-02,2.547701767874106099e-02,-3.917778155384117264e-03
-2.313453939543306387e-02,2.620352338208254209e-02,-2.379339261338418374e-02,9.811510005870500983e-03,-6.094920255667216167e-05
-3.434064579364691505e-02,3.103813960449628220e-02,-2.570861382118331748e-02,1.343352591791638004e-02,-5.428203394694153875e-07
-3.719100168216264019e-02,3.560528689272787761e-02,-2.759787950155449116e-02,2.576514883168110927e-03,-6.350640031848373451e-07
-4.050541654525195018e-02,2.818452940202467727e-02,-3.805830760157554588e-02,8.000731782757386761e-04,-1.700375968323644429e-06
-3.736736208174643026e-02,1.668264500829560668e-02,-4.117227998326321303e-02,9.828360762622681546e-03,-2.221024144047210986e-06
-4.919875690851355232e-02,1.240939926362105358e-02,-3.518894552307649803e-02,1.438395912225634565e-02,-2.324251866183670630e-03
-3.829052216495675703e-02,4.006319181479050151e-04,-4.250877336452036498e-02,1.878645327283754579e-02,-9.606186916822402079e-06
-3.906302941449087129e-02,3.968394223834868595e-06,-4.682482673858608807e-02,2.609544190148037346e-02,-4.356967784844894588e-03
-4.324360705615386963e-02,3.601068601585666584e-06,-4.618033448033762728e-02,1.834352905086614541e-02,-1.022179394712104464e-02
-3.873535659313418617e-02,2.817048976016680706e-06,-4.649350812711332270e-02,2.526463950508540945e-02,-3.157531899603628015e-03
-4.570685267105415589e-02,1.043193900234279280e-06,-5.921095196499412405e-02,2.693518697627958827e-02,-2.103835458254571603e-05
-4.085406116243019831e-02,8.629042347785646642e-07,-6.449926289173137095e-02,2.681618611844774000e-02,-6.831346060657293771e-05
-3.766800917303628204e-02,8.388049714247878171e-07,-7.011945269693485583e-02,2.990288856946726748e-02,-2.749719794244487978e-05
-4.474893754153898978e-02,4.168776767697198546e-07,-6.947668166711484794e-02,2.977151064755182916e-02,-1.818652259348643108e-05
-3.621590217593815414e-02,1.261831435109904147e-07,-7.712224645764986786e-02,2.137514897759484195e-02,-4.946768163880684672e-04
-3.362427214466320174e-02,9.472967055979340347e-08,-9.113854228058841656e-02,3.039063747243626185e-02,-3.946576570749056611e-06
-4.018592958416819516e-02,-2.208107973646959738e-08,-1.047235465225732076e-01,3.441669118275228478e-02,-1.981355446559814821e-06
-2.137841091090767962e-02,-3.114301579955238751e-08,-6.802907403602614922e-02,3.200479356881424930e-02,-6.404078867207603026e-07
-2.366763012724686088e-02,-2.449661742639580125e-07,-7.152706400663189079e-02,3.445521510628701822e-02,-5.459132877105060145e-07
-4.089269140255141072e-02,-6.027828609674401103e-07,-7.906056983540489524e-02,3.757996420637517432e-02,-4.850829866374486120e-03
-2.547015534122475805e-02,-6.259480704627055365e-06,-5.222728208459370691e-02,3.951999640617174375e-02,-1.369071595180222332e-07
-2.613559220684024548e-02,-1.500881440714087363e-02,-3.763675637984166544e-02,3.895103320845579725e-02,-1.848870051099313089e-08
-2.169987503110809568e-02,-1.263977713154623705e-02,-4.804642368715634874e-03,6.567644089861073009e-02,1.411131164009160447e-08
-3.579833633056236919e-02,-1.387226090031666061e-02,-1.131539989390072429e-06,1.111276791898050675e-01,9.608085543057848045e-08
-3.157767221054933598e-02,-3.795374528543662973e-02,8.028507976959116271e-09,1.212036947508178114e-01,1.383326941919638640e-02
-4.226780312144381296e-02,-5.329652691582060370e-02,1.118864811457085378e-06,1.245378068277653016e-01,5.515365780766756654e-02
-4.960691731721722508e-02,-4.745405842353768444e-02,4.211136208012450366e-02,1.275357538102871724e-01,7.747295715140173344e-02
-4.237664613196445718e-02,-7.017344888966785266e-02,9.326321206835069821e-02,1.303967697698582284e-01,8.780493336119962744e-02
-4.333759599028719905e-02,-6.877108486307931257e-02,1.136778023683860939e-01,1.421616967405789911e-01,9.061259355106930646e-02
-2.721616310001528233e-02,-5.549169226713681485e-02,1.024970358183549118e-01,1.109322484854712715e-01,1.186244457306946803e-01
-3.271858049636067883e-02,-6.143366890676990599e-02,1.095857869685812475e-01,5.499509296837348793e-02,1.338993556154649545e-01
-2.687443847865413418e-02,-6.099447583923198191e-02,9.176277126581941501e-02,1.217472617752304512e-04,1.469417251409735614e-01
-2.276069187746207825e-02,-6.092488444727562485e-02,7.263820905355961033e-02,6.299500650538364847e-08,1.654026713499535950e-01
-2.599169846653072782e-02,-6.054778741560545158e-02,4.060133147534730758e-02,-9.698470799455164229e-03,1.725683658431239886e-01
-2.549898357079500785e-02,-6.896179370697311239e-02,2.802680292932335296e-05,-9.050249536895277336e-02,1.730017438861455314e-01
-4.445748845263047810e-02,-7.517825889404795847e-02,7.257255810492746975e-07,-1.572986836040337066e-01,1.413521720407983906e-01
-5.149708266442473009e-02,-8.777488974775322916e-02,2.430764851248298772e-07,-1.913369140909697286e-01,8.807010864420075635e-02
-5.277480256412944021e-02,-8.903301610237281116e-02,2.748628953446320113e-07,-2.067605634970634543e-01,1.393820134458080735e-02
-4.013512813982568483e-02,-1.063832102487976133e-01,2.359281217700633369e-07,-1.948494223967516537e-01,1.480698539474596728e-08
-2.419085006100279295e-02,-1.046928303733959398e-01,4.633025494692872304e-07,-1.779287360653211691e-01,-2.789625988507996024e-07
-7.848424399370779560e-05,-1.118384112568525796e-01,8.076942147435440382e-07,-1.339098868794646457e-01,-4.743176734244945042e-02
-2.301519000836001829e-07,-1.054408583389900983e-01,2.111455454643312215e-06,-1.043201349846370751e-01,-7.857701575845746356e-02
-1.064899434539897555e-08,-1.187839818059967939e-01,8.665522509797884387e-06,-6.987054545499041258e-02,-1.111353431856588747e-01
3.813156172584569747e-07,-1.208500209187397256e-01,9.233480278630214975e-06,-1.772645789746372588e-02,-1.270571306459904182e-01
9.163352482520798099e-04,-1.260704750741726277e-01,1.620597189162427051e-02,-3.078338742794494416e-06,-1.293380596444135278e-01
2.955533416498747068e-02,-1.122337893104113915e-01,1.862454530230731389e-02,5.046437446285730653e-07,-1.106695959620333097e-01
4.829199540706771016e-02,-1.105687681506184739e-01,5.905657800353908936e-03,4.865043124508483358e-06,-1.086106776211123448e-01
6.809238282223710470e-02,-1.055950792029717866e-01,4.515526315399525682e-03,2.040519032790964749e-02,-1.038100406118155350e-01
8.749800027255419388e-02,-1.063473573337786748e-01,6.736257756209182472e-07,4.814297570693446687e-02,-7.937018878867514726e-02
1.110540006213144165e-01,-9.726450870163486084e-02,4.121028502518339657e-07,5.662212198219614828e-02,-5.042968108697878232e-02
1.169948850730938850e-01,-8.878560438477324512e-02,4.908841295488862519e-08,5.767526977338499616e-02,-2.362598992319822275e-02
1.243262225533788845e-01,-7.661897569230290139e-02,-1.170021369214021172e-07,4.666730361553981382e-02,-4.344540427560598358e-07
1.271937672252020368e-01,-6.708770200649691318e-02,-1.220610643333967700e-06,4.375027548741441952e-02,-4.631938820382492357e-08
1.232282401510169378e-01,-2.691670607862420989e-02,-1.016867124045431336e-02,2.470912026059818647e-02,1.346726899928822148e-08
1.235998164197686239e-01,-1.076583605722410131e-02,-3.605830068349708678e-02,3.033349817995148359e-04,7.295147874540068271e-08
1.269505482474458935e-01,-2.709419472773658045e-06,-5.268466499390013491e-02,3.203559600064612632e-06,9.183794497530118131e-03
1.149024863265801222e-01,-6.851583925915059430e-07,-6.654604990219925575e-02,1.071138549918211216e-06,2.976623046487946594e-02
1.088818708832446358e-01,-2.681256862701550447e-07,-8.141184114398007654e-02,-6.848244016614032322e-07,5.775925611853322678e-02
1.046975934095156074e-01,1.054889479753417285e-07,-9.492072034325904628e-02,-4.733667283034859746e-06,7.450184780135742091e-02
1.017139743851838696e-01,4.396637235214306366e-07,-9.124785404787327803e-02,-2.070979591025842986e-05,7.289763504673350825e-02
9.320887791275883627e-02,5.512385037710768831e-07,-8.274331914341764849e-02,-1.518479798142304135e-04,7.254325933243675750e-02
9.203419503797662105e-02,5.082086742697091587e-06,-7.126291327676943788e-02,-1.057762139741087043e-02,7.332020828796059764e-02
9.673091489361043682e-02,6.436098922098262669e-03,-5.646021934353424171e-02,-1.626037784391297369e-02,7.319698067745117331e-02
8.532140198821601407e-02,2.119869018516323117e-02,-5.882703616101540162e-02,-2.090734048507896306e-02,5.925351735444710916e-02
7.003506060218679663e-02,2.010806147774654024e-02,-5.040043606456766356e-02,-2.053809847990110959e-02,5.133017424676218632e-02
6.654900935330822220e-02,4.573648876328698099e-02,-2.977355800416454229e-02,-3.022404950606082802e-02,5.517910609060298205e-02
5.621416696737606411e-02,4.950742327487137051e-02,-1.655836540224851078e-02,-3.110305656326310328e-02,4.270013752771754934e-02
4.714620296172668257e-02,4.327899670847591002e-02,-3.180779318049944708e-06,-2.865502287912655502e-02,2.582658967169080763e-02
4.363769405550185776e-02,4.448180478041009744e-02,-3.005698698093473914e-07,-2.067790821394924553e-02,2.331052303135595222e-02
3.740069593785671359e-02,4.517621923322591437e-02,-8.550235693818842405e-08,-1.675689009885524342e-02,2.348210150393531537e-02
4.925508006009738510e-02,3.136589703372772570e-02,3.382819670458508702e-08,-1.067194562747164101e-02,2.699921424391986402e-02
5.262775745628570784e-02,3.393282633859732306e-02,2.313976236043275419e-07,-8.517419036243388530e-03,2.868221431982354713e-02
4.708515924503162836e-02,2.274963160407483462e-02,6.518250102557316727e-07,-4.904726741423584080e-04,2.280771873030654553e-02
4.617337795630496733e-02,1.267750628244840826e-02,1.169225336484333404e-02,-9.203432522584778508e-03,2.077823801600694673e-02
4.424060663653535397e-02,7.157744284565147226e-03,2.035580831871914784e-02,-9.964497999087091815e-03,8.414019229266414893e-03
3.639562759327864827e-02,1.788190928270761218e-02,2.587092280351009632e-02,-3.110833991185570953e-05,7.089262795713221721e-07
3.370181304152082558e-02,2.414428794997341109e-03,2.560135387232786303e-02,-1.262284369899895719e-05,2.380885841884947764e-07
2.510380290460189831e-02,1.453533482440782718e-02,4.285821399915095559e-02,-1.452563307650566078e-03,1.238300513265602558e-07
1.769970972560142713e-02,1.713071718739567206e-02,3.820418182421108505e-02,-1.190651787044914520e-02,3.665680534669042914e-08
1.850547295365104553e-02,2.034940670242402216e-02,4.738819721044514044e-02,-7.575488695908514855e-03,1.189730774635882564e-09
2.280877904856299862e-02,7.411003001316624969e-03,4.472274044983107211e-02,-1.133376907840391362e-03,-3.769635789337116197e-08
1.049496283454265030e-02,6.907107403295237487e-03,4.989244327882593616e-02,-8.185628155535768641e-03,-1.192764710628319280e-07
5.579672712444799267e-03,2.524322941150430877e-02,5.201003187506207659e-02,-9.767174623471616343e-03,-4.693077296103710210e-07
9.576721338996356642e-06,3.040357771145424381e-02,5.415767725795939819e-02,-3.483173898683352560e-03,-2.351831046540504930e-03
1.558704957303454725e-06,2.504302173012196500e-02,5.301411091710608869e-02,-4.182255676275756814e-05,-6.880496110512202522e-03
3.783429364732312671e-07,4.311688239060169903e-02,4.984290910663680824e-02,-5.557981610151262880e-03,-1.673290556698535728e-02
2.483817853443752418e-07,4.509197191189288911e-02,4.432941166767024460e-02,-5.374741064719296482e-03,-1.323469274336452201e-02
2.321751255619877816e-07,3.610735620232331800e-02,5.627231876337361605e-02,-1.425286109146225208e-05,-1.871219359174610894e-02
1.995111664028153182e-07,3.396041978572944542e-02,5.434797956026030802e-02,-5.226975111958720097e-04,-9.643574894552683907e-03
1.191749990814480443e-07,4.342607222697071612e-02,6.268025638132830590e-02,-1.784171014326743632e-02,-2.844104815824335139e-05
2.628652023939158318e-08,4.808072405845462138e-02,6.088648307755551575e-02,-9.706853619047882062e-03,-9.861812548293489786e-03
-8.396527004643537634e-08,4.118339403593854892e-02,6.117865547138873206e-02,-3.777733463964177106e-03,-1.430210140777156760e-02
-2.067062184306229955e-07,3.690061773877466311e-02,7.369966855486834167e-02,-3.608207090839264273e-04,-2.041641036494575706e-02
-4.381146811860453177e-07,5.011600574890240356e-02,6.874856978360037452e-02,-3.874088244975383869e-04,-1.762703331942616289e-02
-1.635619351976486957e-06,4.353826854453531764e-02,6.614414708438379198e-02,-4.571804136345922892e-03,-2.551173395374316949e-02
-5.296493285479429245e-06,4.061823631363491865e-02,6.507597175269196066e-02,-3.726694413575369277e-03,-3.242873388404606677e-02
-2.260974479425188408e-06,3.090626700943480132e-02,6.888208423726223384e-02,-6.439847533746518400e-04,-2.197286020852922891e-02
-2.159604106435984293e-04,3.577656625874501423e-02,6.433985247107158745e-02,-5.245941860876037616e-03,-2.285173334146555282e-02
-4.264132961671709618e-03,2.147780760010031126e-02,7.208318879744123053e-02,-7.562637716068692931e-04,-2.801091491475223016e-02
-2.918680871807567429e-03,1.981533467336428142e-02,6.324939528567667668e-02,-3.422752780255460111e-04,-3.034645495406891949e-02
-4.878675990336641809e-05,2.572083236040446919e-02,6.273996374701931722e-02,-2.801449705196486077e-05,-2.008203265945839380e-02
-4.352629480849456149e-05,2.503637720045164688e-02,6.729755493924417797e-02,-4.745606797540574819e-05,-1.511068046687255931e-02
-9.162470392341947809e-03,3.510553218913307905e-02,4.448956452597310762e-02,-1.060991768070048595e-03,-9.815748664243542990e-03
-7.135417829008112826e-03,3.457645257601132949e-02,4.347954134350393712e-02,-1.792189657062708951e-04,-1.797104038297532569e-02
-7.029718291204043476e-05,3.289343348506706954e-02,4.400831432794765491e-02,-1.866957965929410927e-04,-1.065317655014193753e-02
-1.253044797764520384e-05,3.936801787938459113e-02,5.742099646795879864e-02,-8.316490957755287355e-04,-1.772040622442304023e-02
-1.669802422201561542e-04,4.222716284966759881e-02,5.048299798702155644e-02,-2.652263845585971157e-05,-2.488160955359234108e-02
-1.208339489820159894e-02,2.265620249669954289e-02,3.680283969486325413e-02,-1.646126508730825784e-04,-3.215502784810577580e-02
-1.144338163540992333e-02,2.474069102033426074e-02,3.943978723341319548e-02,-1.628637934176806927e-03,-3.230565889541565233e-02
-1.353607274775648142e-02,3.373875136284542470e-02,4.084906323977061798e-02,-7.565043950084719693e-03,-2.105633977262359735e-02
-1.125251641259150497e-02,4.328145248221374614e-02,3.223586343227320683e-02,-2.573672757427636609e-03,-2.433601211980727236e-02
-1.181237070128960190e-02,3.461565457845148380e-02,3.312158085620600656e-02,-3.290549774402437826e-03,-2.125578796165959392e-02
-1.069043083293751140e-02,3.157046897677014130e-02,3.817658283000659181e-02,-8.417563406645312343e-03,-1.810787877465828977e-02
-6.104599933510624320e-03,2.612202567699515796e-02,3.502994967008715016e-02,-7.484317661422296587e-04,-1.167360915761140455e-02
-5.176653817755898180e-04,1.456114275491001732e-02,2.797738692121253673e-02,-8.351991680829194470e-04,-1.242069202666750208e-02
-8.725012256682126868e-05,1.857576699869283379e-02,3.489085903187041232e-02,-4.434756517305464725e-03,-1.975404522528197149e-02
-7.455784413446391891e-05,7.436617412442540591e-03,1.789186013747743817e-02,-3.610472233523481789e-03,-9.870430280258583183e-03
-5.720707835504441896e-03,1.569758330344496466e-02,1.461024191194101700e-02,-1.887578910031564167e-02,-4.620687599478582284e-03
-1.185779279352687163e-02,9.278092926641062430e-03,1.018252716332121679e-05,-1.610993431979318088e-02,-1.796446986987614361e-02
-9.153604492504368098e-03,1.174569711721021374e-05,1.456244806764396875e-06,-1.743870344338176864e-02,-2.093195983235757521e-02
-2.959747868744290467e-02,3.228194434914222433e-05,2.522801022597208957e-06,-4.586615625090050517e-03,-2.988338643398698660e-02
-3.211515596342590095e-02,1.311685416660054483e-02,7.017204737575510449e-07,-2.846809629511468619e-03,-3.061562286707783520e-02
-2.550143099879658565e-02,4.221368667533623512e-03,3.083945597257682609e-07,-1.248274550067975282e-04,-2.246113191837900008e-02
-2.483705459389070475e-02,7.650039222553172043e-03,2.159930331064534145e-07,-7.413681146138390542e-03,-2.938209419929220523e-02
-2.145441614436410446e-02,3.972975488478116994e-06,2.079527791332105175e-07,-4.850961040855850050e-04,-2.381082815547778606e-02
-2.026194853057169606e-02,3.306650236890587317e-06,2.104877551584962590e-07,-1.715320575149014998e-03,-2.123239691133658666e-02
-2.254288089960827107e-02,1.409847124578774951e-06,5.645936037283655858e-08,-1.217646407864018607e-02,-2.294878882668438536e-02
-2.120186199562254167e-02,1.545702368366866266e-06,4.461518455611296853e-08,-1.526854983619877273e-02,-3.696291589152021079e-02
-1.880828327161254004e-02,1.284978020968792531e-06,3.485857244277999194e-08,-3.121967004638781344e-03,-3.165742051460800760e-02
-1.220150419586909889e-02,6.189508264952038884e-07,6.577651954717815823e-08,-6.705132656139770921e-03,-3.107231538610511629e-02
-3.417037038594713085e-04,2.852686938095978858e-07,3.884679755987114448e-08,-1.903624698445254698e-02,-2.580258956227814843e-02
-5.113553016771060951e-03,1.484370333692665097e-07,-1.715553047365606017e-08,-1.872567893627568800e-02,-2.907862331715367621e-02
-9.477592121968100511e-03,1.352018811174712279e-08,-8.476894963248729362e-09,-6.570223978057319197e-03,-2.583846701132041027e-02
-9.573159597931773027e-03,1.609386807504376672e-09,5.793027613447011854e-08,-6.511914054219773360e-03,-2.457770911857630469e-02
-7.227528522000279364e-03,2.814718473864679622e-08,-1.692596709060575272e-09,-4.372296037675388379e-05,-3.588112202343692048e-02
-3.290671646291838844e-03,-7.067934691059131341e-08,-3.495392865965620979e-08,-1.656725621441598503e-05,-3.509150342416007123e-02
-5.738975757435448022e-03,-1.174613463729743683e-07,-1.564449533804470822e-07,-1.567491346780217523e-05,-3.092818379079280422e-02
-1.217909146429211990e-02,-9.254969083664099650e-08,-2.269494369970688688e-07,-7.054051144732054017e-03,-2.446853667827192727e-02
-5.043197972541674061e-03,-1.754737322854019091e-07,-2.224631059299553108e-07,-1.987045814504863339e-02,-2.181099317184067785e-02
-2.036354911946596565e-03,-1.975900495580867455e-07,-6.489851677057309452e-07,-1.405817903057152672e-02,-1.362889894381868507e-02
-2.248467490833318521e-03,-3.554206246361233077e-07,-8.637794474953630542e-07,-2.517982963724291982e-03,-9.192449172656670317e-03
-1.563735940738046832e-03,-2.565943797760875319e-07,-1.190501549071853256e-06,-7.266614534902270280e-03,-1.523725008160365518e-02
-1.182073724561478328e-02,-3.884577214885591977e-07,-2.135178070114662611e-05,-3.109974982147583906e-03,-2.600774065856340661e-02
-2.034822663557933273e-02,-4.722015733278223390e-07,-1.498315369223270424e-02,-2.471341551819122785e-04,-3.256243874897080115e-02
-1.826313914970844471e-02,-6.740435457031050172e-07,-2.618770068013542840e-02,-6.533038267813474486e-05,-3.089515233340331055e-02
-1.073690651262162316e-02,-1.576939266669794078e-06,-1.987037762647242412e-02,-3.869981523886371742e-05,-2.979560087703596316e-02
-8.095018706862796426e-03,-2.115893073388440952e-06,-1.187338590357218081e-02,-1.239805643438459217e-04,-2.489383576063216447e-02
-6.496289750946384646e-03,-3.629413774058145977e-06,-2.002263986041098037e-02,-3.142963501174822889e-05,-2.542790779264129247e-02
-7.082101180447838145e-06,-7.269190410208817028e-04,-2.059991766630145382e-02,-3.023379816780829551e-05,-4.343075817134109569e-03
-4.114665994835895672e-05,-2.909936693657142953e-05,-1.080715070061999405e-02,-8.340203638584374533e-05,-5.068360043669281785e-03
-3.922011299285962035e-06,-1.469979625807745307e-04,-1.433650245682299360e-02,-1.089732357837150402e-05,-8.153607603318428418e-03
-2.037588972246348945e-06,-1.374424131273122972e-04,-2.405849825718142654e-02,-5.362256830560539078e-06,-5.838160408670626210e-03
-3.798185272444060676e-06,-4.610469698438724243e-04,-3.987055770216793582e-02,-4.506063914433931704e-06,-5.255110784994093502e-03
-2.476694998248280818e-06,-4.519333618254468534e-05,-3.120039071738705400e-02,-6.122435598927161195e-06,-1.151950716014687014e-06
-2.841009085869777281e-06,-6.384618470242952378e-05,-3.235612676877173965e-02,-3.631323148419796277e-06,-5.642488160204361110e-06
-1.049161315870523723e-06,-2.460154529256101388e-05,-3.867386905728622398e-02,-3.642232846475224419e-06,-5.564848066551147970e-07
-1.271237503386990072e-06,-5.033739142022758590e-06,-4.395734078896505748e-02,-1.845300377752024998e-06,-1.934475320971869946e-07
-2.326851860321313880e-06,-2.262116985651420433e-06,-4.669480912234825337e-02,-2.666468174468971406e-06,-1.160166664522907175e-07
-2.610531392045482477e-06,-2.740100820349360687e-06,-4.861929299660017884e-02,-2.929328459457900990e-06,-1.270529864192603929e-07
