-3.050773756566584210e-09,3.724175057829978683e-06,7.055405713994204742e-03,1.552850197439659651e-02,-4.029133965333968532e-06
-5.041394470706938287e-09,2.367471113021532342e-06,7.501890940792150554e-03,1.399006327049275369e-02,-6.508688549475142187e-06
-6.669051160442497414e-09,8.652192282174967923e-09,1.287298429268372672e-02,6.177991061448372297e-03,-1.348003451874726662e-06
-9.582096814757706604e-09,9.997372351679372051e-08,1.694370629054297445e-02,5.395820053844326523e-03,-1.439833552445950740e-07
-1.126652831610631107e-08,1.938552201637694784e-06,2.122323810880670861e-02,7.011379618842605507e-03,-1.950561048955073622e-08
-2.040730452458190676e-08,6.595896199815992318e-08,2.038947684457211029e-02,4.257782150926846428e-03,-1.369960800794425025e-08
-7.041239661999960728e-06,1.458643121672134278e-08,2.366379902786713840e-02,9.702494428203438728e-03,-1.604307396471896072e-08
-1.147743180655744845e-04,2.143435078721677396e-05,2.716501368157768145e-02,1.847199023077783150e-02,-1.179701530138885901e-08
-1.475756958850185500e-04,2.617367777828743521e-08,2.854703309460231153e-02,1.168180558917567349e-02,-1.552897392780255905e-08
-8.106841922168137038e-03,2.816034401911615637e-08,2.390700838922531907e-02,2.189978822315037654e-02,-7.686174648795796320e-05
-8.270797389321647708e-03,7.094652517015339366e-09,1.639040217656831389e-02,2.034186702940678909e-02,-5.819438727311960352e-03
-1.111838347991083234e-02,1.356957700155994938e-08,1.995206903433267495e-02,2.294867638360355983e-02,-1.989616812583522298e-02
-1.456742964080893522e-02,2.044174146578407828e-08,1.595471560670303282e-02,2.198330432134333254e-02,-2.403570328709523501e-02
-7.670814162389479225e-03,1.757610445133319915e-08,1.670617053324306364e-02,2.438662365153819456e-02,-2.546648405985834501e-02
-7.025245292057994383e-03,1.072185036668261773e-08,1.427434931603221817e-02,2.312316621515624060e-02,-2.508151437270556006e-02
-3.506524586426047058e-03,1.027275444424907548e-08,2.117491613478762399e-02,2.129064851290475222e-02,-2.668753540516233605e-02
-1.215433477113383228e-03,1.422153460325971409e-08,2.189554411465048298e-02,2.269900745031220440e-02,-2.614028822823536574e-02
-2.796682172990872658e-06,3.532080741165343685e-10,1.965818218869244682e-02,1.498622254201217516e-02,-2.740125676759967710e-02
-1.543315175754127958e-04,-2.716801794634283806e-09,2.377499198468893682e-02,1.665537327606206666e-02,-2.913813871385413298e-02
-1.995916475777270369e-03,-1.687129680310588914e-08,1.890905217392481810e-02,2.066020176487537094e-02,-3.881889583304531238e-02
-1.205527606790025554e-04,-1.528873687397128233e-08,2.362449934403194896e-02,2.115099391642552909e-02,-3.515541390525633164e-02
-4.358222323532558060e-05,-8.083393434595212797e-09,2.375576738868349566e-02,2.104242833583535796e-02,-4.114300841187676361e-02
-3.514627597047369720e-06,-1.296205895133845297e-09,2.772354055128458186e-02,1.858275569047355968e-02,-4.696297975895742660e-02
-3.087967620648141416e-05,-4.264519595046822175e-09,2.526824389072425056e-02,2.194276889085221283e-02,-5.391361434802407343e-02
-4.925863413689672901e-05,-6.212699273080129140e-09,2.298421929164939231e-02,2.409302409408689560e-02,-5.157077747511412680e-02
-2.403802839393125857e-05,-1.749599270674508809e-09,3.167074845566757169e-02,2.862700279642829346e-02,-5.528695204439006833e-02
-4.781795438789977098e-06,-7.463653984307239377e-09,2.628395134494041982e-02,2.674445501301344827e-02,-6.030520733101535358e-02
-3.479792590896098434e-04,-8.401909705839553396e-09,2.442273715110819185e-02,3.006016257295771738e-02,-6.459474732597986213e-02
-4.251595198062984682e-05,7.850607742049016030e-09,3.150225430582547642e-02,3.693277382203970227e-02,-6.565330945208218416e-02
-3.509558124825667432e-05,1.564331101865910654e-09,2.934512858446707007e-02,3.122306705622723139e-02,-6.129347760343760443e-02
-6.678532684372090293e-03,-6.567362723523643488e-09,3.109685557949750864e-02,3.425239238638326522e-02,-6.149783739539333577e-02
-7.290283782500835662e-03,-1.319682208120122889e-08,2.833870085689954924e-02,3.906367156198754104e-02,-6.747206001598138325e-02
-8.986257319733879445e-04,-5.770827173983971515e-09,2.568195328737525943e-02,2.876577471474288730e-02,-6.373191177579054512e-02
-1.284106924233771690e-05,6.298281455540931306e-10,2.706762513761292940e-02,2.528959708619799018e-02,-6.622099472117173868e-02
-7.815576667709182076e-06,-1.314990469451425037e-08,2.186328747554485558e-02,2.025198966646905158e-02,-6.938259531578964967e-02
-1.090763913608705133e-05,4.742776416032961941e-09,3.147718006733327134e-02,2.585618539011462491e-02,-7.070823363587416810e-02
-1.768165175239167899e-05,2.096646337680298308e-08,4.430539975730157787e-02,2.367924222338901874e-02,-7.053571146070666820e-02
-1.457424009316545227e-04,1.039788255672032928e-09,4.081839017996856389e-02,2.407540391845843994e-02,-8.068634345954639464e-02
-7.708229865135931395e-06,-1.869177448460375225e-08,4.414346351791862549e-02,2.435896354711109685e-02,-7.029270486312351462e-02
-7.769574783148549054e-07,-1.113682948555050795e-07,4.485392474977533545e-02,2.932132737369083295e-02,-7.032479569297173105e-02
-1.247510260945648145e-07,-3.061866584564536849e-07,3.153821312785966974e-02,2.981131939482335388e-02,-7.123929814099513869e-02
-1.413595506794263081e-08,-3.745926133339777772e-06,2.086451818270004463e-02,3.012294890141919979e-02,-6.513191925291324236e-02
3.865798654609784923e-09,-2.317970676928338830e-03,2.281615933702596923e-04,3.823314454540052004e-02,-5.241261057830928771e-02
1.080984040228398564e-05,-4.518205350664418474e-02,-9.291691682427891971e-09,5.156424296379883560e-02,-6.152278427900138152e-02
2.163127900204445152e-04,-8.303031258551903104e-02,-5.785312985476433477e-06,6.813406287471662770e-02,-6.119097167156864470e-02
4.565451234705770653e-04,-1.228544466243485234e-01,-1.410406793578509880e-03,5.559130529661027859e-02,-6.227734642394576470e-02
4.203853960974551361e-04,-1.484437807164883938e-01,-1.734092417473118847e-02,4.250115357192667254e-02,-5.250300482662393492e-02
2.853954426467759237e-04,-1.603218497672770915e-01,-1.862021849190510087e-02,3.052457614042795170e-02,-3.329930729510099247e-02
2.247684612375009110e-04,-1.785441695119076577e-01,-1.626350897455873523e-02,1.123358263575222754e-02,-1.116728126102490093e-08
3.139106271713818668e-04,-1.899989455180161879e-01,-7.113764681118408921e-03,7.751788743221259129e-05,2.332543048098985626e-08
6.011042917308859592e-04,-1.817794731604646108e-01,-1.678075090968884534e-05,-1.478637025290077145e-07,6.493742100810498524e-07
2.043136323596986530e-03,-1.759558240197502399e-01,-2.829268372304130859e-08,-6.813063389914907064e-03,5.444734343425011807e-06
1.125107483567949936e-02,-1.760937704342915022e-01,2.022134622472852278e-07,-5.535696742338489656e-02,6.369745468892395787e-10
2.504079830242000176e-02,-1.624459969386179703e-01,3.086381764671576600e-02,-8.500285135666071912e-02,-3.755114474106831934e-09
3.631690204629347413e-02,-1.269298172507514200e-01,6.679730253044172117e-02,-1.228396902937421015e-01,-1.291821049622449245e-08
3.121944128467111709e-02,-7.302580256913060452e-02,9.255064780391696055e-02,-1.547950016570474874e-01,-6.555879160663747923e-07
1.913554132782213299e-02,-1.963584596001858792e-02,9.760359013674417550e-02,-1.880278614602004239e-01,-2.598778300467397416e-05
1.905684452046010045e-04,-2.466352183620966296e-06,8.054565150742856727e-02,-2.160823634972526275e-01,-1.052709570753967289e-03
1.875013335138392061e-10,6.933746893556792825e-07,3.466192003891723633e-02,-2.164992735361045972e-01,-1.338503612142342980e-02
-9.734712794256120474e-03,3.242701515474692708e-02,2.186039739708353733e-04,-1.993256790828323022e-01,-3.067905470840458573e-02
-4.599338489531066415e-02,5.234408385636319522e-02,2.989292659900693609e-07,-1.866342891631870837e-01,-2.904056081333313694e-02
-7.174221049776165204e-02,6.786512752124140846e-02,-4.789564809998887035e-02,-1.518995058959432820e-01,-4.365823715579753017e-02
-7.881065833018827127e-02,7.353694133185621762e-02,-8.706463711453898968e-02,-1.221137460785613055e-01,-4.814345012022124698e-02
-7.906560370049346698e-02,6.725072377280921776e-02,-1.101211678085792095e-01,-9.079184377185425814e-02,-4.410652513573777578e-02
-6.518612089837524937e-02,4.469637461816876323e-02,-1.266598293916228468e-01,-6.853474674908408004e-02,-4.505451284307376153e-02
-4.785004021892119708e-02,1.577011079328938942e-02,-1.532759839806678570e-01,-4.244828902337616228e-02,-3.651387923174763406e-02
-1.971810930371103304e-02,-5.245517164500106052e-07,-1.685165175595468579e-01,-1.751723049964284615e-02,-2.713015026025748094e-02
-1.212110920483083602e-03,-1.050571070362082266e-06,-1.728539047709801435e-01,-6.604013977264644149e-04,-3.192547083454751883e-02
-1.453441481462743444e-05,-3.074745485824654027e-07,-1.709443925349707349e-01,-3.679120406874128950e-05,-2.252505823937968679e-02
-1.849351041931344057e-07,1.476315641276796435e-09,-1.689700600579593925e-01,-7.769113746770600049e-07,-1.238935223230478930e-02
-1.281006346793747753e-08,7.485931624572982028e-08,-1.495223360929000822e-01,-7.513949246272219434e-09,-6.638165145448493218e-03
3.469430556461104054e-08,2.977917280525846933e-05,-1.295092553747214936e-01,1.547520751349830670e-08,-6.507007921641239437e-03
7.103846005571663735e-02,2.667715967459768087e-04,-1.145462010736243291e-01,1.499690307250472731e-08,-1.522736298472336376e-04
8.450443723287727471e-02,1.034635783192684863e-03,-9.332586020554016482e-02,5.480548394111860741e-07,-1.288462015134391608e-04
1.012243950752105687e-01,6.036637024021224325e-03,-6.841823713839277621e-02,3.154319077551615256e-07,-3.625742901918432945e-05
1.174396785977126073e-01,1.770560758328091136e-02,-4.612586292652970377e-02,1.269562123728040984e-08,-2.544031708426025670e-05
1.344319198416714656e-01,2.771913092992367433e-02,-1.713879101762514137e-02,1.744539979461124266e-09,-1.375925111233002630e-05
1.498552660625865063e-01,2.939856227106928122e-02,-1.378796231311926919e-03,-9.212708312547251084e-08,-1.248136494576220836e-05
1.634293351800037430e-01,2.253134206006071269e-02,-1.417468039271626819e-04,-1.586100204827164142e-06,-4.127308522804595388e-06
1.727663850566932557e-01,2.842180721684707881e-02,-6.615753830754464801e-06,-3.232791890581000868e-05,-2.572274807867276728e-06
1.710682385475029155e-01,3.159585927720384019e-02,-5.773197002217326398e-07,-1.123350808973705775e-02,-1.141687233619059717e-06
1.673766561690655519e-01,3.671548924764391625e-02,-1.319729106419695044e-07,-1.043506317121828744e-02,-3.463800943854905497e-07
1.540409792643251952e-01,3.768484729998058946e-02,-2.576213599834195585e-08,-7.729716860375628572e-03,-1.543559053680664498e-07
1.400614266576447609e-01,3.709242820349664682e-02,2.934492895620038051e-07,-9.672692553820576015e-07,-8.792637375402567812e-08
1.266498787473553933e-01,4.024866812620134932e-02,1.957684367447897963e-02,-3.439156863493577066e-09,-2.530664925524338980e-08
1.103290336734582128e-01,4.136234296211695888e-02,2.792497359815316466e-02,4.891370709957155657e-09,-6.714475008247797020e-09
9.688950997398365628e-02,3.573312030260530903e-02,2.833630845985518967e-02,8.719373160180908396e-09,7.260125734182991183e-09
7.840765134268026793e-02,3.191894908424296184e-02,3.182133375224237282e-02,2.043408834550320506e-08,3.150429365045483848e-02
7.534231180118734772e-02,3.190403513390211582e-02,3.768997225931621647e-02,3.365634432583975410e-06,4.267513572606798644e-02
6.718331524912742048e-02,2.435484201033954674e-02,3.191652098903909746e-02,2.474223233055602381e-04,4.256303668368717485e-02
4.989848248107008055e-02,2.325307823527110809e-02,3.096632742416299822e-02,6.854368991756088283e-03,3.625755369346904400e-02
4.734573633544694043e-02,1.574550154956692524e-02,2.752507644542633719e-02,8.034785914606179871e-03,3.784483346463146658e-02
4.224725622059683633e-02,7.646225641256743435e-03,1.256306836913996701e-02,3.950461756655744734e-03,4.030111315370860786e-02
4.013977826766728513e-02,6.062571438970727929e-03,6.523623107125944602e-08,7.173162296416965913e-03,4.699319334195269787e-02
2.513158344228839935e-02,1.462558671133647441e-03,1.889149670208193723e-09,6.698632641210008204e-03,4.876526758045163223e-02
1.335264860830157746e-02,1.943804566563089777e-03,-4.517893689828516046e-09,1.128094951192438848e-02,4.755265452071733706e-02
3.092959706645613711e-03,7.175949502525352428e-05,-6.986978937121595301e-08,1.358790716736253594e-08,5.377438522826426953e-02
2.110599206960755991e-04,1.028526843987512376e-04,-6.603381021026294693e-07,1.474411045927809368e-08,6.170520684654854510e-02
8.247681035418099654e-07,6.094796372472750052e-05,-6.556105578196273112e-06,8.428311013917799498e-09,6.510606748925792941e-02
3.629889449460489059e-08,1.461905142294132366e-04,-4.160993822585972614e-07,2.609423684866857885e-08,6.067605975408346675e-02
3.762096074974138669e-09,6.274137067002398364e-04,-9.261636128210222492e-09,4.228319038620956576e-08,7.058810165902133782e-02
-3.761926481266109208e-09,1.388357599438120021e-04,-9.035069552101096004e-09,1.394650974687848587e-08,7.093853205245789773e-02
-2.895176079796568821e-08,4.749341850194551719e-03,-3.880585437162295378e-09,8.108999736149196582e-08,6.542560691577821441e-02
-8.328828014954976419e-03,5.849369661655029473e-03,-1.923036120368444126e-09,1.380594858031823462e-02,5.689892699343572502e-02
-1.068655065106071875e-02,1.195336748676868949e-03,-2.334486949611071391e-10,7.372991692129642738e-08,6.163342824962207700e-02
-1.888392306924592534e-02,1.425609845394726436e-03,2.697547028378594747e-10,1.814240115794849353e-02,6.387366228171202642e-02
-1.795313456020308090e-02,1.481974741924782016e-06,1.156887915305419526e-09,1.328692966726157700e-02,6.294436335180558784e-02
-1.748037047528552476e-02,1.145692577488188989e-07,7.278015180036750077e-09,1.332004115496487028e-02,6.061813909674855505e-02
-2.182138381625748150e-02,1.063061262803132252e-07,6.954141272976682028e-09,1.735824474942789311e-02,6.357919432181412256e-02
-2.359104291655948066e-02,1.037891687007324383e-08,4.496515771964962246e-09,1.038136818167812760e-02,6.353561273961691458e-02
-2.835707518291998713e-02,5.503738193903403544e-09,4.272146095402106199e-09,1.124957299585655282e-02,6.406209771293308597e-02
-3.219468292586701030e-02,3.449946523360988964e-09,1.308291634407398518e-07,1.280660088666416181e-02,5.841981469332761800e-02
-2.910842528182901873e-02,4.452508753624434933e-09,1.676292982225035162e-06,8.266310084924771012e-03,7.085837083955685844e-02
-2.482026842643486261e-02,2.205775085800828843e-09,8.497878821206513543e-07,7.751296129564326683e-03,6.795216302924360352e-02
-2.182985411552833960e-02,1.958865881892682846e-09,8.023730552425675702e-04,3.241555338037584600e-03,6.321646490076271441e-02
-1.644880165091996624e-02,2.157811741969808943e-09,1.139402564045852422e-03,7.317451945605416876e-03,5.724809662918158015e-02
-2.466776707056813137e-02,2.682144728949730206e-09,3.275492337607117923e-06,1.441627881504085884e-02,5.721481507097766345e-02
-2.854646747042610677e-02,-8.182777140897225257e-10,6.219650144475999188e-07,1.567734414973095264e-02,5.910126122640184387e-02
-2.939680542674204256e-02,-5.452242783682521812e-10,2.146916348105952543e-06,1.359264759209735142e-02,5.913427025520966163e-02
-3.764512808743579464e-02,1.341457309734395871e-09,6.123442134384124205e-07,2.606759416786545366e-02,5.409123373831566800e-02
-3.961218436292546913e-02,6.259785318186213141e-10,1.536272310559105001e-05,1.636845264079093629e-02,5.554951932589025781e-02
-4.054879053490372670e-02,4.724177479093976315e-09,4.858988838087975387e-04,1.821861567721708847e-02,5.224505263261926269e-02
-3.800255257271505094e-02,1.605371552747613381e-08,7.133061208373292147e-03,8.713896577278218772e-03,5.142415377243640673e-02
-4.310029456463767422e-02,8.092426267593992979e-08,9.524231390557824986e-03,8.968940087303841138e-03,4.585078039397957189e-02
-4.037315030107596625e-02,5.006538699295188476e-08,8.043856999784494612e-04,2.937596700017414478e-03,4.357247292275279876e-02
-4.877209923087730964e-02,8.653719005538429839e-09,2.324319091836955613e-03,7.386244324349518957e-05,4.733909176273112807e-02
-4.863090389198367752e-02,2.143242662813831037e-09,3.033520636517524329e-05,3.188881073751451558e-07,4.027372684015475407e-02
-4.857130236386756478e-02,5.523171863059284563e-09,7.714004007141211396e-05,1.637702460326124652e-03,2.976511590596392018e-02
-4.077196652047881259e-02,9.812793196533363985e-09,4.424444749169821590e-05,3.072778101878983967e-08,3.989116872746719528e-02
-3.852084781764256866e-02,7.937543686300542213e-09,4.432522139424077493e-06,2.881177340995712450e-08,3.396693494263769431e-02
-3.792080169023894637e-02,5.852558685740902921e-09,1.924360277645359438e-07,2.155011495186904155e-08,3.849945883474245600e-02
-4.310687987791375630e-02,2.282211189443816172e-08,4.792442049923782199e-06,2.689848144188459675e-03,3.406448700396437490e-02
-3.105215750499138588e-02,1.786935735859939214e-02,1.267934431609167704e-05,3.945251660785591699e-08,3.786148764009916040e-02
-3.015745537721538361e-02,2.654664121019688697e-02,3.074843864330308236e-04,6.039648893873097754e-08,3.206689128181638287e-02
-3.526702029054522292e-02,7.198933898234951006e-08,8.225430362806467966e-04,2.642516709271024127e-08,2.591041316895743504e-02
-3.788137249679359581e-02,2.464400928469292367e-08,3.548160959035197466e-03,6.402782027221451680e-08,1.911673693062431595e-02
-3.786961626908284112e-02,1.208373963016562448e-07,1.160197773268466909e-04,1.648506129706981168e-08,1.716553922761483025e-02
-3.791503718158163033e-02,1.100766522265225589e-08,8.865050021621878791e-06,5.204459692628544344e-09,1.529325926723276372e-02
-3.776241053263847819e-02,1.321339815359941452e-08,1.392183511804086465e-07,8.495197521460823196e-09,2.095677313030203104e-03
-4.673175604309014880e-02,2.142044987337468270e-08,1.321872485321811036e-07,5.662393225116875170e-07,1.278431613311551568e-04
-4.948455054361355909e-02,1.293699313581130831e-04,9.182586471309425922e-07,4.487398594724185426e-06,2.658274000557119815e-05
-4.583894785261934113e-02,2.956055930841519630e-02,1.191617344471292969e-07,8.391188503774436217e-07,3.418027004843845318e-05
-4.509504984021620033e-02,1.505320034877182079e-07,8.140435816213244969e-08,1.313954579926174541e-06,1.670494612993935432e-06
-4.742687046118519711e-02,2.907307960178496034e-02,7.934351253195503667e-08,5.646783055920977321e-05,7.666605853275516264e-07
-4.060810769502238432e-02,4.267589295403893093e-07,1.554608024138188212e-08,3.369291380829465451e-08,9.913610408624701093e-06
-4.611534960422488533e-02,9.119058429549357026e-08,6.754888580229944950e-09,2.415459884844970363e-08,2.819125085809566116e-07
-4.794882216541116599e-02,3.476595093491982759e-07,3.678453684468083188e-09,1.670413446567024773e-08,8.264873961592226477e-08
-5.142512133761897170e-02,7.681706630378083730e-07,3.137320655526490327e-09,1.801501747572717584e-08,4.012862883068459801e-08
-4.632941337011179522e-02,2.088675987246409876e-02,1.671934063565168630e-09,2.358637075985837672e-08,7.570739990349798566e-08
-3.964217159761628667e-02,2.621743652697561267e-02,2.198057113499243555e-09,3.818316145478798873e-06,1.481565996412512813e-08
-2.934750143567236430e-02,1.780217192102579241e-02,2.620477911575005268e-09,9.238662047043932619e-09,1.944379323310016709e-08
-2.110755312071829065e-02,1.405944737285094032e-02,7.639495899638373874e-09,3.883012035469984050e-09,6.396252073055283028e-09
-1.815088685209042402e-02,1.262231155683939988e-02,1.738722705797767976e-08,3.416399471949906475e-09,6.086809924031090645e-09
-1.987853999545695707e-02,9.923186437285184264e-03,5.121109616214577367e-09,2.485185255076749782e-09,7.177534284285517461e-10
-2.023398772491574044e-02,1.379265582256214255e-02,1.765622892091379727e-08,2.919543953252184706e-09,-7.011080173450820790e-10
-1.514061301789689645e-02,1.193817073550714272e-02,3.272338837914867000e-07,2.617663382327973687e-09,-7.516001307081299353e-09
-1.073440257328879370e-02,9.658755552210553097e-03,3.428294323303245035e-08,-5.506027975729766898e-09,-5.508836275855157748e-09
-6.549524502835717653e-03,1.342899997647222302e-02,1.619017037351410306e-08,1.077840837467976665e-09,-1.233931353165437184e-08
-4.050498280569506462e-03,5.980027834432796036e-03,8.407635028041352653e-09,-4.072103439395201157e-09,-1.767422269860838756e-08
-8.657599754493665659e-03,1.529969881042861184e-02,3.101429786824405452e-09,2.090419377324994714e-09,-5.021753299631655752e-03
-4.608727568921793319e-03,1.121672374720793924e-02,2.468418418613458387e-09,3.919196466358599221e-09,-6.459072543433473299e-03
-2.730345613234470056e-03,7.408899832694214836e-03,1.377446746074208084e-09,3.488474856759400204e-09,-1.028784815248260688e-02
-1.145375105065536692e-02,1.962670684164787363e-02,1.192815571961164930e-09,1.886824914408436139e-08,-2.225680805197068762e-02
-5.559887851738259251e-03,1.690315118167434738e-02,1.539960951888675868e-09,3.244170464434265329e-08,-2.446937104126647305e-02
-2.194964517898542831e-03,1.737581510040768495e-02,1.625412625837401343e-09,2.206079075031904368e-08,-1.706500088496158349e-02
-2.616419596569547271e-03,1.509002660570137218e-02,1.373113472018417037e-09,5.674859412455091128e-07,-1.808769304657832644e-02
-5.299052607581696168e-04,7.938405978193464538e-03,-2.719444937070550565e-09,2.694476181118713032e-07,-1.922321225794289268e-02
-8.957487301905519336e-05,7.954762376465980556e-03,-1.332529665066455489e-09,1.104031806125939936e-06,-2.290789075310591116e-02
-1.375564049624288204e-06,3.313666693725235510e-03,-2.699226492533431986e-09,1.304641568069462722e-07,-2.372286218834725527e-02
-9.260263571908264723e-07,2.373720127514684745e-03,5.960983265061506454e-10,2.542646261680590533e-08,-2.867400169103397067e-02
-1.906893650640687466e-07,2.587590096720784449e-03,-2.025992904353557076e-09,1.106062039854000009e-08,-3.152853531306699236e-02
-4.275199656739469110e-08,5.717473039636927247e-03,-3.161756992161569435e-10,6.447454997094391989e-08,-3.256962141198039423e-02
-1.573408601316571244e-08,6.660699897793853977e-03,-2.863402973320283594e-10,1.215938334418914106e-08,-3.503238837913515841e-02
-1.457340412424853394e-08,5.463033674908233418e-03,-2.364095104503571014e-09,2.251199899278295142e-08,-4.406382536257204274e-02
-3.632096966147078408e-08,3.939963176976829344e-03,1.998531870535320253e-09,3.262934196221163383e-08,-4.847476612122948031e-02
-2.406535148287920293e-08,9.743207809641017680e-03,8.864580923619028061e-10,6.557257423906750587e-06,-5.496721201494089715e-02
-1.295103796075535568e-08,1.676734969981564030e-02,1.580661249182002524e-09,1.057184482952413725e-05,-4.708490864610008486e-02
-1.711276667870754966e-08,2.233130453999379941e-02,8.340445471986544513e-09,1.624854794607824511e-05,-4.988821357486238062e-02
-3.884799204251997757e-08,1.541260699976011901e-02,1.628670873598089946e-09,1.313108850159807562e-05,-4.766011876342908515e-02
-2.622129503989647778e-08,1.862586382472353544e-02,2.387763107053789487e-09,1.015609192195234187e-05,-4.814537571587855502e-02
-7.173283409184343625e-09,4.578850956155426181e-06,2.831428621670084616e-05,3.615813645714233658e-03,-6.945078493767710769e-08
-1.813192051690033155e-08,1.595502461366641125e-04,1.044840989194040920e-04,1.409436360116241016e-02,-1.392394547332265793e-08
-9.064737775806346065e-08,4.525050922494773590e-08,1.585417756989218152e-04,1.967825223090402531e-02,-4.799668084772177379e-09
-3.676205726529555333e-08,1.476161404537534601e-08,1.416617736162941698e-08,2.061388258069046450e-02,-7.904497305694603040e-09
-1.235487229181007461e-07,1.894068349654681347e-03,2.887802141382774055e-03,2.365447500669719608e-02,-5.903260790690885119e-06
-7.854847891022839326e-06,2.361046703432855259e-03,6.058173191361035555e-03,1.613213920484050587e-02,-1.230989651610135018e-05
-2.488324490544784346e-07,2.871815154163098114e-05,6.401575568427834810e-03,9.374622944095793720e-03,-1.811571294386460473e-08
-2.263730710393710486e-06,1.776384358480214472e-03,1.672184976570711967e-02,1.800289308742962502e-02,-6.096775810727487121e-04
-5.282673134387738396e-05,1.126500946930633976e-02,2.795910784756463000e-02,1.592538662496878477e-02,-9.567586510765207358e-03
-2.504352974427411210e-03,1.837836444903341929e-02,3.076050179475882385e-02,1.669079238078080910e-02,-1.953078251653965480e-02
-7.972933418086704770e-04,1.235999620349600633e-02,3.048473040448591159e-02,1.733629192818939360e-02,-1.532370644996570996e-02
-2.556541295087607843e-03,1.759159918524815652e-02,3.204885208999834478e-02,2.147084379652225775e-02,-2.641711600834795518e-02
-1.352487699773963258e-04,1.614377962128171751e-02,3.844098773733944235e-02,1.942760111510740892e-02,-3.826766184015428784e-02
-4.717083887826658065e-03,2.384663957604942625e-02,3.443850510027778727e-02,2.319941544103673939e-02,-4.737585684952817094e-02
-1.566022999128232479e-02,2.510393797064991439e-02,4.281153468230947112e-02,2.840482721530681806e-02,-4.067740745624533194e-02
-1.179909760579745358e-02,1.832845068694157614e-02,3.339767084659210628e-02,2.933766288104534478e-02,-4.300108170332187646e-02
-3.241973403845330431e-03,2.031730743443919615e-02,3.936448315817697025e-02,2.887785226373025538e-02,-4.414035708965213800e-02
-4.583563979654814435e-03,1.512451464220342448e-02,3.637383285412605638e-02,2.809946030435546763e-02,-4.723901469553213467e-02
-4.691538657226126258e-03,2.163955733016091967e-02,3.251811654701918658e-02,3.081801116840153509e-02,-3.942411019874670491e-02
-4.345879360545667515e-03,1.828168800967950106e-02,1.875798022812324994e-02,3.803570987568184042e-02,-4.703830081350154901e-02
-4.581071813165911270e-03,1.395870940531602870e-02,2.405681514571796770e-02,2.913722437212395294e-02,-3.884445756668819527e-02
-1.020052181091866440e-02,1.630347538454003653e-02,1.683585358106362215e-02,2.640005626602046421e-02,-4.351588614927632409e-02
-9.671299003720398510e-03,2.141312018127435792e-08,1.510419388630953805e-02,2.318638211370240357e-02,-3.953091030341984030e-02
-5.458269704899201477e-03,1.906035633540155774e-02,1.358081634936098361e-02,2.660710864062321504e-02,-4.582947007378015969e-02
-8.501255992565893288e-03,2.190695083048781883e-02,2.234077010076144718e-02,2.527345829569720495e-02,-5.631008126758681870e-02
-8.511778219512496080e-03,7.745554788467075045e-08,1.556151374813556122e-02,1.300262147789547212e-02,-5.657726915418780089e-02
-3.353927071975449075e-03,1.900467144961865210e-02,2.379051413726569059e-02,1.631723326247939976e-02,-5.308062719187731787e-02
-3.925765406719841839e-04,1.559324794806234669e-02,1.729241757818629141e-02,2.572271216422362949e-02,-5.627853535357466713e-02
-1.850439796025350454e-04,1.661560139809403411e-02,2.640483906043144743e-02,1.897890366119071512e-02,-6.235897690815497135e-02
-1.327816270518100868e-03,2.146873174488079378e-02,3.150052972539761631e-02,2.628550036881744864e-02,-6.565384616373058646e-02
-9.539206067683534584e-06,2.186423404519169736e-02,3.882561685834665793e-02,2.232965864342797285e-02,-5.721293726369341970e-02
-3.733969892557541652e-07,1.847562672219172850e-02,3.645896663862429471e-02,2.206715340308583115e-02,-5.776575177822394769e-02
-1.202603286369849674e-07,2.508233763586925624e-02,4.434540589560636431e-02,1.808489911521176177e-02,-6.318436854021904081e-02
-2.864425966239597363e-07,2.459271875901063165e-02,4.874989234624958756e-02,1.394351644799532615e-02,-6.653597263259733441e-02
-1.009126502269129261e-07,2.189690497296640712e-02,4.866365341966303465e-02,1.106758520565149888e-02,-6.734328931013490449e-02
-1.973846733984165004e-07,1.994460717819112717e-07,3.482832274918259974e-02,9.787475658023594288e-03,-7.675096433047902400e-02
-2.358648162815500681e-07,3.064203847233828645e-02,4.676404315900044295e-02,2.077117674048600815e-02,-8.834893307948286922e-02
-3.211247856564116548e-06,3.286510883742922023e-02,3.841090827893813703e-02,1.957571767454235889e-02,-9.897020811678829133e-02
-9.716614470985154839e-05,2.452192916094700672e-08,2.179409965426348447e-02,2.035446114358040529e-02,-9.182803451114321391e-02
-3.650130898103970393e-06,1.650435371650247028e-08,1.006167045409219266e-02,2.891791602632300465e-02,-9.042248550972163679e-02
-1.412365668772823328e-06,3.562704863695482584e-09,3.445873516495639131e-03,3.241408120648212043e-02,-8.739726061974864568e-02
-2.505475348571549694e-07,-1.756839035886969962e-07,2.180996618070459770e-06,2.235216134324586462e-02,-8.170909202110661351e-02
-5.278595806732580517e-08,-2.999379822773752275e-04,-5.902976552767848854e-10,1.501774900052738060e-02,-7.297104665443414351e-02
-2.515318624478737012e-08,-3.950319737927782821e-02,-5.615862708028884548e-05,3.263839819430831152e-02,-7.784207964564514304e-02
8.370735042949761122e-05,-7.286388396539206225e-02,-1.089295510619020481e-03,3.685124433004827171e-02,-7.343723158416608221e-02
3.469167644732582532e-04,-1.092966763207865594e-01,-1.253752178896763540e-02,2.377666941933382141e-02,-6.719781782947198412e-02
5.226297206131784358e-04,-1.387382436059548252e-01,-1.137745554431742606e-02,7.938552072425457753e-03,-4.447242200675812634e-02
2.945467796584480677e-04,-1.690843800536581953e-01,-3.829985340741555444e-02,2.864888523752459051e-04,-1.398057032509010186e-02
2.989372964668106153e-04,-1.827569508254601738e-01,-3.707995701658426541e-02,1.196853221068610982e-05,-4.530631738717357606e-09
4.418965183216475912e-04,-1.856489496831214836e-01,-2.821416565219739964e-02,-6.038540284652580961e-08,1.078172335760061112e-07
1.837947056209876962e-03,-1.737663254365127141e-01,-1.566949282854589356e-06,-7.616282149368875168e-03,2.414040684190905850e-05
1.559908026635549796e-02,-1.721534175736670613e-01,-1.344347680736621851e-08,-3.706380911015351443e-02,7.817341618892369584e-09
2.901400485776205532e-02,-1.636540811759640557e-01,9.957192659963658501e-03,-6.763317402126031719e-02,1.187658169118110000e-09
3.784524134082625779e-02,-1.377245805816245394e-01,3.964787002286327550e-02,-8.245643453397781542e-02,-2.406731685402819154e-09
5.162976559615310018e-02,-1.035241419912094479e-01,5.762742487973325500e-02,-1.099796681633388867e-01,-8.884490118381860096e-09
5.541002236553727034e-02,-6.949409400966316541e-02,6.101799817110983848e-02,-1.394490585452139997e-01,-1.739260603825601467e-06
3.836223595562381072e-02,-1.215777061226242135e-02,8.203301152325176426e-02,-1.579735765790312718e-01,-6.790912784686609386e-04
1.432009665710382885e-02,-3.463301628474428155e-08,6.665877300180259035e-02,-1.755079586458109242e-01,-8.338361759497533304e-03
1.695799498781550111e-05,2.742778284249585083e-08,2.313768478101996956e-02,-1.838450326595228168e-01,-1.644463187249767255e-02
-3.975724995631113597e-07,6.342374083122228300e-03,2.160837937089248896e-04,-1.776493410146299246e-01,-2.299369268438275146e-02
-4.537029699683334640e-04,3.166703698486444951e-02,5.653772860279581218e-07,-1.690466566178985552e-01,-4.384474442600653360e-02
-2.287954809703144840e-02,4.401534712772735974e-02,-2.849378833015883863e-09,-1.569925168677819560e-01,-3.831113775011868450e-02
-4.010996612096074526e-02,3.996356763639517806e-02,-5.513353588950418993e-02,-1.349355488826897986e-01,-3.561892112194581933e-02
-4.033807479017428171e-02,2.252162241160085218e-02,-1.039883295207377073e-01,-1.024504279352754510e-01,-3.832449486773401026e-02
-2.302914995534404569e-02,-1.753536231607856258e-07,-1.303847541182514835e-01,-7.618609227643094450e-02,-3.807155260326830493e-02
-7.908056799854703417e-03,-8.722543259336190165e-06,-1.579871094828303735e-01,-5.265239287884047187e-02,-3.426823606159896257e-02
-1.129384467759313095e-04,-4.578314220009651117e-04,-1.683870821276396423e-01,-3.241122674933059195e-02,-2.047431452309778424e-02
-1.629398333377309986e-06,-1.512055540416937585e-02,-1.818741141289488827e-01,-2.951965854647763121e-03,-5.055740304350794974e-03
-1.046159336823075619e-07,-3.675426364091158998e-02,-1.828560299603172457e-01,-9.537534793379611429e-05,-9.499831306979363143e-06
-1.239398993678224039e-08,-4.734889709094551591e-02,-1.834731221255070654e-01,-8.679834297712101233e-08,-4.760318269547856113e-08
2.274063676658074143e-02,-4.663062208419239268e-02,-1.676661388532522945e-01,-1.885698124736662538e-09,-5.168455505091984853e-09
5.284823228412386525e-02,-4.662169490394519472e-02,-1.633580047681590097e-01,6.469512851568334860e-09,-3.665956968153383358e-09
7.180957289424440282e-02,-6.274204587857777577e-08,-1.402564791679628831e-01,2.203831958395679330e-02,-3.452077892770295126e-09
8.897156549133181103e-02,4.920968450308065778e-09,-1.278070539373081793e-01,2.641060147828323129e-02,3.697426157142927239e-09
1.026123700204204098e-01,9.048145787045403505e-08,-1.128716273263698916e-01,2.237554162071421840e-02,1.519669830542562634e-07
1.137733633260260280e-01,8.145923790057445687e-07,-9.561610948079966865e-02,1.429205003993780018e-02,2.265684662236436275e-02
1.218769176536294851e-01,1.887444146619841529e-05,-5.928423569085031902e-02,7.531129752447486385e-03,2.724213733258873393e-02
1.256942415823620318e-01,8.956043310622531181e-05,-4.073453053154579145e-02,1.453060212841528336e-07,2.492684597397230167e-02
1.210784777489757741e-01,2.457707424378705410e-04,-8.506941379361625949e-03,8.567257966677943294e-09,4.034513822398232835e-02
1.230574458302555463e-01,9.030789189383646139e-04,-2.719159178271149217e-03,7.222871641723242379e-09,3.839933637575524555e-02
1.167478270370982396e-01,6.567162782110428157e-03,-1.927955662916819226e-04,2.938683016640660962e-09,4.379511533233263615e-02
1.060973744108039407e-01,1.424916640247326886e-02,-6.242254500347285933e-05,-7.686668231085160941e-10,4.189081177290406716e-02
9.233870258715910773e-02,1.724194170820922065e-02,-2.575056454590530629e-05,-6.442605432892581592e-09,5.809921930570148552e-02
7.499727416809935654e-02,2.908575129039876403e-02,-1.567374278293713770e-05,-1.677180834970886437e-09,5.889488477798337368e-02
7.048089677911606454e-02,4.785084057668910484e-02,-1.022210919469646620e-07,6.371120833438994705e-09,6.106608327813183024e-02
6.147764436105450370e-02,4.580246270249185847e-02,-9.004723843756499352e-09,1.146178503944811069e-08,7.232327178130452949e-02
4.908083197556081106e-02,3.990101048448541771e-02,-9.779717970224917510e-09,1.145502687899122310e-08,8.593258674021925225e-02
4.036307736290148385e-02,3.691154988474810300e-02,-1.091830939085072556e-08,1.819325115309278398e-07,7.399235237277493327e-02
3.397906097658651842e-02,4.498148408205652343e-02,4.976869081638593132e-09,3.844144089622436068e-03,6.392438438174433135e-02
3.108845833676614559e-02,3.408048713577126188e-02,3.317506998531745653e-09,8.560150082224573381e-04,7.043613667512832466e-02
2.833133394133535710e-02,2.797102766863526768e-02,1.255034384791772945e-08,4.354724704287402393e-08,8.290839643983247131e-02
2.995017079770756485e-02,2.551799474718962138e-02,5.136626996615510441e-09,1.005931100984409562e-02,7.658563646442072270e-02
3.736570755259492616e-02,1.816684704859707414e-02,1.873885521403604408e-08,3.116457066386415365e-08,7.752235377072413947e-02
2.438003165191330104e-02,2.390504749582029673e-02,1.079824320637146247e-07,8.729143007680864054e-05,7.847142111920732410e-02
2.370030635014420961e-02,2.245844941508585296e-02,9.647349919396941767e-03,2.617282499529085016e-08,8.791835487965035667e-02
1.135376117404298182e-02,2.266574292549568964e-02,4.043251349385918944e-03,8.957550476658856223e-09,8.854057035047600832e-02
4.726461704085735405e-03,1.977948287965733062e-02,2.100366241080549528e-06,3.971294700862101792e-10,8.673812037805911368e-02
1.619001506887581684e-05,1.129748760022502956e-02,9.322622394971621572e-08,-1.365411860933075030e-08,8.736930322358446577e-02
1.158880847588877065e-07,1.361184570333483917e-02,6.725706494414644530e-06,-2.493125413298017605e-07,9.296728973619926284e-02
2.980975305039661833e-08,3.495883035089363249e-03,2.341086542553906619e-08,-9.685962840751965653e-08,9.301705637205993915e-02
4.890457842547444950e-09,4.728172966821587303e-03,4.336979720990977473e-08,-3.165515131838708498e-08,8.885568749923317133e-02
-2.719447337898825475e-09,2.797941876991351905e-03,1.013395894159456378e-07,-4.281523644726425101e-07,8.719714549831539263e-02
-1.230707133222084961e-07,2.811834778561201329e-04,1.529789949741619395e-07,-1.065372559773798249e-07,8.639320027526735390e-02
-1.510525106342569535e-02,5.751502569802488529e-03,1.247120689615042658e-08,-3.697527281020331041e-09,6.794264209715697445e-02
-2.347274669523687768e-02,9.808982146601719342e-06,6.395684549178710595e-08,-1.929514203190186211e-09,6.321704513172686501e-02
-2.984562077227177410e-02,5.858100476567387249e-08,8.758219371866740200e-08,-1.874147932312263738e-09,6.784122173681260415e-02
-2.796168561135831468e-02,1.403473005214785693e-07,2.665702921157442565e-05,-3.411614110393638168e-09,7.054940124585347416e-02
-3.159852549979408343e-02,1.695617534181080464e-08,2.744768963450218476e-06,-4.761328202089493778e-10,6.896234486623870064e-02
-3.797711048685157437e-02,1.377930673378263425e-08,2.288603385591180244e-04,1.117992298689817556e-09,6.339379428367500346e-02
-3.852471791645867283e-02,3.830483994635108363e-08,1.025466551804891588e-02,6.576463230883315953e-09,6.364729992770372380e-02
-3.383073163267492911e-02,2.618018527236727859e-07,9.129617918238878624e-03,1.205429965070459443e-08,6.934523075163474826e-02
-2.708068452302227203e-02,1.740264366907553877e-07,6.245961643064032974e-03,1.726510758641123635e-08,6.323040607313809569e-02
-2.249667082725539946e-02,4.531090851863229244e-07,1.486838739369126562e-02,5.469180986149498568e-03,5.936615801944941651e-02
-1.963550751230486516e-02,6.543356972858090893e-08,1.622662928728165962e-02,1.219365031186524934e-07,6.001257893666676196e-02
-1.963355842279453090e-02,4.570431010778768519e-08,1.219591248822252984e-02,1.177674752365724715e-08,7.500300524526462564e-02
-1.880010883755166284e-02,2.999744235746970407e-08,6.885212571123851266e-03,1.262528990873618035e-06,6.725235034570854753e-02
-2.473569669848271410e-02,1.018072010353696185e-08,1.567371140438719376e-02,4.711711573087258575e-03,5.292904798355237833e-02
-3.048947604752638707e-02,6.413095714355224862e-09,4.842566943167905293e-03,7.070066614034998045e-03,4.736047124736416508e-02
-3.078318675405213034e-02,1.194969343958357447e-09,1.085450756892150257e-04,1.003895545458292164e-05,5.986255594893815507e-02
-4.139776206906974759e-02,-5.294907709967522204e-09,1.000360644237794917e-04,1.122517391482327417e-02,4.982676950967958318e-02
-3.974237468201954893e-02,-2.193089707093457389e-09,4.632800320652183043e-03,8.850891091966010815e-03,4.894103695822431266e-02
-4.444279043293464238e-02,-3.807195981486347324e-09,9.336730928588497444e-03,5.106172532737877218e-03,5.050919130746018421e-02
-4.678384702010512930e-02,-3.358816254063809963e-10,8.469784949886595762e-03,1.228076563963503308e-06,5.595881336771052483e-02
-5.228202947748210316e-02,-1.919045918896653485e-09,5.902171354643320246e-03,2.407759022259483087e-03,4.963635474820252136e-02
-5.276147008905251318e-02,-7.021642133703725530e-10,1.135139564335514197e-02,2.923709916230149506e-03,3.585548556042210400e-02
-4.263349994825094830e-02,1.013234916355277759e-08,2.214239835044854582e-02,1.377673669867386652e-03,3.086217555645235852e-02
-4.969977537840755688e-02,1.778531100727133116e-08,2.063173673394828184e-02,3.148065658043640649e-03,3.654944343504245435e-02
-5.451772034521740889e-02,1.075505546153585222e-08,3.615470339687591392e-03,6.280031489323069198e-03,3.425545368058992984e-02
-5.489295937360288979e-02,1.327627799560118437e-08,3.381776593463053839e-03,7.883997861038683289e-03,2.381827738370284261e-02
-5.454286305629524323e-02,1.913392851763507692e-08,6.395364657533366250e-04,8.360141064336273908e-03,1.560383843323097895e-02
-4.826260861666314267e-02,2.329722558130459253e-02,2.149287228505944794e-03,9.383833768089315519e-03,1.587725142757239610e-02
-4.549640752982228586e-02,2.228589307437087511e-02,1.854908868319422266e-05,9.183758369441144542e-03,5.633547680460595022e-03
-4.659906552029838972e-02,2.292963867710682072e-02,1.783250738966283677e-03,7.559245308035733232e-03,1.326705537957380428e-04
-4.725372761150745116e-02,9.073157672694869451e-08,4.441981496372225668e-03,1.951476269099526682e-03,6.514413941271274485e-06
-3.780847587987714448e-02,1.509893812508681862e-02,2.839566355331675940e-03,1.384518084234894180e-03,2.146900276123746054e-05
-4.567265670631038416e-02,5.670824462181570663e-08,3.966943235974199175e-05,4.013871024346199121e-03,7.231891974556841692e-08
-3.513331216457384748e-02,1.907934452406422066e-02,2.590615506752270351e-04,4.670005859947180896e-05,1.334420678757097601e-08
-3.983932091918685608e-02,2.810619499292903146e-08,8.935492600851560683e-05,1.231068290703947647e-05,7.320404344572572917e-09
-4.130671990852251979e-02,2.257866281974374098e-02,1.615316401297649525e-05,9.343384314252310406e-07,-2.262706360490688351e-10
-3.326109850450505168e-02,2.018182472907313965e-02,3.507750102195441364e-07,1.293213920426792557e-05,-6.256315828258396858e-09
-2.300286304045869035e-02,2.117589239534051551e-02,2.188837798074979579e-06,2.335550255246916243e-06,-1.953562595074729093e-08
-2.048116706002494486e-02,1.763813962921951042e-02,8.570116420729676233e-08,7.213532181926050326e-06,-3.591684227686668093e-05
-1.635504716929450653e-02,1.785031931215025000e-02,5.881121571788238979e-09,9.294552567876942009e-05,-2.369719890837487602e-04
-1.155074307728748070e-02,6.720937590910468656e-08,-8.849298124164360491e-10,6.209622706263141431e-03,-6.386230152492065534e-03
-2.373574114898226173e-02,2.253912859515803946e-02,3.365935418435638433e-09,1.147425229777654029e-02,-2.252652702649762459e-02
-2.705033574537473590e-02,3.887435975425947318e-08,1.016760423935594993e-09,6.180963758051503769e-03,-2.174611385450736165e-02
-1.774720254401766437e-02,4.886402241590356689e-08,2.421009085257209801e-09,3.278645380425266546e-03,-1.422939505092619093e-02
-2.258916820613200704e-02,2.504073074633308277e-02,7.698593177265542402e-09,1.082957530882529100e-02,-2.425319387871162358e-02
-1.166774587802902469e-02,2.892399948960518163e-02,4.288822353073806803e-08,5.064105034926862786e-03,-2.497068788869651057e-02
-1.766629928702422372e-02,2.687921961834127335e-02,2.156049557766559901e-08,2.526108637592825758e-03,-2.787423672123185564e-02
-1.529947612260335044e-02,2.234720230081994191e-02,2.040634196146093136e-08,1.376571133930784151e-04,-1.610508400504108775e-02
-9.229081433086006384e-03,2.826382329250465286e-02,3.032103738621178031e-09,3.320036448998997438e-03,-2.322463558426670835e-02
-5.697423124072405198e-03,2.610899871194793942e-02,2.442964973948111579e-09,7.803002482269425747e-05,-2.642151869533969702e-02
-5.519134090757374031e-03,1.997612224729374344e-02,3.407413299622633319e-10,1.117068762812835960e-04,-2.011441747835816460e-02
-1.005475553909196754e-02,1.110023392760006201e-02,-7.146426533968845410e-10,2.269312155991960885e-05,-2.116752958224959319e-02
-7.465290358377022796e-03,1.578744912211131265e-02,-1.511500111705850608e-09,1.208053197170865737e-03,-1.969608193416785835e-02
-5.976102791270411670e-03,1.417276908424030570e-02,4.232574441805659098e-09,5.380267899237960535e-05,-2.908263015263562803e-02
-5.634933689798120489e-03,2.144178391580039283e-02,2.849936145295562175e-08,3.631521229826731399e-04,-3.559697948214165381e-02
-5.037104162446359029e-03,3.028074804800514122e-02,8.124094099772160419e-08,4.640639074244384300e-03,-3.342340558971492598e-02
-5.988166218744796210e-03,3.021523204234783516e-02,2.924153419304096439e-08,1.005027244080455504e-02,-3.589631027518851158e-02
-2.981655774638712923e-04,3.012517294075783836e-02,2.455306518605802360e-06,1.605582747354160908e-03,-3.766225331903937101e-02
-2.108146300151958062e-05,2.592993079298292272e-02,6.855431038553056164e-07,1.811011410694698693e-03,-3.767126481873925986e-02
-3.456905282372608638e-05,2.680445015826269858e-02,1.121659018031030401e-06,1.564091450786065849e-04,-3.492320291741747573e-02
-7.569102552695693386e-07,1.810027371713480993e-02,6.399607628892035802e-09,5.020845200035702321e-04,-4.193968681069211446e-02
-1.536648340089205539e-07,1.577361558524036089e-02,7.201119590773942110e-09,1.246993700277041221e-04,-4.092002323888913051e-02
-4.487797277519578282e-08,4.510574169928139969e-03,1.398831955842983009e-08,6.290825814048532255e-06,-4.073746486118530463e-02
-2.061458866135463386e-08,4.266314261643267165e-03,1.946924198291795426e-08,2.079394982267174739e-07,-3.205461630725438965e-02
-1.511537130042499639e-08,9.002767075667191324e-03,6.409681870012578929e-09,2.265741586215628886e-05,-4.170808547737156480e-02
-3.896781827566391980e-09,1.272662486550465294e-02,2.963701668455757312e-06,2.531151204755658621e-05,-3.862640318389570088e-02
-3.782438529312951110e-09,2.576708640853556109e-02,5.157228531294477558e-06,2.755387694092359526e-04,-4.673794110342190111e-02
-6.168735940423301456e-10,1.163772926174081075e-02,1.441609750374879732e-06,1.695265391411596371e-05,-3.339222119735695687e-02
-3.256326227091740935e-09,1.360474022821638040e-02,1.808512144799304263e-06,1.207288870392599295e-04,-3.665654798879471044e-02
-3.977644746903781275e-09,8.458783596430926449e-03,1.603209013587333374e-07,4.028146379072178622e-05,-3.547995676648234287e-02
-4.195359291424794015e-09,2.090126144245725570e-02,2.866566850747363461e-06,7.561465037806367482e-04,-3.590087133843024303e-02
-7.196103297060698287e-09,2.799101786016048449e-02,2.221230340914922169e-05,6.314612436879989479e-03,-3.780847379399396302e-02
-1.292374881610711875e-08,2.459740295774029417e-02,8.163372190463624541e-09,9.345724356426795762e-03,-5.242547479193527399e-02
-5.924306442918945071e-09,3.416051914631618169e-02,4.751504583785402190e-05,4.972674648033962273e-03,-4.526059859416377978e-02
-6.318872422315618241e-09,3.181546069033616697e-02,1.012939226576007467e-04,7.709420564801665917e-05,-3.608026291614354480e-02
-4.813996504435444853e-09,2.597564432794698813e-02,5.719838662965530866e-06,6.533379013318386121e-06,-3.685861107569794043e-02
-6.382466539862407272e-09,2.290950877217785842e-02,4.735677327333144679e-06,1.136274159482257092e-07,-3.976523507161394688e-02
-2.734586935273873151e-09,9.765046321443344770e-08,1.697606927697546545e-03,8.344335572314331810e-04,-2.689203693391667792e-06
-5.000511593549041148e-09,1.005778688252431306e-07,9.316860428463739907e-03,3.962283692029573007e-03,-1.416165244634345529e-08
-9.954913379225300345e-09,7.193793989110524521e-08,5.318774632873285099e-03,2.806992037150098443e-03,-7.975730052408571828e-09
-3.692384050447381369e-08,3.750568441926918476e-05,1.638437830494034880e-02,7.738886654591790003e-03,-1.057403669161762402e-08
-2.057968179099540590e-05,1.432776553791335081e-04,1.689447616091331247e-02,1.031722580417813312e-02,-2.066636244085508998e-08
-3.066871714646300239e-04,5.617766157036717423e-08,1.512326955626460898e-02,2.188587857800165792e-02,-2.946971581589218163e-08
-1.946115431674490422e-03,1.291993265508557896e-07,2.269807712434050717e-02,1.949799840247735949e-02,-1.568255763247514189e-03
-5.328886079219627078e-03,1.152802423807510060e-08,2.577486779462089678e-02,1.239804937537124230e-02,-5.482502374949874309e-03
-7.495196130405078205e-03,1.008238441467689788e-08,3.236914433817215248e-02,1.899854255604765257e-02,-1.194625324736966034e-08
-1.155960984584191342e-04,1.358753255387137702e-08,3.349808141832235492e-02,2.248105947700686572e-02,-1.306315255072073669e-05
-9.442735847424242214e-09,1.055531878659676068e-08,3.092638004229102469e-02,1.090823783993557713e-02,-2.934852515150842767e-07
-1.970368008914724268e-08,1.336821360665096020e-08,2.643597781155263698e-02,1.518982862170114440e-02,-7.168188002703574757e-05
-2.112121084391822358e-08,3.351942789317332108e-09,1.766822173486429573e-02,2.182626612678767106e-02,-5.227812691840877206e-03
-3.187116755275863174e-08,-1.088866649918971736e-08,1.514685510185117753e-02,1.748576019216963734e-02,-1.696200746675814719e-02
-3.856509195647223327e-07,-7.209540390017930571e-10,1.984682575397950927e-02,2.420926443947652232e-02,-1.672466755559236587e-02
-1.231562511666771473e-06,2.725067616136658870e-09,2.184596479339200731e-02,2.685299858456788313e-02,-2.180327541939958494e-02
-8.978169426224911303e-07,4.710982112192112056e-09,1.461735311238924334e-02,2.765032677829146884e-02,-3.271040336673732701e-02
-1.439019669876693706e-06,5.006331904381372430e-09,1.749962249560433822e-02,2.918225832550557994e-02,-3.354562403132372445e-02
-8.162485411724524948e-05,1.576568879818691647e-08,1.966957918565489030e-02,3.083247984382179660e-02,-3.273329819891052095e-02
-5.523824363371791953e-03,1.878402794402409930e-08,1.527381281409446838e-02,3.674133965271300650e-02,-4.472389182570339627e-02
-7.417216018938602336e-03,2.245437458729480430e-08,2.286547959801688013e-02,4.025243261023911390e-02,-3.668374814908082621e-02
-4.115439315582125786e-03,1.595082760571320248e-07,2.474928152197126974e-02,3.667849685812362565e-02,-2.460816476323163596e-02
-4.146663724408647736e-03,3.367133162890491731e-08,4.440568205746232150e-02,3.044528991866412085e-02,-2.080791212624531067e-02
-6.702090327457197599e-03,3.945229483152553547e-07,5.333985799526193283e-02,3.152021937563101450e-02,-1.708950882125567436e-02
-1.008754540852262703e-02,4.377529779638393581e-08,4.872850158562648526e-02,3.083143618656332755e-02,-2.911038783173366257e-02
-8.601508077664103344e-03,8.545699356404685950e-09,4.461871696439353996e-02,3.188256491923274760e-02,-3.379332633880743203e-02
-1.532324640674541730e-02,6.895910496028885973e-09,4.036766856659322611e-02,2.849622018900706613e-02,-3.622948850914241986e-02
-6.070636035476957224e-03,1.066000897250510247e-08,3.543292164540250144e-02,2.824095067331095638e-02,-4.562565928477418931e-02
-3.694549174372070699e-03,4.239952114680740168e-09,2.933411133682185812e-02,2.741490577875916462e-02,-5.365135229329991151e-02
-5.670134675954268538e-03,-3.365976403906606201e-09,3.239817523512866088e-02,2.971005681962136588e-02,-5.066240047141119113e-02
-1.780538328041335761e-03,-1.261162469123504717e-08,3.628367834150735688e-02,2.518581749253584467e-02,-4.763355253860328264e-02
-4.881915058902799051e-05,-3.181299609539780080e-08,3.174233742103199640e-02,2.722501317733133641e-02,-5.693537147540204957e-02
-4.482687311369435650e-06,-7.588985673579580981e-08,2.895137043647304578e-02,3.416417314230766472e-02,-6.508307326596855791e-02
-7.747625040480255121e-07,-1.289444127945444914e-07,2.843722976027738061e-02,3.698834644745250394e-02,-6.995468463726366160e-02
-4.181563305851762139e-07,-8.556559626024330628e-08,3.665307781544496768e-02,2.955456211424158097e-02,-7.298293457667814899e-02
-2.173247920283008882e-07,-1.978313195872759330e-08,2.889032741734795171e-02,2.324522717006383132e-02,-8.265262147573583518e-02
-1.005707124704729315e-07,-1.596933608544546449e-08,2.241016148560042234e-02,2.230294328191635353e-02,-9.207172339557220808e-02
-8.242697572716456636e-08,-5.990698493101777595e-08,1.761442504916338817e-02,2.073227261892820333e-02,-1.013784138039441896e-01
-8.411308538861610643e-08,-1.309812454305499858e-07,1.656931897170609014e-02,1.691139041171395296e-02,-8.028344365691045259e-02
-6.474722451565529748e-08,-1.037163608282765237e-07,1.712681030103909569e-02,2.186627704399591102e-02,-8.391215688690278895e-02
-2.607434087798733645e-07,-2.528260778546881977e-07,1.814624603508736833e-03,3.890322658243368370e-02,-8.860948884133119929e-02
-1.214138655981412802e-07,-2.039359241010889632e-05,1.274296728102306472e-05,3.416529171206569848e-02,-7.398377154241282672e-02
-5.908071458721871267e-09,-1.971372981042559570e-03,3.205741045687185399e-09,3.356089226781267670e-02,-5.932812543153452578e-02
4.514264641137629810e-07,-4.164278046714262743e-02,-2.201216038069458225e-07,4.147676512675559785e-02,-4.956269808968171570e-02
7.165580493477478993e-05,-7.569520387290577801e-02,-1.753564346781615065e-05,5.981972203027434432e-02,-5.400984812023174736e-02
2.604290696163525688e-04,-1.159936058894212446e-01,-8.478713484507700154e-04,5.587748057211177483e-02,-4.257817801031792138e-02
5.165573751533357591e-04,-1.497251899386156104e-01,-5.272855025727260503e-03,4.522853366067884628e-02,-2.034912280950619198e-02
3.809279658975901891e-04,-1.714422510460693050e-01,-8.904452351528889531e-03,3.021374064494570036e-02,-2.287152198980629540e-09
4.378311215459994104e-04,-1.956102839066670984e-01,-2.086665623863636840e-02,1.810811168042435930e-03,1.541367822475079487e-05
5.272518073034388993e-04,-2.035062625938064973e-01,-1.820763676155540481e-02,1.858284757731666831e-04,1.275523651940910469e-04
1.598496877250825616e-03,-1.996725501337806297e-01,-1.276531120802720203e-05,-1.920598940278142855e-07,1.745778807206482342e-03
8.228233572931413844e-03,-1.935533930745748366e-01,-3.398010571132870119e-08,-9.529437102203067167e-03,1.316228448358740775e-02
2.511097839376940852e-02,-1.777340919637882266e-01,1.193670277522667841e-02,-5.082950417995498599e-02,1.168187249546632361e-02
4.222827470467852007e-02,-1.575084338326174227e-01,4.202798142025025024e-02,-8.814210584867375464e-02,4.634388459237154950e-03
5.816085221868601968e-02,-1.201117017038815099e-01,7.190769331004877307e-02,-1.306578721235783225e-01,2.502126935939967534e-09
5.752867595406833262e-02,-6.513405534103443306e-02,8.664695555636946211e-02,-1.756878286054850413e-01,-7.133938045581110338e-08
3.058375943466326574e-02,-4.814427299540732634e-04,8.727669605625769378e-02,-2.039398570350537121e-01,-2.374540522985362702e-05
1.000119511485880475e-04,3.427426005714393087e-07,6.210511942987004957e-02,-2.152023316870909087e-01,-6.158388083433975757e-03
-1.283483442542846501e-05,1.683769203957234672e-02,2.152801145916459491e-02,-2.148579727670049677e-01,-2.532202262810830454e-02
-1.258086364300749736e-02,4.853319926991148808e-02,7.453933989772040141e-05,-2.020401907581130252e-01,-4.230953277825686559e-02
-4.692055029061879129e-02,7.056946307345828007e-02,1.886490799942554587e-07,-1.759055033824422909e-01,-5.114064220895881557e-02
-7.092130061641163663e-02,7.767780013830119512e-02,-4.778443915009507326e-02,-1.442463905868011931e-01,-6.395354416150422772e-02
-7.399849393696598943e-02,7.453496350748953225e-02,-7.614946549462471570e-02,-1.252644494744948322e-01,-5.701138201325230137e-02
-7.048137797816256267e-02,6.591863325590509304e-02,-1.033156192134737500e-01,-9.663718534947698946e-02,-5.543708097543441349e-02
-5.715657406931736600e-02,5.137401862584702744e-02,-1.267123753006672293e-01,-5.957885788278804301e-02,-6.391307157506836978e-02
-4.033563155481765389e-02,3.649331632882210244e-07,-1.494546688740817086e-01,-3.245418359063927810e-02,-5.950791138340823239e-02
-1.055124352123574041e-02,-1.872168187825644786e-07,-1.460500881498848214e-01,-1.123572470331631393e-02,-4.595198130277831916e-02
-2.886415421679874968e-04,-1.895272958651024745e-07,-1.561378994503850592e-01,-4.851720919687690491e-04,-3.952063468431428472e-02
-9.141323478844131731e-06,-2.519461742414383978e-07,-1.612758161000989177e-01,-9.804444608286161318e-06,-3.033763072233922400e-02
-1.404808270908488167e-07,2.242419755185014703e-09,-1.651293022869005367e-01,-5.592449022906031650e-08,-2.444786776475385559e-02
-2.113207978254509199e-09,3.659606127028427793e-08,-1.606477096999670562e-01,-7.063197375378418340e-09,-3.307535083583141178e-03
4.410553638187816872e-02,8.182417149838389034e-07,-1.448233330112902728e-01,1.174479202389963860e-09,-8.516275533074791357e-04
7.182243061214325930e-02,3.807377838149550903e-05,-1.264896832086518375e-01,1.080150922605553294e-08,-2.353781676526315052e-04
9.470502610260658760e-02,2.347492093624661911e-04,-1.053884060317886728e-01,4.196414998912226981e-08,-8.484293799410644408e-05
1.120538574493786937e-01,1.024976302531783838e-03,-7.497518578647975607e-02,3.548394638840759783e-08,-4.053828971637761814e-06
1.271681147190973638e-01,2.690405226022300582e-03,-4.782950279891828860e-02,1.068165909700921086e-08,-2.557039226912346841e-06
1.410545805525712237e-01,4.329838764137573445e-03,-2.140404080879497808e-02,3.369172273392349830e-10,-7.542577057117447575e-07
1.431925266338173464e-01,1.326047233301607536e-02,-4.132988519584747389e-03,-1.742808599859167197e-09,-3.478436493327149266e-06
1.528133314990259839e-01,1.443282136978967650e-02,-1.558787915710612218e-04,-2.923884407637619112e-08,-4.388904378304082312e-06
1.550035027761968720e-01,2.903062059627041155e-02,-2.275724549467210334e-06,-1.572855468936508255e-07,-4.420623504456822868e-06
1.469624048003376482e-01,3.493003804795548339e-02,-3.850027081633936046e-07,-7.766340877005984696e-09,-2.684955724059313088e-06
1.391721499225974934e-01,2.693127651901764189e-02,-1.803503924438488538e-07,-8.324233181740818979e-09,-1.251492985845815834e-06
1.349500841649483029e-01,2.843244096433142701e-02,-1.135383021945121076e-08,-5.178918739574265350e-09,-1.351601251058619436e-07
1.303282177104016781e-01,2.587216187310067278e-02,7.580896777790415336e-08,-4.581865184383784745e-09,-4.554839564682793757e-08
1.157971358588020111e-01,2.897343259649717839e-02,2.382829735326656012e-02,9.110738248740226855e-10,-2.844420635295173634e-08
1.035079897499315837e-01,3.180487329225008264e-02,3.067344076336890948e-02,3.919512960689429186e-09,-1.828701849868574683e-08
9.054395584268373764e-02,3.766574747577915855e-02,4.073156470927718348e-02,5.945995049502104289e-09,4.681539729198556475e-09
7.953909062315538125e-02,3.956796223507241805e-02,3.813898959113173892e-02,1.980177397791463001e-08,1.778799813265296255e-08
6.546617905157112172e-02,3.663321021968062030e-02,3.139629470239476555e-02,9.661022007178134645e-06,3.377336309543575027e-02
5.417623479263133923e-02,2.689697817935931407e-02,2.794463290731076868e-02,4.591428262778339173e-04,3.506600341012867245e-02
4.805088260149317086e-02,2.625093621398444377e-02,1.897361573413475569e-02,5.247681152300544272e-03,4.026630232866815207e-02
4.487926977629805997e-02,1.464463918625730221e-02,2.110500368182565995e-03,6.432473598760542199e-03,4.745312733441545139e-02
4.247419938949917317e-02,1.092911608562356987e-02,6.410480331148684620e-09,1.040386292646687180e-02,5.127059948355090768e-02
3.224611883433363413e-02,4.008026079189526067e-04,-3.015989849942733871e-09,7.563222782525122478e-03,4.862335368416419168e-02
2.512648485208052868e-02,3.627627339854043638e-05,-1.058046291659503122e-08,8.893341577983271450e-09,5.685520651873752357e-02
1.701874256902030993e-02,7.615684566811677190e-05,-7.620752046469788780e-08,5.416396882274150896e-09,5.407770206433020616e-02
2.545651771101957038e-04,1.540643082335131295e-05,-8.031305551214822799e-06,5.685637800119000628e-09,4.823778359957089923e-02
6.852074698086528989e-06,1.816779809043154306e-07,-1.258443981185841166e-04,3.159435767123488494e-09,4.539638727947805513e-02
1.025553165403592314e-07,1.005522994131350168e-06,-6.382647896680364590e-05,-2.497375974238449006e-10,5.561434453588883636e-02
1.036293153564831255e-08,5.796298959524256668e-06,-1.519709190476878236e-05,-8.002296335428538984e-10,5.335417747550497136e-02
1.993270876785852289e-09,6.849035492266820868e-06,-3.755615436060873137e-05,-1.422406854182946563e-09,5.584723250514631032e-02
-2.595869525913781361e-09,3.883973108633848057e-07,-7.717346569258189126e-04,1.500284191094939768e-09,5.341150525486746542e-02
-1.485192855577603096e-08,9.562200026008224686e-07,-3.010173147618294427e-05,2.034202928117150696e-09,5.751833687687127328e-02
-1.059155864063853446e-02,2.807741847822515512e-05,-1.302693240323538271e-08,6.364906693720983100e-09,6.109061742792414040e-02
-1.793494630843824045e-02,1.010417704338477617e-05,-2.604654381884587268e-09,2.955931068663265373e-08,5.318152624319413130e-02
-1.739273552825559149e-02,5.657369931032472215e-08,1.559825507643240876e-10,1.480554058145156990e-02,4.851876135580929922e-02
-3.231220860869454814e-02,3.528427991027606884e-06,1.700804026139137843e-07,1.784392944981923884e-02,5.481754710635047129e-02
-3.635233696015616883e-02,7.314014336232402227e-06,2.229194331243435380e-05,1.430258940323395588e-02,6.022761643928782604e-02
-3.638856814523360600e-02,1.399833282991537154e-08,1.481342356229831774e-07,1.621566769768228999e-02,5.750289152546061294e-02
-3.276184719802875678e-02,7.435865078757203202e-09,2.399794131297711620e-07,1.119266089531526127e-02,6.249471958238208419e-02
-2.539457612479285517e-02,1.713209901566829563e-08,2.384342282912378706e-05,3.935804272645674479e-03,7.587032821895386969e-02
-3.109910284193082367e-02,1.603948335987977570e-08,2.081153323065382322e-06,9.105611060526546882e-03,7.368319698933309403e-02
-3.510827302855405035e-02,6.609457297151052670e-09,4.528790542592794576e-07,1.569076088102647898e-02,6.847655636456630168e-02
-3.908530599910552822e-02,3.338903870080073350e-10,2.632025030617049753e-07,1.407471632013053246e-02,6.854629468941741965e-02
-4.302903807589004981e-02,1.390414843395120236e-09,1.882415382774501378e-06,1.310889550676369933e-02,6.813962938881253095e-02
-4.857939764586870213e-02,2.742530430434070153e-09,1.331097354119891569e-06,1.775867949316211128e-02,6.280672533788925205e-02
-4.599782764877225621e-02,1.237997081489853494e-09,2.945277895685885519e-07,1.642957940789297952e-02,5.708458886623235529e-02
-4.950888733124142460e-02,-6.495350263248723972e-09,8.896456488435964399e-09,1.070148707781478324e-02,5.471064925038063298e-02
-4.834931673839813759e-02,-5.079258898550630008e-09,1.618220608670147298e-07,9.870128731620683021e-03,5.156581764637863802e-02
-4.617014845477420554e-02,-1.176273244551385619e-08,4.408651456519741178e-08,7.765198160194487081e-03,4.875501102165596262e-02
-4.369464959163588125e-02,-9.149484594390144161e-09,3.396541752502438320e-08,3.033733292737629539e-03,4.400841199578938573e-02
-4.440052757805285077e-02,-1.358766738994500969e-08,1.323809195762465957e-07,1.315047392685828260e-05,4.351638523916651069e-02
-4.354980798688581900e-02,-6.102762118474128110e-09,1.496172006453642161e-07,2.559114160982978241e-06,4.696068710087652337e-02
-4.353490713138799539e-02,1.262462709758077048e-09,1.428126978595458134e-04,4.403154754595001337e-03,4.383435663697613643e-02
-4.538379072538157449e-02,1.631272725906827697e-09,2.838079986328946954e-05,1.035533187146918215e-02,4.027231335734102885e-02
-3.672579824109306612e-02,2.133154068048300386e-09,4.660350546489919893e-05,9.468503872039946839e-03,4.355337914777079183e-02
-4.277093381059986904e-02,5.088491160889963487e-09,1.349097927243547842e-03,5.993986966312955626e-03,4.850237995006749514e-02
-4.036750957499498499e-02,1.943155154313467559e-08,2.706202561118548422e-05,8.003542688286178694e-03,4.676362475408699787e-02
-4.372300450608461453e-02,3.478757668472943455e-08,4.191603593121615756e-06,1.456513340217784752e-02,3.931126860871326373e-02
-4.414899999463844232e-02,1.568968089700341190e-08,3.946926709484017314e-05,1.241793369768565310e-02,3.761808069332684551e-02
-3.848550059341622476e-02,2.725887451682821281e-08,3.458044132405638932e-03,6.512387186995942726e-03,4.047098837814851191e-02
-3.827182159197901890e-02,1.971770780122594768e-02,4.502523553482350692e-03,9.830527430658332275e-03,3.450299781522783021e-02
-3.232528553312264546e-02,1.690559004669766321e-07,4.254730946039560002e-05,4.177135540429212889e-03,3.428705158680905168e-02
-3.175172774351095462e-02,1.800314285231654827e-08,6.599595905029200783e-06,2.593722665938222094e-05,3.121448790388289471e-02
-3.135540230673372619e-02,2.017612056330308524e-08,4.600863154191961944e-07,1.040343730716752201e-07,2.822092953008713614e-02
-2.930424430594614701e-02,4.552356206475628148e-08,7.733379723906746674e-08,3.408660743516495995e-08,2.825551985866584306e-02
-3.380867700934480496e-02,3.058592724511961538e-08,7.473119364852466942e-08,6.639898461337048414e-08,2.713989712837635432e-02
-3.015260143426173184e-02,1.240237839966639707e-08,6.555320108380991912e-08,4.402226756175363149e-08,1.326313927014334190e-02
-2.970743568776331237e-02,5.867012535710837463e-08,6.493818372227817691e-06,9.695156887737114103e-09,1.743888696782411665e-02
-3.181785743905045372e-02,1.727750228473308447e-02,9.221449668064680803e-06,2.598014675503919554e-08,3.952324158810594347e-04
-3.055283920726946031e-02,1.702231835075746977e-02,1.906392561440979843e-06,3.960810674737549801e-08,1.982206834717729837e-06
-3.992642234130108075e-02,2.451492747364887767e-08,6.727902719326517446e-06,1.255743680227677641e-07,2.768113394691638724e-06
-4.182114246208202407e-02,1.864074840810512820e-02,1.351487425318389677e-04,1.098188193491809959e-06,1.369027483987382918e-06
-4.188486630100884955e-02,1.938691179386530655e-02,1.647966299001165491e-05,3.909426773128048355e-08,1.019476993920802759e-07
-3.468399962861774821e-02,2.728235090656338374e-02,5.748977165770900863e-04,3.615890439436476202e-06,4.420078325079907080e-08
-3.139215439933076141e-02,1.978161231534869210e-02,2.540020009334773471e-05,4.489370896778744561e-07,1.658393466764947463e-08
-3.159130305176498926e-02,1.752915115335027321e-02,5.450759531337628417e-06,1.145334841249976718e-06,6.784051991213246578e-08
-2.391891493482187561e-02,2.371704015249648939e-02,8.818352162685043013e-06,1.113214392596330836e-03,8.236410302626383011e-09
-2.865925880455432589e-02,2.803316706211832904e-02,3.155323678544278187e-06,1.088543312907785596e-02,1.546938229238782295e-08
-2.624320297620718820e-02,2.909411588922167224e-02,1.213463286380237878e-07,1.257674503919323922e-02,5.912953847687518085e-09
-2.189785970368153534e-02,2.329946786867256522e-02,2.342191060815058861e-08,4.569771963414084003e-03,6.394006722664324969e-09
-1.118172451433547231e-02,2.291811007928002894e-02,2.139838883378437791e-08,2.049488410526828255e-07,5.631649606818058908e-09
-8.222706383880493131e-03,2.009729827602506694e-02,1.700824526279331970e-08,2.853455230953356921e-08,2.124441104786641600e-09
-9.699494036141970837e-03,1.157839136517616226e-02,6.193787757350558614e-09,1.754801535437978582e-08,1.503857672138263101e-09
-1.434265713906102829e-02,9.109390142332618109e-03,2.011279805189761402e-09,4.323781681185453806e-09,3.176180033190872804e-09
-1.968662005672880411e-02,1.192703140126441866e-02,7.285257870745109769e-10,7.020788045160626880e-09,-1.478797013100268820e-09
-1.805392034542262908e-02,1.317135186613796125e-02,5.942889613672935098e-10,4.239013810952156891e-09,-6.276103668944814373e-09
-1.826271292409609517e-02,1.022986143508384030e-02,3.384723528985862590e-09,1.071086999893411393e-08,-2.462997240746564979e-08
-1.710521646455961248e-02,1.649018434381920722e-02,8.701086852349211154e-09,9.794887187352036008e-09,-7.565240217239764208e-06
-9.145837630399736295e-03,2.371602751520646146e-02,8.342572637572178004e-09,1.523359909404657488e-08,-2.219601381014847522e-05
-1.217463476477542977e-03,2.492074539539696279e-02,1.446979878184426096e-08,3.010363670409284775e-06,-1.535337362573737209e-04
-4.562728998912925845e-04,1.782305929204787420e-02,6.836893895092800188e-09,3.091400865682182570e-07,-2.815070196195584764e-03
-1.892215525806051953e-03,1.947815121340578173e-02,6.020667312680250746e-09,5.545084865306087756e-07,-8.666937597235529252e-04
-4.958863846629660461e-03,2.311251720638507132e-02,8.235332293624095813e-09,7.149166050393298121e-06,-8.799010659103996546e-03
-5.012601518146763552e-03,2.952982976914012361e-02,1.001728523651885397e-08,1.445515027594781250e-04,-1.869299703949716535e-02
-3.784021654302802736e-03,2.705081400486669674e-02,5.579011992174784104e-09,3.001172865468470412e-04,-2.451845538803534841e-02
-1.474718901423759066e-03,2.049126695551922034e-02,1.693949964706011404e-09,1.388500543319135846e-06,-2.620970448206439568e-02
-1.943507184707254129e-04,2.517954648343680157e-02,3.977721203837190526e-09,6.851912235116147551e-08,-2.726717364079573463e-02
-4.928983008196414502e-05,2.779904614862695189e-02,2.360246177006021773e-09,1.124684254267957929e-07,-3.181996341696176345e-02
-1.387785945753049582e-06,1.077465605452002269e-02,7.453082313986651788e-10,1.756092354672281844e-08,-2.608042205530541890e-02
-7.763141384006804886e-07,1.362080337395764514e-02,1.014645452394607434e-09,1.393937621185817746e-08,-2.211789108192266720e-02
-1.882939051869766779e-07,1.590175877951027772e-02,-3.094777307360812167e-09,2.407330687374299784e-08,-2.926030373362648040e-02
-1.262787628357675933e-07,1.480248903733389840e-02,-2.776985572594354236e-09,3.691420137155068807e-08,-2.883095045026549605e-02
-6.656601366496368787e-08,1.736787402719661838e-02,-1.171505044884879592e-09,3.390048457937962000e-06,-3.788199330851541730e-02
-9.663872636762773893e-09,1.676376347342624709e-02,2.510613180797396712e-09,1.699639207176020580e-08,-3.001220181541238222e-02
-8.521415930777828113e-09,1.841026578940285763e-02,4.013085555966070848e-09,1.918196947708855404e-08,-2.992417170459552023e-02
-3.892420968606282626e-09,1.885558556187582474e-02,5.582322466062615997e-09,1.240078228989393055e-08,-3.037764267394171824e-02
-1.765061135740843112e-09,1.276286811692100252e-02,1.172426105310196796e-08,1.021284346450242242e-08,-2.831073800325093273e-02
8.104999495595189078e-10,1.463365519286104720e-02,1.374681780902216214e-06,1.198317607727639770e-08,-2.603840669784983353e-02
-3.042991130221214072e-09,1.554328565594611383e-02,6.642484726775349612e-06,1.619958119468822824e-08,-3.160593299177858612e-02
