-1.927414061264070898e-08,8.508569080312741815e-04,-4.461753530590203769e-04,-3.913019287482897861e-07,-1.725269299671793738e-02
-3.742530295451216013e-08,3.680333749315104798e-03,-1.205677818065893425e-04,-1.000426281876800995e-06,-1.651123713260469611e-02
-2.169684205639358247e-08,3.709065782245279941e-03,-1.638965580288985591e-06,-1.301407232372017465e-05,-1.546974494236648401e-02
-7.830709641248713041e-08,1.962058340264227849e-03,-1.912363189336282437e-07,-1.669738179054766386e-04,-2.205153603807459214e-02
-2.828765331084239084e-05,8.322846084714395501e-04,-1.239934319560631001e-07,-2.076137056688323070e-04,-2.282104273260449762e-02
-1.743628647424799589e-07,4.359665980033562314e-04,-5.415474296666461834e-07,-3.398402088406107108e-04,-2.177840979775827468e-02
-2.481606705445889747e-06,1.236915347729194937e-03,-1.990497205375414070e-06,-1.393340134071807115e-03,-2.756181158588142874e-02
-1.148670087019254614e-04,2.080819622306643527e-03,-2.865648707129922052e-06,-6.854846110956097117e-03,-3.276108763745315400e-02
-3.343199265896570617e-05,2.492096634441290804e-03,-1.170122072807002432e-06,-7.163113417003397557e-03,-3.056114522374483305e-02
-2.120501743703546126e-04,1.053647795730737295e-02,-8.201950285034113452e-04,-1.656716255204133958e-02,-2.501741096133512296e-02
-6.295821698563312349e-08,1.612856690193864573e-02,-5.744758398658252876e-04,-1.411607153144792300e-02,-1.576563567389320172e-02
-2.978060394220334692e-04,2.873683171497361938e-02,-2.005148515904812793e-03,-1.652043090414790846e-02,-1.803005186621736353e-02
-2.668919972143700674e-03,3.565207191156881394e-02,-3.253610076581567138e-03,-1.845080459627648078e-02,-1.719111365673924377e-02
-6.177128819104458352e-03,3.295916534128234127e-02,-1.017773120770692694e-02,-1.062791381298122499e-02,-1.754832828732143593e-02
-1.297735878116249584e-03,3.234600319503830312e-02,-8.672224465739399382e-03,-9.071588886231978649e-03,-1.134806006717591596e-02
-3.657089421472627827e-04,3.422238840415862959e-02,-8.321551542586374433e-04,-1.088341164878250250e-02,-2.182885717406568907e-02
-5.126401043048943364e-04,3.261213926012911102e-02,-2.737868563890915371e-03,-8.692200563480804304e-03,-2.658464930704633120e-02
-1.107025773445074269e-08,3.661671152169086035e-02,-4.829548612627301585e-05,-3.777882401619595421e-03,-1.817005855350583080e-02
-9.827500874828803080e-09,4.308694162623986912e-02,-5.486440898717647753e-05,-5.550929599561441746e-03,-2.215017774327190936e-02
-8.341516859607396950e-10,5.246741180902227825e-02,-3.647866321917712365e-04,-8.742537471041117447e-03,-2.003571958927663835e-02
-8.803141500919877702e-10,4.740176753708796181e-02,-5.820011501262717249e-04,-6.821321582443752064e-03,-2.338821528394251920e-02
-1.007359434256691065e-08,4.913766051468149848e-02,-2.951914691367396419e-03,-6.652092246056939655e-03,-2.431346763970434338e-02
-1.668478459338270169e-08,5.738428181772067815e-02,-2.212470847825932362e-04,-3.552669944074347830e-03,-2.787335413468287199e-02
-1.240801162084766432e-08,6.240576752770106428e-02,-8.016122088257028459e-05,-6.139836798657111010e-03,-2.460637124501011477e-02
-1.070448425139579195e-08,5.813997770396152343e-02,-4.572801305909521274e-04,-8.148039978377026246e-03,-2.481570862003864772e-02
-4.869442731297195691e-08,6.457341340222616521e-02,-3.409757539414322151e-04,-9.789831080356265619e-03,-2.725546665742768077e-02
-2.659538543405662858e-08,6.859072918325702373e-02,-1.486071583193890203e-04,-2.222759976054257316e-03,-2.216895470178958244e-02
-2.926412503329186899e-08,7.098989869535449193e-02,-1.428707965185322054e-03,-8.509684132304727935e-03,-2.269579439042044428e-02
-7.727596875182302268e-03,7.211945052588568383e-02,-1.025904750399759917e-02,-6.182309795841332486e-03,-3.163746172712617738e-02
-2.727998090912679870e-03,6.939373585286706669e-02,-4.158700099439765867e-03,-7.401960525200188858e-03,-2.401509527818117620e-02
-3.028179009620609347e-07,6.928932995806338924e-02,-6.003531171308753092e-03,-1.267705419955227585e-02,-2.302562645624352602e-02
-2.701040930662794689e-07,7.294140331920161147e-02,-1.165958949219126316e-02,-1.315442306857248812e-02,-2.258020809963308395e-02
-1.040041883178665469e-07,7.102140295583467267e-02,-2.389869107094560845e-03,-9.129889344542447063e-03,-2.189086527666730606e-02
-5.489620035464913735e-03,7.488093505736154176e-02,-2.033087849461557415e-05,-3.232172299432557478e-03,-1.832126750330462933e-02
-9.172115008497935407e-08,7.892361048980556237e-02,-4.008634114011203616e-06,-1.132486153213358273e-03,-1.187951032327446386e-02
-8.329268295217948093e-03,8.002938728195563289e-02,-4.099424108059592874e-06,-4.094870952743586735e-03,-2.401535423924976501e-02
-1.366142979658149098e-02,8.555567525262854078e-02,-6.982081396530630664e-07,-6.403743492492864134e-03,-3.407721674988945654e-02
-1.137565747362066608e-02,9.475533764931658165e-02,-7.207942788911988778e-07,-1.112749303120800191e-02,-2.890856102506151465e-02
-9.574539242288996764e-08,8.572484537374039371e-02,-1.485542303336004841e-05,-9.668762175692437177e-03,-3.370089918281250763e-02
-1.117612484664151888e-09,8.276374261136992816e-02,-1.482395861341191676e-05,-3.735415437302701605e-03,-2.955911144017070100e-02
3.749514324348207096e-08,8.086688362896463089e-02,-7.001493697124239863e-05,-3.488498079213518156e-04,-2.252201226461557695e-02
2.467838476423807567e-06,7.663765428738641972e-02,-2.077377381752253387e-04,-3.753361074121402631e-08,-1.981643537067010949e-02
2.594632595670642947e-03,6.295922174376233915e-02,-1.291228889350810871e-02,-3.760610977396885903e-09,-1.171881099086846922e-07
4.255054403095271526e-02,7.361530854075129526e-02,-3.654748535031765444e-02,-1.294054448232383382e-08,9.710214014713582665e-08
8.092681146489635879e-02,7.253762809623534591e-02,-5.401390856887195585e-02,-3.208370232838355859e-09,1.427724336025766194e-06
1.193138978628325991e-01,7.098347309556220230e-02,-5.231183653523888144e-02,2.145754276926768837e-09,3.612778829682906635e-05
1.468333542016941051e-01,6.462459718678154053e-02,-4.342741085324369060e-02,-1.854889555379148341e-09,4.763694265403629587e-04
1.613930850046013110e-01,4.371135567780073949e-02,-3.301168409637646878e-02,-5.059423168379918366e-08,1.892794317323731037e-03
1.790636946184860911e-01,2.190388231783499048e-02,-2.905245700469342059e-08,-1.071809378191536551e-02,4.270367478601914783e-03
1.905560722198075818e-01,-5.442145096835112635e-08,1.211839413919835077e-07,-1.508096079027124948e-08,9.937226010553979957e-03
1.836093817348784518e-01,-5.191619869664311375e-07,7.025898058146803817e-06,1.121204267680410212e-09,1.700833097385647842e-03
1.754191225911601870e-01,-5.359221953861352660e-06,4.536166401269558709e-03,2.722525632430385350e-04,6.397136374756314512e-05
1.750056234271725464e-01,-9.155629289919158377e-05,4.982792140969687783e-02,1.571393117442732371e-02,-1.139897345887157891e-07
1.606856428542404736e-01,-1.646041326785866593e-03,8.474432584882704567e-02,3.421411017966580204e-02,-2.727503012878493609e-07
1.232598635377911561e-01,-7.690594198208092550e-03,1.339380203354718635e-01,4.693040127005713297e-02,-6.190911654095858101e-07
6.923327113288524348e-02,-3.773598810788390823e-03,1.759519968711999449e-01,4.620684654658386431e-02,-4.103183163577079065e-07
1.616888456155656894e-07,-2.074054093443354705e-03,2.077698806657774511e-01,4.639892055091070222e-02,-7.279536547435533379e-07
-5.727846014529463224e-05,-3.597247590626655879e-08,2.314583654715559047e-01,2.354347875059276812e-02,8.341709141434689584e-03
-5.719278839466610323e-03,-2.981681977023653316e-09,2.184440415955059001e-01,4.582113974947122563e-04,4.330030000724973543e-02
-3.742244745358951769e-02,1.852302100153987272e-08,1.885121145053512692e-01,1.123817107574615228e-08,7.963258248973906217e-02
-5.647901915595351235e-02,-5.495317658183835218e-08,1.579099495647734719e-01,-1.689733544645870638e-07,1.094984625809699297e-01
-7.235182803953339736e-02,1.850332377086756336e-08,1.088832303863726814e-01,-2.842866750658370328e-02,1.377947413412947686e-01
-7.648670726779854823e-02,1.893576998622116724e-08,6.063377142231930750e-02,-4.004803853642514150e-02,1.521865521816584133e-01
-6.781517839174606987e-02,-2.431771853946208152e-08,1.288905819668910609e-02,-4.676924466761387539e-02,1.536141425478783074e-01
-4.507618545978046842e-02,-5.456929992567971470e-08,2.831594266225340280e-06,-2.170844879076950050e-08,1.605907182873635153e-01
-1.349234562595970528e-02,-2.700843763248761376e-07,-8.556662608434688301e-04,3.014524124042815505e-08,1.669046868005646111e-01
-5.629168427202407062e-04,-1.260973749599771790e-06,-1.952670607988557863e-02,1.048462147736110183e-06,1.721284405702692422e-01
-1.212463477349141608e-05,-1.938211534078508144e-06,-4.900441164263916877e-02,1.209973847876945022e-05,1.700863431627258893e-01
4.289323363980208550e-08,-1.360782616698441049e-05,-6.973825407801161058e-02,4.861406455789301891e-04,1.572778932323735113e-01
1.333315286285251557e-07,-9.998777673326546462e-05,-7.862947916008598825e-02,6.741027886016153804e-03,1.454353969776882860e-01
3.004074291789960272e-08,-1.347109124800796034e-04,-8.415050292708639579e-02,2.553704522124339987e-02,1.256098555404764616e-01
1.084860409996113369e-09,-1.123587718546480374e-04,-8.418819569966701222e-02,4.680193830680275113e-02,1.045975811126283600e-01
-2.941249040635005356e-08,-8.489588091506421316e-04,-7.344239328707960479e-02,8.112470868848223327e-02,8.476697038405293927e-02
-4.446564433676799513e-04,-2.487194973854744431e-04,-6.291536385466302284e-02,9.197595510739522973e-02,6.054206265425489397e-02
-3.258143198186685182e-03,-9.649654368493687734e-04,-5.252264862220714509e-02,1.071017562468115636e-01,2.963994872620220877e-02
-1.489850076560703292e-02,-9.036474098034132530e-04,-3.384339815318759825e-02,1.220661376467113146e-01,9.317432826555752427e-09
-2.459742895852290445e-02,-5.652877407676069714e-03,-1.922691059154325519e-02,1.363682224602921211e-01,-1.616142757540082673e-07
-2.681922520933684162e-02,-5.697281767405529967e-03,-7.405116751958019505e-04,1.499275331877811812e-01,-1.451667085301266347e-05
-2.280066347491346498e-02,-8.772304399281661419e-03,-1.983448731559820002e-08,1.634142291504739053e-01,-4.082533187785647119e-04
-2.967515809257520801e-02,-3.733176585154453680e-08,1.476832481363974964e-09,1.743970018540586808e-01,-2.056539503967460235e-03
-3.201516794027992746e-02,-1.346178465244844474e-08,6.584452217526904161e-08,1.688684306749551611e-01,-1.848583626318795609e-02
-3.613215738238070851e-02,-3.402935998338837576e-08,1.365842624886812575e-07,1.658072157742368768e-01,-2.838907665775904782e-02
-3.737848031120193787e-02,-2.439050747980421991e-08,1.033311343219951647e-07,1.537223193434617552e-01,-3.344999874875026480e-02
-3.588784107895098829e-02,-1.678016055221938458e-08,3.659720256134315847e-08,1.365608536421811237e-01,-3.833965432222095210e-02
-3.945336583551033866e-02,-7.141253450433895056e-08,7.929764995056715788e-09,1.213152130834918574e-01,-4.587127250929994710e-02
-4.224131473945887810e-02,-2.940308503593200644e-07,-2.720385430881993387e-09,1.034559937709867705e-01,-4.951869628321087929e-02
-3.692768546354679299e-02,-1.750509263456117778e-02,-4.662678241610841071e-09,9.293754018547355222e-02,-4.409409077924356796e-02
-3.380052707113654492e-02,-1.801658364823341754e-02,-1.180536456384265420e-08,7.212197533841936681e-02,-4.820166566075907016e-02
-3.278190306171675783e-02,-3.129122702832171088e-02,-1.674589580231608891e-08,6.847308525850935579e-02,-5.276408255920599089e-02
-2.534500212516803408e-02,-3.360625339852276600e-02,-2.772887278073170593e-07,6.121772126719030732e-02,-4.887267477698552243e-02
-2.353606821329977047e-02,-2.792475888765883971e-02,-1.203094342203272803e-07,4.401062485333472746e-02,-4.406579350688799579e-02
-1.474009252194082888e-02,-3.378321192052668315e-02,-1.204872013977875303e-07,4.193389248529370145e-02,-4.191465401100138294e-02
-5.430463481542803852e-03,-3.751104384361548388e-02,-1.060969938339120960e-06,3.913428492295070726e-02,-3.312065712309960469e-02
-2.673176700999321722e-03,-4.662727044615657540e-02,-1.729328574864484548e-04,3.457591759773832180e-02,-3.194609577788978111e-02
-1.557564289409626415e-04,-4.599423981689704927e-02,-4.993779076405988580e-03,2.076287680874056366e-02,-2.088090815204289921e-02
-2.638901138270410775e-04,-4.517659866597296264e-02,-8.402844183729860777e-03,3.348608201121708143e-03,-1.533444661939753137e-02
-9.384432707948935508e-08,-5.170253064174662461e-02,-1.235242586996497006e-02,4.184968099085708995e-04,-7.426014523749695402e-03
-1.512424837105063806e-07,-5.700276843133864763e-02,-1.456266026991799231e-02,2.341002541693030411e-06,-1.223484472672053611e-02
-4.434391379847373155e-08,-6.152056023564368703e-02,-1.498003441975742818e-02,4.035504837697409614e-09,-1.022101970677403472e-02
-1.585204756653342109e-07,-5.695761530705455850e-02,-1.578099302811152363e-02,-1.731208507003459030e-08,-1.518221984826784166e-02
-1.029248117457246873e-05,-6.489300697765632009e-02,-1.679108734220539564e-02,-6.305640478006793531e-07,-1.913591697825713089e-02
-3.819178566350563395e-06,-6.358337956769043176e-02,-1.088353469284703348e-02,-1.925846233452929831e-04,-1.488977242703218469e-02
-2.825191922755708549e-04,-5.767775066102013432e-02,-1.174665759096317832e-02,-8.228431483426770429e-03,-1.656742145871865218e-02
-5.602000688354319934e-04,-5.115982714597036574e-02,-7.932934301776295785e-03,-1.714966923757138550e-02,-1.258891565365257911e-02
-1.196004875090001353e-04,-5.720017968611392639e-02,-8.666864876977722898e-03,-1.706339565354261789e-02,-1.500910630417242111e-02
-7.989370966569892950e-05,-6.037063890264986188e-02,-1.831595801285390221e-02,-2.397570277517616436e-02,-1.331072101885450061e-02
-1.688406346264799806e-06,-6.009741303010993768e-02,-1.454881507086589094e-02,-2.283051081262949672e-02,-8.371626193817658171e-03
-6.827097032099910992e-08,-5.882669676438052192e-02,-1.096287759780824843e-02,-2.222677547629668335e-02,-1.392745321891109000e-02
-6.275349368569423528e-08,-5.857870378991475446e-02,-1.736564852852245933e-02,-2.468239590619938570e-02,-1.786390581532390151e-02
-1.650091121502118118e-08,-5.797085795154206800e-02,-1.327448075666698424e-02,-2.838862921752666538e-02,-8.552387074566208947e-03
-9.613070693632319795e-09,-5.871054905930811474e-02,-1.564791498422452715e-02,-3.054487383841157991e-02,-8.254573532794910046e-03
-8.254187241257369248e-09,-5.417613679646347824e-02,-1.280353830762373871e-02,-3.769621875067581673e-02,-1.224444705509645896e-02
-7.823141113804023432e-09,-6.439467728310734052e-02,-8.115600563152268465e-03,-3.517739819023951720e-02,-2.041521070085553988e-02
-4.532266964271320188e-09,-6.079780600741219176e-02,-8.528548639136324105e-03,-2.845287108808734061e-02,-1.730988039607362153e-02
-6.650151475964364267e-09,-5.482261820325638052e-02,-2.767752324711118513e-04,-2.382800846057500296e-02,-1.753333852555702399e-02
-6.658708440962347026e-09,-5.439673555792729626e-02,-2.486478351927930673e-03,-1.987092763799619063e-02,-1.485826113154472064e-02
-9.206340595140455411e-09,-5.608450573519799254e-02,-1.260138981079935057e-02,-2.827284386460417881e-02,-1.623209572604802919e-02
-7.008215501464120265e-09,-5.759817875181167529e-02,-1.735809874580480916e-02,-3.108390940945556999e-02,-1.733240832277191737e-02
-1.061430287839256395e-08,-5.717641290426768441e-02,-1.257943669548904075e-02,-3.284357108696032979e-02,-1.496668966750767590e-02
-1.667213189068838419e-08,-5.309091714119956035e-02,-1.801249216438399747e-02,-4.192943261931313115e-02,-1.234410067653870721e-02
-1.707602909614817841e-08,-5.275914022866828867e-02,-7.661668818970959575e-03,-4.296510782688074681e-02,-1.446198498728943141e-02
-2.736310945957590820e-07,-5.125184594947518324e-02,-6.429745726091941511e-03,-4.539908200971944086e-02,-1.802581877687770354e-02
-3.922921975944514660e-04,-4.923031161812964351e-02,-1.491618194298092677e-06,-4.147694105992823232e-02,-1.586417434127188400e-02
-6.920399356377235703e-03,-3.943102279437828844e-02,-1.836932738057297283e-07,-4.798826299735818590e-02,-1.426676579834161053e-02
-2.307306276337355629e-03,-3.659744917243214907e-02,-3.717624943838441463e-08,-4.478544355254107656e-02,-2.886103633385686887e-03
-4.687210027112081166e-04,-3.931583386975397165e-02,-4.548478363288393378e-08,-5.323018920466459497e-02,-2.628614105953226698e-03
-1.141680098140913784e-05,-2.942819382810846554e-02,-2.578615484247511545e-08,-5.146806049859151133e-02,-2.853747333978271194e-08
-2.379724471229461755e-04,-2.133017353994918000e-02,-2.864334064485509940e-08,-5.209939051069407967e-02,-4.849462945656018446e-08
-3.275675364976113270e-04,-3.320729615582374006e-02,-2.100397867219751216e-08,-4.360111864962194078e-02,-4.896957454084552297e-08
-2.637479667346231743e-04,-2.636235857162872592e-02,-2.140889502391852921e-08,-4.297456204869552071e-02,-1.845029077981114489e-08
-1.299930661100815073e-04,-3.031063884509289236e-02,-5.050813538490309837e-08,-3.962052409822782589e-02,-1.057955338327566469e-08
-3.655981783059951504e-03,-2.770274419324315548e-02,-7.733034904328615004e-08,-4.882803108860649111e-02,-3.232875476507945120e-08
-8.587347333060987159e-03,-3.098839232355312182e-02,-5.847139639412306893e-08,-3.688672677107623921e-02,-2.515484135588616873e-05
-1.702053943611477396e-02,-2.443618060493131169e-02,-4.351129248692591469e-08,-3.551453227548527491e-02,-5.667606818293019906e-05
-1.009653696467712261e-02,-2.202154502841894429e-02,-3.261312383819161580e-08,-3.474923530238446800e-02,-6.222892797771719470e-08
-8.051813604397526497e-03,-1.829466303951282624e-02,-5.326730474639537535e-08,-3.858252194647749517e-02,-3.348401779772613970e-08
-8.490161802469496644e-03,-1.510206478516936714e-02,-2.356998798306625441e-08,-3.729696849307553158e-02,-1.729204224531933696e-08
-8.360078111437867351e-04,-1.378834653921257730e-02,-1.302836513879053375e-08,-3.582984660597388765e-02,-1.529336208701110840e-10
-1.415189044284270985e-03,-7.977474699432604305e-04,-2.390859014428908228e-08,-3.344289714098401534e-02,1.616073088142160633e-08
-5.624183344910300454e-03,-8.761037024896786078e-05,-1.341416592568432511e-07,-4.471596396766677056e-02,2.860441171480148695e-08
-1.400233018660128510e-02,-2.458462982211279856e-05,-1.821441095000138634e-07,-4.752792116835023034e-02,3.864693110184060072e-08
-1.625908733358375630e-02,-3.617034490381334209e-05,-3.029384595226113941e-07,-4.490980856291152540e-02,1.425210789584971374e-07
-1.607391009003064988e-02,-1.971221119697516784e-07,-5.051683844272791305e-07,-4.098673142022871835e-02,1.106629947912347681e-06
-1.737346037198723298e-02,-8.239556136702857540e-08,-7.908604249720485833e-07,-4.627997379686831642e-02,1.531193711391579735e-06
-7.678966043759079436e-03,-5.775486336116118476e-06,-5.249172744144980370e-07,-3.983183614548527901e-02,1.403287571217470301e-05
-1.233881183753753226e-02,-2.046615226949541866e-07,-1.071701199456326774e-06,-4.440794277506321386e-02,4.380334019064979897e-04
-1.417215006104978123e-02,-2.013888467906724882e-08,-1.172866519503750418e-06,-4.364158868008902181e-02,2.750572729755765104e-03
-1.325684058304773053e-02,-1.131546544359450132e-08,-1.587845777475433030e-06,-4.800358523446224268e-02,2.653198806049312207e-03
-1.506598681971023021e-02,-1.955375550314901116e-08,-1.174965327681934413e-05,-4.231432671896660780e-02,4.657223762281593148e-04
-2.272442952620766510e-02,-1.246700627264898726e-09,-2.088950172954168973e-06,-3.819703511156526815e-02,5.171902585191501516e-04
-1.625944378266648213e-02,-6.713142024838284191e-09,-9.998010173489847236e-08,-2.678529966676530469e-02,7.995133665799532014e-04
-1.354238557349819912e-02,1.573877489795508270e-09,-9.812835634737437047e-09,-2.000661801947158439e-02,5.652505495794110570e-04
-1.241915354529839199e-02,1.786905428256068863e-09,-6.966175494299186859e-09,-1.720706424242859911e-02,2.254448857932104673e-05
-9.777009199829010677e-03,8.751192072831352143e-09,-6.684689734433196571e-09,-1.836477632193044343e-02,7.444895321061159848e-04
-1.466405106086108787e-02,2.484793556081804708e-08,-1.198177343686024170e-09,-1.665284788714705907e-02,1.252303406779072903e-04
-1.372929610290678226e-02,2.002371609216248692e-06,1.161487308836022480e-08,-1.439680778510462472e-02,2.332749211615080198e-06
-1.056622773108883279e-02,5.954679396725917653e-08,1.539435154994750791e-08,-7.701589690859065272e-03,6.120341028987053258e-06
-1.491455844998623367e-02,1.020306543677559484e-07,-9.616958532468183405e-12,-1.735936442165180978e-03,1.617657510965805955e-05
-7.738214165666180630e-03,1.355321176390763794e-07,3.535223725543595458e-09,-3.138980290270886302e-04,1.316943130207863478e-03
-1.643192835084135092e-02,8.982415493267408143e-04,-8.709008993778604202e-09,-2.505691785004735689e-03,4.853067609031789381e-03
-1.254612514686819294e-02,4.521776785785365516e-03,-6.643817152596084265e-09,-6.822374651143011661e-04,9.956921986481065759e-03
-1.053767422273963611e-02,8.585528648592022360e-03,-5.039101792889966414e-09,-3.807211005862997494e-04,1.385839228079519501e-02
-1.973263142252468932e-02,2.025455810794872177e-02,-5.207553035600058746e-08,-3.252699550430484133e-03,1.166320950570932415e-02
-1.684645614776532005e-02,2.222157579708147063e-02,-3.936657793023543051e-08,-3.291833936393911931e-04,7.815489236392482095e-03
-1.736183634385515470e-02,1.648047961887129723e-02,-2.949620015044413477e-08,-6.872661261127234434e-05,4.935275253175641294e-03
-1.562970383527005624e-02,1.763916108061878638e-02,-1.825905534509198325e-07,-6.354766341987496672e-04,6.585641850889924643e-04
-8.753543623618751171e-03,1.576166166710822256e-02,-4.679769640302851178e-07,-6.676390606592051577e-08,8.364018755495474314e-03
-9.212270122961505395e-03,1.974260421341928265e-02,-2.335260500031118325e-07,-3.519089612328363429e-08,4.196215845234269395e-03
-5.301036584438382528e-03,2.183713958256840865e-02,-5.646482455114886705e-08,-1.060185245450971064e-09,9.729175557359370091e-03
-4.634461624521123493e-03,2.775552277603499443e-02,-1.147534053107451825e-08,2.798147640226202188e-09,9.382894880874004945e-03
-4.046831458715121309e-03,3.001099126424078278e-02,-8.058601882828726463e-09,1.322771961168169708e-08,1.380149811119683358e-02
-8.019626841014575874e-03,2.998973824543629818e-02,-9.950839758680048152e-09,5.789047972112113707e-08,8.439344411017268496e-03
-8.126723398693240508e-03,3.217239638863411688e-02,-9.179997062053543570e-09,2.401561810241898813e-06,6.334978203834651204e-03
-6.400089034920525104e-03,3.832046378762046096e-02,-1.675427688653516682e-08,5.968380136003263031e-06,1.024824558221009395e-02
-5.840010298818894621e-03,4.767634818126918056e-02,-7.830027003145931624e-09,3.660805486520626742e-07,2.966226395529670840e-03
-1.091361115977379330e-02,5.182495960848108874e-02,-3.408204054983630352e-08,3.415289750144370438e-06,5.566658116853299759e-04
-1.712051232687049340e-02,4.619704152491337090e-02,-5.065374927145862859e-08,1.851154011317217369e-05,1.597713828580725687e-05
-2.423385990397068299e-02,4.773659650456228698e-02,-1.944444638235695086e-08,1.915797059442917894e-05,1.267224992215432392e-07
-1.721056466831756213e-02,4.756180837032464997e-02,-6.629027439950354750e-08,2.290749782166518100e-06,5.611323667520718107e-06
-2.009074889396175734e-02,4.886342896263318192e-02,-3.155379772375556432e-08,2.275772675771229393e-06,5.267089404795467526e-07
-1.114317504667853924e-05,9.180834418460656881e-05,-5.035949475934158606e-05,-6.156993403645489538e-08,-9.358606007692952611e-04
-1.641900619512707041e-04,9.142188501967246075e-05,-2.877438141103370590e-04,-3.683239008049546805e-05,-7.573433379577007053e-03
-7.634018840138710364e-08,1.415129146375878184e-05,-7.337679651825382461e-03,-1.481445382212720854e-04,-8.575254164734549822e-03
-8.836401288795669247e-09,3.847788817277924444e-06,-1.437349373936068313e-02,-2.118579046375785595e-05,-8.538677198586268249e-04
-3.052749796283479693e-04,1.208571955711939139e-03,-8.403440527085066433e-03,-1.085592045512353404e-04,-7.272079026932549810e-03
-7.570613634827284616e-04,5.980564723111018825e-03,-4.176003073274954969e-05,-5.934063812402554788e-03,-8.124482986928374673e-03
-2.680519394237105196e-05,2.238317219634636138e-04,-1.198450993259874410e-06,-5.657998041478774862e-04,-9.346715936752778009e-03
-1.094596542336205656e-03,4.560520753339112644e-03,-5.515651000549170107e-06,-1.205767886330694769e-03,-1.141441644231364766e-02
-1.145354068830392071e-02,1.488395165148267280e-02,-1.442141498668224242e-07,-4.230361116464833628e-03,-1.747643017016428657e-02
-1.844999618948303666e-02,2.596791947639712564e-02,-1.036387183220392815e-07,-1.187426412718905686e-02,-2.277380312736866988e-02
-1.167617196087402699e-02,2.292003559987621994e-02,-7.479116239941868061e-08,-9.484358619966104520e-03,-2.625172162028469730e-02
-1.753432317766031104e-02,3.342004421544540749e-02,-1.263798192339934525e-05,-1.136032570102880369e-02,-2.721190154388638746e-02
-1.582267399454492102e-02,4.770908872898215608e-02,-4.147187164316423024e-06,-3.674920097923631800e-03,-3.345963560625962036e-02
-2.286629702778824810e-02,5.926448337238643393e-02,-5.439174546483060670e-05,-1.136391512765335017e-02,-3.217260885379009949e-02
-2.239780381306687163e-02,5.540956108002074998e-02,-4.551935494526565540e-03,-2.331012870918026253e-02,-4.246827980750465803e-02
-1.595462611914617856e-02,5.745153525812453366e-02,-8.694672475978706613e-03,-1.874852792706097060e-02,-3.383415897494804897e-02
-1.975479394303325531e-02,5.981775459377754178e-02,-3.771756344317448491e-03,-1.050216375556243739e-02,-3.889114047120301870e-02
-1.210044978666470483e-02,6.277997264416078360e-02,-1.666869031739122041e-03,-1.354362353471054263e-02,-3.393190376852839307e-02
-1.923668820331380161e-02,5.340195298218648051e-02,-4.980122105101892488e-03,-1.316500706248164600e-02,-2.936207925082110620e-02
-1.705308404300603584e-02,5.565729042981653468e-02,-1.514541523342826691e-02,-1.293168933261096103e-02,-1.702449490465807527e-02
-1.364456942155610995e-02,5.008963769853645720e-02,-5.063671096267597684e-03,-1.231195674940730247e-02,-2.277625184751082971e-02
-1.433882704044157040e-02,4.996911784566587106e-02,-1.585711325622349678e-03,-1.749758206229539217e-02,-1.195021935863780499e-02
-7.863696936999127474e-03,4.554927370294559186e-02,-4.230596390756348815e-03,-1.326515773142650061e-02,-1.472882081247043479e-02
-1.510327634092506650e-02,5.029609610388549590e-02,-1.020043286997833649e-02,-1.134406635180351848e-02,-1.460031094055186385e-02
-1.954319645256191729e-02,6.272731666146255658e-02,-4.541289888634292456e-03,-1.071083194272472693e-02,-1.661851380218568042e-02
-1.251354347079808825e-02,6.175056377191823209e-02,-4.528392288258751520e-07,-1.134764280784904093e-02,-7.109731458596545497e-03
-1.597393763428212390e-02,5.912802635076487567e-02,-3.899703475706324700e-07,-8.356311345161279713e-03,-1.525826926208042472e-02
-1.376405576687068054e-02,5.909314800326228440e-02,-1.609947291415452886e-05,-8.972106473084927661e-03,-1.280605164347400557e-02
-1.517240269195929345e-02,6.638052583614312274e-02,-1.475768807570643502e-07,-7.232862753833042488e-03,-1.903061235850870767e-02
-2.055094358727809975e-02,6.987018696033277243e-02,-2.028026928461034748e-07,-1.207060102199560177e-02,-2.661238350675477343e-02
-2.031455505202591980e-02,6.044938772019407131e-02,-4.425757571287696914e-08,-3.245389854071771205e-03,-3.150326212709480406e-02
-1.802199722486959657e-02,6.413377184020840893e-02,-4.636213951275724756e-08,-3.106474679691845035e-04,-3.054550576736718426e-02
-2.495683721449078879e-02,7.095812306955481819e-02,-1.857127374448298829e-08,-9.103828407373304895e-08,-3.255357801797979789e-02
-2.262735964080341347e-02,7.650365506499760826e-02,-1.094715525131804221e-08,-1.075318387073382373e-04,-3.417540173834787004e-02
-1.797712312945485419e-02,7.404664530031530856e-02,-1.067397331841098729e-08,-7.050309717643303271e-08,-3.848860306769565087e-02
-8.460312846196815090e-03,8.453132580413511010e-02,-1.798376775421634011e-08,-3.251319762975458478e-08,-2.599468832188005576e-02
-2.735080380702925931e-02,9.760836707933030765e-02,-1.740653235106594194e-08,-2.113125108250073083e-08,-3.474006425559400535e-02
-3.010597193135074526e-02,1.079185987891620874e-01,-1.523143955166565011e-08,-4.027881792749215747e-04,-2.378637064754359279e-02
-1.423882390653954250e-02,9.973271004297060149e-02,-1.190198085261877671e-07,-8.605932696301969373e-03,-3.029665388392203461e-07
-1.409266768317590443e-02,9.469590108619665991e-02,-5.947725766829548820e-06,-6.126836920869500750e-04,-6.600464791165110167e-09
-5.231499400409365952e-03,9.245098052531966482e-02,-1.465205308738159085e-04,-5.554512795637708176e-08,2.525767126211055664e-09
1.096068745818742061e-08,8.483589627159804358e-02,-2.575051150801240278e-04,-4.439786377929562081e-08,2.127278601704103822e-08
5.518319234649772531e-04,7.625433034872805549e-02,-1.396684822148228002e-03,-1.964289635620728092e-09,5.228574252703161005e-07
3.908893159820712310e-02,8.028352534498535420e-02,-3.083167737728824409e-02,-2.233244451998430522e-09,4.102752350283856401e-05
7.052820328923586901e-02,8.012229015663123455e-02,-3.599463607412518168e-02,8.711259116808567390e-09,1.512839503130063688e-04
1.086013610712479871e-01,6.704417129574899437e-02,-2.439810753911181643e-02,7.786150300027094108e-08,1.322337585428924340e-03
1.388463308420062048e-01,4.640824470480065661e-02,-1.364593370874722135e-02,1.244174876354067298e-07,2.382799448947987408e-03
1.697631551736189237e-01,1.657507747196230660e-02,1.240269317122388544e-09,6.720037413871663659e-09,2.436031733278838998e-02
1.834164961933579252e-01,-7.623872699509776468e-09,1.162593648586669109e-07,-9.453939436256934642e-10,2.989300457793789625e-02
1.848713856165017377e-01,-1.306187222465563990e-07,1.866267211314894440e-06,2.234782416779964170e-10,3.127530878029774475e-02
1.725259975660787537e-01,-4.153760102545423413e-06,3.645081668366675041e-03,1.483090356174375805e-04,4.681837460880189372e-03
1.701887537586881105e-01,-3.696255003269326340e-05,3.428664115919293626e-02,1.103214317018403993e-02,8.524304118757383901e-08
1.596420081021220072e-01,-5.634867806556693179e-04,7.397825420043518951e-02,2.781602846221403399e-02,-2.238914779784609743e-07
1.345814366252212624e-01,-3.672773652817876849e-03,9.637438284651200782e-02,3.841499387015579609e-02,-1.328081390298941516e-06
1.005137900949414909e-01,-9.911342617072096614e-03,1.303110914477733639e-01,5.673767011425154966e-02,-9.753530105847661576e-07
6.386952799676724746e-02,-3.235781140199355332e-07,1.590185250431264408e-01,6.830152097954565737e-02,-6.259814953580657294e-08
3.335618765593013294e-03,-2.312937414230984495e-09,1.820607150084025960e-01,5.965902660283337738e-02,-6.024761659051488215e-07
-1.237646614962319594e-05,3.324773530687954634e-09,1.937613486858723311e-01,4.541169542620678012e-02,-1.449669566333743949e-07
-1.351756772054925598e-03,2.371344846091406270e-09,1.860844841724246523e-01,2.713690551182832561e-02,3.031481334133979619e-02
-1.402737914532058844e-02,3.979173599963189978e-09,1.658815626875169424e-01,6.251349023658395350e-03,6.336984878204400540e-02
-3.809923066349143322e-02,4.492633011174194370e-08,1.442487235667830880e-01,6.173234254245715726e-04,9.156511252147751800e-02
-4.735920215209328543e-02,-2.304656509942151274e-09,1.207601633311391753e-01,2.790933274403880168e-06,1.023129745942548546e-01
-4.073077015917164756e-02,-1.029765047569395024e-07,8.092778918734687410e-02,4.009191220364813491e-07,1.163021788455596839e-01
-2.111250956426886233e-02,-2.145168668439247910e-07,2.240868069542460359e-02,1.176528095130742751e-06,1.432465108871036896e-01
-4.229747067555674443e-03,-1.583956521368795376e-07,5.490599685606279945e-06,2.996702441761701303e-05,1.525400460081977605e-01
-2.511958379562008974e-05,-3.945918650339868038e-07,-3.848853541957901686e-04,1.929753748803861887e-04,1.694351423139763835e-01
2.093423292930397445e-05,-3.549179354662517097e-06,-1.204884497918297034e-02,1.145668056980189307e-03,1.684633461963758183e-01
1.718268188940120372e-02,-7.625857231325305040e-05,-4.965005960132641560e-02,4.685985816663675203e-03,1.694808562078070346e-01
3.667844509353174881e-02,-7.940936731358230706e-04,-6.573772233810964982e-02,1.693173866540712003e-02,1.555223171869357657e-01
4.658064346871054751e-02,-1.652822843389400173e-03,-7.634534885955458761e-02,2.971777705917727844e-02,1.527267982989643780e-01
4.557227528076735618e-02,-1.393014558348112421e-02,-8.713681954769907090e-02,5.022939911289073245e-02,1.341439043335367620e-01
4.182784881280444261e-02,-1.903325818986111723e-02,-9.777834326531284481e-02,7.400329672385640156e-02,1.254275926197036817e-01
3.068009842936350595e-02,-1.926843762519964143e-02,-9.419605567537928104e-02,8.727913811230086916e-02,9.564272412827716507e-02
1.743392846285246253e-02,-3.400858751026350490e-02,-8.463250545554203141e-02,9.778378600871136250e-02,7.073162197454203881e-02
3.231542904356829015e-03,-4.553669614274749589e-02,-7.580414917632975758e-02,1.087903122872072581e-01,4.784551783604784614e-02
2.261585902204098916e-05,-4.783897277219334443e-02,-6.449651375067996795e-02,1.142063749992594246e-01,2.363891988454571574e-02
2.898929141367336762e-08,-4.342359593209454971e-02,-4.811593301716375615e-02,1.222094655182632550e-01,-2.609004494624336351e-08
-5.891111923025690413e-09,-3.652966558045488837e-02,-3.672816683437901686e-02,1.225012649643772850e-01,-1.264115672366487006e-06
-4.150276032847007089e-07,-4.551252127711479661e-02,-2.329868501033459383e-02,1.146236573405639558e-01,-8.529086403800304568e-04
-2.547156092180890923e-04,-4.049855904229890391e-02,-2.207840819542875380e-02,1.173557898708139369e-01,-1.622637300946696724e-03
-6.664820196839403403e-03,-4.111526898955829290e-02,-7.727547541703664973e-03,1.122877551658280487e-01,-1.482728397377009073e-02
-1.182808741436935408e-02,-4.023944160203892645e-02,-1.157310946608493783e-03,1.033386585743294173e-01,-1.702275518789355541e-02
-1.335949010384561778e-02,-5.621999125473797071e-02,-3.823420196404458244e-04,9.308008931861741497e-02,-1.831973558288097284e-02
-2.437816920642332449e-02,-5.628589677183512552e-02,-2.218402466174797943e-03,7.379151083705741410e-02,-1.896180079850101272e-02
-4.298008625699722973e-02,-5.591175480057058306e-02,-1.930963415975929650e-03,6.688895844482571629e-02,-3.384051888739004338e-02
-4.074812824549061546e-02,-6.749189803145354272e-02,-4.760712653149271924e-03,5.532550656881293077e-02,-4.253253685610006163e-02
-3.384363541870685083e-02,-7.985121089005108030e-02,-3.556406806989763445e-03,4.534905046179453503e-02,-3.390961367803412008e-02
-3.261928990465128714e-02,-7.207456690879278371e-02,-1.759804148958867345e-02,3.521024247953825209e-02,-2.682586755567945361e-02
-4.346451689488601416e-02,-5.785067373480133612e-02,-1.690665950645584351e-02,2.959231735527447990e-02,-2.972293414804888165e-02
-3.210522050936873845e-02,-6.580538798278411095e-02,-7.360728264093138393e-03,2.329905687375316559e-02,-1.756901928256283246e-02
-2.572316183310906917e-02,-7.909317836573892535e-02,-4.178224394226142530e-03,2.153179618395806641e-02,-2.569100602384417203e-02
-2.587045373182332922e-02,-7.306703886597785969e-02,-1.229274910226332666e-02,1.899476828409379578e-02,-2.377974461762491498e-02
-1.907395380730600790e-02,-7.357679421792463759e-02,-2.228289601057099542e-03,2.740050078615824738e-02,-2.477918691464255779e-02
-2.233141819295680203e-02,-7.400579331681519935e-02,-6.301000708098285046e-03,1.184372167940824991e-02,-3.218679994448728904e-02
-2.008699206863910625e-02,-8.235853191719394450e-02,-5.314075463345398209e-03,1.051722715717423248e-02,-3.877946581876776100e-02
-2.042538372652080367e-02,-8.306971079704632277e-02,-7.965525560129195839e-03,1.255498784233084047e-08,-3.544254743274841135e-02
-1.681747399699515602e-02,-8.138259217938159651e-02,-3.437921325377439814e-05,3.783541193206688556e-09,-3.318044535995706701e-02
-7.493919203289599491e-03,-8.379692057276783013e-02,-4.678649763738318304e-08,-3.024060671042993156e-09,-2.555348386906334049e-02
-7.870057817077851306e-03,-8.903282494540082359e-02,-1.266309540480712334e-08,-9.995896460134181987e-08,-3.088910867542478400e-02
-8.158687164527094176e-04,-9.151142297639559831e-02,-4.634276533024047226e-08,-3.992675525978860028e-07,-1.871935584284388152e-02
-5.069160316423219513e-04,-8.629977346088529844e-02,-5.907931097139650374e-08,-4.275135723703846473e-05,-2.128341300480331155e-02
-1.213578113682438559e-04,-8.744842596859717099e-02,-4.121443842184598733e-08,-5.217305606353786832e-03,-1.737864037445118956e-02
-9.869334082931951839e-05,-8.259357394498322014e-02,-3.148534997177637194e-08,-1.440850464311766929e-02,-1.290695284438489639e-02
-2.197909702873995070e-04,-6.807929353816916107e-02,-1.927534600431951982e-05,-1.794880253350718269e-02,-1.386486915312987438e-03
-3.402707576090460749e-04,-6.090458494846764936e-02,-9.934111249389325021e-08,-2.731085814532583853e-02,-5.573756261237602753e-03
-1.516278227240250325e-05,-6.625981991342710931e-02,-8.556888757651095650e-08,-3.392318519023779233e-02,-3.587831373961414445e-03
-1.339648070517594671e-05,-7.239004690450942525e-02,-2.177736011340663999e-08,-2.939150381552339125e-02,-1.143716413976374538e-02
-1.850185938961465677e-07,-7.090613620680531748e-02,-2.672865491161391176e-08,-3.343090511138668841e-02,-2.077784778921358457e-03
-1.302236428654277106e-07,-6.117002236073596638e-02,-2.266378793811666514e-08,-3.741735031205033202e-02,-8.565203035326297842e-03
-8.925770460057904172e-07,-5.696578859475441570e-02,-2.548358920341985896e-08,-4.189420987976920363e-02,-1.808748017926272919e-02
-4.598261113931416437e-07,-6.212186057353624724e-02,-3.983641830690615029e-08,-3.678967892864525718e-02,-2.024932242941122895e-02
-1.782712835322687968e-07,-5.531772280104925443e-02,-2.753225523189225946e-08,-3.177348688133379423e-02,-1.830807082426428797e-02
-6.940629951143948379e-07,-5.287912935202684211e-02,-6.662704170410867893e-08,-2.974324758831414089e-02,-2.721495832889691061e-02
-1.072995668460950719e-07,-5.297260827206653339e-02,-2.827529804796828555e-08,-2.882846257380181423e-02,-2.900575374713227836e-02
-4.983235872186139693e-08,-6.544377365583663175e-02,-7.322305330137076440e-09,-2.779178481035988676e-02,-2.912737137706138124e-02
-3.322577594312187384e-08,-5.835619598480126791e-02,-4.969052423660658214e-08,-2.827417058315622247e-02,-2.677616733543228267e-02
-2.971811294957362538e-08,-4.523071177103331342e-02,-5.777244283538616950e-08,-3.256474733745915590e-02,-2.592764128762229878e-02
-2.538743246082767907e-08,-4.167624216489944355e-02,-1.168360904541205387e-07,-3.691795711965908944e-02,-1.497138587731342875e-02
-7.071882650367557915e-09,-5.204242772105821535e-02,-1.053895825909993439e-07,-3.707833857656399335e-02,-1.040113416145302568e-02
-5.733014435180033217e-09,-4.640349616072186184e-02,-3.761156499328814282e-03,-4.621910618145125965e-02,-1.184859378908247399e-02
-1.317713686149515452e-08,-4.320342767004603513e-02,-2.562644776667755841e-05,-4.546231230791829975e-02,-1.462524425247873489e-02
-2.125146078285886307e-08,-4.558281305357816948e-02,-2.573296052584005678e-07,-5.198706894434729220e-02,-1.701544666302040251e-02
-6.825881342688863016e-08,-5.353163730132957238e-02,-7.035068072467577861e-08,-5.020084324357797917e-02,-1.211893405592799622e-02
-3.789788551050024907e-07,-4.869805380253792310e-02,-9.908980421982573557e-08,-5.156155555185508443e-02,-6.660422876176175927e-03
-1.010178870153440408e-05,-3.479108058964427291e-02,-5.248251165156681394e-08,-5.264383077889298740e-02,-6.562435505325992999e-03
-7.804726728544905505e-03,-2.905954165352375718e-02,-1.800654690667472868e-08,-4.636256280036540889e-02,-1.157414242319973821e-02
-9.937423720007601199e-03,-3.015404497485285606e-02,-2.579316732345602990e-08,-5.027208264387320047e-02,-1.636835789120155010e-02
-4.891447312755118834e-03,-2.941524824601550805e-02,-7.367315116840982275e-08,-5.663310842391025557e-02,-8.096666321572664957e-03
-7.436978749256457563e-03,-1.681926427649331132e-02,-4.349478734396187029e-08,-5.826361569054906708e-02,-7.075611500936876213e-08
-8.861031544344331878e-03,-7.161115524733383496e-03,-3.252928296119379485e-08,-6.051303874825253448e-02,-1.127236762414517841e-08
-1.074603239950366884e-02,-8.523054688663087020e-03,-3.798941855753076858e-08,-5.342882372984686379e-02,-1.334755696636538629e-08
-1.386888942489590201e-02,-2.597554732281015847e-04,-4.694970102249734813e-08,-4.859016914695333395e-02,3.576224623996922024e-09
-1.660892752133706629e-02,-3.413010490249313287e-08,-1.547386975958210071e-08,-4.957602075041460388e-02,-1.727507424806667594e-09
-1.110693718087546640e-02,-6.965324341873343221e-09,-1.222497306506492843e-08,-5.142480143071687798e-02,2.782065219514215330e-09
-8.955459023833709994e-03,-1.004467905850635423e-08,-8.734430167900755534e-09,-4.141111544925871191e-02,-1.606417764875294449e-09
-1.073973578997888118e-02,-1.148708401065394322e-09,-1.811307077567151063e-08,-4.670230994946084069e-02,1.659542223778200350e-08
-1.428252683212534457e-02,7.596899288648454335e-09,-1.147178884494983550e-08,-3.596319614652918051e-02,7.477362132387556431e-09
-8.609060310998376334e-03,1.834857638240427855e-08,-1.160397309835689893e-08,-4.047651919021848926e-02,1.629006588455432951e-08
-1.631800413513733589e-02,1.487788513044624200e-07,-1.304151872445297333e-08,-3.937433758346321755e-02,4.745887748430991968e-08
-1.565754286138231963e-02,1.230228018799337457e-06,-3.015332368887077227e-08,-3.193713352871978273e-02,1.256275955633695326e-07
-1.783632149942409109e-02,3.438297705326970864e-05,-1.579785628253299190e-08,-2.118658294624445673e-02,3.354074699292991306e-08
-1.429418352742999054e-02,1.954384850107741183e-04,-2.045629255051309132e-08,-2.091708975184986691e-02,1.149481605318645767e-07
-1.120913570027079476e-02,1.234210182164857162e-04,-2.622839425666176039e-07,-1.241656643598216571e-02,1.965762075493360242e-05
-7.168124167691581651e-03,6.439412416996260049e-04,-1.641089575980590298e-05,-9.550278673808679578e-03,2.874320102101171571e-04
-1.748691012039002915e-02,1.488074280255789056e-02,-4.655144376240699053e-05,-2.088832336335441631e-02,3.812349456288300037e-04
-1.185128693024280547e-02,1.664873958061616546e-02,-1.510060263092176191e-05,-2.300286142794890146e-02,2.996761608340680044e-03
-9.189507463105050372e-03,9.941537075684452052e-03,-8.180895662886356062e-06,-1.406033055985863624e-02,1.252411396836189709e-03
-2.124810206552842778e-02,1.969305584606342863e-02,-2.139154540185567261e-05,-2.291545025347204584e-02,3.734973177347762391e-04
-2.870715408373842800e-02,2.085179995033437095e-02,-5.659269541901281928e-07,-1.014917938177638083e-02,3.306217632241427310e-05
-2.708797619117253933e-02,2.864910155512065057e-02,-2.571282701820107024e-07,-1.682707442706786460e-02,8.403860309126634206e-04
-2.252015069951732520e-02,1.914030665840716489e-02,-1.665132527607077609e-07,-1.251438630122224394e-02,3.896647293658635105e-04
-2.814451731370379295e-02,2.515609890395474613e-02,-4.701476553392736752e-06,-5.075104025858501525e-03,7.394610967936582693e-03
-2.706937284802634486e-02,2.840746677409149157e-02,-2.953547056140739807e-07,-3.174381118441626723e-03,9.755820151270772067e-03
-2.171360556727090080e-02,2.393794970247800288e-02,-5.053951859399808004e-07,-5.006057920672762375e-03,9.328102412878328323e-03
-1.189673039858165499e-02,2.619353890643980401e-02,-3.073692901366300118e-07,-5.722250658483492465e-03,1.465308885580294748e-02
-1.696952155874526316e-02,2.404896734782300052e-02,-6.127991980364317075e-06,-5.860263342816203480e-03,3.588192132202512857e-03
-1.719962832305208661e-02,3.390447223868066351e-02,-1.271041195929620855e-07,-1.709133891846671650e-03,2.645219782954660176e-03
-2.351509027112670680e-02,3.996815113871742681e-02,-4.124451803816417616e-08,-3.060067705930945726e-03,1.168546709312267683e-03
-3.042042609427720104e-02,3.965553700192695624e-02,-1.291384279638052420e-07,-4.552947655367806795e-03,3.619343936448116792e-06
-3.131932446518016083e-02,3.805124484324946127e-02,-9.002531736380979244e-07,-4.568194123855567543e-03,1.268948700158136866e-05
-3.330195291677652547e-02,4.021833045896737457e-02,-2.481210095751406800e-08,-5.381071057265704354e-08,1.280858965624599660e-07
-2.784286751497496923e-02,3.956662614645762438e-02,-7.243326085583941744e-08,-9.414989271078086648e-09,8.674659601335013202e-08
-2.734690893529826902e-02,3.698740887790664955e-02,-4.229058557163443317e-08,-8.406860062934085237e-09,1.084143992063030310e-06
-1.814151936920873481e-02,3.870890444489226423e-02,-5.458792693574381731e-07,8.928284485545910799e-09,3.077515945126168043e-04
-1.628800431195908532e-02,3.802971152752619710e-02,-3.320075463746596778e-07,2.762437552397198398e-08,7.907427588788761745e-05
-7.150467650448685993e-03,3.958268277012685910e-02,-1.963477742866433143e-08,4.355156782677360273e-08,4.848001636215038378e-06
-5.486829664811185628e-03,3.109926985170056654e-02,-1.155218030612968235e-08,1.589657931865993059e-07,1.038425709510883515e-07
-1.016022356670082810e-02,3.651882547502349058e-02,-1.496719687485835335e-07,3.381529709897576491e-06,1.151884475964152241e-06
-1.590604717611827923e-02,3.412884903143528076e-02,-1.498946152220741977e-08,2.903844550215428343e-05,2.131199938840362827e-08
-2.789139585088636769e-02,4.369322959435913145e-02,-9.900146173337844254e-08,1.369010092498097594e-05,7.123205330330265853e-09
-1.325322548845582482e-02,3.329130355767378341e-02,-1.908312020962666327e-08,4.631539294541715075e-05,2.410708291334021341e-09
-1.492658838482333224e-02,3.558965986959258809e-02,-1.470322178301574923e-07,1.387666010210045552e-06,4.556968557812821579e-10
-1.104688253295133156e-02,3.400751713421065053e-02,-2.501943930002294861e-07,9.101757525921129501e-06,5.731175953089799180e-09
-2.324816927832958416e-02,3.621316316390556234e-02,-2.851222990364044468e-07,1.528963643153025768e-05,1.222452482441497959e-09
-2.902065646049851663e-02,3.882675105108809172e-02,-5.040715192166987594e-07,1.767205978669597414e-06,-7.200008610994240540e-10
-2.366665079204071168e-02,4.804802878779879799e-02,-2.344893850970991176e-05,8.592126668069494859e-06,3.782262897018707214e-08
-3.540312592558388094e-02,4.607348826011522375e-02,-3.160783419509556359e-06,5.050773669696836471e-05,1.031255036680812727e-09
-3.321941606449502205e-02,3.729366883658277038e-02,-5.279277807457960692e-08,7.618902509913992291e-06,-6.364655365291003124e-09
-2.634731746697783344e-02,3.806543188316350440e-02,-1.341344022742718203e-08,1.522417904084805029e-05,7.887845172359529391e-10
-2.285046606612431419e-02,3.843392090491025426e-02,-1.314345179600943991e-08,9.416280664932465229e-07,4.053603169441336276e-09
-5.144215043691576706e-08,4.179941859756089732e-04,-2.737761996795759991e-07,-6.557736606797919998e-07,-5.358426131872469876e-03
-5.780428578316823221e-08,1.964567773277484379e-04,-3.940069893512510657e-07,-3.577696584968092548e-05,-1.403124065917419824e-02
-6.468036651841142596e-08,7.211515873476634874e-05,-1.096825076648882229e-06,-1.145493582744415580e-04,-1.282659368007019532e-02
-5.156647823032787039e-05,2.734394356892815773e-04,-3.111107442011977313e-06,-3.264584074727717891e-04,-2.138316946819384182e-02
-1.859077333884659173e-04,5.175310505716912597e-03,-7.581062850225195415e-06,-4.329557607859125384e-03,-2.392462727351233470e-02
-1.568099898249174467e-04,1.038139926837334560e-02,-2.708699561960200121e-04,-9.143300883663637094e-03,-2.021828976140594911e-02
-9.285962882117523810e-04,1.522918463966552172e-02,-2.049082160470912115e-05,-1.163893657597742624e-02,-2.660328119409560363e-02
-6.694697537950728393e-05,1.708972106569752944e-02,-1.051183949982675214e-06,-1.368574271128492406e-02,-3.134906711017351744e-02
-2.540038459399252468e-05,2.108232047312317073e-03,-2.038136560792499775e-06,-1.784840778032027730e-02,-3.800747200182529040e-02
-8.118984390856826873e-05,1.026805994125366828e-02,-4.594751755428320785e-07,-1.029146596333631314e-02,-3.237823950650919880e-02
-3.723861723413643747e-08,8.559605496252219517e-03,-3.673481416637786233e-08,-3.181338842590447418e-04,-2.925925813594185132e-02
-4.851108050455749810e-08,1.188092651886379567e-02,-3.766945334779372809e-07,-2.188847807233710707e-03,-3.068007296681975193e-02
-8.578124838918597213e-09,1.334919815443931686e-02,-2.866721965815684562e-05,-1.169636294631179203e-03,-2.380629709339319652e-02
2.332850697101406767e-08,2.521742508063260294e-02,-2.635406192248603127e-05,-3.045920155599079766e-03,-1.937136971442906044e-02
1.374089431823858290e-09,2.560620167785039938e-02,-1.177018802718960691e-03,-5.137529443577158565e-03,-2.744556238773127738e-02
-1.392130095840762607e-08,3.003940366365291312e-02,-9.285265535054475780e-04,-6.837835494449455778e-03,-3.083434753312750201e-02
-1.807495734682924154e-08,4.001244296268909040e-02,-5.262566078979450356e-03,-3.709557743745383468e-03,-2.386085193979395683e-02
-2.241932309479123628e-08,4.007177449665200175e-02,-1.179901606172863160e-02,-1.817655564974272062e-03,-2.596741247092101273e-02
-5.253676857137840397e-04,3.982348463677637396e-02,-1.030805794463172421e-02,-8.367923358257743985e-03,-2.939257252067391246e-02
-3.045191780919194371e-03,5.038291561248731121e-02,-1.758597781850823952e-02,-1.085106409971331974e-02,-2.240260443000886836e-02
-5.207461204527912002e-03,4.351368010160022032e-02,-1.984431769486050962e-02,-1.644101063341199542e-02,-3.160469188292237830e-02
-8.263668373641853623e-03,3.396053117782039943e-02,-1.046226279169461260e-02,-1.496693145043591355e-02,-3.292752628703270179e-02
-6.723119248832498500e-03,3.242646811323231237e-02,-8.485225796696393204e-05,-1.454613237960959531e-02,-4.763795429522729025e-02
-1.074116875341239556e-02,2.892659559459933097e-02,-4.465686583102121263e-06,-1.652452347584573017e-02,-5.242271230246358521e-02
-1.199781365327623299e-02,4.189632722195393844e-02,-7.808887548542077408e-06,-1.953734471420435007e-02,-4.436824586756149547e-02
-3.377264846131909810e-03,4.686083848057134155e-02,-4.330670742867922320e-06,-1.591337027005768415e-02,-3.952947209704062159e-02
-5.893735837556191709e-03,4.778264458925249314e-02,-1.305637135602799434e-06,-2.088043079813876532e-02,-3.544891560715273532e-02
-5.646797516136678810e-03,5.506340794524517551e-02,-1.310934743028314056e-05,-1.008627281959324253e-02,-2.824037216831722444e-02
-5.329771218786962146e-03,6.293966459409412739e-02,-1.458769577037171631e-04,-1.048058764975854339e-02,-2.207720532954642045e-02
-2.640130224928682989e-07,6.140277755786510694e-02,-5.375610451177027446e-04,-1.563775147715778732e-02,-2.596268394468794968e-02
-3.221480327086966951e-08,5.919497012092866939e-02,-1.905794706983382226e-05,-1.035159580344893401e-02,-2.901706334235059498e-02
-1.129981900968448219e-08,6.690878147950075905e-02,-2.547191570318986658e-05,-6.280722143051182746e-03,-2.310646476994726237e-02
-2.673007024219447081e-09,7.592892907553110138e-02,-2.097898053481646579e-03,-8.036011648835387350e-03,-2.423071039112214761e-02
7.937276777615356832e-09,8.052025272090033992e-02,-7.876757315595403833e-03,-1.411225834527194203e-03,-2.840547466255744641e-02
-1.840257440685147686e-09,8.323009861211348726e-02,-2.918187995179484864e-03,-4.165729211411441373e-04,-2.986376706012302748e-02
-2.985604312250064109e-08,9.196454037974022278e-02,-3.789086502683485517e-05,-4.479608583724697399e-08,-2.439024379814675250e-02
-2.339174768774908713e-08,9.783495549259260682e-02,-2.546520792481375261e-04,-9.079176192488480081e-09,-2.285190923982689803e-02
6.342665641088584155e-09,1.072014314446103761e-01,-9.729741714586421098e-05,-1.353140729179033466e-09,-1.190575988776861207e-07
2.649681633838965238e-08,8.662535031050236367e-02,-3.062796355746431019e-03,-8.654986377933080496e-10,-2.994614163731098184e-07
2.135577491048593255e-08,8.777723526611447280e-02,-7.855206365318312053e-03,2.336189204942754190e-09,-9.722128687099119411e-08
3.745700699093117698e-08,9.323192594055285110e-02,-2.032106042517239572e-02,-1.250870277525541568e-08,-6.356944720709724798e-09
1.119359580304960817e-05,7.978677057811871254e-02,-1.879260657652494226e-02,-9.522984905393810310e-09,6.156754149602973512e-09
3.667421208391091845e-03,6.429292852811023529e-02,-2.234809855311484586e-02,-4.413153156046028096e-09,2.403105951981757594e-08
4.121479216982255195e-02,5.456862460260996500e-02,-3.358975004576771062e-02,-7.126943891859535475e-09,3.496627256470620283e-07
7.683774077868270325e-02,6.065033974727255389e-02,-4.786158166086132426e-02,-1.342775156330668138e-08,2.697747681137487084e-06
1.172706194356274434e-01,4.819564237306041277e-02,-5.017664274878223807e-02,-2.924152145645294370e-09,3.026305207371969349e-05
1.500349024604317183e-01,2.992683330725210908e-02,-3.668619648054102095e-02,-6.981753364612052091e-10,1.275543306740483567e-04
1.713294446937679294e-01,2.013289180469872690e-03,-2.758466014768773400e-02,-2.724432498444361127e-08,4.951736323148337501e-04
1.954756784473986042e-01,-4.295910110233731714e-07,3.137352582504780115e-08,-5.749103252729036977e-08,7.295360915926051015e-03
2.047924374908451084e-01,-2.237141221279762091e-05,1.336713578110325425e-07,-1.547484956524262469e-08,1.310517403873110234e-02
1.991528159864675296e-01,-1.249734452616929354e-03,2.291176029354954780e-05,8.888518322116077926e-09,2.137181505147237883e-04
1.915521192164469921e-01,-1.378707080708721500e-02,1.567384119175542836e-02,2.495801742484655104e-03,-2.919815516138769238e-07
1.746927152761177104e-01,-2.599225182281803340e-02,5.890725011355736618e-02,2.236242773086211805e-02,-2.250947413916499239e-06
1.530563249837464390e-01,-3.074576869625294390e-02,9.967906487402951321e-02,4.338379870238470021e-02,-8.756887794698393432e-06
1.119448122327314499e-01,-3.390566983949862973e-02,1.495952944526682815e-01,6.661229483198871648e-02,-4.299253360768722077e-06
5.325204934473718593e-02,-2.433628548780464654e-02,1.966868016573422862e-01,7.761487538769133721e-02,-2.395596879827740705e-06
-1.243445312145259660e-06,-2.802194571923263561e-03,2.240506202388830304e-01,5.745900255665303130e-02,-5.532857688617594629e-07
-1.092422658370993151e-03,3.778615422250334718e-09,2.275168534393481323e-01,2.548069796941158233e-02,2.225220748194359222e-02
-2.859210412687013952e-02,3.359270867525687711e-08,2.177092153739617342e-01,6.149254346639245351e-04,5.759303371717244824e-02
-5.992144652186556786e-02,7.348456617090074221e-07,1.918093345263977567e-01,8.982975667171665460e-09,9.795151324388533254e-02
-7.968977040721331173e-02,1.241589323227734916e-02,1.511698668931195089e-01,-3.306711759222797640e-07,1.197977253033581102e-01
-8.460716333083223573e-02,3.735383148863355429e-02,1.021521733362366208e-01,-3.114159448636301397e-02,1.394431199969738411e-01
-7.875151986025689943e-02,3.829993536651599834e-02,6.425271956275462049e-02,-3.808667037167585284e-02,1.408056110438243858e-01
-6.756142168921351610e-02,3.664730149010377719e-02,1.868046701598738424e-02,-3.917021648913667636e-02,1.522288896638361866e-01
-5.100324762928165612e-02,4.146136911384571549e-02,3.331849210678207435e-07,-8.636566067322852442e-09,1.591676775791356080e-01
-1.760209552187156495e-02,-6.769676351372787921e-10,-1.336667361601278367e-03,2.577108156737498002e-08,1.656654147945507138e-01
-1.539689890364221922e-03,-4.401641138466386365e-08,-1.791179018345319396e-02,1.129497648969738468e-06,1.554324118535503618e-01
-1.232732646749409508e-04,-1.075867781044595817e-07,-4.078843116479302644e-02,2.507229661781198735e-05,1.527827598847211199e-01
1.459992430749158528e-08,-6.862036950346515358e-07,-6.876636209258768506e-02,6.086754879665126107e-04,1.453029180699509648e-01
7.843372723628964943e-08,-1.565701495051689677e-06,-8.135035285988749532e-02,1.161156096698291035e-02,1.381323503967950006e-01
9.430029382161434360e-08,-8.873700659241511848e-05,-8.276613458324061368e-02,4.352728408813680283e-02,1.267898220847028801e-01
3.375064825961873093e-08,-1.420410830397202324e-04,-8.154833568026328972e-02,6.367496187556785647e-02,1.063571951448487457e-01
6.119807699613285904e-09,-2.231365384158461138e-04,-8.055196394490123091e-02,8.414441478503134619e-02,8.638032136383083648e-02
-8.194236396862910615e-09,-3.147580583559443689e-04,-7.083039453072749458e-02,1.071461150232272397e-01,6.760067703902170044e-02
-1.363353899717281833e-04,-6.624907379491166114e-03,-5.648688805515513639e-02,1.221606581092015975e-01,3.174604045268711316e-02
-8.691866987444616874e-04,-9.309784032608707169e-03,-3.606181032878642834e-02,1.351530617405573009e-01,1.878205429564883953e-09
-2.881534617513249567e-03,-1.384634318515434899e-02,-1.118528607804148735e-02,1.425793221942228128e-01,-2.956799922445113949e-07
-1.173912014518078972e-02,-3.062844153272675427e-05,-2.557371829081600371e-03,1.443758539672510000e-01,-5.151334577405194818e-06
-1.453251198188666195e-02,-2.141133139017265960e-08,-5.521377343263229230e-05,1.521611154354598205e-01,-1.906033206788632561e-04
-2.888662039217938446e-02,-6.637370212414330630e-10,-8.586013320495865527e-09,1.500084815789161918e-01,-9.365913522887609963e-03
-3.282303230987345527e-02,3.703512065371016314e-09,-6.635799574846554736e-09,1.425367357554428172e-01,-2.427378911586199409e-02
-2.410254911864004659e-02,4.672110145236496763e-09,-2.494596095553840149e-09,1.370040269299684366e-01,-2.784197784702817369e-02
-2.633643475880673157e-02,-1.534503128917412598e-09,1.138316902132976301e-09,1.334272150989154471e-01,-3.877195915755662220e-02
-2.567531089495622351e-02,-1.211507015242720731e-08,3.787584009067143901e-09,1.277135982157269478e-01,-4.390300414207240487e-02
-2.797609937487087819e-02,-1.039363305400510260e-08,-1.386903862521316888e-09,1.108161923367040613e-01,-4.795173679870372990e-02
-3.045145861066490822e-02,-5.132977272469081426e-09,-1.279736696941963889e-09,1.004051123947889423e-01,-4.471789876287024512e-02
-3.585859443183279927e-02,-1.092310482895281556e-02,-1.436808658223319391e-09,8.728864492151654220e-02,-5.567815622076949938e-02
-3.900309266949431725e-02,-1.178492695191550067e-02,-9.444030039866995024e-09,7.294257671196240078e-02,-5.452118870846162091e-02
-3.476311356088201271e-02,-2.260528040211325085e-02,-2.807635845518847586e-08,5.787838524957140962e-02,-4.555335658572751134e-02
-2.386352317106782070e-02,-2.510592818747513222e-02,-2.376688223668607411e-07,4.733476045189801557e-02,-4.511734018172274679e-02
-2.197714201040787060e-02,-3.498495366420924235e-02,-2.006603301230678827e-06,4.424525741124953060e-02,-3.778600047645231524e-02
-1.138692443161115966e-02,-4.537708637778311432e-02,-1.271356817353901537e-04,4.100308906117740987e-02,-2.715444719017107156e-02
-6.791923516835229185e-03,-5.347971830240151603e-02,-3.494634450540681520e-03,3.552443644783111892e-02,-2.257604436655558100e-02
-5.042205493352399016e-05,-4.739393996829466271e-02,-6.379027906808239397e-03,2.718317029885288644e-02,-1.250806905474692240e-02
-3.511396203027034407e-08,-5.683296070831531099e-02,-8.823352152762597512e-04,2.150356672627021931e-02,-3.251366499536653253e-03
-7.194591844805431153e-08,-5.241953256216937140e-02,-2.639146100363754400e-03,1.210676211689163534e-02,-2.035172782203344653e-03
-1.997992657758716146e-08,-4.575018565418011857e-02,-1.017896115405966979e-02,9.351988679386896556e-05,-1.014533600004616275e-03
-2.316335182079795434e-09,-4.057410839644989137e-02,-6.933632695638787362e-03,2.376322559191700435e-08,-4.720000899760041667e-05
-6.389762771024315745e-09,-4.836281928101880678e-02,-1.998638539097726159e-03,-3.987844830649640731e-09,-1.216048877706264042e-04
-1.612564405238773439e-08,-4.918098734844509462e-02,-1.075531093400241764e-03,-2.999406881921216229e-08,-1.260404712090194281e-04
-1.694589621429436093e-08,-5.456967879557652473e-02,-5.226794346397320434e-04,-5.487423601129759444e-07,-2.441156401084335415e-06
-7.639572622747573053e-09,-5.288889803790907534e-02,-4.047917799992582430e-03,-2.149136793581443659e-05,-9.907618661788032603e-08
-1.770360296240726175e-08,-5.698849154639384212e-02,-4.146603346942222788e-04,-5.034895998531547547e-03,-2.581331658044418434e-07
-6.806240197390141011e-07,-5.993497850303942942e-02,-1.158007301259430556e-03,-1.624507948572924756e-02,-3.934198153693154772e-05
-1.968116534644738925e-06,-5.230295477294596290e-02,-5.397614106787660543e-03,-2.374798251226704210e-02,-2.753151598771446610e-04
-3.898345157143780162e-08,-4.681557762657478916e-02,-8.796583861883930724e-03,-2.234813289196134825e-02,-9.626260353794439039e-04
-7.408941480084904072e-06,-5.063826955972182409e-02,-1.097656163107204458e-02,-3.511091592271045614e-02,-1.329409812476940039e-02
-6.399471162580577907e-05,-5.185792718912109189e-02,-6.266521226326183212e-03,-3.946743204067886673e-02,-2.245308035383297707e-02
-6.116476525527871021e-08,-5.462429731649252884e-02,-1.495834754449319737e-02,-3.886162470199574365e-02,-1.305604047283930209e-02
-2.099987680469782658e-08,-5.667078860470554924e-02,-8.815169400658146720e-03,-3.539751856825314180e-02,-9.770223629079737709e-03
-5.646965940935086261e-08,-6.861939706268131711e-02,-1.591490380881762325e-05,-3.029703539379618310e-02,-1.476272150238610963e-02
-8.884351705967102886e-08,-6.736678943123350360e-02,-4.825181015721115925e-04,-3.644309592612698934e-02,-1.595682371779761494e-02
-3.207973492490471080e-08,-6.477905434617113600e-02,-7.681692140277798439e-03,-4.085575109336019722e-02,-7.953412013202064423e-03
-1.129535520906950962e-08,-6.152593939326968242e-02,-9.513478969605845825e-03,-4.064078066295300634e-02,-4.948291434784587300e-03
-1.759118030544632066e-08,-6.067703748001256753e-02,-7.859612722837628490e-03,-4.508726574260177311e-02,-1.213305160462857697e-02
-9.755568362425926374e-08,-5.600040304721950329e-02,-1.227331272033647773e-02,-5.245928767247321628e-02,-7.893032585594901909e-03
-5.984482956011484919e-08,-5.115084547089951417e-02,-1.198725396618076713e-02,-5.182365597069647778e-02,-4.047313847966734456e-03
-7.052885223770230335e-09,-4.843560647836867711e-02,-1.359858830898016784e-02,-5.465314338368344738e-02,-4.211004098576772467e-04
-7.616331361022427251e-09,-4.806188736288388025e-02,-1.026456408383506248e-02,-5.252668399265924409e-02,-1.330525049784742238e-03
-4.772382105481112010e-09,-4.773608596010617960e-02,-9.823279610856668065e-03,-4.718011279022015642e-02,-1.086397243116555987e-07
-9.251107583171297445e-09,-4.323068224975910173e-02,-2.609501218203067342e-03,-4.618808828232820463e-02,-2.141812894020903783e-08
-3.800532708114298052e-09,-4.370549140528012105e-02,-6.019762684833213258e-03,-4.303434942226448678e-02,-4.576929766323241240e-08
-7.186090566881449064e-09,-4.636810888226141486e-02,-4.180898685919328880e-03,-4.134757778516580384e-02,-1.025777765973706099e-07
-1.132088262898739534e-07,-3.803751579853222042e-02,-3.494085128555098361e-05,-4.456574658001469236e-02,-4.888210060415514209e-03
-1.835029077746163739e-07,-3.753197640595735268e-02,-3.553498783048340132e-03,-4.767116057960891357e-02,-3.075887698633419150e-03
-9.330748944341976600e-08,-4.150935948883575921e-02,-3.166833940815605517e-03,-3.854415221311913164e-02,-4.618889516526647997e-03
-5.085278649475693056e-06,-4.623281539944466834e-02,-1.109666131204410696e-05,-4.312589118855832820e-02,-8.323735744137627027e-03
-7.681518643237692521e-04,-4.146245251377482510e-02,-3.518045114634877273e-05,-3.891642112955665672e-02,-3.642396397246311802e-03
-5.318746423711296148e-03,-3.468051976959584531e-02,-3.582015795926778504e-03,-4.338160080694459381e-02,-7.587456136179052502e-06
-1.652002306999688112e-03,-3.477982157514540595e-02,-5.369023000644582155e-04,-4.581261044380676578e-02,-1.639454493401294689e-03
-1.425740729053245719e-03,-3.500021396899513637e-02,-6.694847143066082556e-08,-4.241070604704829522e-02,-4.491975043263896419e-03
-1.052050310721525626e-02,-2.964967543233180958e-02,-4.535489762027598081e-07,-4.008888396204766252e-02,-8.940638362939082318e-03
-3.658364225664330425e-03,-2.944973718067738291e-02,-1.088729049314144033e-07,-3.644706430553223964e-02,-7.317988401894254681e-05
-4.634115715685157687e-04,-2.455961498261900050e-02,-1.545607649032266955e-07,-3.470868383733900081e-02,-3.439929804652533427e-08
-4.752562098148639604e-04,-2.263279632242796990e-02,-6.048658656843958696e-08,-3.274090129755791861e-02,-1.142815367643432168e-08
-7.584110995751369407e-04,-2.150700109814487199e-02,-3.904782213381009882e-08,-2.930145465182759298e-02,-4.191568418870566584e-09
-1.372372984024926388e-03,-2.062773046850786829e-02,-7.277501071685396044e-08,-3.523287049857553449e-02,1.448084494581700238e-09
-2.681606553238013893e-04,-7.524819733578005931e-03,-3.442186581012489156e-08,-3.190780206146925924e-02,6.317957252869920837e-09
-2.192154943795496160e-03,-9.967534191545328326e-03,-1.362724485771540937e-08,-3.201519578167883601e-02,-1.504676311281291314e-09
-1.250816259118737832e-02,-1.251123909921223365e-04,-1.701285817707259424e-08,-3.331249394905240468e-02,2.397323988689563040e-09
-1.445579584677703262e-02,-8.783835695302606086e-08,-1.827815346549412195e-08,-3.442021199937188303e-02,1.593796460383594634e-08
-9.277803980994963479e-03,-5.978030474600544918e-08,-1.757000562613600193e-08,-3.991453062652881856e-02,5.616295827740284477e-08
-1.420989411065888379e-02,-1.635078039175447649e-08,-1.917296111643212968e-08,-4.063263677467279095e-02,1.143185388076404304e-08
-1.669396267946389803e-02,-6.972179653151957353e-09,-1.563487200438732256e-08,-3.889062468340464401e-02,1.946984850280356787e-08
-2.481865160686528085e-02,-3.386677669153327181e-09,-2.752349618168760465e-08,-3.495283661072293852e-02,1.302437155338448542e-08
-1.758929737248131689e-02,-4.567494999518993909e-10,-2.711267621337456951e-08,-3.247881407241889895e-02,2.551554942235474823e-08
-1.527892789485582256e-02,-5.185541167672297941e-09,-3.084083416616730852e-08,-3.205703808455261095e-02,2.025000917504954502e-08
-2.278837282556689381e-02,3.935033606564804074e-09,-9.840092861005155061e-08,-2.641468320360183114e-02,1.059147300074320250e-08
-2.756571459289971701e-02,1.992383818801151585e-09,-1.621918630621957143e-06,-3.295260262813960728e-02,1.228513526534044638e-08
-2.720163768699021892e-02,5.273497194903018918e-09,-2.005851055357896052e-05,-2.625181120003908589e-02,2.264544613001176058e-08
-2.325564335976600464e-02,2.320535300511934309e-09,-1.379496827847959299e-06,-2.029221606602060052e-02,2.204509991166459291e-07
-2.469909656604795181e-02,1.567509940568696431e-09,-2.034094532784657547e-07,-1.020608150681097913e-02,1.233730395889506488e-07
-2.142147533539387472e-02,6.098591710819955290e-09,-4.113499337296880825e-08,-9.503508784322819286e-03,7.056463957095006523e-07
-1.300793706781991528e-02,7.692903698961629132e-09,-1.963082927657658671e-08,-8.222814704925182627e-03,1.592792172387822651e-04
-8.686079601252423912e-03,3.743150837283019671e-10,-1.463190508766590107e-08,-9.698705163463125153e-03,1.934959960553862129e-03
-1.235475305103457544e-02,1.039507397536086394e-08,-2.575541316022152693e-08,-1.250885777279381154e-02,2.951988813793596320e-03
-1.258720788774152742e-02,2.985542919624815639e-08,-1.875600809436117290e-08,-1.061014108295331090e-02,1.155061521361031886e-02
-1.152643678131996287e-02,2.792491682229612050e-05,-1.864297625385689516e-08,-1.006847956771213422e-02,8.257393411478443357e-03
-1.722548403283024471e-02,2.671692379794214097e-05,-1.064696197237509289e-08,-1.065450178548733168e-02,1.045189659379356208e-03
-2.348411817172484789e-02,1.377913201198340620e-05,-1.965105760462843972e-08,-4.558718006852292837e-03,7.716168940300348247e-04
-2.501707390459611408e-02,2.186795795023337044e-04,-1.403894955045413653e-07,-1.914121493338291461e-04,1.039036696005614922e-04
-1.775525145614958306e-02,3.683241688955924721e-03,-1.735152592687816748e-07,-1.883551854599305354e-06,7.451336553815615573e-04
-1.957144376419951703e-02,2.834303091494877469e-03,-2.747792292447818133e-07,-1.617464883989425378e-04,8.924303090388622010e-05
-2.429713596712330601e-02,9.738841253489248506e-03,-4.554194757495496053e-07,-3.548805027454235970e-04,1.491529633116081327e-04
-3.098327688582361641e-02,1.999395526110935017e-02,-1.974934936479056876e-06,-9.511791483530446603e-05,1.226657990258245333e-03
-2.874715089764775036e-02,2.843505811160679242e-02,-2.413624714620172255e-06,-1.490225329819344765e-04,3.344110684260535350e-03
-2.102868096415240126e-02,2.691440611846036834e-02,-3.258501331578023197e-07,-1.288816155321186792e-07,3.356595003068236181e-03
-2.566902218877680636e-02,2.670566050841885822e-02,-3.861380737397964452e-07,-1.213781972715806964e-08,1.759549858733230367e-03
-2.728137564681619096e-02,2.837292653624549216e-02,-5.503115907824959780e-07,-2.619101512711879470e-09,1.238039341028361606e-03
-1.129422856074048347e-02,2.435288074620082371e-02,-1.828495845202727619e-08,6.719563682449441606e-09,4.231495693957444508e-03
-1.382516010628432809e-02,2.093667758868136483e-02,-1.352648247075573728e-08,7.340083621923906864e-09,1.377283996607751165e-03
-1.722811422470590936e-02,2.433716118156868669e-02,-1.677357218848204976e-07,3.959316271859259801e-08,4.212121470583858433e-03
-1.516588827315660734e-02,2.723539850696396133e-02,-8.226848215105831461e-08,4.704187166399930552e-08,1.696738606352442367e-03
-1.716292588354860135e-02,3.768726737492363033e-02,-1.697787390285282357e-07,1.618034718567959790e-07,4.560190370852364107e-04
-1.729315667943944618e-02,2.988316878141383109e-02,-1.069207219290609964e-08,3.458652515144701426e-06,3.641678367255997274e-06
-1.858079311036022613e-02,2.717061701867411541e-02,-1.305614819479960698e-08,1.242527235808218863e-05,2.664140211720340750e-07
-1.945986642999159022e-02,2.521090850608141351e-02,-5.077959050182394376e-09,5.413759615196890232e-05,1.494866972094906037e-07
-1.435033720522622958e-02,2.552199037848695840e-02,1.067793783358330928e-09,6.573389160674306933e-05,3.382510164757780700e-08
-1.524839888854517302e-02,2.336033661865288824e-02,9.268909460295715488e-09,4.212725491067662427e-05,3.147064715682103577e-09
-1.703652658769115244e-02,2.978336384276685997e-02,4.234080632547423917e-09,1.165345573561705794e-06,2.767258453505708625e-09
