-1.414556499446658090e-06,3.677943705110724507e-03,-5.123133893711529080e-08,-4.175880079335904903e-03,-1.088297529296248199e-02
-1.890324662802853376e-07,5.070895107932651275e-03,-2.908622116130984918e-06,-1.510396820144738151e-03,-1.251187394184288641e-02
-5.772733535263757942e-08,4.210380268952906174e-04,-3.670132008327836989e-07,-1.347911880381325814e-04,-1.571678699652149722e-02
-1.361383773273768996e-07,1.327291135002539775e-04,-7.059501785195415306e-07,-3.968669410849841967e-05,-2.502958225307000059e-02
-2.373267186772568671e-07,4.616049877817591862e-05,-1.180376581134461634e-05,-4.881585605747412054e-05,-2.743766400741364311e-02
-3.912380792673859025e-08,4.090144017295416386e-05,-2.375290283131504781e-06,-1.756959912475915676e-04,-2.170386917715144345e-02
-1.568203669986835042e-08,4.108075795305052215e-05,-1.057244291217735050e-05,-1.965721411105802313e-03,-2.973577946519788059e-02
-1.397196086838829043e-08,1.482652341612957960e-05,-1.098351644795168608e-04,-4.024139061790337965e-03,-3.928735167450569943e-02
-6.317482084031689624e-09,2.983841385101389473e-05,-3.515533097447469954e-05,-1.039929935194038079e-03,-3.396559617442823642e-02
5.823439933456863262e-10,9.508651162419768299e-04,-2.214014920951890095e-03,-1.081205766022000185e-02,-3.699938658206956138e-02
1.183474171843842014e-08,4.650391380861142350e-03,-1.483436498483905932e-04,-1.045134767843400661e-02,-2.782339581860943101e-02
1.326170659521844675e-08,1.657927143799626732e-02,-4.209401988837375465e-03,-1.164688938353852787e-02,-3.254521668440317483e-02
4.142189487787067515e-08,2.196188352382576203e-02,-9.283186748288768317e-03,-9.362635243658981241e-03,-2.790152520468571970e-02
1.106519314399586401e-06,2.508416839953772626e-02,-1.228280288655810362e-02,-1.309729282841965228e-02,-2.391333251175563682e-02
5.263692976011672996e-06,2.637836977025739479e-02,-8.752053341227816058e-03,-1.293576068703766388e-02,-1.949785581175551147e-02
2.398673531920714870e-08,3.195085770093642613e-02,-4.991377203330383747e-03,-6.575207987381603142e-03,-2.635131615035686201e-02
8.232701390934276620e-09,2.997250754824495531e-02,-5.328049364010956426e-03,-7.706537560236151156e-03,-2.615957446265216105e-02
1.198880848108146869e-08,3.484757259192779871e-02,-2.162160842086211295e-06,-1.354939410878812627e-03,-2.153072910878492049e-02
1.560652882486167505e-08,3.652030593236726963e-02,-2.775762657322984805e-06,-3.199994061342384573e-03,-2.370802999741955866e-02
1.981823653310851732e-06,4.637709477763988369e-02,-5.481670844308962124e-06,-6.115864470857077656e-03,-2.372346445979041374e-02
2.517517313241915840e-07,4.264839403298418402e-02,-4.427808870137105384e-06,-6.532239099551293872e-03,-2.941708103084136883e-02
5.471545110343581755e-07,4.845821920165618857e-02,-1.341187562053117676e-04,-9.904452738038601808e-03,-2.709234249975087452e-02
2.207414348049622341e-08,5.738381960174974983e-02,-2.785375965758891460e-04,-3.955091850815935055e-03,-3.036549948278226274e-02
2.217892279373144614e-07,6.116681858295942853e-02,-1.123753341450992792e-04,-5.564034877865704429e-03,-3.136741985043178110e-02
4.510802845936833391e-07,5.834453959045966809e-02,-7.485123269397370074e-05,-6.625662104277138184e-03,-3.159673855670750570e-02
1.436371157417611759e-07,6.159014042596028249e-02,-3.217463929498027859e-03,-6.286178783502772115e-03,-3.711117490731296459e-02
1.034310441529717743e-06,6.225594699526645209e-02,-8.103459454397237641e-04,-6.160505316659387227e-03,-3.193865651205173711e-02
1.530161818005820349e-05,6.382322995585769376e-02,-6.919404679592911552e-04,-1.078202479116845310e-02,-3.284683873317369857e-02
1.469092624930691398e-06,6.434671114556515803e-02,-1.106122373579986745e-02,-1.711189976155219269e-02,-3.576553194196412794e-02
1.220709769491750258e-05,6.045528301399265281e-02,-8.139762285095089936e-03,-1.001656377013554651e-02,-3.326673173691217789e-02
1.180473713542986875e-04,5.845605875580126010e-02,-1.131298354383115413e-02,-1.464422348886485793e-02,-3.848261390883407629e-02
2.517516732361353335e-04,6.504982720039559352e-02,-1.360159977300471126e-02,-2.147196152894784507e-02,-3.541513150168826285e-02
6.355430557764738225e-05,5.886476306164532130e-02,-4.855583741231243172e-03,-1.175132786611909896e-02,-3.407713585430140191e-02
3.362052834769021733e-05,6.712399459311331473e-02,-8.507001219999987124e-03,-3.198507893554909925e-03,-2.927238191541138568e-02
8.640166818142424102e-05,7.271125457550076110e-02,-5.663741287753955127e-03,-4.074912810101292342e-04,-2.031935771826781645e-02
3.197652918537217850e-05,7.433610439438607942e-02,-1.200253294554091792e-02,-1.347212081949376297e-03,-3.311770151984884392e-02
1.573901558179851848e-07,7.473777435361422805e-02,-1.580750650685663894e-02,-4.096147738911448915e-04,-3.976301515007111403e-02
6.887887551763109087e-05,8.606364247331282913e-02,-1.622260866339677102e-02,-6.166596580764432522e-04,-3.643994957842010274e-02
6.591083251371483709e-05,7.789146454169768030e-02,-1.220378364961566438e-02,-3.862642410112891462e-03,-3.856194421811836442e-02
7.884709531858227706e-05,7.698072314154906504e-02,-5.892422680433558914e-03,-3.906519830033354339e-03,-3.953200751280187136e-02
5.470736683746343096e-05,7.929907731177830710e-02,-7.659722263486792043e-07,-6.118236084971394491e-03,-2.920800230330753561e-02
1.399124459105033033e-05,7.666755604444985828e-02,2.158128339624896836e-07,-4.569476165119418405e-03,-2.575915263725740006e-02
4.591261719474817334e-05,5.935509338788798328e-02,6.655360270129405962e-04,-2.267515759754263477e-02,-1.555660218501307007e-02
6.695916043835229391e-03,6.435195692919386257e-02,3.113056588800770796e-02,-4.434750699282888342e-02,-8.991565398006168795e-04
1.605269373711677716e-02,6.415025163800812391e-02,6.923082685489802268e-02,-5.958927931903622299e-02,-1.530636715629517274e-05
2.236108577999052632e-02,6.318787937880677996e-02,1.102589430134914145e-01,-5.410681306812454433e-02,-1.816794355624949776e-07
3.570272942101074959e-02,5.320672421527498919e-02,1.384641821207449330e-01,-4.502744193089552177e-02,7.144850055447683136e-07
4.935491612711365161e-02,4.132482269670157554e-02,1.536559135914492003e-01,-3.761098494800541731e-02,2.348055211549297165e-04
6.158122908002446050e-02,2.255893527330801382e-02,1.677419071907760850e-01,-3.017353209686149743e-02,1.208616776651304063e-03
6.512453752111413419e-02,1.145637435040790762e-02,1.791461097718043127e-01,-8.983882503912840600e-03,6.243937571932562693e-03
4.560347722149413197e-02,4.137991814853475560e-07,1.776573281508332103e-01,1.421440295528484155e-05,1.072187363891498151e-03
7.420331935307439633e-03,5.659878969545229690e-08,1.752212848395145461e-01,2.286633903046448105e-03,7.490966625884964243e-05
4.370603656677649409e-05,1.248126620590674576e-07,1.775113642705636319e-01,4.225378430531112617e-02,8.813996719696678115e-05
1.617743168347299903e-07,2.333612850358790674e-08,1.658641920541178705e-01,7.929309095617687042e-02,1.089126938764954286e-08
-1.256586842930490673e-03,5.219552799231977170e-09,1.369397712847731652e-01,1.288143866741822408e-01,-8.255931693387555582e-08
-2.404658207778237120e-02,9.627212743166315134e-09,8.691381544870063758e-02,1.731137741055690515e-01,-4.676244903187949995e-06
-2.350472021172875584e-02,5.675353286087293247e-10,3.749189715299754144e-02,2.064515159070239858e-01,-9.051984399416861923e-06
-6.195991277268209833e-05,6.180957190082994979e-10,-1.379322490530332457e-05,2.341468582972615897e-01,-2.199711155047545021e-06
1.013008272222101674e-05,1.590386541186241331e-09,-2.583501000641861764e-03,2.232709672489434360e-01,5.098425614355763075e-07
8.745919652173785031e-03,1.581739842774282039e-08,-3.172713152430652744e-02,1.971227385702087886e-01,3.832041987011711170e-02
5.315581158745536633e-02,-8.193304464133837842e-08,-5.763272822204804080e-02,1.709806492592935434e-01,6.588680581875307196e-02
8.777027189211333846e-02,1.334774266109208967e-08,-8.084898993914764465e-02,1.273415179389827956e-01,8.564606955113833464e-02
1.027879588499776981e-01,4.375639887949365789e-08,-9.043447885086848548e-02,8.436295392029929952e-02,1.011977845106671603e-01
1.081879486976033006e-01,2.093462159316342536e-08,-8.689373463628437266e-02,4.290808099729558067e-02,1.058829764025622788e-01
1.041600726441767183e-01,4.972282315600351839e-08,-6.805559880437049569e-02,6.134378426980732248e-03,1.169503045966346078e-01
1.037196640907481898e-01,1.538083630194849968e-08,-4.218016008829076485e-02,2.596983876030108034e-07,1.385286716002246399e-01
9.144660589864944678e-02,3.429934913465443933e-09,-1.520836690321681478e-02,-2.695203996649056435e-04,1.509620893237377803e-01
7.771158497661341535e-02,9.017604977938667794e-09,-2.740865951967133476e-03,-1.765924955563116794e-02,1.499155851171247722e-01
5.048928403745478466e-02,6.440565614636365436e-09,-4.590337747282801392e-04,-4.190376612782196336e-02,1.480137419158030210e-01
1.926092689583122283e-02,4.863146714115227403e-09,-2.137882964236017020e-05,-5.505339785570215888e-02,1.442685163244493141e-01
1.455549393049854591e-04,1.327011494939943888e-08,-1.370409547226973965e-05,-6.235783420957227707e-02,1.301593229296154897e-01
4.579931415391005769e-07,1.716648324716582638e-06,-1.348122372236769368e-05,-6.516449228651838288e-02,1.176098718018005057e-01
-8.518952142054286511e-03,7.286867184771680418e-05,-2.067720053089003174e-06,-5.424240360699283947e-02,1.162785678477677165e-01
-3.711765376856324822e-02,3.263860406889741890e-03,-3.603873810981708215e-06,-4.566179211704043950e-02,1.005790998422131932e-01
-6.482040165216856886e-02,4.147359200825574688e-03,-1.132922257216970816e-06,-3.544218613920067928e-02,8.777519987734905271e-02
-9.012360872332290940e-02,1.419989329172544404e-02,-1.628395556556793054e-07,-1.398425912775368152e-02,8.410314641254640344e-02
-1.140944516448137991e-01,1.641526662280740761e-02,-7.259434169219420044e-08,-1.649310872520703592e-05,7.502182038402614717e-02
-1.368905084687161156e-01,2.312755393286782674e-02,-1.237874239044170814e-08,2.608425888600307368e-09,7.109160307386383493e-02
-1.550189638505515277e-01,1.920027202208072353e-02,-8.753348519318716464e-10,3.848268798131129768e-07,6.847931211383670447e-02
-1.688876552102935857e-01,2.409644156632629805e-02,-5.129622979069853137e-09,6.611227130946875641e-04,6.495147796245465122e-02
-1.752340822028209955e-01,2.197272823686225243e-02,-9.480001762117118239e-09,1.929959027100197275e-02,5.533624077688809734e-02
-1.719058090217209789e-01,1.265419462810436768e-02,-6.712489014734901097e-07,2.186222081755480676e-02,4.544409626179245210e-02
-1.590801205461762347e-01,3.336273313560979975e-03,-2.227081828551657111e-05,1.919689961606530632e-02,3.271944397208765426e-02
-1.467195174605371022e-01,7.890907765954420288e-04,-1.445944387589512682e-04,1.088369509420829967e-02,1.195469751488801094e-02
-1.372304914451502877e-01,6.115134239840105230e-05,-3.081822450495449658e-03,1.239551519732968879e-03,1.270842104298431328e-03
-1.238494798779996436e-01,6.249123222606436393e-06,-1.272511959346051512e-02,5.898716494238883477e-07,1.043929824387100278e-04
-1.094693125326164918e-01,6.037084051819644702e-08,-1.385768961620848470e-02,3.323350492926714662e-08,1.181873299520912689e-05
-9.233932585753135136e-02,1.984581170068899416e-09,-1.567430910757158444e-02,9.206368222080730908e-09,3.644950013136146232e-07
-9.582653742914162831e-02,-4.830494794578254409e-08,-1.451301851665358182e-02,3.381579424327438100e-09,3.376357140085582371e-08
-8.455466030427712110e-02,-1.658893265743195330e-02,-8.296051998153766704e-03,-1.250458174627838207e-08,4.840151172232308722e-09
-7.177122726049069146e-02,-2.084619715143708543e-02,-6.747766406370986868e-03,-1.610618848292305904e-08,-6.002854349895220647e-08
-6.849030148591916944e-02,-2.558516117092505399e-02,-5.758383838456234422e-07,-2.856805919403582641e-08,-1.609702001684496828e-07
-6.277636948013042006e-02,-3.116809050213269205e-02,-1.347245175065272892e-08,-1.105048033009189987e-07,-1.629545992977069746e-08
-5.484337768931975277e-02,-3.948534341979409445e-02,-8.458877128403622366e-09,-1.246530249679658330e-04,-8.472806064092503430e-09
-3.800960379028044123e-02,-4.431420094847431101e-02,-1.758495780955621388e-09,-4.042507950454811080e-03,5.328328737719674515e-10
-3.128871221890252435e-02,-4.348961825118274893e-02,-9.883816747299974631e-10,-7.943054752041215499e-03,1.051579417156092694e-08
-2.212963823353399084e-02,-5.059534153920498822e-02,1.213377805017109492e-08,-1.093059847741493888e-02,6.747649113340967031e-08
-2.033311954688838893e-02,-5.728484056826973342e-02,2.264765812545445899e-08,-1.166618803215380140e-02,2.065526397927149916e-08
-4.306552292041155965e-03,-5.872596578813481238e-02,2.095655407499980813e-08,-1.456709582465940886e-02,6.171578311278324941e-09
-4.821826716332487986e-04,-5.365825618064031660e-02,3.888073948340532810e-09,-1.558546314611183176e-02,-7.271773454832010568e-09
-8.109701719843741665e-05,-6.730303359584623168e-02,-2.276455248582001035e-09,-1.765848778971724348e-02,-1.738758298295340504e-08
-2.277487399110037556e-06,-6.859151126040879953e-02,-6.720153539876086951e-09,-1.195593783249842591e-02,-2.555397350151591258e-08
-2.225248706709203126e-07,-6.468515784964404269e-02,-5.186858276174494027e-08,-1.371037420687111485e-02,-9.262753139279034792e-03
-1.357522113451314339e-08,-5.769514768606115451e-02,-7.378329288034283327e-06,-1.140803444291521238e-02,-1.457013390280329293e-02
-9.558492514516558302e-09,-6.429245958770295200e-02,-4.383545489063243492e-06,-9.909464114490460288e-03,-1.285914266569030372e-02
6.770419101396959159e-10,-6.429099266874704899e-02,-9.166173552478059673e-06,-2.142309647678818096e-02,-1.630894708957700973e-02
9.939765877087710625e-09,-6.792913594812856337e-02,-6.612937155963234887e-06,-1.757700191561901992e-02,-1.449464165562759990e-02
1.077552110774362935e-08,-6.531240987126053776e-02,-1.992552332011166092e-07,-1.544008259828416260e-02,-1.957789941812115853e-02
1.505741545025676151e-08,-6.473981592409548680e-02,-2.411874187695606225e-07,-2.045867424734771831e-02,-1.580286029695257208e-02
1.305819239513541962e-07,-6.527880426362880906e-02,-1.976500935234593796e-08,-1.590828908537062630e-02,-1.289373736086575975e-02
2.051615511523162752e-02,-6.914425869084458998e-02,-1.357594973534166964e-08,-1.753671430738126466e-02,-1.396294015111718134e-02
2.308685686643118309e-02,-6.291504302557091033e-02,-1.265010355636660391e-08,-1.587079918234855086e-02,-2.313832471600108659e-02
5.088012221852746820e-08,-7.142031700310466635e-02,-6.729405509253069436e-09,-1.104172572040955196e-02,-2.584347870756779908e-02
1.601541436877421102e-07,-6.962881703844134296e-02,-5.506329209074027910e-09,-1.205865979822545557e-02,-1.905670697025310320e-02
9.042453753206983920e-08,-6.423026081769596385e-02,-8.163693921258478427e-09,-2.588961881825318796e-03,-2.285248163693386070e-02
6.342626707780811968e-08,-5.947907887619777179e-02,-7.950376962184001771e-09,-6.531914153872761530e-03,-2.134200733411446838e-02
1.282548935148551672e-02,-6.047240032712909719e-02,-1.325453595487296934e-08,-1.740308441362155983e-02,-1.981402162272318662e-02
1.768650026238363648e-02,-6.255226927816988358e-02,-1.506824977574134685e-08,-2.224319544666590251e-02,-1.761411036904703478e-02
1.702300155606992910e-02,-6.308159378360694847e-02,-2.150761784755965626e-08,-1.927983331067797609e-02,-1.930790313643613101e-02
2.451764747818539411e-02,-5.844415045859945729e-02,-9.314413949426825370e-08,-2.687072473012833834e-02,-2.243692038221622304e-02
2.186977966315943947e-02,-6.124656921580146768e-02,-7.998858127342126052e-08,-1.774001302187787343e-02,-2.402440010961174460e-02
2.173684612111733208e-02,-5.680770587393267623e-02,-8.777146927246922846e-05,-1.773561129665734634e-02,-2.766664509721286636e-02
1.880403278519916788e-02,-5.539272943200020810e-02,-7.806125879242700911e-03,-7.483399082831282585e-03,-2.753316021293915686e-02
2.424327889120507507e-02,-4.661328877101991730e-02,-1.630677193276681286e-02,-4.168865509658475910e-03,-3.138744073561116482e-02
1.987391485777786557e-02,-4.609494291424353490e-02,-1.049346451278267492e-02,-4.257506482217653489e-05,-2.536099477520556422e-02
2.769451607824068018e-02,-5.282940455633666071e-02,-9.553575821238094803e-03,-2.771714146857421181e-04,-3.032602136349629371e-02
3.006552728111610423e-02,-4.830425829508477875e-02,-1.086549917932928908e-03,-1.812112120331208417e-05,-2.276922436042090603e-02
2.905227841435093633e-02,-3.779280843322663924e-02,-6.402873832959116510e-03,-3.130771272520656805e-05,-2.513371490546618611e-02
2.304253682177066775e-02,-4.952327563654596032e-02,-4.445304692466459789e-03,-1.086716229623187816e-05,-2.011088049140183354e-02
2.551451613840079527e-02,-4.209990861414564939e-02,-3.479192067269878345e-03,-9.280721010382238562e-06,-1.598952249016720450e-02
2.783484644983788558e-02,-4.790612776800768496e-02,-1.589267514889942425e-03,-2.706450783954355102e-04,-1.005330656101025358e-02
2.819427120525185015e-02,-4.210482935805642118e-02,-9.533394598339066384e-03,-8.512775589668192299e-04,-2.153091623326390883e-02
8.459064752897205164e-03,-4.456603019101683383e-02,-1.064168258153500024e-02,-7.778169537053602036e-05,-2.086920513655620910e-02
8.775588406371759992e-03,-3.924678001569403135e-02,-1.809348221635633663e-02,-5.707116485128630443e-05,-2.304165585853585121e-02
1.950706123193527222e-02,-3.463179191148142710e-02,-1.590475027585829329e-02,-6.635827109014240356e-05,-2.282615711748228055e-02
2.344600566154782587e-02,-2.835611762080542109e-02,-1.458327897547687102e-02,-3.851217884499928907e-04,-2.633522157851162296e-02
2.352932015788290407e-02,-2.762671952983861146e-02,-1.329605242007903844e-02,-1.642774511668592224e-05,-1.929990733987115015e-02
3.006932836329164263e-02,-2.406759415298657251e-02,-6.630407191447943056e-03,-3.682757442707617375e-07,-8.339991423705483617e-03
3.039644961607446128e-02,-1.254209265169667527e-02,-7.223087654497741157e-03,-2.019025215121454520e-06,-1.811045053369622366e-03
3.603843954820051126e-02,-9.255801799017172871e-03,-1.453525429860878272e-02,-6.249625079456288472e-05,-9.174466339905016504e-03
3.426646293821240113e-02,-7.433523454743088711e-03,-2.117633813558628814e-02,-1.124631561000893269e-04,-1.623631764018390947e-02
3.272959975094485302e-02,-1.215125590401369693e-02,-2.210431943790534121e-02,-1.419180675091633720e-04,-1.369357334174627940e-02
3.731672428305642109e-02,-2.369903017960924008e-03,-2.500440187221185037e-02,-8.676261448158900506e-05,-7.711150933576193731e-03
3.895036292541600303e-02,-1.084719176305870125e-03,-2.683299218612807818e-02,-7.812099647014809922e-05,-1.403870510143745073e-02
3.097140020852016951e-02,-8.092491251450820502e-03,-1.756826841238969678e-02,-5.467174498641347985e-05,-7.750298217316905873e-03
3.609408124468940771e-02,-5.488509845247151490e-04,-2.286969183618104903e-02,-7.128746924174423987e-05,-2.885442577255595969e-03
4.346431274801219186e-02,-4.297383783759895957e-04,-2.546046797136558570e-02,-5.388299161893507321e-05,-5.108443501552701119e-04
4.357739753925252840e-02,-1.078256859558884232e-04,-2.339031619307573376e-02,-6.862705165347024352e-05,-3.589191107549902183e-04
3.738335694921578189e-02,-1.134689031369040535e-04,-2.289421815050670869e-02,-1.502138465460271593e-04,-9.803929640232598346e-05
3.225480058674133621e-02,-1.435552947956470069e-05,-2.781661611510619775e-02,-5.982991076359853692e-05,-1.269435557030261779e-04
2.728287810242155387e-02,-3.173248489686248379e-05,-2.178291815681918792e-02,-2.895291267289068017e-06,-6.408477769895339940e-06
1.311911483791121727e-02,-4.535442154048004790e-06,-1.592047621308220751e-02,-2.345853972589645642e-08,-1.138623929261620477e-05
7.045954781918451967e-03,-5.736635281903355375e-06,-1.379711592292661403e-02,-1.357269768024637087e-08,-1.005392566404871897e-04
1.214100324418650352e-02,-1.389890561233775148e-07,-9.804560853367935702e-03,-1.366189743553355878e-08,-6.249428192392291904e-06
1.277524799388492227e-02,-2.694859487307823920e-08,-1.352814452690944726e-02,-4.794460241452496316e-09,-2.546286630807107363e-05
7.379190562333670829e-03,9.117545594087365981e-10,-1.439788705657187376e-02,8.646047156687185594e-09,-1.506286094771479853e-04
5.999915635173528120e-03,-2.012572201294705253e-10,-1.247800378856276510e-02,1.659546738526997543e-08,-9.282270899182846932e-06
5.514566251716383240e-03,4.469613471667486292e-09,-1.832426422826756440e-02,4.488305310119939304e-10,-1.555119127026875483e-06
6.014021262663912792e-03,4.069826511737969499e-09,-1.188595568129552707e-02,6.116591257152459380e-09,-8.653140603388384521e-08
1.157972847404354147e-02,8.761671514760603411e-08,-2.097283707765542488e-02,-5.901914405314681446e-09,-3.459759732859989096e-08
1.043052889370604808e-02,5.935157658908876812e-07,-1.762681269972357634e-02,-2.304971271346090268e-09,-2.786255854328457736e-08
7.829868347549532800e-03,5.974478578166737738e-06,-1.276107578035788614e-02,-5.125329187662624609e-10,-1.634916197464078155e-08
1.808913884638432140e-02,5.222494377521718148e-03,-2.440462585333537382e-02,-7.040484726084434039e-08,-2.517157658228077819e-08
1.108053379244124115e-02,1.136640213089247335e-02,-1.999624066715168305e-02,-5.207493877107683756e-08,-2.329127921332479398e-08
5.803580193419957158e-03,5.904724122864238832e-03,-1.967127140512474337e-02,-4.606597827254863666e-08,-2.208973564362109468e-08
5.227471092633021073e-03,6.640861128653962123e-03,-1.790576262394299317e-02,-4.967834990929006869e-07,-2.872730504509344110e-08
7.209356208143170332e-03,3.813136070119127041e-03,-1.234029403525518931e-02,-1.111264802447560207e-06,-6.234201120484207402e-09
1.765156757052583313e-03,1.084590168656239181e-02,-1.064062839051221204e-02,-3.882427615178646655e-07,-6.468247999989925825e-09
2.530534918687708495e-05,1.386029211697204465e-02,-6.109499783840337261e-03,-1.995749859850961385e-08,-9.095580120869757929e-11
2.924850271885967270e-05,2.438871894598875975e-02,-7.844443808935307183e-03,-2.458843973780049409e-09,-1.409735169158727047e-09
1.035939825323526911e-05,2.952910632982632191e-02,-5.984182767663410486e-03,1.108419408771390541e-09,7.077267756233065248e-09
9.945623473859182134e-08,2.936235185570791259e-02,-8.071896900757101131e-03,-6.391299752352795691e-10,6.561606364703754660e-09
1.473383796118277902e-08,3.409633831204561538e-02,-8.700971744972285302e-03,2.042777349427640476e-09,4.212428991849458983e-07
2.677909623742084557e-08,4.255148124005894705e-02,-7.343782773833117464e-03,-1.119521938360352907e-09,8.333691627418906232e-07
3.001631216442741457e-08,4.691500684371275459e-02,-6.234967285129704682e-03,2.936529325833072810e-09,2.624854642233804221e-09
7.118662087906743264e-09,5.315248087596629450e-02,-1.094420382956702055e-02,-4.239204616021442723e-09,4.903567891313258580e-09
5.435389763145451421e-10,5.165083229729186542e-02,-1.654077686339325282e-02,-5.578778377688755483e-09,5.734465537048564085e-09
7.827597163267079182e-11,5.401347720448644585e-02,-2.308649995470913110e-02,-1.572359384710631322e-09,-2.271749642571889179e-09
6.872056159360882005e-09,4.595541960329458525e-02,-1.647734673271528116e-02,-1.258574489760431694e-08,1.921989687067049947e-09
5.771475477423650583e-10,5.081810129674785292e-02,-1.944993646842684692e-02,-3.519390702453927653e-09,-5.510247966785165368e-11
-2.391127209127254695e-08,6.094816748193989699e-05,-5.399075688737172362e-06,-1.828685159750905733e-04,-2.836191303320261870e-04
-2.270258680381771862e-08,2.293640357453739407e-05,-4.931106027668199777e-05,-2.350433818037790147e-03,-5.144508350127379240e-03
-3.937951110083931758e-09,5.604302536786948511e-08,-1.106157768474292672e-05,-1.070222642780891721e-02,-9.032335630158296047e-03
-3.245057826687717376e-09,1.141619786784492898e-06,-2.819673124781548763e-08,-1.758080618180659846e-02,-2.863626304395381597e-04
-4.208770265802685289e-09,3.400944825917471496e-04,-9.957721373129863052e-04,-1.289306037095231186e-02,-1.161076550311341410e-02
-4.450249018829871743e-09,2.314588602258707117e-03,-2.473083421529213063e-03,-3.773197979481741535e-04,-1.647602224718710054e-02
-6.940780477164882044e-09,1.372146844165809464e-05,-4.396281549664719730e-05,-1.068670542965138371e-04,-1.353311871493677147e-02
-8.114432058295948530e-09,4.770861000749706225e-03,-4.717437796563161458e-03,-1.901991679432158766e-03,-2.030882173941345181e-02
-1.078483429295118909e-08,1.551516458281175168e-02,-1.455062513005702177e-02,-1.180276092987859180e-04,-2.934922384679629001e-02
-1.269027292546876114e-08,2.471736576917271666e-02,-2.037669287795707690e-02,-1.159988594324840245e-04,-3.525740599845358925e-02
-1.719718131437456101e-08,2.075501739015359406e-02,-1.497117655503954307e-02,-1.928878815369858626e-04,-3.554362656816692501e-02
-4.205764839752294369e-09,2.614586188024353719e-02,-1.918895524798621549e-02,-6.289340813183380043e-03,-3.590435896576191915e-02
-5.452823096277186748e-09,4.404488649667587241e-02,-1.667751787446879880e-02,-1.778486470788099389e-03,-3.484955130956720465e-02
1.257425434356591935e-09,5.067450490461829216e-02,-2.376048806532492924e-02,-3.874717768019362695e-03,-3.747435583157759931e-02
2.578377621591196978e-09,4.342824941011556861e-02,-2.450781714633104222e-02,-1.111059769595107612e-02,-4.981625356411606420e-02
7.324304167197397721e-09,4.847676733638755370e-02,-1.977092991845591854e-02,-1.366028944705755151e-02,-4.372173125381390718e-02
-6.699870092270705631e-09,5.536171130223180303e-02,-2.165046468379507039e-02,-8.835072359482588900e-03,-4.188575004308319610e-02
5.399696704254905876e-09,5.837173402024765922e-02,-1.745048361749041918e-02,-7.323188566641175394e-03,-4.060195064956374084e-02
1.209041989259682045e-08,4.964995767130098853e-02,-2.299922699602038531e-02,-9.580672665822324505e-03,-3.813181725793138993e-02
2.383664667887634677e-08,5.239559953217031579e-02,-1.822823759534557275e-02,-1.948758215030384905e-02,-3.035900474151254080e-02
2.057879095021417083e-08,4.836352597421604560e-02,-1.586813556452915108e-02,-1.059989465941576885e-02,-3.226518009766056461e-02
3.261449843889650357e-05,5.131476571814157228e-02,-1.883035381061178362e-02,-6.600980992579631550e-03,-2.521093475044951585e-02
1.574694850067330238e-04,4.697326761553782815e-02,-1.309465449602032448e-02,-1.039411190150296878e-02,-2.269603404498167845e-02
8.447229576302205177e-05,5.084468264572528096e-02,-1.859573350357749538e-02,-1.537819954711546963e-02,-1.656430440596487821e-02
5.207259397252337983e-05,6.041220080446151747e-02,-2.206880539118370038e-02,-9.994748481886875369e-03,-2.273271178966036060e-02
2.941939816132243461e-04,6.074645756609206582e-02,-1.462894073392268131e-02,-3.146483331276514407e-04,-1.527136722976957066e-02
8.258124646764726344e-05,5.824019857271742207e-02,-1.907731694717887047e-02,-8.819749354373591877e-04,-2.251973615347307653e-02
4.252558593427916756e-05,6.016682729817784264e-02,-1.753869861620306614e-02,-9.507304834713854735e-03,-2.288611332132012635e-02
2.568003380577827028e-05,6.796793896355737830e-02,-1.990046145077281961e-02,-2.157957177363465013e-04,-2.991428952751859840e-02
5.082567766598048048e-06,7.268374589697358668e-02,-2.363838703590622967e-02,-1.654511931128038391e-03,-3.725458612436199218e-02
2.240532590547561879e-08,6.404752938249637373e-02,-2.134367916092426778e-02,-1.764058112585458848e-04,-3.772230126907605285e-02
6.295209580291510451e-09,6.222527363067934664e-02,-1.701974969204795435e-02,-1.714428743002611793e-04,-3.803243728838797549e-02
-8.701947453817858462e-09,7.205046848809096294e-02,-2.227564999358739445e-02,-8.867830971851925456e-07,-3.727890463909044189e-02
2.113049031065286908e-09,7.761262793652096148e-02,-2.123749134772657393e-02,-1.006132211239364414e-07,-3.829440195955903514e-02
6.014930436105780838e-09,8.049387731392185219e-02,-1.784162651524761126e-02,-6.954440018027722403e-08,-3.264415943124892444e-02
3.403408084794645698e-08,8.613388586103637445e-02,-9.874586826603495154e-03,-1.973522260640239698e-07,-2.676261263564902113e-02
9.864233499372644555e-09,9.759913528257317672e-02,-2.541278286971772327e-02,-2.169174075095192792e-07,-3.572904306722202161e-02
2.064102852580693479e-07,1.059789614985687939e-01,-2.826989701571399824e-02,-6.805053857642039626e-08,-3.233513026786257599e-02
6.040025280702770354e-04,9.701170714908857740e-02,-1.808713147291616738e-02,-5.727727998771941131e-05,-2.636177436117440737e-02
5.701242765890625038e-04,9.200436798331285138e-02,-1.780090378967707360e-02,-1.486624628546558743e-03,-1.906053720274982974e-02
1.003035651500814446e-03,9.328546015626407173e-02,-1.249424344592808996e-02,-4.082885562987719451e-03,-1.429834157321715517e-02
1.030893610563814178e-02,8.998017931244915724e-02,-2.104533054077975074e-06,-2.347462465899757388e-03,-3.166823000712327149e-04
1.499176537880371127e-02,8.131521782205619608e-02,1.394834072016971178e-05,-3.381494185731789403e-03,-5.956583439036210261e-06
2.836307364825387672e-02,8.163428731186531118e-02,2.119193166506189163e-02,-3.257801215659561489e-02,-1.740827294039101565e-07
2.835407596354232521e-02,7.528754200960614817e-02,5.842663384636575391e-02,-3.546405948418866749e-02,-2.869949002666244167e-08
3.569549799142218705e-02,7.322060665054562489e-02,1.011353456473664952e-01,-2.450309118680685239e-02,8.400107886925624334e-05
3.345941185484026942e-02,5.287968394820381779e-02,1.339084525684777205e-01,-1.452104189993939920e-02,2.667475539662449591e-04
4.938000813356481500e-02,2.770082182086490430e-02,1.602918006491613478e-01,-1.173951624239331741e-02,1.656556935936658384e-02
5.547547814443422320e-02,1.396723205043940742e-02,1.742063484609426838e-01,-1.166510953168091992e-06,2.743982601569001922e-02
4.259960117416898562e-02,1.320401872411388429e-05,1.778589923194773548e-01,3.586784429369860179e-06,2.688626137600751836e-02
6.912140273294758996e-03,3.978900761863572630e-09,1.717050913065092943e-01,2.255018343663742989e-03,3.969645523298197254e-03
8.668726285176494965e-05,2.124831974459938536e-07,1.722416752599867651e-01,2.785943913322320650e-02,7.785580634181410139e-04
7.623836797048775051e-07,2.069424116388389024e-07,1.660687043068091173e-01,6.753876756282944926e-02,2.417918897836325530e-05
-1.886047792648962857e-08,7.051583986255174813e-08,1.458693315325100548e-01,8.949000009043767134e-02,-3.182663461822236244e-09
-2.446953807526875205e-02,3.021557140893045008e-08,1.181183033041730973e-01,1.248612971788851805e-01,-7.331214425220544263e-09
-3.608199241586845102e-02,3.485610457794476941e-06,8.431123460512143786e-02,1.560763313689108034e-01,-1.413778049693181021e-08
-3.561563792968494568e-02,2.001766865209429476e-04,2.767906036466820721e-02,1.818887947981743802e-01,-6.959970835589453871e-07
-1.611391638469017104e-02,9.188083026495203268e-03,-9.799701698117062576e-08,1.970069990064071408e-01,-1.698736297584182468e-07
-1.697085217012620287e-08,5.729934374000369632e-03,-3.313719577051517373e-04,1.915877007980532065e-01,6.404430990108693836e-03
1.133933026614440673e-05,5.963031428313490291e-03,-5.469186941405948001e-03,1.769858760268831488e-01,3.427987591225826330e-02
4.258199825525738752e-03,2.021602170516069441e-02,-3.053795209971774810e-02,1.616748947846426976e-01,6.217528091399889684e-02
3.410388450389119364e-02,9.903168134766706862e-03,-4.665846919702156675e-02,1.409186154659827217e-01,6.897395574723728939e-02
6.142595531185385260e-02,5.817352481955110179e-04,-4.716890687801694043e-02,1.048835160660015475e-01,8.304073637749043169e-02
7.801915311856082169e-02,4.524043271627904846e-05,-3.474696954795697401e-02,5.531714049869791705e-02,1.109785559304901914e-01
7.242487106225077576e-02,3.847498141695444987e-05,-1.802962069976249068e-02,1.323899267801304479e-02,1.304565541258323469e-01
7.579439510109729772e-02,8.490897199721796579e-07,-1.065253905465511543e-03,2.017216574800884007e-05,1.502180713556992564e-01
6.902035824699721822e-02,5.751533146418875457e-09,-8.775889122189259607e-06,-1.222812580743106522e-06,1.576219481478098317e-01
6.446342362528159620e-02,-9.577722841171813963e-09,3.486446527036591495e-06,-1.509575284566557277e-02,1.655836367735586123e-01
4.353904716598246127e-02,-1.035692107500455386e-05,1.318752931895408875e-02,-3.661431330391561739e-02,1.646705570171549116e-01
2.194285940449392652e-02,-1.408574847537063902e-05,2.673245200229486598e-02,-5.087859062473507749e-02,1.631880855364926386e-01
3.767372836942020089e-04,-3.303849789024137455e-04,3.500328649349522536e-02,-6.292895062870325351e-02,1.532282030291383379e-01
9.255776666222442946e-06,-7.001024722730845037e-08,4.278703656096039670e-02,-7.324385096346158752e-02,1.551163392018773957e-01
1.738234682111773023e-08,-3.189779350868952324e-09,3.998835044341524786e-02,-7.213436261328627641e-02,1.367715419509672459e-01
-2.645454952944802096e-02,-1.847511924588735474e-08,3.998440542619373372e-02,-6.581741720545077057e-02,1.241004555696056527e-01
-5.472018623509831980e-02,-1.558746500054994264e-07,3.888183487684170048e-02,-5.879415219596638431e-02,1.158884372804179358e-01
-8.030097325297039235e-02,-4.877500549331782038e-07,3.213541640705666613e-02,-4.741704121946561240e-02,1.016183041110806234e-01
-1.031773627965157508e-01,-3.272808179587759313e-08,1.546137517940657409e-02,-3.263828320174973208e-02,7.826423752964985214e-02
-1.162602741436696840e-01,-8.167124389521268945e-09,6.514805090957695617e-03,-2.085606771203455528e-02,6.993734608091664584e-02
-1.260362117126073989e-01,-3.402086713575730366e-08,1.326416983756279746e-03,-6.447102755858711252e-03,4.845917686626230458e-02
-1.250304622263487819e-01,-1.680994988533798398e-08,1.185454193198172694e-04,-4.615525942249938110e-04,5.059286668649108643e-02
-1.194373171324537297e-01,-2.358157652453205409e-08,1.717373158702555913e-06,-1.125033960342455014e-05,4.094721192735966547e-02
-1.096466375825588813e-01,-3.466999107730486348e-07,2.757588539270074132e-08,-1.349252239815968567e-08,3.302146154856637483e-02
-9.835611162751568826e-02,-4.023837637172741899e-02,5.438628784984746925e-10,-8.239100409486275117e-09,2.363238603503518484e-02
-8.417914664782193135e-02,-3.808940340203587765e-02,-4.540893170779387001e-07,-3.955031098720883674e-06,1.462223481705727905e-02
-9.046932993327957973e-02,-3.725152901745983069e-02,-1.084764628441552137e-02,-3.314570772580506256e-06,7.815547034617782544e-04
-7.890227524130144499e-02,-5.157952747762832579e-02,-1.798382989678402530e-02,-3.898394248045688060e-05,8.350524972857052632e-05
-6.295984356042721997e-02,-6.916911995217933651e-02,-1.991319437676054502e-02,-4.878502216512935918e-05,3.321517332646090374e-05
-5.309363424570328477e-02,-6.201357555076603828e-02,-2.502662546288637879e-02,-6.511830768185460257e-03,9.193550090297430069e-06
-5.181012757562786231e-02,-5.410452668620027022e-02,-3.516495140594996099e-02,-8.840079186235421868e-03,6.941001869480441553e-07
-4.570945508629702114e-02,-6.588174178905828460e-02,-2.684891977833969365e-02,-3.300409586336868189e-03,1.502769913804471082e-07
-4.387589240698039350e-02,-7.617626933714066739e-02,-2.169265812675457913e-02,-1.581306095332361134e-03,2.132797036156747942e-08
-4.824615065504257033e-02,-7.125244609158011555e-02,-1.902906483064077323e-02,-1.059490389702741862e-02,4.308396463860086884e-08
-5.433719762133320391e-02,-6.995837603261634285e-02,-1.105000883246063346e-02,-2.516425376330860657e-03,2.484143591322174313e-09
-4.959276125308748062e-02,-7.254459430853348045e-02,-1.098196999806496169e-02,-1.162964937506105918e-02,-2.822494124408130261e-08
-4.992165324460712955e-02,-8.037634713155102084e-02,-4.639097040454867767e-03,-9.609477008114127375e-03,-1.277953632963692914e-07
-4.626881717608817557e-02,-8.135045541964924798e-02,-3.107702676466741944e-03,-1.277715528196513885e-02,-1.906538080051001574e-05
-4.035305467551967423e-02,-7.935525994524356141e-02,-1.164814533045385167e-04,-1.510431493441393607e-04,-1.789095623811514865e-02
-3.321680832224391949e-02,-8.118934835588365040e-02,-4.582596099282640816e-06,-2.712346187303959253e-07,-9.254749201535149294e-03
-1.721259954170994977e-02,-8.601994383284733425e-02,-1.062578766950247353e-06,-2.043644381749647238e-08,-1.526672972439365068e-02
-5.380293503336240277e-03,-8.975743703163859000e-02,-9.846416083913025774e-09,-5.047287982974500996e-06,-6.226577598642873621e-03
-2.599421130057811506e-04,-8.755653686685541115e-02,-1.192511815054405788e-08,-5.341052673394402410e-05,-1.416597032093754212e-02
-5.114880311417977072e-06,-8.776174866556715748e-02,-1.840919785405337093e-08,-2.724061143331404762e-05,-1.881136450090616433e-02
-7.604417219780654978e-08,-8.831243704376595671e-02,-1.286964234253111270e-07,-1.320669246147738839e-05,-1.675257533337582913e-02
-1.153841940073890572e-09,-6.882717368184029794e-02,-3.498444061864054130e-05,-4.173871738862055744e-03,-9.910790947747079652e-03
6.128567262398579612e-09,-6.369061433273268125e-02,-2.312222083524028034e-03,-5.407732114463908134e-04,-1.663373621884808168e-02
4.905566962870192969e-08,-7.001193830765621573e-02,-9.027368200256741118e-04,-4.043134656771339556e-04,-1.588058152155582062e-02
2.896588386849588056e-08,-7.333769475032538010e-02,-2.202914513293032905e-03,-1.685994422169542881e-05,-1.942537346522632200e-02
1.935116730569695631e-02,-7.125920841010154050e-02,-2.196669678690162092e-05,-2.561138632112947944e-04,-1.626238295775893697e-02
2.850062455258965677e-02,-6.479745591443067387e-02,-4.766560733906975971e-04,-2.449856860605101870e-04,-2.270651161668958348e-02
3.281921148997253001e-07,-6.337078693233849647e-02,-2.097787647091549877e-03,-3.873052491823953183e-04,-3.098771475158950892e-02
2.610215658328754168e-08,-6.805880314657895835e-02,-1.892728838473317407e-07,-4.016774434794773835e-03,-3.132505400090197789e-02
1.050046854311819085e-08,-6.321737322004275517e-02,-4.342114850386635950e-08,-1.878491810561353859e-04,-2.846084980935551650e-02
3.849918605639143608e-09,-5.836654185253631333e-02,-3.028475690841367151e-06,-3.018826902456905707e-03,-3.290432073830478615e-02
1.568072618644051658e-09,-5.874813007572328438e-02,-3.025451741384859523e-08,-6.715157387337459659e-05,-3.241370203074129402e-02
9.539135202423887684e-10,-7.195844520921959586e-02,-1.531800942847918157e-08,-8.533301907176206923e-07,-2.781920598517121854e-02
6.344252924219480220e-09,-6.463977333500794953e-02,-1.623197186244789146e-08,-1.476959468410136761e-04,-2.236975005168022682e-02
2.731215827702554403e-08,-5.253912611662790028e-02,-2.474601650423555087e-08,-3.477202151099080605e-04,-2.993143740985144616e-02
7.649204822717774541e-07,-4.857253156847223668e-02,-2.480454134220296045e-08,-1.016100181502952674e-03,-2.643364245883584110e-02
1.015880189370048696e-06,-6.110501422897811341e-02,-7.358737785344633349e-09,-3.640846158271100427e-04,-1.903266646916504032e-02
2.786357788136324676e-02,-4.991164354752948562e-02,-1.711379477322275176e-08,-1.660359662531279978e-02,-2.068679240326521535e-02
2.520328157250576254e-02,-5.016440191764832968e-02,-3.777728114199107933e-08,-9.803493458084235404e-03,-2.691780777469365143e-02
2.791298004944678043e-02,-5.017075542527601323e-02,-1.750681696275739838e-06,-2.371132254280774575e-03,-3.292206969101168362e-02
2.696861665727176213e-02,-5.750949596384596907e-02,-6.093081424323823096e-05,-1.635672350157280032e-03,-2.988891905085927156e-02
3.509580226121777891e-02,-4.992809906035569623e-02,-5.530592140554320760e-03,-8.111773890495237518e-03,-2.634837491225664602e-02
3.544753661864563643e-02,-3.862900810959506159e-02,-1.011783812865888095e-02,-2.662320573438026368e-03,-3.159514196911509393e-02
2.350930657118527334e-02,-3.330978721310731694e-02,-1.590367613104882311e-02,-3.592738286509113069e-06,-3.628635377691549063e-02
2.848060876524997551e-02,-3.884400934756056939e-02,-1.915638800084724577e-02,-1.095986203881267520e-04,-3.904085193740101239e-02
3.319864245174949935e-02,-3.599391800208351366e-02,-1.652853074232824709e-02,-4.594211356675372351e-03,-3.067592991235665659e-02
3.782729810866207465e-02,-3.070324471584283399e-02,-1.744791790841141582e-02,-2.735469159737176099e-03,-3.408522067444115511e-02
4.053530121264083130e-02,-2.388004977523965414e-02,-1.808996733647435726e-02,-3.108681337915158494e-04,-2.750328486921278098e-02
3.703609040008670750e-02,-2.577383351929757316e-02,-1.938340536378810319e-02,-3.365476554213756217e-04,-3.018016866667775841e-02
3.543765184480476144e-02,-1.360062707018776414e-02,-2.183633097108842597e-02,-1.548638896118766073e-04,-2.272659562846421344e-02
3.215472386290819246e-02,-1.470123554319255907e-03,-2.538475177950235903e-02,-1.131098793467104349e-05,-2.762997609164535504e-02
3.327834764082193003e-02,-2.805836882752070580e-04,-2.086923363910750742e-02,-2.399191657408261365e-06,-2.638673753935372873e-02
2.365998021804234519e-02,-5.042627278721397354e-04,-1.665457334297265959e-02,-7.609665685944950060e-07,-2.557634259934890228e-02
3.861134281359899362e-02,-2.329047487520860606e-05,-2.026618723233191907e-02,-1.562951805467307915e-05,-2.005313017843404419e-02
2.643455620319320326e-02,-4.780476082685673876e-07,-2.131342902189620539e-02,-4.269730140542947514e-07,-2.173246830969093740e-02
3.357231089928505025e-02,-9.488906476628109175e-08,-1.567011031185324907e-02,-5.171559240407259705e-07,-2.026233892848650076e-02
3.458077113538345765e-02,-4.469598842286640048e-09,-2.406143639364414014e-02,-3.649299607146996531e-07,-1.496897888025504331e-02
2.820853901141279901e-02,6.871650728490760262e-09,-2.183546516087575898e-02,-1.168058477960814591e-06,-4.908012979198095663e-03
1.406676861770023157e-02,6.455818368073937946e-08,-2.147026588583032455e-02,-6.984603994119897452e-08,-1.957916399409228431e-03
1.264516119452989244e-02,1.398709317405036405e-06,-1.837530906939247033e-02,-2.421374270556259309e-07,-2.727044096337631314e-04
1.667692960794698795e-02,6.395999751439299122e-06,-1.480420074011196824e-02,-1.006617372699381450e-05,-4.954210221573206311e-06
1.505171161464789742e-02,4.974035526837311538e-03,-1.194542986422346235e-02,-4.699287899031437258e-05,-4.196002091923809841e-08
2.303775285854649246e-02,1.445150375183484014e-02,-2.303969387999769275e-02,-1.551289729776043653e-04,-9.522119258442911878e-06
2.789331796871368646e-02,1.494652786494006860e-02,-2.044674283761002687e-02,-6.678287088145950211e-05,-6.661839134105017028e-06
2.008244314788136184e-02,7.710759724537071154e-03,-1.635530734827355878e-02,-3.320683351983302260e-05,-1.233548311371004732e-05
1.739859685662865224e-02,1.957296938661090557e-02,-2.740005645957238264e-02,-5.242845455918778932e-05,-5.640043531067014874e-05
8.184084954108789695e-03,1.732957344953272097e-02,-3.204901223154988515e-02,-3.790001923159792359e-06,-2.143609211310606966e-04
1.775157321506131911e-02,1.944041834188390758e-02,-3.144450880872270981e-02,-1.138949956364681317e-06,-4.787017193785399693e-05
1.335234187331658766e-02,1.146558667034612740e-02,-2.640166163819884088e-02,-4.382179411167111458e-07,-2.258421030421119561e-05
1.476048576525751214e-02,1.633169392181520879e-02,-3.153090319262953634e-02,-9.761678763929287686e-06,-1.325355122918049345e-06
1.378284660239835653e-02,2.222966659980760151e-02,-3.046828009914297891e-02,-8.507133913922512613e-07,-2.162642586933453236e-07
1.177555913627468392e-02,1.650521446495683067e-02,-2.421448536200928800e-02,-1.463477696481460971e-06,-7.284177194968330958e-08
1.860857083049110086e-02,1.265365450029223154e-02,-1.608219799695689151e-02,-9.981401243846343686e-07,-2.986254202880041760e-08
1.234963467322116280e-02,1.771604029175778000e-02,-1.825908639725869198e-02,-7.212080148718313095e-06,-1.731807970519083683e-08
7.137536317259214440e-03,2.520840363123654296e-02,-1.835600136442047670e-02,-3.134904832555425760e-07,-1.317926369962080198e-07
3.706323264527695838e-03,2.930380725823815077e-02,-2.424386689887086943e-02,-7.573570613526107961e-08,-6.321851172293961828e-06
1.897974188158854355e-03,2.973474140553947903e-02,-3.167681567278580329e-02,-6.233560599197956077e-07,-3.825796726261805402e-05
1.642216789385701281e-03,3.209972009231566725e-02,-3.147750328977405587e-02,-3.468872537480778604e-06,-2.326634591478777772e-05
2.015583133965293500e-06,3.680577470491604164e-02,-3.337800978023028331e-02,-1.907520675436405864e-08,-6.656071988964351550e-05
3.191244014274773898e-08,3.551024801914028084e-02,-2.488973962258565764e-02,-7.807093813346828994e-08,-1.530740860056738675e-05
1.387386226404761317e-06,3.359967089788244710e-02,-2.846136166447226640e-02,-1.953856533072312497e-08,-8.683616110534714491e-06
5.187817672700791499e-07,4.033488674084818176e-02,-2.213064815646397648e-02,-1.885535231825160379e-07,-1.382108597160675194e-08
5.319206987093013190e-07,4.374352585634876112e-02,-2.244020388519343129e-02,-3.644797573502014416e-08,-7.602982974553588262e-09
1.591085479646626726e-08,3.805716938732987831e-02,-1.204324985144116997e-02,-2.497104596504239821e-09,-1.488916230570684375e-08
7.004283661482043270e-09,3.100484842940472510e-02,-1.036710153638017995e-02,1.898931864916916854e-10,-1.353126381884671659e-08
9.227192157081390367e-09,4.130541186576505014e-02,-1.548476098477505163e-02,-9.162146385335565018e-09,-6.278334892815852919e-09
-4.875181898107990506e-09,4.058587188084840369e-02,-1.605361843542551029e-02,-5.596939416298642014e-10,-2.907130495376099816e-08
-3.000996513131415543e-08,5.165244649870094629e-02,-2.540735940390966008e-02,-6.280863141831750614e-09,-2.610878232182779105e-07
-8.539215373513249701e-08,3.977955357576063583e-02,-1.236374043632841417e-02,-2.048171315295502143e-09,-2.381735775384791468e-07
-3.471055821183017868e-08,4.461035822852919136e-02,-1.435188898167116464e-02,-9.451791098557528150e-09,-1.308938625699163767e-06
-7.728931173867861127e-09,4.015015030290571690e-02,-1.130743363976503997e-02,-1.202373341584461160e-08,-6.701344922353447644e-08
-3.930977290418600508e-08,4.056830932291622532e-02,-2.062218472810336753e-02,-1.516413986365919548e-08,-2.146054856397636351e-07
-2.374133570674345109e-08,4.171986534053261780e-02,-2.539811372145489576e-02,-2.670071662619341624e-08,-2.351767150201101430e-06
3.600437144624340502e-09,5.704005425565251280e-02,-2.411355446704627897e-02,-1.868686242315042959e-06,-1.135515458103552234e-08
-8.437166418386510585e-08,5.748777666990168012e-02,-3.479126787277019711e-02,-1.673088012604779562e-07,-1.066835442851157150e-07
-7.730955080854535194e-07,4.999856904717297351e-02,-3.097317276798945002e-02,-6.122393310746698886e-09,-2.198283858436380661e-06
-1.388381302505092106e-07,4.707120314176235082e-02,-2.300928002354542257e-02,1.017421875054177193e-09,-2.156430485371018278e-07
-2.631238378549477010e-08,4.954316814617117093e-02,-1.881037961545440826e-02,-4.815680732323132000e-10,-1.797436483378733346e-07
-1.579321993596378441e-06,1.609617307246458508e-04,-1.737025971565529151e-07,-1.088073315813303083e-05,-5.609740022012161403e-03
-1.312034659416046850e-06,1.657430107994936052e-05,-3.190285966144801652e-07,-3.584436914363093685e-05,-1.306987183790251673e-02
-9.652608930686601325e-08,4.139505372209630842e-06,-2.420507200129113677e-07,-1.070565906297428401e-04,-1.161414107558667724e-02
-6.826334966309647634e-08,2.356574055364717848e-05,-2.136630033752775801e-05,-2.022746729456657529e-04,-1.848829696550790061e-02
-5.203851704029627083e-08,2.004178392163550617e-04,-1.303872040677395779e-04,-3.179969576370292685e-04,-2.349185279957701628e-02
-1.071010641745716586e-08,1.009787412684829940e-03,-1.624300942802152554e-04,-9.790148783287253020e-03,-2.618464758906467738e-02
-1.173258834003135217e-08,4.116096976873331870e-03,-1.840085813099080780e-04,-6.849278357454141250e-03,-3.216705928811802034e-02
-1.092102017572128169e-08,1.001436003734089419e-02,-5.002011383369366533e-06,-2.692774914776507791e-03,-3.425930496030249461e-02
-9.790866588897127152e-09,1.359135351784772397e-05,-1.693161354040888166e-05,-8.210483954751133379e-03,-4.185127228948059414e-02
-3.032433605398505130e-08,4.682446265254585054e-04,-3.024307582225929365e-05,-2.216022034706415476e-03,-3.987797273066794046e-02
-6.678148905892642243e-08,9.082727589958995576e-04,-9.974626079466718880e-08,-2.080530893005647474e-05,-3.039790410444317276e-02
-1.871083214578688114e-08,4.924064153355255276e-03,-2.287521521858270689e-06,-2.534274247602025677e-04,-3.066761082564200408e-02
-8.754662545439967136e-09,7.758392958063787398e-03,-5.473177517580184810e-08,-5.868559485808055864e-03,-2.524621200559108714e-02
5.693902694930830397e-10,1.839458765603512597e-02,2.395741734430505396e-09,-5.339715059886625259e-03,-2.256249309266521869e-02
1.308327637390209187e-09,1.847188099259552962e-02,-4.891894628676802577e-08,-1.319452218626732121e-02,-2.832506537693982307e-02
-3.021303096867814493e-10,2.173287322759153220e-02,-1.816512661105685965e-06,-1.121130181656204879e-02,-3.346336413633114321e-02
1.667535034793492418e-09,3.798754796927343580e-02,-6.648736319013223566e-06,-1.100321616069205484e-02,-2.370878773100867920e-02
4.154176742385352080e-09,3.950008649098105812e-02,-1.373451560091866251e-05,-1.609803726598654436e-02,-2.184594392221037365e-02
4.847799965473546320e-09,4.132292527034354956e-02,-1.212585274156027706e-03,-1.573085949870485500e-02,-2.576093405110431792e-02
2.977207796123507913e-08,5.144519536915434510e-02,-6.636186068363959106e-03,-2.245693288066636165e-02,-2.443624140140626330e-02
1.298883695359849359e-08,4.353748323588269714e-02,-9.565203142380530529e-03,-2.603301790269077487e-02,-3.483193929255409133e-02
8.853228957760756694e-09,2.951298529801797341e-02,-9.486843572497148658e-03,-1.960570932703353808e-02,-3.533041200639909507e-02
1.276499372779356815e-09,2.726198106643637140e-02,-6.481090628209048264e-03,-1.277696176897322178e-02,-4.902637901980506224e-02
-6.721554568121947326e-10,2.345403947114427581e-02,-1.202001875793746316e-02,-1.123046611685942289e-02,-5.640737920395890587e-02
6.571243646051328101e-09,2.853531771683345819e-02,-1.316788545072612900e-02,-9.649252301779820407e-03,-5.424298242908640044e-02
1.875137593692333680e-08,3.391329789778804032e-02,-7.335658998901145936e-03,-8.647650224565624558e-03,-4.856734455290698943e-02
2.661905033126635983e-05,4.014806797380053582e-02,-1.174342079205027874e-02,-8.706870076352129714e-03,-4.291689528461046371e-02
8.895274592625652772e-07,5.138020630410654321e-02,-9.897286139128989510e-03,-9.830828124121213096e-03,-3.413247964495824682e-02
3.298090446977690587e-05,5.635610839560605684e-02,-1.016824481809684710e-02,-7.957005374302555598e-03,-2.837591520863029515e-02
1.299852435692118067e-04,5.307661521219066841e-02,-1.077349703749125309e-02,-8.962287440242664577e-03,-3.190617624326494428e-02
5.575234639328412352e-05,5.244892089600869389e-02,-7.057672679365075558e-03,-7.263177281495615881e-03,-3.366340176530681350e-02
1.390995212883455831e-04,5.733629880942732460e-02,-3.726919529635370695e-03,-6.527625552115566381e-03,-3.245657122509625764e-02
7.477051437579543367e-05,6.335258624495107571e-02,-7.465425617120347371e-04,-9.758193764227924075e-03,-3.491034032619141220e-02
2.096558837300095855e-05,7.119767137358296027e-02,-6.356640335326199903e-05,-1.461607277291970472e-02,-3.207666912328058229e-02
3.295535602362671614e-05,7.479331228932646625e-02,-6.352373426621338868e-04,-9.143284572685230621e-03,-3.204118743563844768e-02
5.002321800356791451e-05,8.848221010882859061e-02,-6.783478595103461205e-03,-1.519265095263043226e-03,-2.371035186498933120e-02
9.089264786048561570e-06,9.551165761451312075e-02,-3.232358007444084691e-03,-1.747216160404624699e-03,-2.020227924686836957e-02
1.342867639899947262e-05,1.076974828375740212e-01,-4.148134645906357794e-05,-1.067020465437175034e-03,-1.194546346151552016e-02
3.633447406274944557e-05,8.644564803338876391e-02,-1.195033285444173670e-05,-6.451944151836106443e-03,-9.266069263042858370e-03
5.156122366832932401e-05,8.777029859167398418e-02,-7.109388464425849775e-06,-1.046431350593379946e-02,-1.077420870470550095e-02
1.163820718507052121e-03,8.961776264103779588e-02,-9.930218069640769864e-06,-2.206531064461201425e-02,-1.469317206600693690e-02
2.910128661674882527e-03,7.685288520021882341e-02,4.928823716458703267e-07,-2.210564098198105829e-02,-6.658907087130121194e-03
6.731063042989478967e-03,6.464174866664246233e-02,6.096151837355250416e-04,-2.597304403764637282e-02,-5.531819768619761907e-03
1.414743896015231879e-02,5.428428398811431521e-02,2.887664624758670001e-02,-3.796573933621841951e-02,-7.164438514125732679e-05
2.108047292772982986e-02,5.701965642846294063e-02,6.594881137500593904e-02,-5.398312511996627983e-02,-8.264528704465476123e-06
2.835273919026777903e-02,4.711619743576114794e-02,1.081408575837836950e-01,-5.467403537752540954e-02,-2.480446543372755271e-08
3.385936650448758550e-02,3.129708775807087812e-02,1.422976247281020901e-01,-4.459496542202560920e-02,1.726879463053328427e-05
4.382971969219501968e-02,8.313223314977510880e-03,1.635759504712455403e-01,-3.873355265212493487e-02,1.138850145650880660e-04
5.344482950267015475e-02,-3.127064228146005751e-07,1.870406784989819826e-01,-1.867341956161766570e-02,4.609268657479083028e-03
5.502169774785874157e-02,-1.164247277274114180e-05,1.991289042439605694e-01,-1.306576160750533809e-02,8.283636296243958655e-03
2.024745461027515139e-02,-8.771048710179771149e-05,1.993011039419074759e-01,1.903683494446332545e-05,5.863983286545763375e-04
4.338068627772319959e-04,-5.996568054287071880e-04,1.962390258520210207e-01,3.602313296365963671e-03,5.188356767230308995e-05
4.380066391286262146e-07,-8.010570761232162218e-04,1.825636066885222009e-01,4.649810171068607251e-02,3.487507837698189791e-06
-2.254162287235682137e-05,-9.399945471493887164e-04,1.649504839173205339e-01,8.948964921981093779e-02,-3.098465598154490773e-09
-3.490221890353394085e-02,-1.433772178545889486e-03,1.294153242331410048e-01,1.414008979265979349e-01,-1.271314385665805429e-08
-5.202370919332816035e-02,-3.366953316229922192e-06,7.693442095700669947e-02,1.922786552568477858e-01,-6.481133277370405804e-07
-3.662902558489931210e-02,-6.380947839474642981e-09,1.480101568101317711e-02,2.260988216491197356e-01,-1.807067745631966432e-06
-8.686851256025314221e-04,4.217784035995411956e-08,-3.388987104044011785e-04,2.337660107823700262e-01,-6.217096883888732559e-07
2.968271629311059638e-06,6.539635811359922323e-07,-1.528162764096947443e-02,2.264584245055793477e-01,2.059320210237137669e-02
7.079789397507311316e-03,1.589029937224171015e-05,-5.300883632486348002e-02,2.046348871194760555e-01,5.080165596809988610e-02
4.610697453610274749e-02,4.566555779084622392e-05,-7.949243386914577048e-02,1.674874427303209290e-01,6.791625498471758060e-02
8.022552157545635720e-02,1.271795505097154597e-02,-9.351410465080224610e-02,1.213524098255544803e-01,8.353923783104151568e-02
8.956515803215563121e-02,1.792418030790111569e-02,-9.360880024824101697e-02,8.816705399312042835e-02,9.594657627170749548e-02
9.840752170390483500e-02,1.819638992737517696e-02,-8.651496286591950358e-02,5.041645817443744099e-02,1.059436190104914022e-01
9.383976956065956387e-02,2.492013078220828987e-02,-7.382983643251721240e-02,3.302921163669110712e-03,1.181162276952034546e-01
9.273439226190506590e-02,2.188092640919289331e-02,-4.705624711574572794e-02,-9.806808657021953213e-08,1.328666351538507207e-01
7.751687941986548647e-02,1.267217256418892019e-02,-2.373418195752049695e-02,-1.536458756716434562e-04,1.352040440129383403e-01
6.136133159507188573e-02,8.048882199226012682e-03,-7.236979991095226876e-03,-6.112098712068365913e-03,1.383383336004150033e-01
4.385570713591976227e-02,1.864713716259558324e-06,-6.045814551042576418e-04,-3.968610736887626111e-02,1.384699508144350000e-01
1.279595190492636460e-02,1.711590542747307784e-06,-2.606542900600093587e-05,-5.764594093121024748e-02,1.379471484983822160e-01
8.880147231211527319e-05,6.161826315216173059e-08,-6.180183056399391788e-07,-6.379985100818796884e-02,1.407161135143327746e-01
6.897521071620989837e-07,4.207239591806239282e-06,-2.242828416338742635e-08,-6.154575589966318483e-02,1.316209665029633713e-01
-7.979669448255411954e-03,1.036255693913791639e-04,-1.361975932690142882e-09,-5.862586639160245749e-02,1.240181547657636107e-01
-3.884055423380077671e-02,9.606333061422995699e-04,4.459961505850134830e-09,-4.873810075732788044e-02,1.178267425642419430e-01
-7.446672430553157029e-02,2.618775600387412798e-04,6.008897752910951878e-09,-3.645818217724831889e-02,1.018910375721705647e-01
-9.728981864653164779e-02,7.948868541771532360e-04,9.592815317049900676e-09,-1.151297878004361661e-02,9.343178640820208603e-02
-1.240204136986418071e-01,1.097663792165385829e-03,1.974619527801149914e-08,-5.713270620324478567e-06,7.897325475124360172e-02
-1.305022143164205062e-01,1.150524866346725253e-02,1.511637332090108991e-08,-8.553479134060461471e-09,7.427420839397998187e-02
-1.443588750537588561e-01,1.669793815227253730e-02,1.871008377244082389e-08,1.718581359898741775e-08,6.452029068281613100e-02
-1.578841696477571999e-01,2.483042647113448478e-02,-3.267828489928146098e-09,7.963859029586250590e-06,4.655525041537175029e-02
-1.502433951458668204e-01,2.452118755206646183e-02,-1.430021296960609285e-08,7.686031839073308245e-05,3.667380099274639149e-02
-1.390548261793624063e-01,2.318314004685417470e-02,-9.183742071561863292e-09,1.706559251210510364e-03,3.488762574874107458e-02
-1.374052178707521332e-01,9.290116945251147493e-03,-9.663029193334526956e-08,5.702177783099392737e-03,2.050819960654140170e-02
-1.331048554401077777e-01,6.767573929714176123e-04,-1.343304209111046863e-05,8.101568460748690900e-03,7.235373657016751572e-03
-1.216986442637335436e-01,1.910023955715207554e-04,-9.267805980804099449e-04,6.425806862835983812e-05,6.041965510400524415e-04
-1.070989019759016198e-01,5.633640524487718292e-05,-8.961448263717369453e-03,2.606196835384327843e-06,5.042001508213840723e-05
-9.896999464759297094e-02,2.236797928473330501e-07,-1.535999144656395067e-02,4.741910614274941110e-07,2.079516203399655310e-06
-8.904773871637114424e-02,1.567059507384536311e-08,-1.955095265626502141e-02,1.151527663373673635e-08,1.560811459330961829e-07
-7.757112573907673503e-02,-6.070066601416924469e-09,-1.796583318090965234e-02,-8.488412877262549224e-12,2.066432451633327493e-08
-6.672234367814221245e-02,-5.852835491996498905e-03,-7.524778710572772693e-03,-1.581607502640104906e-08,-1.633633759175811457e-08
-5.654616394614542241e-02,-1.760111855421917643e-02,-3.449269303371776084e-03,-6.299291602179214605e-07,-8.324952157626627317e-09
-5.218562255814566259e-02,-3.091045145486174747e-02,-4.126641057281746427e-07,-3.455747462819061945e-05,1.340093790353286730e-08
-5.221275158662912197e-02,-4.282318865540601927e-02,-1.068500532358056950e-08,-2.920879594181330797e-03,7.300447449785152458e-08
-4.218361907094165392e-02,-4.475483390704027009e-02,1.223620249996574269e-09,-7.020362378338930107e-03,5.626232044563959835e-08
-3.633994461252453706e-02,-5.635807953763243699e-02,7.655630650481747426e-08,-2.639349829986089441e-03,1.470644126378966330e-07
-2.865540443665080469e-02,-5.001587104710093767e-02,3.944602456030109361e-08,-5.876615229788525628e-04,3.630859532934504232e-07
-1.636113794464541527e-02,-4.354850212294904960e-02,1.851504179298989655e-07,-6.709291051484427872e-03,2.417300685238507719e-07
-2.845033916693323096e-03,-4.211789633295810048e-02,3.607460039630341770e-06,-5.536413484053964891e-03,2.663825807369852312e-07
-5.047551532903941192e-04,-5.137835831253151353e-02,5.983930834061697288e-07,-1.438048177449588157e-03,2.532905322796189277e-08
-6.159558013925565435e-05,-4.701100193299521252e-02,4.181878813977020765e-08,-1.934113093848856258e-04,2.099556068718758654e-09
-5.234573659638179278e-06,-5.194310675166307484e-02,1.248487663479073945e-08,-1.446762882090070295e-04,2.568026012202108731e-09
-1.860587648163442847e-07,-5.478964513747954651e-02,1.119178177204008611e-08,-2.423775564861327825e-03,3.276977913184535742e-09
-7.786681555997022131e-09,-5.559516521437669195e-02,-1.659124479146568455e-10,-4.241795106669930186e-04,-3.012587043013860979e-09
-7.587015919156242842e-11,-6.040151577244084330e-02,-1.907675251693097916e-08,-3.241982184280364863e-03,-2.737882461644440702e-08
7.403999701236059691e-09,-5.748639971858607312e-02,-8.533160128399034244e-08,-7.293601911990823389e-03,-2.161698772840319176e-03
3.392888489856559965e-08,-5.626589244851657595e-02,-3.057435199372434552e-08,-1.404000607431534105e-02,-8.315861605536743056e-03
7.250382530922324663e-08,-5.932585276739921198e-02,-3.429429738423626505e-04,-1.861626924991683502e-02,-2.489816701247894379e-02
2.905073162657565244e-08,-6.384296098086036930e-02,-3.073378677562637381e-03,-1.354147761532186953e-02,-3.242522635699361666e-02
2.104592287884712865e-02,-6.290889532780850890e-02,-5.462553916726654450e-06,-2.174589147731446556e-02,-2.219058056864013639e-02
2.183541814830093283e-02,-6.762158991563980981e-02,-3.842057098985016562e-08,-1.370301156548841236e-02,-2.123572916373136360e-02
2.515673487455237881e-08,-7.968183118260872833e-02,-9.415077999060106086e-07,-3.138974373930375483e-03,-2.908213193892102838e-02
8.864144390335424418e-08,-7.639285777752605200e-02,-4.703018181709813082e-06,-8.938889173920971584e-03,-3.067243393811409577e-02
1.918886625379959826e-02,-7.399550313777869537e-02,-6.139311910384828278e-06,-1.529834060615949294e-02,-2.650607819659211994e-02
2.874153529653402858e-02,-7.586938908321766428e-02,-6.710337349702025359e-07,-1.733410449584977739e-02,-2.148843279869244727e-02
2.556565389249351727e-02,-7.225618732858776760e-02,-1.207785817204303384e-05,-1.806363490269294672e-02,-2.960682681101582669e-02
2.713426333901274023e-02,-6.610817902710589000e-02,-2.515434076139578135e-03,-1.999950055565814094e-02,-3.022165407079282357e-02
2.652505324215511523e-02,-6.183862364048611088e-02,-2.435186327977893750e-03,-1.706827804452779387e-02,-2.377307955265866440e-02
3.162556528535410971e-02,-5.674404995995521728e-02,-2.429286426263754912e-06,-1.706507173166027860e-02,-1.532873866027030345e-02
3.002507967325191221e-02,-5.513106271232440930e-02,-1.416731334839373099e-06,-1.537158613486787513e-02,-2.098171475949656833e-02
3.490608415072973120e-02,-5.628862954031295385e-02,-5.913024895403435824e-08,-1.492254567594926938e-02,-1.698853039611480237e-02
3.473007555411798675e-02,-5.372982782261703089e-02,-8.391260616524632611e-06,-7.461005758669953837e-03,-1.589029207800408613e-02
3.567319300712094854e-02,-5.365547276300557111e-02,-5.917608050113818810e-08,-1.258243134586536915e-02,-1.645312119289852118e-02
3.059047824321541736e-02,-5.582988342732898845e-02,-2.161199761799537093e-07,-1.196031259344738917e-02,-1.622815547164463412e-02
2.602450326712979836e-02,-5.202198786571851641e-02,-5.820539390650025357e-04,-6.768514065530187827e-03,-2.893658133577939676e-02
2.491952236146877109e-02,-4.944403917746129085e-02,-2.424677286109572314e-03,-1.122369720217773585e-02,-2.877412102934893620e-02
2.142756243999409393e-02,-4.942809766324580967e-02,-1.104746481856366857e-03,-1.127767961842258970e-02,-2.331859828822140795e-02
2.643866345931870573e-02,-5.527025743193456075e-02,-4.795862885698192433e-03,-9.900029409597275662e-03,-2.787653326551871313e-02
2.800166661936899504e-02,-5.866824375105405415e-02,-9.539767528068924737e-03,-1.131157563799032456e-02,-2.514166275981830762e-02
2.904739488165843098e-02,-5.115127998397502040e-02,-1.481976864690314963e-02,-1.423595611656308657e-02,-2.324759712734899772e-02
2.776226874562847183e-02,-5.134731289840341328e-02,-8.498731257982053075e-03,-1.377567069428923749e-02,-2.715863392190655257e-02
2.025929665700807944e-02,-5.349382933465338108e-02,-6.666423181160546947e-03,-3.813036666889625236e-03,-3.170997853113526749e-02
1.846036802863524479e-02,-4.827069552541638636e-02,-1.504415530659988440e-02,-7.206776130181435751e-03,-3.387766811519952320e-02
1.275082456714923471e-02,-4.774106892085328013e-02,-8.554938443834795084e-03,-6.594287416842577274e-04,-2.573824971303688078e-02
1.564426979823003647e-02,-4.125736659356674108e-02,-4.336491590200035155e-03,-4.667866995304256229e-04,-1.889358446461597910e-02
1.913819671620158730e-02,-3.635084888517083057e-02,-4.522368021132783591e-03,-1.330856903580271639e-04,-1.149295360670239859e-02
1.839915295273730766e-02,-3.474923388149132181e-02,-5.300201426302997287e-03,-2.110226966030076786e-05,-4.923683589870012957e-03
2.131627933694428198e-02,-3.760224212058292659e-02,-8.380030920317145526e-03,-3.798816525534105760e-05,-9.108528561652685582e-03
1.993931252040141711e-02,-2.497106797544251106e-02,-3.239631344722328134e-03,-1.322146614961933809e-05,-5.028319493655637046e-03
1.639691780056463585e-02,-2.970706636679354071e-02,-7.601720432881563239e-03,-5.237333105057818834e-07,-1.266931275697215364e-02
1.890000769563007429e-02,-1.189526162732301717e-02,-1.775813060568511709e-02,-9.457005686547913557e-07,-1.425492726812547552e-02
1.674055397676084758e-02,-4.933041739313770782e-04,-1.922831246450828341e-02,-7.207155889244475706e-07,-1.156043590150931423e-02
3.037090216183908897e-02,-8.012320160405811105e-04,-1.799368521706053506e-02,-6.407970690279262184e-06,-1.482181791860068439e-02
3.034389586765539465e-02,-2.911114751961935230e-04,-2.304094090537205791e-02,-1.331778183135382477e-05,-2.044913427180312937e-02
3.077850190610712661e-02,-6.414621976496249979e-05,-2.242696547084930062e-02,-2.702509574828933720e-06,-1.511771023476152567e-02
2.475623595653310416e-02,-2.077279594471063702e-05,-3.036313692251729757e-02,-1.516201088972153470e-05,-2.014621617911109552e-02
2.309310103874064046e-02,-7.587766529842805867e-06,-2.297373263762463383e-02,-8.934500902714439106e-06,-1.273928733545607976e-02
2.119397293597198931e-02,-5.709124174028784810e-05,-2.117823592290176901e-02,-2.474678032966159464e-05,-9.284491900247868190e-03
1.251127595672317863e-02,-3.836152896607666545e-06,-2.397718679171866735e-02,-4.913982793407745516e-05,-1.580069042464788201e-02
1.419588088622330060e-02,-1.581571498410324757e-05,-2.961073921808360029e-02,-2.185555608997846505e-04,-2.060601929409229538e-02
1.721872150297736742e-02,-2.305179282972368401e-06,-2.893681160889082643e-02,-6.529516457997122398e-04,-1.282312404462246196e-02
1.759312511262915713e-02,-4.030078598651345721e-06,-2.510818010613459841e-02,-8.418516020531175250e-05,-3.624758593304290739e-03
5.357195492500891991e-03,-2.996283616487117082e-06,-2.513283328554981322e-02,-3.842380209190000862e-06,-3.384429127507812573e-04
1.983978681575100569e-03,-2.020209174958996175e-07,-2.370182812503122266e-02,-1.492486348212863859e-07,-5.506185981646702132e-05
1.047316452302669322e-02,-6.858991949345015220e-08,-1.586045195075009434e-02,-1.590661740065138147e-07,-2.334137352245867186e-06
1.404831613211688680e-02,-1.176939277525678997e-06,-1.239111968799087339e-02,-6.847739392280537263e-08,-1.083177392562750563e-07
1.896011934628596615e-02,-1.622900711484316041e-08,-1.639185953079584646e-02,-2.466958137673284283e-07,-1.035253245295226532e-07
1.954095909336221737e-02,-2.060250611793385701e-09,-1.959307661524477273e-02,-6.927327460879687308e-08,-1.916032532216918850e-08
2.058329472239187746e-02,8.065631211480041808e-09,-1.997092018433397481e-02,-6.688034193487463819e-08,-2.522187703757324628e-08
1.561181929178525295e-02,1.756705494159380471e-08,-2.346273466498404250e-02,-9.533400113347325371e-09,-5.415269473700202504e-07
1.246068453570554381e-02,3.537279087241393985e-08,-2.699911641530317388e-02,-2.783320221349679181e-08,-1.047941968777573219e-06
9.614317217887964877e-04,4.758673692964289975e-07,-2.770968637543257812e-02,-3.901977227347023843e-07,-4.112516760359574203e-07
2.605226350074043955e-03,3.667488808758833621e-06,-2.253351039350213331e-02,-7.742133839172751515e-07,-3.525355174368717043e-08
5.979962337729364565e-03,3.140321475334427138e-06,-2.338953249420007777e-02,-1.591967422727715598e-06,-5.190565589645430970e-08
6.579896923482955046e-03,4.124274528937625726e-05,-2.764539845627717735e-02,-1.606186736947385735e-06,-1.381834404011149621e-07
4.985842930502752852e-03,8.561501833058706226e-03,-3.446254606790832842e-02,-6.320410409350550134e-06,-1.490968016101768804e-07
4.763035164981377183e-03,1.413903974025662938e-02,-3.050662930870318146e-02,-4.766982238413036558e-06,-3.300229016396397241e-08
4.900643655531744004e-03,1.644252170680553585e-02,-2.294832131434666397e-02,-3.829220847245392044e-07,-1.243585560601444672e-08
5.828805496503881682e-04,2.084384505128528131e-02,-2.756962686345551528e-02,-5.837911123125723485e-08,-1.025502388990983005e-08
1.722709586759842214e-04,2.530700194737788705e-02,-2.875369262622946495e-02,-4.110084374133396710e-08,-5.466060484560985090e-09
1.858100069743292949e-05,2.163403684566378438e-02,-1.117025888532613767e-02,-4.896671243798146555e-09,1.085983499571166705e-09
5.717245801629774602e-06,1.679556638305014504e-02,-1.221923845216062871e-02,-2.392323285564574673e-09,6.563530651157349939e-10
8.879385756584115887e-07,2.528639450621399110e-02,-1.575577095668645455e-02,-8.767779685515970280e-09,3.830300719220806508e-07
8.532697485192391930e-08,2.750963421631693814e-02,-1.494597573905002801e-02,-7.367021898461263164e-09,1.052794255531325579e-07
2.302817860514741276e-08,3.467316773626228504e-02,-1.685497543725982678e-02,-1.179252660452020432e-08,7.262362865833050676e-09
2.583177414395727946e-09,3.098460046483249644e-02,-1.554578407291888273e-02,2.252159435419905698e-09,6.034544161892883770e-09
2.503115626468977009e-09,3.250771690215829152e-02,-1.709848057991533027e-02,5.026054545891024801e-10,1.543973938202707682e-08
-9.111194034994122604e-09,3.221745057062182227e-02,-1.634747757865592094e-02,1.259584652170178628e-08,1.390828614503504418e-08
-1.953646433531749978e-08,3.216819505374462346e-02,-1.207236516770248368e-02,4.212424428163864577e-08,1.326285703742360153e-09
-9.911427876014289066e-08,3.119663006514699147e-02,-1.324730332156912223e-02,1.165037909049090026e-07,-8.225439230578907070e-09
-3.090495705138874179e-08,3.445210309777018559e-02,-1.437251138597990877e-02,7.742615352698242865e-08,-7.172519334011907939e-08
