-1.165648182521211024e-02,1.035819404601808057e-08,-9.377887371199326654e-05,1.116504621458062983e-07,-1.195697883813142369e-02
-9.349977562941863898e-03,1.588081728932821012e-08,-3.252129717366459725e-04,3.090664721560897107e-07,-1.097001077554025927e-02
-2.160672760471289873e-03,3.356021294998736958e-07,-4.690147714786848288e-04,1.905084884024993803e-08,-1.479456141735672157e-02
-1.406461641151535635e-03,5.857533565984517330e-06,-1.298419543656603714e-04,1.565585494262540752e-08,-2.010145791414086683e-02
-1.701713115259367902e-03,6.532540865707875635e-06,-4.490201415887203019e-05,3.988476041908805210e-08,-2.353694664333399328e-02
-2.343317364840578898e-03,2.181347707661107825e-05,-7.873136232419018418e-05,2.290415017926571480e-08,-2.064474001015553090e-02
-7.774744138120807425e-03,1.732450195246687053e-04,-1.694966457093386640e-04,7.156618946265096191e-08,-2.563015290631011356e-02
-1.279737504463550855e-02,1.442328208123378223e-03,-1.215252692937412364e-04,2.827711134756123433e-06,-2.866653523418201052e-02
-7.506244986397918664e-03,1.590114410932681223e-03,-2.128225631230599719e-04,1.879198078881322226e-07,-2.954686615578664549e-02
-1.774111724316309452e-02,1.069148337321380177e-02,-4.049597894195497427e-03,9.425826661237179889e-06,-2.624413952121925145e-02
-1.634003077072462493e-02,9.570596164372927386e-03,-1.029023813176256630e-02,1.324088772038846293e-06,-1.558065246080052139e-02
-1.763057446084056665e-02,1.192758665696167820e-02,-2.369751952080261653e-02,2.075221767203995271e-05,-1.894916717204633144e-02
-1.542728931806000396e-02,1.253483164129271139e-02,-2.938519342377250362e-02,3.481700872357965169e-04,-1.679788608491277965e-02
-1.916524921078380239e-02,5.311510636827369673e-03,-3.016710704112222571e-02,4.334808198604137366e-03,-1.758698256511251681e-02
-1.767329758673421777e-02,6.256433509997025993e-03,-3.017159519313435470e-02,8.311993820918768235e-04,-1.244261016566690879e-02
-1.411485285002545172e-02,6.103468311494004983e-03,-3.069614615755599657e-02,1.351208401851573078e-04,-2.080798317022080485e-02
-1.655449045860323334e-02,1.001379157052120382e-03,-2.826132133057884452e-02,2.877881489962628135e-05,-2.706676208414326643e-02
-8.195102378346455843e-03,2.733059780965235871e-04,-3.138111933157294864e-02,5.055271594877411243e-08,-2.059421693899935596e-02
-9.854378966968642753e-03,1.929865660801981285e-03,-3.657666825430790081e-02,4.262003154694207849e-08,-2.323066384503146356e-02
-1.282506635307184041e-02,2.771305399551763585e-03,-4.539596488017216824e-02,1.546381536607464310e-07,-1.697431108916349143e-02
-1.357057169720816102e-02,8.293310245293046860e-04,-4.084727980538584158e-02,1.487285294453891341e-07,-2.138892062947123779e-02
-1.623190895777927231e-02,5.713301446830429918e-04,-4.510752625364967960e-02,1.298943533120145709e-06,-2.426700228134568565e-02
-1.165102298761111488e-02,2.227663254098289942e-04,-5.214675696393718946e-02,2.943745056848770044e-06,-2.837930886347298995e-02
-1.424960228448137953e-02,1.070243494429350996e-03,-5.857232108784991842e-02,2.487097248130984380e-06,-2.252832844687636601e-02
-1.447755087961334966e-02,1.405096331171322996e-03,-5.321105570378121402e-02,1.446712878888880160e-06,-2.166278123819595502e-02
-1.678434544748452772e-02,1.384329089786490640e-03,-5.711910979961924706e-02,2.971185387610208955e-06,-3.214737466768648189e-02
-1.678707146855141358e-02,2.493266213585468814e-04,-6.407910276474107492e-02,3.852011122639155849e-06,-2.679196904397870838e-02
-2.166695600271159247e-02,2.271279570338343573e-03,-6.747919756843508143e-02,7.415545083371497365e-06,-2.322264535926908333e-02
-2.833585295186712497e-02,2.973815214247561194e-04,-6.716006750334288511e-02,4.035459646719918858e-03,-3.346782090613870803e-02
-2.157075604592256085e-02,4.472406442105200598e-04,-6.381646873587946966e-02,3.290132690373866230e-04,-3.134018016885657676e-02
-2.507580716972438242e-02,3.984753999563478595e-03,-6.566069278808461807e-02,1.681255641809136425e-03,-2.976801900957084038e-02
-3.113941591434497488e-02,5.193594035149283819e-03,-7.112211137946346240e-02,3.932112988531240999e-03,-2.490643590634030249e-02
-2.004684425618408553e-02,1.685677252172853137e-03,-6.733139158524922840e-02,1.177965190818890394e-04,-2.463225167076310909e-02
-1.395083187869878595e-02,2.158026155093848797e-04,-7.023069877758716939e-02,1.405805766396599600e-03,-2.579252169492938715e-02
-8.606804339943525603e-03,1.200365267983430400e-04,-7.464782724050586515e-02,8.083733965818754464e-04,-1.742877194661808515e-02
-1.420437281091112280e-02,2.382484665980621758e-04,-7.492185706697485070e-02,4.812109465065358797e-03,-2.798195533022109285e-02
-1.113139121847354050e-02,1.848099972551233686e-04,-7.676154709308173618e-02,7.923718964876204710e-03,-4.288351019311439916e-02
-1.245343935302713721e-02,8.338290854337938440e-04,-8.785676602516609424e-02,7.230989492683005671e-03,-3.800586088222539932e-02
-1.531703250597804718e-02,8.190839509843735695e-04,-7.996099197079938048e-02,2.873821775165466465e-03,-4.353154899604146089e-02
-1.651802939703981774e-02,1.379758752320851096e-04,-7.790523522179233773e-02,2.871501829059508639e-07,-4.167343376579522862e-02
-1.815307835673181380e-02,1.749291059515270040e-06,-7.526758524553722740e-02,8.206786525213673818e-08,-2.684232808717066168e-02
-1.720125169977105781e-02,1.739991652282142852e-08,-6.873068765844350669e-02,1.497677083776170033e-09,-1.500869841618905458e-02
-3.033964295882182749e-02,8.500383525768417962e-09,-5.773154331021687624e-02,-2.328509693700737352e-03,-1.746095588162974547e-09
-4.797486930304152575e-02,6.562121249031725968e-07,-7.013437211709218355e-02,-4.290191683932698813e-02,3.559123002999805917e-05
-6.446971016668112675e-02,2.056215807354093397e-06,-7.078928382476920578e-02,-7.893292062099960260e-02,1.146012805326266900e-03
-5.466074537965694841e-02,3.937441247935076434e-05,-7.055603847916538940e-02,-1.154252406872112585e-01,1.564340640663980375e-02
-4.215905889512654853e-02,1.678051520410845992e-03,-6.331314515838176726e-02,-1.440747683305533267e-01,3.320992587616829889e-02
-3.447402051502646697e-02,2.074948029480171499e-02,-4.787359097235449612e-02,-1.576148146872388967e-01,4.090229315930543619e-02
-2.375882494800084233e-02,3.230378797022013387e-02,-3.373634726673385709e-02,-1.736054440757938411e-01,4.515298854620499597e-02
-9.291432039881874572e-04,2.592590242883966237e-02,-2.129565521436448811e-02,-1.803516210996734537e-01,4.800197996411666862e-02
-1.584678180436625800e-05,8.200080262962991876e-03,-1.053092895668516181e-03,-1.759383962083080066e-01,2.453131461579250924e-02
3.077725031195346992e-03,2.390217879959372552e-06,-5.222727888076958380e-06,-1.739631661916054006e-01,1.295881634906653973e-03
4.577984406682986118e-02,-3.472354297212462450e-07,-9.772529139584391389e-08,-1.765799851840113843e-01,5.514015267788430278e-05
7.908577173510586422e-02,-5.476142893749587608e-04,-1.643158872941307094e-10,-1.658572031470384733e-01,5.399981422649083380e-08
1.230686308698378112e-01,-1.793036472053193692e-02,1.920958918895183498e-07,-1.373639962844643569e-01,-2.872618017833576676e-02
1.633655386123138986e-01,-1.873042064030157675e-02,3.046303172208201466e-08,-8.994917807466368265e-02,-5.841293405943786404e-02
1.966081738459186656e-01,-1.638346331111384738e-02,2.693796641991796515e-08,-4.069882417048637652e-02,-6.391986915506205069e-02
2.267429079957102300e-01,-2.459251448122497839e-08,1.457599977394450311e-08,-1.032581711851296305e-03,-4.323811544469065987e-02
2.230893563092154752e-01,8.895662207490149202e-06,-7.387294970492154729e-09,-1.060827856069117368e-05,-3.124088023942026004e-03
2.030108498343143608e-01,1.062202677064215395e-03,-2.675322941250431272e-03,2.771274577785464918e-02,-2.296481033330083224e-05
1.847508091700684751e-01,2.431621890435587546e-02,-1.147404958665387137e-02,5.694500490191879705e-02,-7.706155379871259147e-09
1.491775426367093760e-01,4.817436056059457711e-02,-2.956862508205805942e-02,8.136593838688517544e-02,7.588470770683328204e-02
1.139948616802481107e-01,5.370852457781562228e-02,-3.774293989968486446e-02,9.219024761425924364e-02,1.073299472160185036e-01
7.842354378860477704e-02,5.289923674710379081e-02,-3.461639003548679094e-02,9.077740702458274302e-02,1.222449627429250119e-01
4.838926388675549722e-02,3.576719288368393479e-02,-3.580175734387900516e-02,7.396501038731952138e-02,1.357127700242679036e-01
1.250767464896787931e-02,1.293870932702909440e-02,-2.896284156601103277e-02,5.217446915274265989e-02,1.582256706722547090e-01
1.605196167822557207e-03,4.644146507636125575e-08,-1.968978157190566861e-02,2.847802033283940853e-02,1.740226018590398938e-01
1.030258803912687004e-04,-1.021595042779469236e-08,-1.074277113149326315e-07,1.419032468746467442e-02,1.788575980305604773e-01
4.958139178146639657e-06,-2.336802595913043702e-04,-2.444743892164213162e-10,9.480423974371744722e-03,1.741530660432528410e-01
1.443056600457153006e-07,-4.795892887803324296e-03,4.467428611335428216e-08,2.674233707442858887e-03,1.663418130776555259e-01
-1.338177184435709021e-07,-2.461995097591748380e-02,8.642067531547676182e-08,3.245599170702469140e-03,1.425940654411790021e-01
-4.745224571212534881e-02,-4.921628505657103803e-02,4.083445953321001066e-08,4.884713074997127161e-03,1.199981624239073452e-01
-3.953862734151317865e-02,-8.394176539680009430e-02,3.934005837472474495e-07,4.856888162207226994e-03,1.015126032268308942e-01
-3.354757936288566000e-02,-9.491883827249725236e-02,1.182855396312666562e-07,9.294143590326648177e-03,7.714926175773120787e-02
-2.468333793335575344e-02,-1.103485239965568548e-01,2.402441276333300034e-07,1.207644942162671917e-02,4.742998937763353434e-02
-7.493469406227083220e-03,-1.234953471170864847e-01,3.725409981006207841e-07,1.574229645579583448e-02,2.172443075916043187e-02
-5.114642730221475864e-08,-1.397161388702664875e-01,5.125224058758495446e-06,1.720624901641417542e-02,3.021162930964145387e-06
-1.948608700697289221e-09,-1.533407925081327616e-01,1.199238006724501143e-05,1.354287292960474308e-02,-3.915870720905806389e-07
4.236805431290681949e-06,-1.661631152168976666e-01,5.665204795982961040e-03,1.733009249403656346e-03,-1.553268659341425163e-04
3.410973153453046147e-04,-1.752767212782648243e-01,3.502623894163392048e-03,8.058720631692365202e-03,-1.813303016094642813e-03
1.080454490757622697e-02,-1.723682159898737298e-01,9.734307006914012100e-03,8.107136462383663505e-03,-1.595463319449885384e-02
9.562034826791054529e-03,-1.691673057310285888e-01,1.654226072547811469e-02,1.333010256328930748e-02,-2.624249537343769853e-02
4.022356459182682697e-03,-1.561112218040821842e-01,1.671267103373772628e-02,1.687140622465811007e-02,-2.933900637882488893e-02
1.359845890409232663e-08,-1.399745367742074309e-01,1.289210276709364111e-02,1.648503730530529593e-02,-3.542065759651940454e-02
-6.349975105617874178e-10,-1.251421910829946249e-01,1.727289065991612083e-02,2.059944339088866372e-02,-4.223826322491409935e-02
-1.731430988263438851e-08,-1.082634863163274286e-01,1.600404229984565135e-02,2.452037244362678323e-02,-4.899472944279270603e-02
-3.122999916666757482e-08,-9.552542479593566227e-02,2.202738891148607603e-02,2.135600859839536028e-02,-4.356132866610813725e-02
-5.863355095295448378e-07,-7.344994671642332551e-02,2.302249625382723000e-02,2.014690719762714244e-02,-4.335943733153119206e-02
-1.794682442084872439e-05,-7.223533512645620436e-02,3.786311417821977554e-02,1.948715350120731535e-02,-5.086799484079626565e-02
-6.679678822547980774e-04,-6.620548762937436549e-02,3.862734050649205969e-02,1.338173219864851465e-02,-4.320065620902531489e-02
-3.199439038761733075e-03,-4.640110096190973310e-02,3.370263813086929461e-02,1.083259774043366166e-02,-4.098188058694035574e-02
-5.925960150496814745e-03,-4.302813105293277346e-02,3.681264814581184514e-02,4.857708988500860807e-08,-3.739196861183637088e-02
-4.082971367934751586e-03,-3.895274106192148089e-02,3.955638060109516185e-02,1.463323791432150814e-08,-2.445818166788695305e-02
-9.157974422611677573e-03,-3.708328723604865235e-02,4.821503811874818662e-02,1.502017512742473255e-08,-2.026997661727960795e-02
-1.008049938978667140e-02,-2.252120590307470083e-02,4.855450681722973255e-02,1.141644264984070232e-08,-7.160572833133266833e-03
-1.255543516926094921e-02,-5.454840437498652619e-03,4.862770651189077947e-02,1.507352031197047885e-08,-4.157956271740671284e-04
-8.538096850568350354e-03,-1.087762833163447452e-03,5.440262172564274551e-02,4.208501292499548580e-09,-3.091464475651502542e-06
-1.033804019976870825e-02,-1.694501451239055674e-04,6.229172913711619047e-02,4.507341659432892231e-09,-7.302800609403486445e-06
-1.079661502653781087e-02,-6.275712725781459472e-07,6.410669791881264123e-02,4.562107838988925940e-09,-3.790816078510502754e-08
-1.497856370237395617e-02,-1.196241452370722428e-09,6.130266438737871915e-02,9.296366121631880014e-09,-2.033077392973357913e-07
-1.691112170583776442e-02,1.360496162701225729e-08,6.914490295009763365e-02,2.374252993698860891e-08,-1.587176129001704802e-06
-1.100313428137347609e-02,3.000632882418927430e-06,6.738350944146835608e-02,9.183199162826451205e-08,-7.174232465631919654e-08
-1.529960450562957430e-02,5.210995964316221009e-03,6.163031717956089089e-02,7.962734347786150111e-06,-5.536373212780063844e-06
-1.351273012832891057e-02,1.433234996892221620e-02,5.458689609448865582e-02,6.778791855734933049e-05,-2.052674714875650614e-06
-1.216569995737894379e-02,1.365298374122102774e-02,6.032687398852173283e-02,2.338863362007238868e-05,-1.457035150799319170e-05
-2.229692279116177525e-02,2.168367652600404483e-02,6.174751942088354401e-02,3.255043369083765556e-05,-4.602899270289475742e-06
-1.794092279523303371e-02,2.163523885848145367e-02,6.068419499795410510e-02,6.513573868823378977e-06,-3.586603533290724259e-07
-1.771629059124401120e-02,2.099132811821704386e-02,5.807568311369179503e-02,4.681459894923452345e-07,-3.066897937770841735e-04
-2.200641106368961611e-02,2.329453500146443090e-02,5.921420389737216267e-02,4.768884825904325512e-07,-4.461316859650528823e-04
-1.490016784470030338e-02,2.726455957680591971e-02,5.927796910154892185e-02,8.152410163028997952e-08,-1.455816958436239225e-07
-1.550809953647839211e-02,3.090372884452463609e-02,6.061634377059168383e-02,2.491658677521826907e-08,-7.696434040944285182e-08
-1.533508491134485605e-02,3.693699284216964834e-02,5.576196391567372901e-02,5.795492118605169324e-09,-3.216152606252484637e-04
-1.074676970837951974e-02,3.393078399628755848e-02,6.875066450918880523e-02,1.417392173404060136e-09,-6.007925014315238128e-03
-1.160082604526519422e-02,2.657218923743959182e-02,6.521623384672492474e-02,9.189589253291405088e-10,-2.442976281657494985e-03
-4.516423873131154496e-03,2.376159807458339338e-02,5.860258177278308139e-02,2.105356210569623586e-09,-8.804374119652775763e-03
-8.412137172127289939e-03,1.833212229292179377e-02,5.513940566767466800e-02,2.101154937465411908e-09,-7.786815775532015226e-03
-1.790364663203571419e-02,2.771404844865207190e-02,5.643936804755364522e-02,8.083499468886245528e-09,-3.181732516691002967e-03
-2.148150007518013355e-02,2.945133948473960261e-02,5.756681304500423785e-02,1.418352819282620001e-08,-1.709055639839439367e-03
-1.887021970999985115e-02,3.167824668163721907e-02,5.725880135652184483e-02,1.497625148460854479e-08,-4.625001071204286503e-03
-2.909945983827980087e-02,4.268659307706815231e-02,5.184907377429097408e-02,3.969282578936934760e-07,-2.009428895046721996e-06
-2.042043677574348001e-02,4.267488435249647272e-02,5.214212498294774206e-02,2.350848726581595316e-08,-9.910901712229440528e-04
-2.115422052773446859e-02,4.454418982408617222e-02,5.120128566800085518e-02,1.149032892731628414e-05,-6.214724492413057841e-03
-9.731888448133538261e-03,4.125732047983684397e-02,4.937688257535851472e-02,2.545887347320607754e-03,-9.224762970966526865e-03
-7.672808092473178999e-03,4.883825974603212688e-02,4.176860440909040129e-02,1.022039279431602964e-02,-5.603741911420156117e-03
-9.013100128069537415e-04,4.468825259775890263e-02,4.102855451067043829e-02,4.408655638673466583e-03,-1.406010003683777097e-04
-2.212011667476362648e-03,5.145474394788369238e-02,4.307038473273058776e-02,3.656290994079828410e-03,-8.325903602034687189e-05
-1.170425988023886504e-04,5.140414017504302269e-02,3.500074930174451593e-02,8.049228149578546341e-05,-1.781743678485901634e-07
-4.351904111614245813e-04,5.114025533357671044e-02,2.725543949832469337e-02,3.812641726598831634e-04,-1.843978494855680480e-06
-1.085487607063584782e-04,4.359938936218926003e-02,3.714521460597851321e-02,5.434442870734977008e-04,-9.002598924277989345e-07
-8.175941903507278209e-05,4.222842307012547591e-02,3.008046306366666395e-02,4.993123726206223113e-04,-1.426348616758492613e-07
-1.764635693952490978e-04,4.086865013798127860e-02,3.426625731723476065e-02,3.125307952522429007e-04,-1.910644732019936788e-08
-2.010619479828063948e-03,4.768029902249925484e-02,3.143885861406074678e-02,3.794863825501918440e-03,-2.981902010261602286e-07
-2.856555662264292439e-04,3.360761028201312423e-02,3.597847285154615743e-02,7.988756660356309200e-03,-1.988708433192447775e-05
-2.076470560567486383e-04,3.162783332044567103e-02,3.094062856223375041e-02,1.489621568985370625e-02,-4.398656240190756093e-03
-1.067820621003409779e-04,3.514931781227676605e-02,2.344691178103935902e-02,1.025496966714239781e-02,-9.760720534904632813e-04
-1.094976776801385695e-03,3.854979367800877299e-02,1.735787018300586834e-02,1.096724773336087318e-02,-5.245882007478532873e-03
-1.904538621068802492e-05,3.700470441865397891e-02,1.470324126316911381e-02,9.627919211904721608e-03,-2.759406371151528145e-05
-3.231317561765474341e-08,3.660618205572631345e-02,1.119644607083535200e-02,2.093825310434396618e-03,-7.228204027398918944e-08
-1.986597064050811116e-08,3.470581997946748515e-02,4.944899851541342426e-04,2.628698611941214774e-03,-1.837634258994575392e-08
-2.811687188493945967e-05,4.526827043215587293e-02,9.344335248051248975e-05,7.339419051393332102e-03,-1.223349276814659745e-08
-9.079038566537142715e-05,4.663338641671211510e-02,4.331059250668306402e-05,1.692356417598056550e-02,-2.087221902052180527e-08
-1.781182850503084188e-07,4.321238820821148019e-02,5.947733399267103073e-05,1.923790454862478114e-02,-1.683288007661782332e-08
-3.762968782330863597e-08,4.119934378210819703e-02,8.676298082345394916e-07,1.994708930556175069e-02,-7.274221024312021526e-09
-4.560846222924235561e-08,4.555970844951478388e-02,7.969212493787374907e-07,2.243595334823214951e-02,-5.620682560845239518e-09
-2.633469170384687944e-08,3.785360446413182922e-02,1.905401885470961373e-05,1.312732416612018976e-02,1.085372251233417118e-09
-1.186999435949762370e-08,4.366155598730577653e-02,6.059206522904525191e-07,1.736508766595594444e-02,8.539590345454408261e-08
-8.338353858240902083e-09,4.415273948218020883e-02,6.634619520712011925e-08,1.864845595540676887e-02,3.918032032687503984e-07
-8.379484815555716213e-09,4.780517793036009183e-02,2.098028610919250461e-08,1.630886287562977044e-02,2.147697458497362114e-07
-1.547894186605595089e-08,4.201603267583200324e-02,7.029546568125752300e-08,1.726240791937596122e-02,7.650122465299553622e-08
-1.337119567794198383e-08,3.736379823489483637e-02,3.076546114586765229e-09,2.448626740531881577e-02,9.180450731549432764e-09
2.841790622959184706e-10,2.609983905235668811e-02,9.571464622316678802e-09,1.915865014531616464e-02,8.486834909228733797e-09
1.867257438498652746e-08,1.790713049469445234e-02,1.938945371154993594e-09,1.388973727276773991e-02,-1.950732127192445315e-09
1.828474550355175263e-08,1.426642978697353209e-02,2.485938748676733753e-09,1.367347615232449541e-02,-1.141355138701568448e-08
2.898027362766942306e-08,1.653467465868837041e-02,-6.232616635255954428e-09,1.071131924357831937e-02,-4.252043403976112840e-10
9.202555580838368759e-08,1.542597096168656784e-02,-1.448083152144888592e-08,1.253634501545717976e-02,-9.964117426002680757e-09
2.997801648723243065e-07,1.354350831901358736e-02,-1.867948487155535325e-07,1.248460152727937263e-02,-1.018363073373459207e-07
8.096408373251449867e-07,8.467236352203783012e-03,-4.241763732401961925e-08,9.780822113403014190e-03,-1.917439348662038159e-08
2.559267995973543935e-07,8.214962115970186711e-04,-8.863109847251836805e-08,1.674231280223882623e-02,-1.442454289510152906e-08
1.642543127724178869e-06,1.889910834731003194e-04,-2.201668876327649543e-07,8.725367008984965048e-03,-5.796806983767191184e-09
6.886445240868523270e-07,6.478123775867477814e-04,-3.745985393140219884e-03,1.827783461137080789e-02,-4.672654849344556853e-10
9.123980585445957973e-07,1.584410902308055439e-04,-6.073772138038204850e-03,1.436602913295464273e-02,6.749840841600861611e-10
9.994860238249947758e-07,1.671646621068231451e-04,-9.165370340767205193e-03,1.114754742248132494e-02,3.637027021209855626e-09
1.635393147413428962e-07,8.259058800976438932e-04,-2.157964017657988676e-02,2.402626730053390725e-02,5.692937219304196774e-09
7.228433930915289037e-08,1.314257720946723589e-04,-2.423183781902977368e-02,1.971126404898704623e-02,4.057273356575607577e-09
7.195810716213226312e-08,2.018991718396648385e-05,-1.768224171187248242e-02,1.862588531277503678e-02,3.010177514640164268e-09
1.610585533746845010e-08,4.286483392402442737e-05,-1.696370511025768399e-02,1.785481042017202438e-02,2.164874421340319659e-09
2.590921014087109306e-08,1.396358862363103694e-06,-1.894498040132819305e-02,1.278599731389982314e-02,1.118609537750135869e-07
1.134637786396739959e-08,1.900282748829877495e-07,-2.129454272865798775e-02,1.121339911791152319e-02,1.084280179867183867e-08
2.663270530343304904e-08,4.316059140110374409e-09,-2.208978931924999653e-02,7.647946995593586823e-03,1.346574672612813740e-08
1.609416013410248825e-07,1.553740823142371451e-10,-2.821933958832954781e-02,4.522299947589975694e-03,4.007064272517683232e-09
5.296263050681408379e-07,-7.049406832040971487e-09,-3.064876425050469880e-02,4.316406094186420010e-03,9.428225115658728253e-09
1.397649359432439359e-07,-2.153694455759300608e-08,-3.215668593249950552e-02,6.809386847937137777e-03,1.004463618755702458e-09
3.974080957988437949e-07,-2.658699253047006300e-06,-3.309708255826977752e-02,1.025657519134970039e-02,1.057622575630545210e-09
2.763358615703104786e-07,-1.414457198199122757e-05,-4.065553614790509696e-02,7.912507212581977242e-03,4.718366623385838380e-09
4.978212596437880876e-07,-3.516349374363192657e-07,-4.718579773717093695e-02,5.431890370887980032e-03,-4.273916176542448737e-09
8.703808939408667799e-08,-1.324819411004011853e-05,-5.121538629268723025e-02,1.095881251676473697e-02,-5.729111377910379464e-09
3.749342885346939287e-08,-6.538231341479554574e-05,-4.365381497261946325e-02,1.686853815611544238e-02,-9.929533440511956719e-09
4.812346931418064103e-08,-3.122197812969466950e-05,-4.620264733325777501e-02,2.297066730675045160e-02,-7.946677675385356675e-08
1.874735134851396776e-08,-3.672094625091947382e-06,-4.565120717174155074e-02,1.727757512833963741e-02,-1.008134730772365928e-08
3.615674368257176454e-08,-5.031314170428631658e-06,-4.607468341911503951e-02,1.898021414868621137e-02,-1.386215294700697130e-08
-1.012832743213201887e-03,9.940611079853914855e-09,-8.507330730150492490e-06,4.813521432905400696e-06,-1.499038297578357418e-04
-8.026962698876099686e-03,1.527244058693381554e-07,-1.610292607391654941e-06,2.721944522738149058e-05,-3.295643686420654701e-03
-1.517257573962790991e-02,3.394928185630863740e-06,-1.788222333904882333e-07,4.180429100045245036e-06,-4.728817923818507546e-03
-1.999057136890433628e-02,1.121567361353406034e-07,-3.890072213171386032e-07,9.684090881896585661e-07,-1.742856282051099582e-07
-1.925675957149105069e-02,1.202628448026610809e-06,-2.278202974943457785e-04,1.046625819835357807e-04,-4.613889588768027746e-03
-7.108347395242785652e-03,7.568782528050876273e-04,-7.663641245588893088e-04,5.017528889656193951e-05,-1.010714586498545967e-02
-3.897278274944330871e-03,8.301373518824483612e-05,-1.668761476990148764e-05,9.444163744649264433e-07,-8.295464570590525138e-03
-1.337948071175867198e-02,1.139249269127713254e-04,-1.309112690782256996e-03,2.212818965237656644e-04,-1.561834381058984679e-02
-8.156147185387107451e-03,6.063620879103417049e-04,-1.087898157791430953e-02,1.006748955139350962e-02,-2.744726855219196612e-02
-7.706011967030150858e-03,5.860775831210135803e-03,-2.060760970655677038e-02,1.627310881211567820e-02,-3.222890680609302727e-02
-8.991464449254402136e-03,3.647987166758546746e-03,-1.749726146924847001e-02,7.555537850553636393e-03,-3.129585498164050295e-02
-1.503896516940183420e-02,3.146303948662849698e-03,-2.780091742236106764e-02,1.304844890540389837e-02,-3.465128693289457051e-02
-1.217872766204947804e-02,2.025524462071581853e-04,-4.202717496836461120e-02,1.094583591669135228e-02,-3.943560395389652390e-02
-1.458381872083930157e-02,3.968699287168577124e-03,-5.173322052312416541e-02,1.856349044327100517e-02,-3.737495149939019240e-02
-2.096436433073711053e-02,1.564908553347663794e-02,-4.666260760196437596e-02,1.793696867930169581e-02,-4.803121580892215359e-02
-2.133635765696209260e-02,1.159918560881985708e-02,-5.026761900174298719e-02,1.355170364050524434e-02,-3.677897923414628900e-02
-1.974174543430555137e-02,3.646855065929210937e-03,-5.053699659560122182e-02,1.716086408033814029e-02,-4.066647766135205594e-02
-1.912404620740281586e-02,4.704968758698555714e-03,-5.316170473044758843e-02,9.444554024021566824e-03,-3.731367722698154116e-02
-2.032756157763272384e-02,5.836922547809967124e-03,-4.460409056178329945e-02,1.855299774547815653e-02,-3.384778064263109509e-02
-2.806348621037360949e-02,5.854156965919507689e-03,-4.950897943578650567e-02,1.626501671407467459e-02,-2.028579256073162473e-02
-2.085566669665734826e-02,5.260259445923272902e-03,-4.398329124504397891e-02,1.107693857498812627e-02,-2.435279851888540875e-02
-1.482584826764396860e-02,1.019890660043559771e-02,-4.552098199159171354e-02,1.648496972496945462e-02,-1.662643080883289062e-02
-1.617679699634462162e-02,8.633833319721437305e-03,-4.264505350440713632e-02,1.068879899921565922e-02,-1.653368100737235766e-02
-2.047657696900044913e-02,4.774414755248750086e-03,-4.754856180152214340e-02,1.731756683216319204e-02,-1.610976706486283785e-02
-1.689390846713368852e-02,5.196462712252976866e-03,-6.009211783200690132e-02,1.950181051142911917e-02,-2.491397257657992914e-02
-6.709470754382212444e-03,7.687247038957058416e-03,-6.158846591836985435e-02,1.423050636047109782e-02,-1.783927438091735887e-02
-8.906057596875903079e-03,3.373960390606796540e-03,-5.731191159088436238e-02,1.706217420904391352e-02,-2.421331894421397887e-02
-1.865393018173642711e-02,1.957764530366424682e-03,-5.833414743649547457e-02,1.458578880827810648e-02,-1.685576435148540206e-02
-9.831818196880988056e-03,9.864501092281107580e-04,-6.350084710014328171e-02,1.517227000446703597e-02,-2.468215501302226805e-02
-1.654083173764313644e-02,3.309392959421083354e-03,-6.671871923652880620e-02,2.054906199914337261e-02,-3.255352403787328819e-02
-1.344304336655675718e-02,2.872812883048954900e-04,-5.860023377408578316e-02,2.214046234073478031e-02,-3.844639561886410706e-02
-1.370006239670547299e-02,2.309735779458704733e-06,-5.986847882020580880e-02,1.370319969608753408e-02,-3.613507729380929095e-02
-5.240420745679858112e-03,1.169796162871760083e-08,-6.455231971934066726e-02,1.920651975754084431e-02,-4.437430858453852989e-02
-8.679522839931761574e-04,3.931468376967868891e-08,-6.924990176070969228e-02,1.635572399758357387e-02,-5.020971671888273258e-02
-1.188459297929601345e-03,1.596330977303383748e-08,-6.948885532756263195e-02,1.537119011919878958e-02,-4.943914322488957708e-02
-4.986149916462226904e-04,1.372073741859802275e-08,-7.770634793857822409e-02,4.848519828559481361e-03,-3.731222511707898287e-02
-3.959107437556189102e-03,9.922116043170049961e-09,-8.885909262797787866e-02,1.929445129745559900e-02,-5.013000726440763888e-02
-8.121819821104512682e-04,2.506221259223044917e-06,-1.002133058328891491e-01,2.590787481702289813e-02,-4.128810448919822268e-02
-8.283423206664823971e-03,3.343054797655779786e-04,-9.477907223146093962e-02,1.550033659754216676e-02,-2.133381400388268540e-02
-1.471220020909581351e-02,1.675048073421714766e-05,-9.112795768698367382e-02,1.512183830937165879e-02,-9.466657340190445108e-03
-1.495156521671585879e-02,6.716304388309920677e-06,-8.744222006472417152e-02,7.400140150831248029e-03,-1.679436425002014401e-04
-9.300919724109710934e-03,1.407170538863833160e-05,-8.037071199930927168e-02,1.302238314628710911e-06,-7.897913829350410905e-10
-5.574909883496344948e-03,4.245346345066047332e-08,-7.492388101309381543e-02,-1.203316083183497654e-08,1.762116064870805637e-06
-2.922135616026351121e-02,1.437725789240203160e-06,-8.229623226462493002e-02,-2.631938047029590971e-02,3.978894728398020032e-03
-3.287785986693592122e-02,4.769859331733167604e-07,-7.979253995373276898e-02,-6.284661269312429022e-02,1.533134157144470065e-02
-2.189233359308860594e-02,1.053735868936623129e-05,-7.307296479530901723e-02,-9.941943511383992405e-02,2.959109067982503352e-02
-8.432343125326802885e-03,6.606230008813593238e-05,-5.204232760101965005e-02,-1.333221708433249830e-01,2.690678005425191019e-02
-8.232104374740896154e-04,9.587157637506862201e-03,-2.795524522097774314e-02,-1.622037676594941524e-01,5.735910268430154807e-02
-7.394593532979649487e-05,1.837247328022335868e-02,-1.068480742717428829e-02,-1.754186989540795216e-01,6.262918450136192861e-02
-1.055888951037089126e-05,9.147428766789604884e-03,-1.366309525959101588e-03,-1.792015121891374352e-01,6.063889086726171468e-02
3.916078543272953454e-03,2.906215950635922544e-06,-1.016467746792261492e-06,-1.712579796460587667e-01,2.161059433060432203e-02
3.109232271725160396e-02,-2.482082682498590899e-07,-1.313522758803040198e-07,-1.724970172839744020e-01,1.256555104187430296e-03
6.638364081942688122e-02,-1.498559047667391033e-04,-1.374623151952143977e-08,-1.648462523063974339e-01,1.204399059137127156e-06
8.597279471386738703e-02,-1.444204161554895303e-02,8.495103932368638808e-09,-1.440301967516510184e-01,-1.000354769965743261e-08
1.179455283361746237e-01,-3.483692930243083991e-02,2.842948959526647670e-07,-1.148322008303459540e-01,-2.561476685625244110e-02
1.488440324021022831e-01,-4.676787235476303345e-02,1.032695134693222597e-09,-8.002320928497475006e-02,-2.886725085071524186e-02
1.718715718488341426e-01,-3.586695271042734945e-02,-1.217523464897265924e-08,-2.561668639969439526e-02,-5.273407675849765830e-02
1.879637620100100548e-01,-1.612269418975493043e-02,-1.202546349589709019e-06,-4.637475540888093706e-04,-3.715202080149408725e-02
1.903336470072316822e-01,-2.366561081980092440e-07,-1.678623051138437565e-05,-2.324790232430958987e-05,-2.046804269920937322e-03
1.814491925697301056e-01,-1.335498899185612491e-08,-2.254471682234987008e-04,-6.430052445697729028e-07,-4.114568317938008555e-05
1.702205171948207307e-01,1.445909130560579139e-09,-2.501358168607899571e-02,3.675296609615704563e-02,-4.118391303533146025e-08
1.550112217082327548e-01,4.141442319140739071e-04,-2.239313137468391252e-02,5.058703845139252142e-02,3.726732404083693551e-02
1.271493959512457195e-01,1.490502091428892208e-02,-2.029813242910410986e-02,5.206943517761089546e-02,7.166918978413076846e-02
8.858944881059920007e-02,1.107058279945264540e-02,-2.147347428156447247e-02,4.074676778789636244e-02,1.151534684892974586e-01
5.564682300665167031e-02,2.796569383430903851e-08,-2.448496675945852075e-02,2.220549462784105615e-02,1.378629175755725078e-01
2.287525522900548877e-02,-3.484339871832742800e-07,-2.221212819246096148e-02,3.498490209346124570e-03,1.631334513280542076e-01
3.369736769458546704e-03,-2.340419042891111936e-05,-2.610356421409258021e-08,3.520025152063163253e-04,1.733591363012378095e-01
1.599363784941794202e-04,-5.241220612883033380e-04,5.138577673792913050e-09,4.038769122695330481e-05,1.869313939845046457e-01
3.389514061971941914e-06,-4.666045157526010206e-03,2.543425552803484141e-07,2.815887371104876274e-06,1.856475972388551277e-01
1.674507966910899560e-08,-1.812214694869418788e-02,8.214746486670205880e-07,1.730445369186163730e-07,1.832457718307654304e-01
-1.762678451332560191e-04,-4.303234178485130373e-02,6.102539595361210098e-05,1.040529255737446668e-08,1.653218270086948549e-01
-4.361564797666760140e-02,-6.797525925757702536e-02,1.641673339661846786e-04,1.288485836666806116e-08,1.595350594061706040e-01
-4.736666775582314137e-02,-8.364307807192088162e-02,2.857839838953044878e-04,1.419795146315647578e-08,1.348306410085911566e-01
-4.529923859769473954e-02,-9.702577502602958981e-02,1.384398778487201317e-02,2.079494413255989915e-09,1.135706402828764727e-01
-4.040624615386732149e-02,-1.070034051707567657e-01,3.036382276292476368e-02,-9.821216176604895562e-09,9.302389746500014378e-02
-3.137929956583104807e-02,-1.150558037672939488e-01,4.017059214538509782e-02,-8.155500881809648259e-09,7.103513431652123955e-02
-2.229114491388224303e-02,-1.241711210587257003e-01,4.288829563947883783e-02,-2.227203040126773927e-09,2.800988354915239995e-02
-1.512141378699893846e-02,-1.233661634225348830e-01,3.897458540565641727e-02,-1.350040389221194878e-09,9.605776220723576846e-05
-3.188357014741645141e-03,-1.164592933417667592e-01,5.151355845813234552e-02,-4.498972987729916244e-09,-9.428707382282634964e-08
-4.354460309036604134e-04,-1.204027939738987751e-01,4.657147415505765581e-02,2.857510646599644332e-09,-3.528410530283688108e-06
-2.260513184886287004e-05,-1.133748393441088853e-01,4.746832161104928838e-02,1.272347291698905170e-08,-1.309726858337271094e-04
-9.565215396130381524e-07,-1.054798529006288621e-01,4.606909874199335148e-02,2.303837712248703432e-08,-4.217461909222308485e-04
-4.326140867624945124e-07,-9.211820483192896536e-02,5.975534017251072499e-02,7.393418634072520215e-08,-8.172778040105998934e-04
-1.085951634269855839e-05,-7.386930987372464230e-02,5.967076003085543257e-02,8.581407075427703243e-03,-1.364125811242724792e-03
-7.527218524585227487e-05,-6.987092167982252022e-02,6.267406185596471890e-02,2.910567285548163949e-02,-1.811136813928968664e-02
-6.029652279532904781e-04,-6.008178958107254775e-02,7.357554030613533413e-02,3.092512609160227854e-02,-2.736245969037062395e-02
-7.737480947798755634e-04,-4.934517455101514183e-02,8.555639145209747998e-02,2.796176272993172382e-02,-1.792940086364114977e-02
-1.038518058521374285e-02,-4.205811858388801283e-02,7.519287914542242823e-02,2.973180297918924866e-02,-1.554926580816371091e-02
-1.253707777023632328e-02,-3.526453733734529611e-02,6.471460069467864507e-02,3.789947159847635583e-02,-1.953301284768752324e-02
-7.510274720492882312e-03,-3.017575977045350993e-02,7.168677741505009859e-02,2.882485499368585627e-02,-9.469530552992586059e-03
-5.937448590536526481e-03,-2.580986813744048924e-02,8.385605819577933440e-02,2.597269296033368619e-02,-1.433495251140933478e-02
-1.230108747710219851e-02,-2.568599281966780015e-02,7.797840987968995830e-02,2.289045376526023176e-02,-9.732644598797642044e-03
-4.779424391381217364e-03,-3.358141580635151668e-02,7.854866470264590395e-02,1.546687601881542758e-02,-1.112585282424294678e-02
-1.472300542458046188e-02,-1.743480331446117110e-02,7.898886816564641700e-02,1.678083280662101898e-02,-1.503568337064676089e-02
-1.133217327333911964e-02,-1.595758372044638052e-02,8.753849192671586676e-02,1.207355684003381946e-02,-2.100026130572327926e-02
-1.199412946854425815e-02,-2.156756119948716015e-03,8.831384983406989631e-02,1.376979208483310700e-02,-1.599128878154027975e-02
-1.018515246536255388e-03,-1.350285160430944142e-04,8.923825226459441984e-02,1.013978746917455591e-02,-1.622289127155369937e-02
-4.488234139477697204e-05,-5.074022380898427002e-06,9.019065368265438698e-02,8.193496454814250961e-08,-1.059415558766670269e-02
-1.698823023118949769e-05,-1.438518119873562561e-09,9.368170201779874029e-02,1.418679633479487386e-08,-1.645577536030647450e-02
-1.080232083026899220e-04,7.191012052825985840e-09,9.272370585683718802e-02,6.098464473370043736e-09,-2.585444926785064601e-03
-1.977944670703882496e-04,6.208420820715343953e-07,8.723195272676168011e-02,5.766321308538260852e-09,-4.732459070187757140e-03
-9.902182561174537815e-05,2.481587469212222404e-03,8.758429619681772083e-02,4.549405431393664936e-09,-2.084526789610167356e-03
-7.250285321927494079e-05,1.654256710521728735e-02,8.270511634044437621e-02,1.100581170365697437e-08,-1.924848646055047675e-04
-1.139639158658543568e-03,1.869820444282265307e-02,6.653647753075885019e-02,1.559879711862447914e-07,-7.600929796698101285e-07
-4.244696999673765051e-04,2.743338433181895589e-02,6.207820761450293101e-02,5.037750535526282734e-03,-7.471918495747151935e-06
-3.192631540346762046e-04,3.356589779285068520e-02,6.655563175033669954e-02,1.022968141390646448e-07,-6.407907264522015578e-07
-1.096212524988632076e-04,3.119646127147108344e-02,6.940742522860603170e-02,1.434409091359416755e-08,-2.881207140075305300e-03
-4.178950423787820118e-04,3.564784319102176635e-02,6.718581687567737326e-02,7.380652089681514939e-09,-2.488976845137832740e-05
-7.072963481070432441e-04,3.985878173230122945e-02,5.937162909181568221e-02,6.556020894264837674e-09,-3.437167943987001826e-04
-3.001127335956444223e-03,4.250010951178889024e-02,5.900675613606050363e-02,3.473160684486031409e-09,-1.083251835106107536e-02
-6.846731089710001578e-03,3.611925160344818531e-02,6.591857739982230624e-02,1.615423665355623847e-09,-1.422426320298340527e-02
-1.398611025926019486e-03,3.196903625581629105e-02,6.083478819365781970e-02,-6.935718435238866465e-10,-9.791905866141297626e-03
-8.285595653765324628e-03,2.520498934550840023e-02,5.784057025200440433e-02,2.507309038521473347e-09,-2.225931216098062798e-02
-2.711884942233607886e-03,2.683025003669851916e-02,5.820433378237919314e-02,-1.989441862913410893e-09,-2.318232840192909275e-02
-1.943442817898553604e-04,2.765711907964643959e-02,7.224049510552406350e-02,-4.762183002018924034e-09,-1.786407744736031797e-02
-2.006343467952731961e-03,2.651676616384441784e-02,6.538679440191828840e-02,-4.642777341471580891e-10,-1.177441258449951796e-02
-4.697883047211467294e-03,3.011660084477563865e-02,5.101954268237481049e-02,1.152236173668675722e-09,-1.826931802794764734e-02
-4.897983358910291095e-03,3.461844299854714008e-02,4.589956921800893153e-02,2.127333999191052482e-09,-9.967326712258056665e-03
-1.777294750213884514e-03,3.803397364419889431e-02,5.674670655656002816e-02,-2.309660978713208357e-09,-5.565667496339520102e-04
-1.579864056981611017e-02,4.579456349478497335e-02,4.743360014582596179e-02,5.054068978555927223e-09,-8.286857579008659661e-05
-1.106995118510009819e-02,4.375933988067455538e-02,4.658662044972196326e-02,9.121034578240405704e-09,-4.405652719191190461e-03
-6.402249333238613400e-03,5.058104187046019717e-02,4.747907977908152888e-02,1.112745901916232219e-08,-9.486136544730312120e-03
-3.674763250009050082e-03,5.089039838341807842e-02,5.350570120758484094e-02,1.871142559089122071e-08,-8.255783007954471328e-03
-7.367056593631165357e-03,5.507414851741070788e-02,4.511727494255275694e-02,2.908801024959326761e-07,-6.372805035403390338e-04
-3.979689633347678786e-03,5.379250151337097718e-02,3.345293261738215701e-02,4.505852456133105539e-03,-8.577395381601462046e-03
-4.537433478910466952e-04,4.495096532377590437e-02,2.980573484888970198e-02,1.083275244727359594e-02,-1.720188926250624389e-02
-3.577206605884476146e-03,4.990861613282963211e-02,3.273952691189385700e-02,1.548541440191837648e-02,-1.997247649388588647e-02
-8.053514958558397052e-03,5.533157117649933204e-02,3.177943665744950574e-02,1.408863033352712735e-02,-4.001464170037266101e-03
-7.290580520839312281e-03,5.616554152843301895e-02,2.163657376770861465e-02,1.256072657778518724e-02,-1.975593264504330753e-04
-5.844644340367612968e-03,5.899387078098746601e-02,1.224173116125015434e-02,1.359057282073038511e-02,-6.918982574403149408e-06
-6.784789633947330666e-03,5.098002199916782523e-02,1.186227709001630611e-02,1.489776187569125283e-02,-1.712576235481853251e-04
-3.433601173547370586e-03,4.650832155810648294e-02,1.228805992809118685e-03,1.736488234775951378e-02,-1.943789953436623678e-07
-2.600616248270372398e-04,4.877836721317251739e-02,2.886273448439018399e-05,1.745378186576121426e-02,-4.740318865217618319e-05
-3.374976701643602693e-05,4.871996546125519079e-02,4.198308358995414522e-07,1.248677235414279336e-02,-1.295466974987225938e-04
-1.951748933528182805e-05,3.924412686506022208e-02,1.680036946679449372e-06,8.752076844920868640e-03,-1.012652343424258900e-04
-6.967662950128351276e-05,4.536838509757122606e-02,9.676049950358128140e-09,1.449345802210713109e-02,-1.171503735388433743e-07
-4.358818751930557972e-08,3.250352836837564624e-02,7.563901680874999455e-10,1.552220731293155187e-02,-1.014898454363701292e-05
-2.775042013715165610e-08,3.858346211214873367e-02,-5.781002029251057375e-09,1.048455124938322408e-02,-9.934986611334949426e-07
-1.271924519675167333e-08,3.891724742874439619e-02,-3.695179233704297151e-08,2.221825257805591300e-02,-2.161409247400866916e-07
-1.447115730146917189e-08,2.991990137856584756e-02,-3.735047245670519106e-07,2.052732861496209954e-02,-4.062091764761383669e-08
-1.000563362972317631e-08,1.923624872779177569e-02,-1.023504129694627147e-05,2.224461494295953967e-02,-1.018167998030749316e-07
-1.052569426875917291e-08,1.825635773071602325e-02,-7.113932907828032965e-05,2.038229528631816528e-02,-2.858365856027439971e-08
-1.799328121454839109e-08,1.100874183472680228e-02,-1.271056469727267183e-04,1.768333321159469215e-02,-7.305287881673025083e-10
-4.413185868961537674e-08,7.472389224584401711e-03,-4.648379517421900690e-03,1.586993002604295336e-02,3.668931017971791664e-08
-3.166321480505797057e-08,1.731104842515680461e-02,-1.982984707794826357e-02,2.434103844248458950e-02,1.123598973112446439e-08
-1.848442921860643174e-08,2.107806005901319626e-02,-2.165378752942076837e-02,2.085033462153692424e-02,1.118776356822561775e-07
-1.748758416792906015e-08,1.261979727445628613e-02,-1.398678948931631437e-02,1.678704823070813548e-02,1.596377130283723423e-08
-2.282677834927297227e-08,1.776477775989878868e-02,-2.256707441496388911e-02,2.745952396274106352e-02,-2.231256805730561100e-09
-6.185210415016275889e-09,5.502063591984668496e-03,-2.240653752709615559e-02,3.173227493127782350e-02,-1.991685981965748792e-08
2.068439680370509670e-09,1.188247155896816031e-02,-2.786360029966370930e-02,2.922868952805681222e-02,-9.287635434511119741e-09
1.332809288530541779e-09,9.250508084139833290e-03,-1.702914516449912513e-02,2.509622535358590339e-02,-8.519272760377927220e-09
-3.159825277117373897e-09,1.677440502394762171e-03,-2.425137543062679327e-02,3.194648464519366654e-02,1.646779551260427869e-09
8.132283533142232678e-09,4.263945227095104653e-04,-2.721103930014515809e-02,3.179094886256841196e-02,2.708270965517380229e-09
3.546494489122761484e-09,9.850852184104625861e-04,-2.121423678350622261e-02,2.582245541882974629e-02,7.542711735634121080e-09
3.887754949301522349e-09,3.050090707728988354e-03,-2.487867107097084182e-02,1.652236222117663828e-02,1.647032333958365626e-08
-5.839424438769152780e-09,1.409383897959098084e-03,-2.167268774303911238e-02,2.249036820662832920e-02,1.051485591775164394e-08
2.174079547378762106e-09,1.221073156018227671e-04,-3.126504344096075333e-02,1.829761808583543412e-02,-1.406992806252858409e-09
3.663797622618233692e-09,1.591582224063734115e-04,-3.775670451789803206e-02,2.403184674508145394e-02,-1.479390617212279231e-08
-4.011522837481470837e-09,1.666854079110642139e-04,-3.587395914271627323e-02,3.164847117602064691e-02,-1.019536116383330877e-07
-6.828442588746105659e-09,1.214094846739339378e-04,-3.482280050123900961e-02,3.235098855895156278e-02,-6.149523500645212910e-08
2.432981152039146583e-09,5.798305441456776358e-08,-3.692755955223982894e-02,3.304022125893893436e-02,-7.169313310906132463e-06
1.255231793316117371e-09,8.051663433309435133e-09,-3.534541062285022350e-02,2.528901513141077265e-02,-4.086316563297659446e-06
8.482174761455913555e-09,1.116735574317552180e-08,-3.425261561000029348e-02,2.576081815434820912e-02,-8.962903059390825410e-07
5.992595226432519547e-09,-6.672919507545707393e-09,-4.001511940319932292e-02,1.865435247967178398e-02,-1.234543201204371110e-08
8.167398527408202028e-09,-2.245922698884603097e-08,-4.092193700032857595e-02,1.773701536318326999e-02,-1.192908815394540795e-08
1.844243289635624424e-08,-6.938533012918697852e-08,-4.105518255235446334e-02,7.051133907137386268e-03,-3.382968416895784500e-08
2.561381115201247298e-08,-6.105664008282563555e-07,-3.236887712258568889e-02,5.055008321453197118e-03,-9.822512657837774868e-08
1.053027158992116113e-08,-2.210984606828701233e-05,-4.052361642135202807e-02,1.229215595432502951e-02,-2.057051030095880534e-08
1.591969813539031138e-08,-9.944475170120626391e-05,-3.572877160548178221e-02,1.416662693234622961e-02,-3.307822064686041276e-05
3.923546949086861695e-09,-8.457600255813868962e-05,-4.129131028040552986e-02,2.608797512786460021e-02,-1.894468958531285441e-03
4.282744225098789499e-09,-2.930962941585578776e-04,-3.054061483782583714e-02,1.250024228152509485e-02,-5.922890737454229292e-05
-1.832211642311554660e-09,-1.837543909726903896e-05,-3.275617212744271617e-02,1.452585491183993639e-02,-1.914653406792696418e-03
-9.136311812806403641e-11,-5.637430423980300734e-05,-3.203893099144845130e-02,1.098594132269151320e-02,-3.172507381681303264e-05
-2.376745492858309844e-09,-4.805048458200591262e-05,-3.287207572288074198e-02,2.125101317972661469e-02,-7.592350650341315402e-04
-6.292013407171599991e-09,-1.659234663735104182e-05,-3.655064792586957406e-02,2.522544932188250377e-02,-8.922611416753774283e-03
-8.545977058710249262e-09,-3.005669248271075571e-05,-5.127999887382263255e-02,2.495152154900326727e-02,-3.914552113388560250e-08
-8.963310468305124257e-09,-1.911504712975630534e-04,-4.457563735788960813e-02,3.454460167650081487e-02,-6.144389585708052472e-03
1.111080760649931449e-09,-5.392034810813662118e-05,-3.422818324630001741e-02,3.243880850275866756e-02,-1.140628120392894046e-02
1.327209323513788921e-08,-4.629928312284799967e-05,-3.382034059641516460e-02,2.760874096751612938e-02,-6.378332136761927912e-05
9.597503468828272551e-09,-2.035031853957374054e-06,-3.740211086027637327e-02,2.595627069186473221e-02,-2.967150219438441968e-05
-1.849204402227131393e-04,1.702989724572835871e-08,-5.008508460254911362e-05,1.636898763931740847e-08,-3.502883165379642311e-03
-7.980703261901378421e-04,6.783772517608959410e-07,-1.729452167567059866e-05,1.560307088328483902e-08,-1.436594155085707362e-02
-1.037544272790137103e-03,5.173218074244195362e-06,-3.603389134216123273e-06,2.482739066099104081e-08,-1.129629666459059691e-02
-2.405743131210281906e-03,3.128275830070184269e-05,-2.055979590235645246e-05,1.520257439910681924e-06,-2.059489062290924613e-02
-4.884988628708238079e-03,3.202968315912844109e-04,-2.413386743121576647e-04,6.099824486943849359e-06,-2.358955297287852054e-02
-1.741315219807143197e-02,5.595590098227134004e-03,-4.251709151791393908e-03,2.504795471020217318e-06,-2.019949343365669628e-02
-1.437815426994313792e-02,7.887054922026178611e-03,-6.068427475316573796e-03,1.601650489899538957e-07,-2.590559280565480141e-02
-8.749350865776460429e-03,1.078335245599686652e-02,-9.975897761679685533e-03,1.486484029238794136e-08,-2.838731751414516266e-02
-1.761872590773637046e-02,1.356250340604546120e-02,-3.504891941963853160e-04,1.226327474682449276e-08,-3.444384491686078298e-02
-1.499374810878817237e-02,5.809434166845087698e-03,-4.790709264373934836e-03,1.022632616032796599e-08,-3.503923453563102114e-02
-4.105198015818653685e-03,1.109607602463737159e-04,-3.811871607742832718e-03,-4.231270091231450452e-09,-3.018769481002703259e-02
-7.714927530438752713e-03,4.075537866817111532e-04,-5.500809978632752693e-03,1.126166243120065725e-08,-2.627829001420169466e-02
-1.609272407302925201e-02,6.154254582475723314e-05,-9.295398574091791322e-03,9.789335006314379248e-09,-2.101866597829619293e-02
-1.336162365886082656e-02,2.231518807278893462e-04,-2.213020371132857003e-02,-7.621101811835093649e-09,-1.768981292544689887e-02
-2.052745896011267529e-02,3.232301112958334776e-04,-2.051270553348929701e-02,1.739823248013215171e-08,-2.273194713671073189e-02
-2.099495119307264596e-02,5.178902528631916654e-04,-2.381050403592738923e-02,3.301710512904891141e-08,-2.607876468996234848e-02
-2.007974810280038769e-02,1.216807837810926274e-04,-3.559246711440077621e-02,1.589465083442932331e-07,-1.774405528606924631e-02
-2.190036579051753488e-02,4.432791462277528024e-05,-3.638147210809827836e-02,8.208623102425010014e-07,-2.229710506922422467e-02
-2.370039623951672447e-02,1.141903612606890448e-03,-3.453157304755608697e-02,5.562744684134764980e-05,-2.354363433997910815e-02
-2.946371013134386346e-02,5.043499713825445700e-03,-4.729074637210368970e-02,3.252796885286267110e-03,-1.702890439362532080e-02
-3.417698641921512737e-02,8.297177302855163888e-03,-3.988198345088432573e-02,4.391441085711475512e-03,-2.661551910040281174e-02
-2.987354730044192511e-02,7.277008911304257491e-03,-2.824562454803194317e-02,6.979102766202286562e-03,-2.942438007936383146e-02
-2.324856345104851091e-02,8.335795327268873470e-03,-2.520072758273000230e-02,8.754075789464377468e-07,-4.546167322817241258e-02
-2.392808767102279008e-02,8.682234243849999700e-03,-2.168107232328408962e-02,3.920144973928622184e-03,-5.298903801066834340e-02
-2.095489677514736707e-02,1.145455203078129050e-02,-3.425728676145711749e-02,2.889856509226248951e-03,-5.140327686729030676e-02
-2.159382567472496045e-02,9.062439435659572912e-03,-4.012465259567397219e-02,4.643289380495326753e-07,-4.623861754366829363e-02
-1.896644869224094199e-02,1.626370514104378412e-02,-4.229354464097081351e-02,1.729865260495425767e-04,-3.731752951285371989e-02
-1.869703788160078858e-02,5.453522994163715470e-03,-5.047906176096405434e-02,2.972009446960050850e-04,-3.185256205059865814e-02
-1.790916363814410578e-02,2.472385634886124697e-03,-5.749370139559539794e-02,1.460973378480500263e-04,-2.641585879299625933e-02
-1.854595003745095755e-02,5.745438183504166137e-03,-5.480491596704336471e-02,1.415671889447330470e-05,-3.125621897237194219e-02
-1.527109647552647373e-02,2.087291306019450898e-03,-5.259306229902865198e-02,9.976752858201739758e-07,-3.342560932423082470e-02
-1.548284158388469299e-02,6.772626830203415469e-04,-6.145349244206368966e-02,5.031888288267145640e-07,-2.644887862777456355e-02
-2.059101296214875185e-02,1.745364520847973971e-04,-6.769711759405742935e-02,5.574545901995936587e-07,-2.956128785696144484e-02
-2.542765251920492756e-02,7.573110617482926773e-06,-7.368158032594923634e-02,4.097245744994939139e-07,-3.366020332463173781e-02
-1.880152562962141352e-02,5.579676134194404388e-06,-7.650614308721470636e-02,8.601071400726893950e-07,-3.786314846937873652e-02
-1.169752772530887296e-02,2.131100653987246312e-08,-8.501300733221592298e-02,8.264380253622206289e-05,-3.113052406417482140e-02
-9.905028776123684167e-03,6.798348284798641400e-09,-9.279380286074727369e-02,4.633811924747521880e-05,-2.665224783257433630e-02
-1.103100049867465279e-02,1.694478164361570546e-09,-1.048147441896495335e-01,1.850043035034127817e-06,-2.011300062662976437e-02
-1.378376385207383779e-02,5.402747441234550884e-10,-8.562261098252427205e-02,2.442538778806600009e-06,-1.687962223045621005e-02
-1.513203489024936461e-02,-5.805370171638091322e-10,-8.693544017241523758e-02,3.356033889869849197e-06,-1.511923121991543689e-02
-2.876424733914549961e-02,1.485400890068059732e-08,-9.025064808007886297e-02,1.130605777033540553e-05,-1.796572381127070397e-05
-2.701837426226108216e-02,1.572972142245730158e-08,-7.736287360850770123e-02,2.694128526066887490e-08,-3.724744577054287658e-10
-2.859341686702733878e-02,1.923820631315002226e-08,-6.379969243238174659e-02,-9.213226450311335670e-04,8.097915088871939737e-08
-3.901030443960648575e-02,5.133532669893748387e-07,-5.666617954922045786e-02,-3.515408093462959321e-02,1.101084023188782143e-04
-5.689843638565044576e-02,1.176431839607513749e-04,-6.273233134522482324e-02,-7.317076946494004142e-02,1.522655471203910021e-03
-5.662905656444926911e-02,6.331879429064547456e-04,-5.321470898867347588e-02,-1.129732660592083909e-01,1.207616674857532255e-02
-4.535262594549233778e-02,3.765453078304772591e-03,-3.566475836568182983e-02,-1.463363479055621585e-01,2.440630160294607678e-02
-3.666554080629276513e-02,2.185447491215379220e-02,-1.248677072789725583e-02,-1.659962538899439899e-01,3.296701406706228216e-02
-1.388435288450771618e-02,2.361044429621093205e-02,-1.786552326500190783e-05,-1.898922400602667260e-01,5.093969211120950163e-02
-2.745049413539245222e-03,1.945219549966925934e-02,-7.586151253331134386e-08,-2.008960928016079728e-01,5.527888954453592796e-02
-3.524190572842015809e-05,1.396033116717624797e-04,7.873779155199503985e-06,-1.975431641251433057e-01,2.414207892483816176e-02
3.763212995380943188e-03,-4.911068873900602657e-09,4.337626194712354555e-04,-1.958040857778595156e-01,9.916236835226964128e-04
4.521906812547552001e-02,-3.657747349667103521e-06,6.049989044971573748e-03,-1.832749654505422821e-01,2.739940616947513680e-06
8.396596323443639154e-02,-1.786016184282211011e-02,1.043576222742069112e-02,-1.665442448950145982e-01,-1.023984793766154209e-08
1.340326651406436309e-01,-4.312325156736757092e-02,1.423073104139847833e-02,-1.331154203998824448e-01,-3.889330703909398695e-02
1.834360045764774905e-01,-5.112812838020990708e-02,1.415270322309504763e-03,-7.915992868223456491e-02,-5.471875011646599313e-02
2.154146515748143198e-01,-3.195376221665542638e-02,3.617459057119021697e-07,-1.754905187245112130e-02,-5.466384918126918763e-02
2.269128266867159460e-01,-7.827334857088472884e-08,-2.188812531062893910e-10,-9.257630055924989502e-05,-3.096567548451148108e-02
2.236730876755982922e-01,3.544636677467639463e-09,-4.604873882086247763e-05,-8.879315990299830217e-07,-2.146835375735887865e-03
2.102051326681386445e-01,8.993584999470588537e-04,-1.638942028885366498e-02,5.180515419190317300e-02,-8.970394500518085660e-06
1.788451901773494002e-01,2.197032133929960676e-02,-3.035422986621107849e-02,7.983807157546070343e-02,-1.579145838470996289e-08
1.414246155711635644e-01,4.450567787565525707e-02,-4.990945602388563440e-02,9.158932972894408275e-02,7.235931813333847107e-02
1.172062056037854738e-01,4.791142159619327101e-02,-4.610331324782842438e-02,9.405839025521285646e-02,9.480742905475632309e-02
8.656020637084489711e-02,4.382053223355140276e-02,-4.550559323547546248e-02,9.016695353910346433e-02,1.184684532866341899e-01
4.564390603274787184e-02,2.619122055799879417e-02,-5.269360469232571564e-02,7.953869267693319811e-02,1.324902787825724959e-01
1.141159509495555564e-02,3.516816299841095395e-04,-5.013252240484465660e-02,5.726650160297997588e-02,1.515766549350410775e-01
1.390384177418942102e-03,1.712675355578311923e-08,-3.761464867950677082e-02,3.685362472481903268e-02,1.507135001961308618e-01
9.582494622276943185e-05,-8.249587487519088682e-06,-3.020968903217462892e-02,2.633891178064340713e-02,1.591740607616561332e-01
2.402726397890541458e-06,-7.167267769871737059e-04,-4.170805284288200474e-06,1.281315528502366928e-02,1.598417358863415128e-01
3.798287238244754081e-08,-1.223421816428928166e-02,-1.698329328300015773e-08,3.247400131524355322e-03,1.596387136898812231e-01
-1.500368982144051976e-07,-4.237258180901592314e-02,1.811338514278750551e-08,1.214999588522237698e-03,1.523462369572123332e-01
-3.442745380863154042e-02,-6.299503105433662542e-02,2.896398635030669733e-08,7.172011663513591130e-04,1.344268483856356500e-01
-3.670267920153062052e-02,-8.712436544738097477e-02,3.362862786000342359e-08,7.354787230909612611e-04,1.113038557672157702e-01
-3.181273629619212756e-02,-1.070295784042880477e-01,5.748756562211773640e-08,1.087431561884918615e-03,8.801536079723476513e-02
-2.315331427957103769e-02,-1.216708945920706858e-01,1.395245206579867743e-05,1.324498260398213317e-03,5.438089182099529323e-02
-2.159453014687484499e-04,-1.352175290646819572e-01,1.103719564553088382e-04,7.537434447348426722e-04,2.413158265591592438e-02
-5.687866901418387079e-08,-1.451066510614061889e-01,5.712471230894090521e-03,2.083701267812458331e-04,4.913596631888558751e-06
-1.437449697331873660e-08,-1.471271997836189060e-01,5.349306516946317804e-07,3.447385062784380418e-04,7.254367685561729223e-09
-1.117730760020181243e-10,-1.555106842776950160e-01,1.133426369754109955e-07,2.625574102298097170e-04,-3.643782633133619864e-05
5.804591962868009879e-09,-1.558273222184878293e-01,4.893002529688410843e-08,1.070330783365271848e-02,-3.447491533076594596e-03
5.512648142731974874e-09,-1.490595836254102469e-01,2.029790166441879380e-08,1.502975877282687958e-02,-1.915751552602144858e-02
7.106165632779533085e-09,-1.418015121011534929e-01,1.082684578301341806e-08,7.114321556022212487e-03,-1.945405016628488915e-02
3.023055032833410087e-09,-1.364486397491506964e-01,5.713188913233482012e-03,1.050418781238443393e-02,-3.065998690881337196e-02
1.583408197547961482e-09,-1.307177825871866095e-01,1.425074417402228538e-02,9.508502461589338206e-03,-3.444849022142755512e-02
-4.916117514117483456e-09,-1.167143570301666655e-01,1.097277133020150772e-02,1.277593954284962467e-02,-4.300198840720661358e-02
-8.485391993432224415e-09,-1.060376469250248754e-01,4.099120808719228237e-03,1.527763827703891748e-02,-4.662206290481904492e-02
-1.730302403868251292e-08,-8.980183815879133613e-02,1.970390946766103005e-02,2.167822993710427290e-02,-5.417990582637601665e-02
-2.415725405604467223e-07,-7.691270337161490445e-02,2.052939750762527646e-02,2.592867117219192427e-02,-5.153073248305705539e-02
-1.655668458692059438e-05,-6.381417884344753322e-02,2.888494418718087417e-02,2.099918316456840864e-02,-4.331833780096758929e-02
-6.241151043356297189e-04,-5.396838861643026009e-02,3.077830479974196995e-02,1.065373818744895680e-02,-4.178905739165247879e-02
-6.994715674576235456e-03,-4.605078107466635540e-02,3.712028860192457397e-02,1.113144442596266347e-02,-3.118891808255332132e-02
-7.996791777818137645e-03,-4.223057408315335909e-02,4.658017995688273211e-02,2.272284555165364646e-04,-1.485131218350232464e-02
-1.271673267825979871e-02,-3.939636661048129262e-02,5.505024537076248781e-02,4.696898072877740246e-08,-7.347199698983745454e-03
-1.109668548625761253e-02,-2.874187071302633859e-02,4.996089164712297359e-02,1.126332322427178548e-08,-8.502605702324424902e-05
-2.901279492119823722e-03,-2.165058711965375804e-02,5.816272176582680531e-02,-5.939761819418821673e-10,-6.152139983444453244e-06
-5.075325824522922266e-04,-1.330603188995721324e-02,5.535102630842354127e-02,1.958071112225358443e-09,-1.856979161221068528e-07
-3.656292525460835222e-03,-1.955668436371815614e-04,4.828359595488431605e-02,6.854225679529153085e-10,-7.542145610548993716e-09
-6.168630314636475978e-04,-3.319480104893845470e-06,4.200381059099669856e-02,-8.104700706137017737e-09,6.037583213417673076e-09
-9.784041068099807743e-05,-5.346288515479102446e-09,5.186858319225438885e-02,-5.908215862879838254e-09,2.747979381375385863e-09
-2.862458620909872484e-05,8.660830152537921031e-09,5.070407661833779139e-02,-2.332372235216513295e-09,-1.693567617262560866e-09
-5.577798787732154241e-05,3.302036815462752423e-08,5.345175128425343897e-02,8.870085021971597881e-10,4.799461582557927724e-09
-4.481836134099073427e-04,7.173500272948213514e-07,5.097778566674562861e-02,1.214236001220876505e-09,2.792087217981317460e-08
-5.452483314237411205e-04,7.872425534344059186e-03,5.577600290207903461e-02,6.837555821565312858e-09,9.344504294365289784e-09
-3.349564338091333329e-03,1.868424984496257213e-02,5.945166631644529381e-02,3.753492142132527639e-07,-3.788051592866909376e-09
-9.251934603310380673e-03,2.294144265443369760e-02,5.107259743094914872e-02,8.363238259457636028e-07,-2.349199268005003699e-08
-1.797674341072975565e-02,2.051653324570273246e-02,4.550571488985356156e-02,9.170690356353674464e-08,-2.540024148536091654e-08
-2.082809803823218800e-02,3.569482412237792723e-02,5.045921883764305921e-02,4.082448346988467028e-06,-1.367702070230943394e-03
-1.468933438856274802e-02,3.874434517186036570e-02,5.585512282319644167e-02,4.472923342350173750e-06,-9.653856511622744760e-03
-2.086649741301154978e-02,3.644989864355786813e-02,5.474735079049139475e-02,2.366019637518793982e-07,-7.767705273143638302e-06
-1.549593660304623630e-02,3.429166028269624994e-02,5.785095710059293822e-02,9.640106401131362849e-09,-1.874587834716844338e-06
-5.392280881234716439e-03,2.992099462220933898e-02,7.177259294848117865e-02,7.245767983643793453e-09,-4.602183318829639914e-03
-1.131758504184581654e-02,3.650649101851268646e-02,6.990512437900445186e-02,1.341213279991625018e-08,-4.287074937610711061e-04
-1.821888086534742893e-02,3.913515279542158914e-02,6.443748150772621308e-02,7.248016479466854709e-08,-5.375656230515673326e-07
-1.896924433149109815e-02,4.005455235909254758e-02,6.074005503987460475e-02,1.117036083798542807e-07,-3.880333670324686910e-08
-1.824751905084224732e-02,4.491065242078941255e-02,6.115424946944527512e-02,2.592684820021812330e-07,-1.262945320319284868e-07
-2.014198776443279840e-02,5.050857113445456070e-02,5.893271683635746550e-02,1.108795626805456813e-05,-7.657431796885271597e-08
-1.721239064713665085e-02,4.780023342022791250e-02,5.405359561746436725e-02,1.184352133498646714e-05,-2.132703391081556738e-08
-1.483623542702051414e-02,5.192718670864652358e-02,5.078250433245507650e-02,3.628998817295062710e-07,3.405369694094886756e-10
-1.270530895702424307e-02,5.223525726037808736e-02,4.942498591547787173e-02,4.097604035520708400e-07,-6.746730665546717469e-09
-1.081830889209492962e-02,4.710050103278180106e-02,4.781126593846860701e-02,3.062111170198258276e-07,1.162975511556567493e-09
-5.412390096923722083e-03,4.495658070247905008e-02,4.201672655381628874e-02,4.099536880808642283e-06,2.703964980520388932e-09
-9.909067922942665571e-03,4.366242978602161845e-02,3.876516395131165277e-02,3.053780800093329487e-08,-1.227537614479020047e-09
-6.248759240666598193e-03,4.389077483489862291e-02,4.399277782484144195e-02,4.888101934328329952e-07,-5.038162370608921886e-09
-5.920858807220241368e-03,4.699779923898277784e-02,4.010734249633103599e-02,1.809243770519343571e-05,-2.754720724499173422e-07
-9.928210145003443093e-03,4.842910665058815928e-02,3.792871952229113358e-02,3.583078423493799014e-05,-1.402426371847968876e-07
-1.104524536423189505e-02,4.047950710069266739e-02,4.089349122005928039e-02,1.506996959974491727e-05,-4.519322625275766391e-07
-9.028491393268214468e-03,4.729720300130339783e-02,4.663332486969564566e-02,1.793281550789657024e-04,-2.581847610359101601e-05
-1.056869988147336563e-02,4.142576580824760407e-02,4.342297161478168854e-02,1.410869681643223995e-03,-4.640369678063916984e-07
-1.503024498874722462e-02,4.305748372482513103e-02,3.676392948669088279e-02,6.930643364446365667e-03,-1.869641409135606726e-07
-1.362293825352789423e-02,4.568387433245452850e-02,3.625046152961817342e-02,1.350591129950981994e-03,-1.858522162846365700e-06
-6.559871813950587591e-03,4.194349384891083582e-02,3.877540161914517364e-02,6.732657608749017522e-04,-2.939335040515419963e-03
-9.810064855731595243e-03,3.913453772218747351e-02,3.347487021077973079e-02,1.055963782510150467e-02,-5.070429703460364174e-03
-3.468052309629125404e-03,3.421664638524021113e-02,3.226976841647317962e-02,3.844165834786248456e-03,-7.100723140992308548e-06
-1.436260358275383720e-03,3.317508821466629010e-02,2.711893427903558015e-02,8.360547751715132706e-04,-9.185663216386004738e-07
-2.406673736069624430e-04,3.333312334107471631e-02,2.429103050276803025e-02,1.983927285794923664e-03,-4.362049674616990713e-08
-3.426653599331573754e-05,3.058472784254138294e-02,2.278769349282652040e-02,5.242108072030397803e-03,-1.903206818821750025e-08
-4.442917670651013297e-05,3.356864860009806800e-02,2.176856503793240041e-02,7.868291203911043780e-03,-1.582530915555970543e-08
-1.501061929260709139e-05,3.032124499007743737e-02,8.722266310004223033e-03,1.709104273852243101e-03,-1.165533368397553918e-08
-1.458796509645909476e-06,3.187800988329383967e-02,1.229190656698781435e-02,5.820091850766581643e-03,-1.465303537208119745e-07
-1.136641259174594144e-06,3.134381614415345657e-02,4.223691059258170215e-04,1.803714517677666718e-02,-1.021178000306918882e-06
-1.566124661340321736e-08,3.064416124225666227e-02,2.394556337539502624e-06,1.651028796323348799e-02,-2.188376959555274082e-07
-1.994732729667080647e-08,3.932856464205545383e-02,6.826088702456983437e-07,1.273449659538867899e-02,-4.835454838959997746e-08
-4.955863326788914427e-08,4.115786082343946689e-02,4.541433994572804878e-07,1.808329450237434327e-02,-2.495113434818152799e-06
-1.757298356748524006e-08,4.084565103274276354e-02,2.930116650826801161e-08,1.878612026212452338e-02,-3.668795070594096985e-07
-3.304244963659842428e-08,3.269903077012872861e-02,1.201515933327934370e-08,2.534724250447965149e-02,-4.151350642745378562e-05
-1.820422809858882359e-08,2.869246780128090202e-02,4.541704091804033315e-09,1.818468637998927120e-02,-2.098882425611056365e-06
-2.744692518113061082e-08,2.927447717311479000e-02,3.594132770412387678e-08,1.641068874014943099e-02,-7.196976514524541050e-07
-3.072660389962694047e-08,2.181353725760301274e-02,4.590714171012009082e-09,2.037436367892943995e-02,-2.869587770562679157e-05
-5.121596388537678769e-07,2.529409281575165439e-02,6.168975125430456962e-09,2.454595245226261907e-02,-3.055110071697075320e-05
-3.814260323008999629e-03,2.107121737962958444e-02,1.396130764105102879e-10,2.472845090274236254e-02,-3.230485154602371360e-07
-3.542993968227128534e-08,1.739301134073848940e-02,2.023897124011136519e-09,2.313689843942025315e-02,-2.731460583051474589e-08
-7.341576642022601064e-09,5.368094602418828701e-03,4.314244949745522134e-09,2.454895555101239621e-02,-4.282103863504159999e-08
5.001023203489774451e-09,2.946255091532828246e-03,-6.035848995638756486e-10,2.052367874318949265e-02,-2.342534297056760005e-08
4.912694909906395491e-09,5.513709940995173593e-03,-5.678863899393724974e-09,1.295725929180353321e-02,-4.110478169987434270e-09
3.167152998966031154e-08,9.586111276944081841e-03,-8.820322920390678001e-10,1.030619905631300487e-02,6.129635315412583892e-09
2.390595272579706233e-08,1.437214233313945100e-02,-1.483512556742348392e-08,1.404959421698964879e-02,9.631585867594041622e-09
7.887765964324185647e-08,1.104153682422423163e-02,-8.547223521367370069e-08,1.439220432754915839e-02,1.946841737544268851e-08
4.087166098657892651e-08,1.075344742821669232e-02,-1.143541265346295860e-04,1.057926547009758154e-02,7.854934030119560528e-09
7.195832156079306650e-08,1.154005616999545861e-02,-2.271361537130874738e-05,1.759976750310250290e-02,-4.506033328822328224e-09
7.416823970409915452e-08,2.206672451042578954e-03,-1.348267322504028771e-05,2.461550448215117648e-02,-8.025816446188408407e-09
1.229683833114826411e-08,1.710447709487369967e-05,-9.461308579091028852e-05,2.628479957084745369e-02,-1.493298745615426569e-08
1.162360806329365968e-08,1.264932652320387271e-06,-5.575766033997306935e-03,2.078313625997116332e-02,-5.444995455952754316e-09
4.215679527744162085e-09,7.882890144888314137e-06,-1.508669039757223581e-03,2.210513242250079780e-02,-8.269233995007860391e-09
9.300020268210039956e-09,2.430142618692275163e-05,-8.460002213739265323e-03,2.452171437182192049e-02,-1.145278948834313998e-08
1.394301654410517247e-09,6.531346273718544908e-06,-2.149211304255559118e-02,3.066256013516418036e-02,-1.353896916563610472e-08
1.099118932434048245e-09,2.494350054380026750e-05,-2.768329279349520874e-02,2.606826124465577710e-02,-8.949173705906758164e-09
2.038215754768244827e-08,2.270690545909281006e-06,-2.685501211157050386e-02,1.984858583693280623e-02,-2.357638350054125767e-09
8.156417587010842879e-08,2.573035997413137066e-08,-2.600806127827108225e-02,2.568836427481890547e-02,-7.942698048771525206e-09
8.253269116616857377e-08,9.211377080084020364e-09,-3.069447142618473082e-02,2.882721434299193031e-02,-6.316355741198061453e-09
1.779942978505388076e-07,-4.049879249490382552e-10,-2.616284351396484451e-02,9.985918413481864944e-03,-3.106677088650703741e-09
2.208479434181281778e-07,-8.864630391483895951e-10,-2.090032620870553581e-02,1.395627040736588387e-02,-4.730793868175876943e-09
2.044495108200348345e-07,-1.353883893702683059e-08,-2.566555160676813052e-02,1.920108741400442312e-02,1.649383602495524763e-09
1.308941578875647653e-07,-2.388001263734516993e-08,-2.699691740182529054e-02,1.650483498851251091e-02,9.313813810431372964e-10
5.349907522634015607e-08,-1.385312830294434533e-07,-3.695600084362910681e-02,1.634772923423131671e-02,-2.456339616483447781e-09
3.772213023435484607e-07,-5.414461465445578161e-06,-2.897319984328624448e-02,1.608878231246392912e-02,-1.416289387041520058e-08
3.094742056040480846e-07,-1.695009308494219841e-05,-2.747303382145730929e-02,1.882995546874171103e-02,-2.192576831614291060e-08
1.139991763996520679e-06,-6.477167521316201453e-05,-2.667001934211495756e-02,1.758352269327005321e-02,-4.675071553939933372e-08
8.597960625433473017e-07,-4.326648014097361295e-05,-2.776255130232426968e-02,1.165233550125858129e-02,-8.182647961221000142e-08
4.249473867712894056e-07,-2.199330721422611555e-05,-2.449979789189981813e-02,1.340627792612363381e-02,-9.992035111148914531e-06
2.526649824530583430e-07,-9.102565105804417071e-07,-2.980564645603404547e-02,1.512097617060936643e-02,-2.401403447117422046e-05
