-1.763349998077569369e-02,-8.055198380539865962e-05,3.139597368475960078e-04,-7.862149782102218274e-08,-8.818485320988372112e-09
-1.768830476245737346e-02,-1.424675450581387227e-04,2.176999712371304081e-03,-3.574631926120171025e-07,-8.236510895910371905e-09
-1.638872213325443319e-02,-5.754016643848892829e-06,4.218779653103816446e-03,-9.982373359453188832e-06,-3.007313752755573194e-08
-2.109226127631257455e-02,-3.109579434844114991e-05,1.533558476210573982e-03,-1.444878231455888010e-04,-1.146305620216771500e-07
-2.257969039262675698e-02,-1.539371947096138972e-04,4.989431026504235990e-04,-8.588140810149874778e-05,-2.062203064664734067e-07
-2.187873572778468653e-02,-1.990674298008040204e-05,3.924741080368418663e-04,-3.394272908471428663e-04,-1.015911539294714202e-07
-2.704495978512952079e-02,-8.209901948361539227e-05,1.018756015314631292e-03,-3.234424931863630163e-03,-8.882036878047419222e-08
-3.168401593479343997e-02,-1.077171945253430681e-03,1.097063714471003095e-03,-9.543398358228748560e-03,-1.325007049259405130e-07
-3.035109594839826425e-02,-2.466886651745149768e-04,3.090750449311931158e-03,-8.066434115293600118e-03,-1.136010929476905200e-07
-2.498024738327449604e-02,-2.940197474575552763e-03,1.002009243182626699e-02,-1.628866758719370658e-02,-5.321498707500966063e-08
-1.415590316233886203e-02,-3.049735614654662378e-04,1.533882734372138401e-02,-1.445507228628106419e-02,-1.559951864040959550e-08
-1.712600836044962313e-02,-5.282925165545806177e-03,2.896907784779311282e-02,-1.670503840684873023e-02,-2.271930058237525245e-08
-1.667858708717135166e-02,-8.454108227759970715e-03,3.571463218237514586e-02,-1.586210001926273427e-02,-1.092391645969924664e-08
-1.926099109239660587e-02,-1.054716791947494202e-02,3.311289216709454447e-02,-7.646107239087266555e-03,-4.185760109680354770e-09
-1.419805032971262204e-02,-6.008177371487588049e-03,3.256476915810350287e-02,-8.139261426460304635e-03,-1.643345596012306569e-09
-2.307405364229984240e-02,-5.961719320984044772e-03,3.408694202765645553e-02,-1.142620069636472203e-02,-1.418157816542816703e-08
-2.691590556914633461e-02,-8.119724603021129597e-03,3.151393498080563155e-02,-6.201914140710874587e-03,-2.487538895947153910e-08
-1.868552574012972284e-02,-6.972591718486843577e-04,3.603874311095190547e-02,-5.911729144499743016e-03,-2.458846941266491169e-08
-2.453165049371566070e-02,-9.457999506133747897e-04,4.341761464100529072e-02,-6.625314763403508146e-03,-3.832596026673247076e-08
-2.239385943737721638e-02,-1.135808648312195031e-03,5.227001492956608042e-02,-8.592907546432580063e-03,-1.089626966028649833e-08
-2.423065081015001246e-02,-9.335760069775531729e-04,4.770003527384846648e-02,-7.066831316222211591e-03,-1.630296401889872672e-08
-2.496991116692403798e-02,-2.282955722388738378e-03,4.876333042310603688e-02,-6.172732323679597233e-03,-1.387470869377043824e-08
-2.585509130118757160e-02,-2.304680720728148960e-03,5.683149330117738540e-02,-4.597886089342923498e-03,-2.620009654055849417e-08
-2.194896053430031926e-02,-1.542897235490433248e-03,6.256748379367148283e-02,-7.651162753202697675e-03,-3.440413746534648987e-08
-2.317352027529855779e-02,-1.349533411588162840e-03,5.861057765331910419e-02,-7.800178211082186945e-03,-2.144064772853282934e-08
-2.595737001206823227e-02,-5.681089890355469317e-03,6.444411692898908972e-02,-1.079451323136385379e-02,-6.034109893607967699e-08
-2.389904532569605763e-02,-1.752393723212216769e-03,6.817985437018557471e-02,-2.550758430268096951e-03,-4.078786995158069095e-08
-2.632050170344231096e-02,-1.754488048905124536e-03,7.077116046684688022e-02,-9.046435298754379115e-03,-3.386655052567241597e-08
-3.537473651494178056e-02,-1.365029443980023995e-02,7.147104469498594126e-02,-4.976275906981116569e-03,-3.643748683377479718e-08
-2.564233844170699800e-02,-7.527227600661859711e-03,6.922244908267129182e-02,-6.422824441999461058e-03,-3.155287097237230646e-08
-2.338963496064171491e-02,-7.173442385243949948e-03,6.872010545566345496e-02,-9.649295044627631893e-03,-3.428140731002488658e-08
-2.092963275876035673e-02,-1.016000931263940504e-02,7.259561436960158820e-02,-1.141918370203234660e-02,-1.502332776925261156e-08
-1.929589382624555260e-02,-4.022479817064592011e-03,7.135849025880300345e-02,-9.238639029694819399e-03,-3.443684294967904862e-08
-1.660044165884494785e-02,-8.780262125138535434e-03,7.496830253356276397e-02,-3.289654057799543292e-03,-3.734421355457937560e-08
-1.058312027797066353e-02,-5.278998525201983490e-03,7.892405991757961425e-02,-1.142184807243136349e-03,-3.280079015269993288e-08
-2.359244646213727245e-02,-1.334216044984866054e-02,8.006464730349080461e-02,-5.349342762243534770e-03,-1.392186823385512161e-07
-3.082959901166009223e-02,-1.855350055510040369e-02,8.514877534017276095e-02,-4.477642250037244809e-03,-1.474315079405465115e-06
-2.775073644189486946e-02,-1.685394479124750766e-02,9.455607458799626663e-02,-1.066363713063136001e-02,-1.356287578624744271e-06
-3.289969384367202182e-02,-1.059808277009449858e-02,8.546355122555369943e-02,-1.040292080340915123e-02,-1.675843414917316564e-07
-3.074246046384180794e-02,-5.320805077798569302e-03,8.300185180116154138e-02,-1.771101248815844416e-03,-1.526694171034420518e-07
-2.432652889024962406e-02,-1.126892673729400907e-04,8.027362657954791036e-02,-1.629292603261403626e-04,-1.552411330805962963e-08
-1.901345629818582822e-02,-2.993585222187197894e-08,7.537375635805287910e-02,-7.569377371918219709e-05,-3.099125678873291515e-09
-1.940710999611458890e-02,1.841891434221655229e-04,6.291679384981987977e-02,-1.333202643434970980e-05,1.680937337708133779e-03
-1.143049156261109582e-02,3.546645171998976526e-02,7.448954749231523342e-02,-1.933745541488488548e-03,3.291019754969316119e-02
-9.018207407619998825e-03,7.502303886523492560e-02,7.450924507800575636e-02,-2.940302037680693308e-03,5.529935467510467551e-02
-5.173473227518954462e-04,1.149481710510014132e-01,7.329235260375412120e-02,-4.559214460684701126e-03,5.696683023159693909e-02
-8.779855647690301169e-05,1.422009019817942199e-01,6.920641051394200993e-02,-8.258609999162985077e-03,4.894132124118700383e-02
-2.822676913864818451e-05,1.565789405540559398e-01,5.266474728818876239e-02,-2.316601453354037374e-02,3.298793297279716680e-02
-7.303650099948998335e-06,1.752663488640605061e-01,3.597875456071240874e-02,-2.857991715261600646e-02,3.083631051936193759e-02
-5.351781228650543363e-07,1.887235241799807284e-01,1.647853404696349514e-02,-1.684702847404671855e-02,1.308662536911584309e-02
-1.238218503231273401e-07,1.836321577294316165e-01,1.146777397548399448e-03,-9.344432489592387203e-04,3.217673235612613996e-05
8.841734806723000378e-05,1.765578996628114905e-01,3.092446404901080353e-05,-2.683383087315395430e-06,-1.947398705010657417e-04
4.317799721712041894e-04,1.782730078877478586e-01,-6.941918087113544074e-09,-1.250168074359852205e-09,-4.198778031230906288e-02
8.656409944694649873e-04,1.654371009942076642e-01,-9.259820742901640699e-08,2.669891808938192751e-02,-7.833318752236310967e-02
3.645724462201402295e-04,1.308279374529267292e-01,-5.203086418132813564e-07,4.111244763116429779e-02,-1.293923311024702261e-01
2.194042512220143685e-03,7.778139547798998410e-02,-1.420673015664506142e-07,4.738400332945378463e-02,-1.737505242067564348e-01
1.524634332409148009e-02,2.636304998123248367e-02,-1.397186128094531434e-07,5.375450351026780926e-02,-2.052231656343485866e-01
4.433449333262485387e-02,1.991859214446979392e-04,-3.006511536192734995e-07,3.955199356051782023e-02,-2.266728823147306227e-01
7.513415562327298292e-02,2.176684780537431561e-07,-1.234782262379676215e-07,6.204939285795706139e-03,-2.122634723840128024e-01
1.042857069489632471e-01,-2.669879217287182693e-02,-2.426551196723975370e-08,1.832360205008091517e-05,-1.832654674739169487e-01
1.272089483108772290e-01,-4.721996155284547553e-02,-2.753181477122410222e-08,1.574115187134858207e-07,-1.501195338823469450e-01
1.506393729010620797e-01,-6.548462740949759220e-02,1.845464015201836611e-08,1.433519955968509936e-08,-1.013495015263757848e-01
1.623789079961562021e-01,-7.055826699982634120e-02,2.327416172613935158e-02,5.163670356022191590e-09,1.978307633826529907e-07
1.601283418934132952e-01,-6.217588459252842981e-02,4.180351825759383544e-07,-4.548797140835946169e-09,1.008574257236422005e-06
1.623828900061113079e-01,-3.789285289390558614e-02,4.343360789911022772e-08,2.484657752807814634e-09,1.145947854231533353e-04
1.644102551874277451e-01,-5.247824424877823787e-03,8.993073376552291777e-10,1.229324711910170203e-08,5.943040414375142834e-03
1.684323082386555981e-01,-5.924850153869347581e-05,-1.229952875639800592e-08,1.121558114498038545e-07,4.072098446380811171e-02
1.618978847407065436e-01,1.168712221949509850e-08,-2.246917410930677961e-08,4.817061966785272706e-06,7.250964414808339087e-02
1.485825794713044601e-01,4.277010349507430827e-08,-1.477140165200009423e-05,1.805212582072666374e-03,9.119476270685607233e-02
1.342150273209735400e-01,3.695035032961460861e-07,-1.256529560754616342e-04,1.764530777581353738e-02,1.008732371665212318e-01
1.157842253927674203e-01,4.893046280742252063e-08,-1.746780911119319879e-04,3.530955020688555240e-02,1.038922610069967362e-01
9.784797019420106434e-02,1.143956050323469547e-08,-1.544820920587661845e-04,5.274888695574015546e-02,9.792465023062957297e-02
8.426933224824215141e-02,8.523273281620648038e-09,-3.599383810968010463e-03,8.644833345647870426e-02,8.566796375779912875e-02
2.339768781634290371e-08,1.268088925731351718e-09,-9.815842714090165441e-04,9.430826628849936499e-02,6.877340231768543088e-02
-4.295179831738810903e-09,-3.339709947879607517e-09,-8.701014519958395754e-03,1.094761414942548028e-01,5.306004396356690106e-02
-4.135785254382660283e-08,-6.896278937241950631e-09,-8.290876494155890661e-03,1.231887180952703914e-01,3.146714745927024770e-02
-2.014820174547420646e-07,-1.813452129478052461e-08,-1.290601173023176070e-02,1.380970495128070186e-01,1.726140537070865871e-02
-2.069743555817512984e-06,-3.486480522845192831e-08,-1.312394143781035113e-07,1.489597840546740271e-01,1.804453432243393961e-06
-2.134373964698202137e-04,-1.715266971089578555e-08,-2.425822213276601924e-07,1.626506616619006751e-01,3.677990916177611621e-09
-3.334436050546674569e-03,-2.427989065394650459e-07,-2.577515706389555775e-08,1.739827725727528251e-01,-4.573259988039214264e-06
-2.701048672023256131e-02,-3.220621459973415507e-02,-2.701421676270051293e-08,1.684716061688333877e-01,-1.730430422799673451e-04
-3.689551314195149700e-02,-3.452300464424136461e-02,-1.537967920721291723e-02,1.667840319276165661e-01,-9.187498686170848979e-04
-4.188698539998544218e-02,-3.423826323503312286e-02,-1.449914451715414790e-02,1.541787325527101682e-01,-6.726716560995199719e-03
-4.769609755319501737e-02,-3.250431161266398999e-02,-9.833790078671205206e-03,1.358447988314224197e-01,-3.273795218627227784e-03
-5.431596657958523422e-02,-3.512557164812702554e-02,-1.154193493623677409e-02,1.208516876054432782e-01,-3.323981208727761361e-03
-5.622537421864025331e-02,-3.703507258651383971e-02,-1.125015974406429024e-02,1.028948477021307401e-01,-1.011312911997074753e-03
-4.781635990813325188e-02,-3.036191831011231246e-02,-1.889499315365689852e-02,9.240437494560481413e-02,-2.156643395533876673e-03
-5.201774590963927775e-02,-2.872238462376379073e-02,-1.827740046293915843e-02,6.927826397325513585e-02,-5.354027997178115389e-04
-5.304099043961373744e-02,-2.801182687988924142e-02,-3.221310729538468670e-02,6.768308954169116598e-02,-1.669345911844587931e-04
-4.776236311918884841e-02,-2.029123373274378458e-02,-3.530543213655166351e-02,5.961840140629659501e-02,-6.424345601272409717e-05
-4.133870589426083542e-02,-1.821442069304526207e-02,-2.938056675688147795e-02,4.366839812024605333e-02,-3.204519951775679692e-05
-4.126136327585978869e-02,-9.806713081147817521e-03,-3.466113039842098204e-02,3.792778713822755887e-02,-1.353020810775583666e-05
-3.514480553575332483e-02,-1.513001722911207604e-04,-3.756171456090544314e-02,3.456860476960900430e-02,-9.368187089986121059e-07
-3.337951099829771645e-02,-2.247628622142303721e-05,-4.755263625162634705e-02,2.985680529054702062e-02,-1.088081090380122072e-07
-2.404149628763571633e-02,-5.760394488451122318e-08,-4.767471827087130243e-02,1.651470192465427644e-02,-1.413005420797873657e-08
-1.843001604793568365e-02,-7.029482397815401968e-08,-4.670415694200347190e-02,4.840643688816974647e-04,1.073893495281102709e-09
-9.239606531248441973e-03,-1.346783268388118288e-08,-5.292459160409819507e-02,1.273292338603927753e-04,1.249747609725211980e-08
-1.507024407144994145e-02,-1.684992016814402032e-08,-5.841421303727598741e-02,5.729725833696064962e-06,3.981379520713166927e-08
-1.210682277313425079e-02,-1.324523675497286990e-08,-6.244847783866731838e-02,3.640074370213746005e-09,1.488541169892042097e-02
-1.741374896975856831e-02,-3.113956062182655192e-08,-5.832889664085551956e-02,-6.345301954285059650e-09,1.566658132808603984e-02
-2.095805853123267753e-02,-1.294655391515474801e-07,-6.499276332400483192e-02,-4.186648509966739391e-08,1.558353547276811191e-02
-1.728349976606181199e-02,-2.504208548429805457e-07,-6.412256927200950252e-02,-1.857505435066736290e-04,9.607425000613076596e-03
-1.797410444748743022e-02,-7.489752201980044472e-05,-5.841362258319250655e-02,-1.250344348582635434e-02,8.497082506492840276e-03
-1.044899597431192192e-02,-5.127907725303141890e-04,-5.126639597654820274e-02,-2.120036212765962630e-02,4.731771338255311848e-03
-1.333707964882707014e-02,-1.594242933803199263e-04,-5.765746038966449577e-02,-1.867742226122171695e-02,1.193089709490467971e-06
-1.294471189476376766e-02,-2.490076299843915677e-04,-6.045145554394924098e-02,-2.731841698393176754e-02,1.632022162566556731e-02
-8.059472126209060380e-03,-4.575253609925224223e-05,-6.048551185319361173e-02,-2.637361127000285507e-02,1.365135418800093869e-02
-1.305577921560147417e-02,-3.431596430217938894e-06,-5.762594627977902367e-02,-2.606166234062535364e-02,4.376234127269772894e-08
-1.790469848516992174e-02,-1.726071704025301356e-05,-5.681191446978815091e-02,-2.603950160461988503e-02,5.288709009409178998e-07
-8.867021046862920766e-03,-7.812665609158614375e-07,-5.692836554240655184e-02,-3.156024240319770663e-02,1.827979945326363778e-02
-7.503417901656880308e-03,-1.791453016134266209e-07,-5.790878672939255706e-02,-3.370432721646595547e-02,2.304263372072374444e-02
-1.079355079842343745e-02,-3.336431810815399576e-07,-5.325643213404115950e-02,-4.213543173700461802e-02,1.473733421118968131e-07
-1.866402888266116555e-02,-1.105057781961298560e-07,-6.311902160735347045e-02,-3.837916926917640109e-02,8.093646214035897687e-09
-1.393692563408540155e-02,-4.274391871801807263e-08,-6.095921634832193736e-02,-3.012832832543822781e-02,9.315524842794903245e-09
-1.417546174974239348e-02,-7.078897489033104585e-08,-5.449625309606091761e-02,-2.519271151726223262e-02,1.007306351376184090e-09
-1.160814671505694222e-02,-8.553254292223060854e-08,-5.305379223864667426e-02,-2.235853314726185884e-02,2.233647931027359269e-09
-1.323084487084642651e-02,-7.716315139351123209e-07,-5.577988681742056254e-02,-2.967917696706080452e-02,8.006392921537657495e-09
-1.558098180932739572e-02,-3.719574924607494063e-07,-5.776635515419069333e-02,-3.257472850162720229e-02,6.229808552303441135e-08
-1.248218241637071187e-02,-8.075665793779929021e-07,-5.652995332402062367e-02,-3.470512567090412032e-02,1.601580962298928959e-08
-1.025361080154472623e-02,-7.384374510859633458e-06,-5.219565954911116468e-02,-4.406223686757357316e-02,6.418628125015392605e-08
-1.152350532637326855e-02,-2.047179968238678461e-06,-5.119129828513999808e-02,-4.523281801913632549e-02,3.508104528265669880e-09
-1.357912511363605981e-02,-1.751544545606334208e-04,-4.959746846966248818e-02,-4.876032538757737317e-02,-5.021291751508193734e-10
-7.682471245204884787e-03,-3.236084771116951291e-03,-4.755714342411938855e-02,-4.311691733777953811e-02,-7.665965853172830395e-09
-5.836053808339515016e-03,-1.166025533101577340e-02,-3.723609150101216819e-02,-5.051690155835134033e-02,-1.227804685446025220e-08
-4.234237325312804000e-05,-7.341338949423275445e-03,-3.472250307590761531e-02,-4.643898532033029214e-02,-1.997145609150647516e-08
-1.963218511845490022e-08,-3.269231658829427258e-03,-3.788971993107854291e-02,-5.366787914634167656e-02,-1.668661792436694563e-08
-3.508158909593753316e-09,-1.664311244305031253e-04,-2.865046910020841928e-02,-5.135644580970332579e-02,-8.105276651106741315e-09
-3.538185674611648656e-09,-1.517773905921478714e-03,-2.067384050355389191e-02,-5.130582350038950107e-02,-1.398182588962702425e-08
-2.949794458778677359e-09,-1.038823814433208724e-03,-3.151321862547873387e-02,-4.385623412018487682e-02,-2.010161325888566040e-08
2.256778191439791131e-10,-8.704479027124907998e-04,-2.543969672170511009e-02,-4.446886352451884933e-02,-9.333214609979388658e-09
-2.125151006104411929e-10,-4.879870140789505182e-04,-3.028893368346333506e-02,-4.277888735700648148e-02,2.317722557241372059e-09
-3.045637596457235791e-09,-7.713855293929944984e-03,-2.733465606278131024e-02,-5.033137385496932320e-02,-4.500019933116000778e-09
-7.873185132692813073e-09,-1.130740619869936500e-02,-3.124585394676678354e-02,-3.656121824000901216e-02,-1.011656159492129276e-08
-8.229817345248699794e-09,-2.094511405079677382e-02,-2.530394684547467021e-02,-3.616366807132063294e-02,-3.092508872422538793e-08
-2.626379436872731373e-09,-1.422591940505912346e-02,-2.232765474855170559e-02,-3.614242504328764316e-02,-2.501732994288167084e-08
-1.922962195312842709e-09,-1.319791756302957607e-02,-1.847215320871219840e-02,-3.965466135618184174e-02,-1.034826380204390122e-08
2.096599394851080473e-09,-1.163309243562674067e-02,-1.412857556943898814e-02,-3.667914386996982967e-02,-1.288016722724679060e-08
9.248077481752277614e-09,-2.595682533212362916e-03,-1.180138203593663997e-02,-3.564297975820526765e-02,-7.559879601788792170e-09
1.991162909890662186e-08,-2.443973499545335545e-03,-5.539113705304984578e-04,-3.131095976934587799e-02,3.337925405604743448e-09
1.860087910599208819e-08,-8.866142981083952393e-03,-9.530660007187077257e-05,-4.410539421601251953e-02,6.976548803355402212e-09
3.851273933318894135e-08,-1.671471497420318197e-02,-5.186948133517841486e-05,-4.449870660938156502e-02,4.170483841073364452e-09
8.799738275408660559e-08,-1.835657337883888143e-02,-7.402339572540560231e-05,-4.143083759101717778e-02,5.391059144474833792e-09
4.232880322485094961e-07,-1.865637751588734156e-02,-7.032734579789251527e-07,-3.776592906612050160e-02,8.250134825684892119e-09
1.193744040274579903e-06,-2.054111629254737684e-02,-6.361759580592790433e-07,-4.234801753848262129e-02,8.516727939592917682e-09
1.039826055883466896e-04,-9.546861302794446003e-03,-3.787563811095019385e-05,-3.672188945278808542e-02,6.272094828583447709e-08
2.731473497464195592e-03,-1.377020431869055601e-02,-6.135810554610542554e-07,-4.146487585644597490e-02,1.584612057160866906e-07
9.675097617772925387e-03,-1.542524830244308004e-02,-1.168134241289922831e-07,-3.989161496387183536e-02,2.324954370056634099e-07
9.497810241070400381e-03,-1.534589417645429617e-02,-3.221401136680404439e-08,-4.476917081219233124e-02,4.168989723785554990e-07
3.543223441136943673e-03,-1.683633195442290481e-02,-8.384840283538836171e-08,-3.834220549352838209e-02,1.065508293813555153e-06
4.147420701982350473e-03,-2.472245665011927468e-02,-5.197122977086390272e-09,-3.667839434054027958e-02,1.644512412503725585e-07
5.207065686096632069e-03,-1.740065578019156858e-02,-1.127237325508778345e-08,-2.424252737504366262e-02,4.349264735292378271e-08
4.139450689733596873e-03,-1.502543919640651586e-02,-4.288302820493635248e-09,-1.553996394997789361e-02,1.809235758860942086e-09
1.898950079085811086e-04,-1.264192317644615565e-02,-5.205273008026067600e-09,-1.338327420884514660e-02,-1.740490940911029124e-09
6.811082877380731856e-03,-9.688966386606103279e-03,2.454499514369576872e-09,-1.652035632791187467e-02,1.726067442164115607e-09
2.884734696765478557e-03,-1.469747428981431521e-02,8.018260768304605960e-09,-1.107329746226938874e-02,-4.088626918200761507e-09
7.287071153001806320e-05,-1.522112787204721665e-02,1.229434400780725876e-07,-1.110924446311555014e-02,-5.812532707502178195e-08
2.038560785086744771e-04,-1.201006733134113783e-02,2.592382259356288123e-08,-4.379758557574359168e-03,-3.053510553233257837e-08
1.492394971773854822e-04,-1.631646488600621905e-02,4.451239802132298536e-08,-1.051156059387077778e-04,-4.837528666289666486e-09
6.668602380264915079e-03,-8.474885488919021298e-03,6.857364283800013580e-08,-2.564583244030934077e-05,-1.603724467624007420e-09
8.689933683170825846e-03,-1.861259886353695131e-02,4.881283905786619145e-04,-5.305906610040608134e-05,5.006640759396710777e-09
1.125063909813581176e-02,-1.441196724824691383e-02,5.451576950615979675e-03,-1.099231761333015145e-05,5.640500492245212638e-09
1.559049154244264088e-02,-1.011260274706804983e-02,8.962376014163006901e-03,-1.266580395265815039e-05,1.336203868568036861e-08
1.281771339831605343e-02,-2.026689965419059200e-02,1.932474984816769104e-02,-3.801549056014977420e-05,7.991716672541715462e-08
8.010730393887584636e-03,-1.756791315281765881e-02,2.174339277149726912e-02,-5.148726640257620421e-06,4.495646784715056141e-08
6.588864893675866648e-03,-1.780453116163679267e-02,1.653660564347363832e-02,-2.174478533030061172e-08,9.430576707912642919e-08
1.147272726327517841e-03,-1.546484678213690123e-02,1.682712060836301718e-02,-5.226572850596712289e-08,8.511690028807549673e-08
1.069398395171974533e-02,-8.357571443465900557e-03,1.539043227939016455e-02,-1.218834902554237292e-08,5.041211873799812859e-06
4.817114467156178269e-03,-1.053003736924724293e-02,1.923277480486938057e-02,-8.133217593998481045e-09,2.314386476110108237e-06
1.277017795580685962e-02,-5.201205608354142647e-03,2.165840664901639082e-02,2.270429270888087411e-09,2.382875794137775047e-07
1.148343127949168208e-02,-5.257545284712132096e-03,2.817917311673949488e-02,5.819525640195549301e-09,1.715521081154253265e-08
1.435373171372600690e-02,-4.206428969168640210e-03,2.948292946437177861e-02,1.447466438792502700e-08,2.310852677528092504e-08
8.744056117653440860e-03,-8.311797011220901921e-03,3.070479072527622019e-02,9.305635882509954316e-08,1.107840311202138552e-08
6.955932281633400369e-03,-7.411023607657159923e-03,3.198169288226881263e-02,3.355834317542344853e-05,8.841558532631506463e-09
7.349110824732802728e-03,-5.853597715664318919e-03,3.750756172627900398e-02,4.831604990006213975e-05,2.379352313677279359e-08
9.586290214222833398e-04,-5.118761459413064333e-03,4.682853347715671549e-02,6.061956127303060269e-06,4.046751457905767079e-09
2.568427965931224842e-04,-1.179029119541049296e-02,4.988273449897057121e-02,2.785675959471954052e-05,1.061776685825406192e-08
4.876023137545141042e-06,-1.789361056918483545e-02,4.440817410283506850e-02,8.406264638645695561e-05,1.024700197306407403e-08
5.926637096254565751e-08,-2.478798240828084670e-02,4.668638610973340625e-02,7.710685588918878995e-05,-3.312959803769281769e-11
1.414580531928492343e-07,-1.685229052359145385e-02,4.583249736156015663e-02,2.101221077149469389e-05,1.069359875349374950e-08
3.540506489331326473e-08,-2.152361176790306904e-02,4.789539304989556823e-02,2.313498659048040940e-05,6.013481367975695380e-09
-1.366687292729900326e-03,-7.632352242783618801e-05,2.643881316739313175e-05,-2.244080937033719176e-08,-5.340501187359546469e-10
-9.983851574736680307e-03,-2.985505796076612893e-03,1.910424276434474124e-05,-6.877541583329547882e-06,-2.181248720268243274e-09
-1.102152180094364761e-02,-1.043328101381614471e-04,3.467099457239347853e-07,-9.396980760580370530e-05,3.961234947663070329e-09
-3.966236611124223863e-03,-2.458377759235794006e-06,5.676640630849192455e-07,-2.099486716651729324e-05,5.658514047804290778e-08
-1.070147469607649407e-02,-2.107180702132767890e-03,5.096882588372548010e-04,-7.937641119669865976e-05,2.787428236149579897e-09
-1.069153206010067976e-02,-4.222389142258433335e-03,5.467149914567337801e-03,-6.197979275382075812e-03,-8.660372029996410133e-09
-1.153750542182717560e-02,-3.954238056553936883e-04,1.102760420125983420e-04,-4.539970153821642758e-04,-3.026881215453258259e-08
-1.178452206668481606e-02,-5.780801270990592287e-03,4.000964910140947066e-03,-1.393073042404394763e-03,-4.363959313042454997e-08
-1.548036619011787865e-02,-1.645102762974621005e-02,1.412300649217173958e-02,-5.486691887168481177e-03,-1.646331492173046619e-07
-1.973984180653755652e-02,-2.424042708719486433e-02,2.541338018859940970e-02,-1.394484963591416903e-02,-9.102010329709584425e-07
-2.179344070226435157e-02,-1.814130161983799547e-02,2.289012095684271261e-02,-1.095276442139842682e-02,-1.279426730770772201e-06
-2.602890429714953616e-02,-2.174370146323852462e-02,3.269464907749769500e-02,-1.061615990951927935e-02,-1.011045773342591776e-07
-3.307710090830356942e-02,-2.005408398414687196e-02,4.741013697682366218e-02,-1.819599821165772402e-03,-2.740625385760470454e-07
-3.293584993266540639e-02,-2.766735978499908211e-02,5.833748312824175997e-02,-9.693022353557097584e-03,-1.651413830774976078e-07
-4.213045025848341507e-02,-2.617780996594719703e-02,5.393467812243552678e-02,-2.279938618640537859e-02,-2.460038270196831579e-07
-3.320178898394119532e-02,-1.973500810267007563e-02,5.657647205960854991e-02,-1.915393805631980528e-02,-4.958118306522523726e-08
-3.708238991929199008e-02,-2.399524781456425365e-02,5.751142688778923540e-02,-8.910816648303206480e-03,-1.641479682064770508e-07
-3.334487596679704124e-02,-1.692774001884134530e-02,6.081309409179867093e-02,-1.208719709122857595e-02,-8.564031256260102868e-08
-2.978214356614631089e-02,-2.464213817005564064e-02,5.200764021443951557e-02,-1.260297983112422353e-02,-3.532066697930094221e-08
-1.709068998388531269e-02,-2.061788324683878557e-02,5.503841843588241217e-02,-1.492744455868175342e-02,-3.302526039652936841e-09
-2.143412760375532425e-02,-1.673690896866859498e-02,4.990057277761362348e-02,-1.286397832877272593e-02,-8.861602111442419949e-09
-1.037428222721866258e-02,-1.789246283246533412e-02,4.888403564765333303e-02,-1.426247574503197377e-02,-7.394824922362290007e-09
-1.285905388835896675e-02,-1.254477545254562183e-02,4.438176710220558679e-02,-1.302615206917164675e-02,-4.455231179185617126e-09
-1.445799938092412473e-02,-1.849850626849153593e-02,4.880865899361773452e-02,-9.364866557928081675e-03,-2.814721470649706643e-09
-1.669157135162871800e-02,-2.184617092020261012e-02,6.119858463599451431e-02,-6.243376732773055042e-03,-1.436439534441358767e-08
-8.398072179766432124e-03,-1.422184015990523957e-02,6.109074621933818089e-02,-1.021734911539123360e-02,-2.229794558358774543e-08
-1.437820542386047257e-02,-1.938184111418964767e-02,5.828208864213921953e-02,-7.881453563810593768e-03,-4.882402105785805889e-08
-1.088277004130727872e-02,-1.693373949783211901e-02,5.868165952486629339e-02,-9.669317230452223466e-03,-1.329598878433447320e-08
-1.723196433674205677e-02,-2.025603543031996578e-02,6.574539546109897659e-02,-7.032477782129790272e-03,-9.704166523671564449e-08
-2.310081053307378243e-02,-2.668395262687174238e-02,6.930985282419391269e-02,-1.275203748487231496e-02,-5.036666869001640471e-07
-2.655394099194097884e-02,-2.506426291998705216e-02,5.954945911277395587e-02,-5.589598332210916204e-03,-5.814085873152064281e-06
-2.718347227259462415e-02,-2.217496663052345024e-02,6.392508312418682115e-02,-3.520273650878608042e-04,-3.137893533612378351e-06
-3.006098547567253101e-02,-2.925218735085789723e-02,7.001460339922394027e-02,-1.500581813892344571e-08,-1.142148346069599974e-05
-3.265746104336247208e-02,-2.679072868433076196e-02,7.550322534891766579e-02,-6.340343116792280323e-08,-2.168286082572962067e-05
-3.602115239279298636e-02,-2.131818813941219540e-02,7.279836943040729480e-02,-2.048215783995824828e-08,-1.316211699738746112e-05
-2.531998294788647200e-02,-1.230688827539161770e-02,8.289813700883678915e-02,-1.840335854583341554e-08,-8.617469759567622365e-07
-3.250644605958203509e-02,-3.138532552894668370e-02,9.685625160653432708e-02,-6.035526794602539750e-09,-2.002344781973232387e-06
-2.091501573935732050e-02,-3.398853219879097859e-02,1.070304130438108348e-01,-2.280696165831571174e-08,-1.425069671155515791e-06
-1.716303300480540028e-02,-1.952210952046408432e-02,9.776001060216282790e-02,-3.638574614702452456e-03,-3.927322447821485931e-08
-1.075100468385716771e-03,-1.922253579755643649e-02,9.389489540789620892e-02,-3.442595127699708509e-05,-4.128559301301946140e-09
-5.532432403731250641e-08,-1.131576127490761460e-02,9.124707561707841308e-02,-2.403223133319404859e-05,6.391765057614098916e-09
-5.224123140486134746e-09,-1.575835684895661395e-06,8.338844781122228822e-02,-1.357319807535673536e-04,4.951020467627666503e-05
-3.994322015503296283e-09,4.794920128637711193e-07,7.531695142192811054e-02,-6.842942026071619111e-06,2.188896529762694287e-03
-3.748082285196662587e-06,3.294178973171077440e-02,8.066754164056701148e-02,-6.308438492351427836e-04,3.736447990036358829e-02
-1.553319454391919422e-05,6.603933054221494681e-02,8.161599304982973535e-02,-1.222644740562733152e-04,4.456124160331637746e-02
-5.757526879568873390e-06,1.060452155861225793e-01,7.117770024549358032e-02,-1.816866074117653301e-04,3.233805614092630926e-02
-4.620467856380318990e-06,1.360817635565607364e-01,5.231101206516284435e-02,-3.304348696383419166e-04,2.253904178326041410e-02
-1.523617077600023971e-07,1.674390694494228560e-01,2.679539824034990469e-02,-8.828621453738550243e-03,2.058855711320738829e-02
1.485055884192881641e-02,1.814844721651849013e-01,1.007068468637665679e-02,-1.429173472552712140e-02,4.558182403486102201e-03
2.120514422849965885e-02,1.839296047803140599e-01,3.022735236890252124e-03,-5.603926495201248456e-03,7.128772376504538934e-04
3.608094890618729865e-03,1.733106819893253658e-01,2.425455909554199711e-05,-1.361654501273310977e-05,-5.045341737531826816e-09
3.375765698901981183e-03,1.728559442974027527e-01,2.592181697705186907e-09,-9.280189937013434335e-09,-2.535493412958211498e-02
1.461476029636422187e-03,1.633515681811863740e-01,-1.777742392673254719e-08,2.087730629311273437e-08,-6.575429168159847848e-02
1.319805578023485913e-03,1.402216930996515454e-01,-8.650397542428529519e-08,2.705619792163854731e-02,-9.051692070377446997e-02
2.673977255271776498e-03,1.091068491435939480e-01,-2.855623194580011094e-07,5.054166058374090498e-02,-1.247907691965355337e-01
2.056960199190933231e-02,7.451578008429828037e-02,-2.448313632799500837e-08,6.667923933201526376e-02,-1.517281027658893278e-01
1.357410282970761099e-02,1.618914122968506328e-02,-7.691112828722662651e-09,6.502160233772545650e-02,-1.743030697973218801e-01
2.460962242437808242e-02,1.133346376832818666e-04,-7.905281627751341191e-09,5.589620392146250200e-02,-1.871387482427432913e-01
5.586048724804906773e-02,2.185328801726419095e-06,-1.021112128188977239e-08,4.360492201661436001e-02,-1.784135248032652221e-01
8.488839846134042799e-02,2.229450531644603299e-08,-1.065967070627695924e-08,2.737173354324557925e-02,-1.544123286614853263e-01
1.083571831371964167e-01,-2.777776666714600398e-02,1.594050400909203940e-08,1.516954861333868684e-02,-1.294957185720827242e-01
1.162280303472760373e-01,-3.912073198780079142e-02,5.496074196637456754e-09,2.558100841037395760e-04,-1.096470031192142147e-01
1.280535084789126421e-01,-3.432280762084886916e-02,-4.461708701772200022e-10,5.600288747146776758e-06,-6.812940690910679331e-02
1.490971709800727463e-01,-1.478115371491287716e-02,2.518578329247254070e-10,5.329060974167292006e-06,3.882445623828594408e-07
1.519788723276052633e-01,-8.411098865419571824e-04,5.663445666124598721e-09,3.064514539614819687e-04,8.729768375446900674e-05
1.625444700968166345e-01,4.402928538709134862e-08,-1.137646129562678732e-09,1.029804154580238199e-03,7.054399712405301677e-03
1.600920944373830646e-01,8.128530988215238720e-04,-1.980108486996372070e-08,7.991553917369892054e-03,4.214935998022770192e-02
1.592759653515948559e-01,2.393682427159117207e-02,-5.033724403390524163e-05,1.901912431611190932e-02,7.793044260007632451e-02
1.449427589593910715e-01,4.364324596907140363e-02,-9.099794642769505398e-04,3.098542588030638381e-02,8.996167923548556433e-02
1.415991010097795433e-01,5.373367416815032216e-02,-2.707767097847194569e-03,3.757993800763254760e-02,1.000546730847230170e-01
1.256113094894154569e-01,5.445966700918702941e-02,-1.910217968520186785e-02,5.619670461618071766e-02,1.105737653741098725e-01
1.153528328589029650e-01,5.169841209644530228e-02,-2.252706459306364623e-02,7.672683849540039291e-02,1.214605828403780702e-01
9.053165043687551317e-02,4.037644187795744188e-02,-2.266224456059260858e-02,8.856993584183020518e-02,1.129364454025989922e-01
1.827734828653881906e-09,2.703639347583008598e-02,-3.717980486741613577e-02,9.681638147339508005e-02,9.827281569111644133e-02
-2.761374296429205798e-08,1.532239376356524588e-02,-4.813442537299284646e-02,1.049947233467560387e-01,8.698290459795016139e-02
-7.889436076027228943e-08,1.660215036665672276e-03,-5.098174708141167688e-02,1.097498739640737908e-01,7.206426953598502050e-02
-6.528982303622799767e-07,2.540776166185099348e-05,-4.719979616390958255e-02,1.187958247340639706e-01,5.202462024693928905e-02
-5.238407928666406204e-06,2.027599990419890790e-06,-4.095877753038062313e-02,1.169158213646397382e-01,3.750560602922972664e-02
-1.172046769657275785e-03,4.091661887425382972e-07,-4.968250289851745133e-02,1.088108498945549452e-01,2.109395433185752913e-02
-5.215481178756588634e-03,3.528995558244343504e-08,-4.417947906392729468e-02,1.146870389599603801e-01,2.577409222916678816e-02
-2.532761744408760715e-02,-1.019784175019329200e-09,-4.348511150829643263e-02,1.087432333273893603e-01,6.140064846820086494e-08
-2.818066361601426553e-02,-1.177021019428184569e-08,-4.380511166594394656e-02,1.023848034797559814e-01,-3.588385173570490004e-08
-2.712434157231375167e-02,-5.924822869418040123e-08,-5.874003068208729500e-02,9.144684526645950606e-02,-6.573019413122788556e-08
-2.862965556679424733e-02,-1.745567356364198866e-02,-5.822025907719297066e-02,7.143528404370019791e-02,-3.514939795177748830e-08
-4.012178330702472623e-02,-3.719294715773571736e-02,-5.864488059752268057e-02,6.624506156139677027e-02,-8.221062077538345469e-08
-4.638092903966915120e-02,-3.743764998127308702e-02,-7.050359673582323738e-02,5.339192609090422786e-02,-8.489296677059394154e-08
-3.551444052927467399e-02,-3.098958342343309177e-02,-8.284276079435551332e-02,4.429378952191569130e-02,-5.954667763117066712e-08
-2.909385682378679353e-02,-2.972959857267480979e-02,-7.516850520035110728e-02,3.446169531860690527e-02,-1.584310063264908079e-08
-3.168587284845381102e-02,-4.074953441398703607e-02,-6.089077998520193991e-02,2.889008742633569424e-02,-2.374522441185717477e-08
-1.851240582227482029e-02,-2.789199667102337798e-02,-6.879672758553263823e-02,2.234788688345972982e-02,-1.288875754041485286e-08
-2.784698146495183033e-02,-2.235452788450420850e-02,-8.185394969497387929e-02,1.984502100826548640e-02,-2.001869469048821614e-08
-2.589765547150521194e-02,-2.254511045805185007e-02,-7.567471431012313954e-02,1.673466007802625402e-02,-1.029933022574278163e-08
-2.643010573595865748e-02,-1.704603894320675522e-02,-7.594085646900658459e-02,2.268224419554986521e-02,-2.310863271290296443e-08
-3.195506422868038543e-02,-1.913981749843558094e-02,-7.564857995623008868e-02,4.924593700553352854e-03,-3.871682788239129504e-08
-3.966261808420432772e-02,-1.694420339979388346e-02,-8.382861717197523377e-02,1.867168923672849791e-03,-6.455014984331323200e-08
-3.565111262751764071e-02,-1.703588502846350300e-02,-8.441012428659883104e-02,2.596489056580293024e-05,-4.626052224207457794e-08
-3.334688087270840789e-02,-1.347517056666571768e-02,-8.417303919251140076e-02,1.254448475626612303e-06,-2.698774559733554818e-07
-2.674901662236566641e-02,-3.051510893080957177e-03,-8.604159278995376914e-02,4.319020021414637591e-08,-4.708412482828652501e-07
-3.080764378194151415e-02,-2.420988019552689982e-03,-8.983228010769563066e-02,-4.089467848405972998e-09,-6.010983373764252691e-06
-1.878412898820386312e-02,-6.580003020817792571e-06,-9.103270621158224274e-02,-1.670958528641126275e-08,-1.921367165945883537e-07
-1.964392168147089876e-02,-1.003786614232174828e-05,-8.514641382289088456e-02,-3.997264114158655930e-06,-2.404739428978078488e-07
-1.630437755003564040e-02,-4.232264213959382342e-06,-8.664344903279382060e-02,-9.758063205098126830e-03,-4.454758611807418062e-07
-1.100512822073159737e-02,-8.469415295292502359e-06,-8.075155298208988586e-02,-1.977536263754094137e-02,-3.301626371204154974e-07
-1.580406114136448685e-03,-8.630088517746696650e-05,-6.720244212501814973e-02,-2.298002905998481823e-02,-4.580510764768056831e-09
-4.492955408692050553e-03,-3.537640416937981635e-04,-6.042196880516786245e-02,-3.160069384797688924e-02,-1.283426999553093772e-08
-1.069135520271732517e-03,-6.553842606662017161e-05,-6.682064768261701537e-02,-3.501914490751540515e-02,-1.488186173293935548e-08
-8.481424773626828825e-03,-6.264636049166738357e-05,-7.153917183565715321e-02,-3.024194074152716447e-02,-1.289791387471417576e-06
-3.888941135938296352e-04,-1.442582271590072715e-06,-6.851851834571574817e-02,-3.588022945765993038e-02,-5.878840523031069040e-08
-4.474718663292957810e-03,-1.834359554471612903e-05,-5.917244691473486778e-02,-3.854286967027285155e-02,-2.890427571049380597e-07
-1.202920207343313556e-02,-5.516359481447209116e-05,-5.539678328011224395e-02,-4.281180793455009737e-02,-2.482230707646706092e-06
-1.239368570856089202e-02,-6.113994440954224018e-05,-6.306213560093287818e-02,-3.774988087638991852e-02,-1.781191642927904216e-06
-1.404513491576614252e-02,-5.039072299679878613e-05,-5.567800801168541064e-02,-3.519606192432778863e-02,-2.524389545976350320e-06
-2.429754815609897964e-02,-2.452940281174558054e-04,-5.322082945362727191e-02,-3.191248123334376741e-02,-6.495680962944314990e-07
-2.844449464303804020e-02,-4.198455845416383626e-05,-5.351563878288029957e-02,-3.277291234172007711e-02,-5.408643147180235169e-06
-2.744639875489671144e-02,-7.959770085835766789e-06,-6.669051191418344515e-02,-3.254189102872972333e-02,-1.616734968487883777e-05
-2.598598069739316632e-02,-9.759019956136882263e-06,-5.992327497394452779e-02,-3.405500826744040782e-02,-3.048115551385279144e-07
-2.561390345106471719e-02,-1.678144986098919301e-05,-4.656942344464033018e-02,-3.554453937593100160e-02,-3.008144221939421743e-07
-1.489998678054973470e-02,-1.214749052748347222e-05,-4.282875152898907994e-02,-3.775969422135094095e-02,-7.148901592452085858e-08
-9.821332227128803938e-03,-3.069873992598978715e-08,-5.250639261227326576e-02,-4.046737834750907536e-02,-6.732502729463568024e-08
-9.737931089848510594e-03,-1.156148921015199943e-07,-4.674552759003579305e-02,-4.995056598770870188e-02,-5.276520952842378893e-09
-1.025078286097853147e-02,-8.613827004402981567e-06,-4.363572004071979149e-02,-4.795086241178159181e-02,-1.490835734897328438e-08
-1.326129542467338086e-02,-2.106824655848938668e-05,-4.484199010698344118e-02,-5.496803697787742971e-02,-4.323414380159250605e-08
-5.767986146678001462e-03,-5.500651560416730719e-05,-5.229973372889237804e-02,-5.256150061021700598e-02,-7.467756801047790014e-08
-4.087427160519842630e-08,-2.948924311892080858e-04,-4.621994441684230265e-02,-5.506539221275640744e-02,-1.952481642003308244e-08
-2.409786034149842240e-08,-4.949344791394265711e-03,-3.372613714330318507e-02,-5.471085000100090606e-02,-5.014771616897788714e-08
-3.299396478321527407e-08,-1.286370924451816361e-02,-2.773941123452571336e-02,-4.720335134322715259e-02,-1.427741952909707071e-06
-3.666225941908209816e-07,-1.513171772971988634e-02,-2.973140365606775914e-02,-4.980416781964770723e-02,-8.846975440482157215e-07
-2.032081743026490259e-08,-1.037210206082219213e-02,-2.963377067254257050e-02,-5.605498088648459831e-02,-1.729378322754190453e-08
-6.450396047429616855e-09,-1.330276361223338595e-02,-1.678410586799557527e-02,-5.947136752650802188e-02,-1.846385215159530131e-08
-1.106662565635671067e-09,-1.363269918014085869e-02,-7.341425142500614988e-03,-6.182901653801921305e-02,-2.599218758586959354e-08
-2.731610304690061891e-11,-1.461170904332851836e-02,-9.001564749142433944e-03,-5.386467933851541573e-02,-3.037157333563674096e-08
6.531224226965050073e-09,-1.675323524842859887e-02,-5.130391889546112539e-04,-4.869382670074453440e-02,-3.629975433894796480e-09
5.479823181467517984e-09,-2.108039448302762367e-02,-3.061140711514155972e-06,-5.134752390334566818e-02,-4.161531892285831218e-08
7.796861726255320643e-09,-1.453041367395727437e-02,-9.365191705363027532e-08,-5.172937269663454435e-02,-5.502603816927224678e-08
6.561191458743197963e-09,-1.186010255389665508e-02,-2.013495708537120287e-07,-4.115679877570874862e-02,-1.856594783956204976e-07
1.481443333823521645e-08,-1.426283142627067686e-02,-7.318017940556007492e-09,-4.572834128770406070e-02,-1.240592859878750786e-08
1.344149383030703370e-08,-1.754961092200794937e-02,-2.468560962878980760e-10,-3.303161246113158617e-02,-2.672910606591220433e-08
2.576731210247060678e-08,-1.165281846473556135e-02,4.597855153261566731e-09,-3.879410450425339885e-02,-2.044021205065134715e-08
4.218517714256073092e-08,-1.904595646986634652e-02,2.064586605216169048e-08,-3.703425737463651723e-02,-1.640587174484076147e-08
6.634092490668972972e-08,-1.827492750032674862e-02,5.546812832214859832e-08,-3.011215629762014831e-02,3.869477024966373499e-10
3.317363193602223660e-08,-1.983631440672897414e-02,3.341119863750957205e-06,-1.752089958882510970e-02,-4.802788019390838540e-09
6.136389296366076628e-08,-1.561669288194578696e-02,3.914881799003452477e-05,-1.698633932265584609e-02,-6.662967362295680997e-10
1.865817602646796791e-06,-1.235224469861773318e-02,3.811274322649673492e-05,-8.477495221375098630e-03,3.128824603611504401e-08
4.056443155887150807e-04,-8.213099777142272157e-03,3.719178645163784985e-04,-7.431056246279560233e-03,9.341643525716931094e-06
1.033665618809081251e-03,-1.930599966771405496e-02,1.428373446613871549e-02,-1.578998126213283781e-02,1.439931821360924818e-05
7.561511299004265718e-03,-1.455927240096775710e-02,1.621309299175143284e-02,-1.962716299429570835e-02,2.241189210818552165e-06
2.954941910899920154e-03,-1.088489350087691598e-02,9.896381762100843471e-03,-1.168452402849303427e-02,9.947685150526376115e-06
8.954294572350271790e-04,-2.236132679079874327e-02,1.937211822419362267e-02,-1.720960705163843835e-02,2.164733795609583529e-05
6.489416839147507253e-05,-2.988347189086762098e-02,2.056393733766388038e-02,-3.787332304519586655e-03,1.230254059400193158e-08
3.351203116228499129e-03,-2.823361082861365612e-02,2.825817328264500217e-02,-1.017181766710198790e-02,7.166009249630063570e-08
3.196913538572493472e-03,-2.430518212859287749e-02,1.889994875345270275e-02,-7.305163718633810380e-03,1.187353362969131179e-08
8.372251774193381971e-03,-3.020066295399614908e-02,2.440695809757565185e-02,-4.066128650534793585e-04,1.153121223440865691e-05
1.093103587422396099e-02,-2.798975876153024164e-02,2.723233438530045514e-02,-8.910755901731499495e-05,1.411981148177127510e-06
1.197758792379460986e-02,-2.321332479189281220e-02,2.303357744985441019e-02,-1.930322792115115953e-04,8.672505477904851460e-07
1.681346888674501577e-02,-1.230654107741831552e-02,2.565899708335855206e-02,-2.638357802520541260e-04,3.100689581399189286e-06
5.166937230082997712e-03,-1.725231341988214817e-02,2.262754857453244325e-02,-1.705590468335124960e-04,1.191683912050908587e-05
5.036403033408929329e-03,-1.834629153664638773e-02,3.306293482552337404e-02,-6.154516007967841495e-08,8.099059979392627273e-08
5.122700144373625898e-03,-2.398332667883825917e-02,3.988551074212363934e-02,-4.824862676911954541e-08,5.860903098802824862e-09
3.783118372483414390e-06,-3.232054740235864448e-02,3.848833303736465261e-02,-7.319550767694158919e-05,5.302586226345443619e-09
3.937771664905429447e-05,-3.329492809616549365e-02,3.729467567644776521e-02,-3.732216953960458159e-08,1.476351177493032510e-08
1.678583572795995427e-06,-3.568304689677364444e-02,3.928341356805543916e-02,-3.779169620850273275e-09,-1.436748739371734196e-09
6.048204077701341408e-07,-2.955132900761632889e-02,3.771699246795034294e-02,3.545377409658480963e-10,1.111623927916420406e-09
2.949443617705206403e-06,-2.997478821882859287e-02,3.559977319050373901e-02,4.479930118300578911e-10,2.209291319718835535e-09
6.857802404509606665e-04,-2.024887403245321377e-02,3.731660830780830079e-02,1.178679577353138774e-08,3.973681652313502724e-08
1.294386061361369996e-04,-1.852892202169954122e-02,3.714770608175842204e-02,5.630996998058473729e-08,6.292536302749288809e-06
1.546751389608429941e-05,-8.717009831098484693e-03,3.915149687201367051e-02,1.176879640620287288e-07,8.290587306439144854e-09
3.615357806525380740e-07,-6.051165971153117835e-03,3.021313182213813259e-02,2.233534764753939142e-06,3.120474185266694620e-09
7.222206816199417199e-07,-1.081048355866152250e-02,3.622992232861765860e-02,4.341123009929464079e-05,3.044455775710488204e-08
1.512107319181141855e-08,-1.670194211379541493e-02,3.364337799743868235e-02,1.448450913298777694e-04,1.984305177970493114e-09
3.444305304044932862e-09,-2.901892814203180931e-02,4.110881475774560284e-02,8.786164552914105079e-05,6.712547659848889679e-10
2.842369696997890537e-10,-1.390312889613217265e-02,3.023850073567942512e-02,2.016898490598903612e-04,-3.300750542495116004e-10
-2.654197874393015632e-09,-1.646513899424696323e-02,3.367197954450375230e-02,1.755276391114699320e-05,2.955400473876531250e-09
-1.037006892862423273e-09,-1.241781156383300541e-02,3.197939615710006928e-02,6.861114203814011755e-05,6.027278750099238832e-09
-3.141867403595260323e-09,-2.432930972570840344e-02,3.416421325446558632e-02,5.911149621121399494e-05,2.323372488492498219e-09
-4.151250747726167290e-09,-3.095534885726679286e-02,3.779406607555046982e-02,1.605599002827180093e-05,6.745393018420979440e-10
2.489839774549405859e-09,-2.462957585583677375e-02,4.682289524441489437e-02,3.489932254268574897e-05,2.143803228659207433e-05
-7.747404950154319509e-09,-3.717246327790966337e-02,4.425650113360395099e-02,1.681495506510186306e-04,4.655517920588111670e-09
-6.680326589204866988e-09,-3.415066434456401345e-02,3.575952249580498926e-02,5.899618859965092708e-05,-8.162101035513326709e-09
-1.099395139817385828e-09,-2.683647975648573158e-02,3.518609795600817491e-02,7.635247630262188584e-05,-3.885149714815589224e-09
5.033089221907367110e-10,-2.289718226361447950e-02,3.725218720851315723e-02,9.769961128278699329e-06,-1.943489503901751519e-09
-6.367545358396078936e-03,-4.374625339774116246e-06,2.394476165010400780e-04,-6.341448917845184416e-08,-1.917271655385838115e-08
-1.516472565634143649e-02,-1.270024272791919217e-05,1.398489164305816016e-04,-2.838487921097632288e-05,-3.342218088545866729e-08
-1.443638679671675577e-02,-1.136406951303412104e-05,3.739609995271735301e-05,-1.869875352320913176e-04,-2.420159618961893055e-08
-2.473590478335354129e-02,-1.364506028379291352e-04,1.089138111993862744e-04,-2.581082339114343870e-04,-4.097562319359027151e-08
-2.527503681451464049e-02,-9.054938891133001815e-04,4.376431704728960155e-03,-4.408822675760194938e-03,-5.244882148244857374e-08
-2.051818507817807641e-02,-9.352652027538172191e-04,1.010295049108346152e-02,-1.232396689218237182e-02,-2.830470957900266643e-08
-2.487990035028200125e-02,-5.510126836631826924e-03,1.420487401945353355e-02,-1.477049751580081921e-02,-1.745042674527333410e-07
-3.099171074383669580e-02,-5.026255517642505338e-04,1.673741871834210498e-02,-1.746230441113728882e-02,-6.372109059787501443e-07
-3.677902742438652478e-02,-5.861715239721039007e-04,2.270250635884583836e-03,-2.086839711751772158e-02,-1.334500341492466396e-06
-3.174133894368270231e-02,-1.925154829914563388e-03,1.092228787457048475e-02,-1.355747538449368975e-02,-4.299027707277925562e-06
-2.864264945213169239e-02,-6.394255207125648611e-05,1.009680480557804960e-02,-9.298775836881841179e-04,-9.559409610400635820e-06
-3.074058035257498309e-02,-6.546032854755693114e-04,1.272658484193164158e-02,-6.246531090948744674e-03,-5.821540180292367967e-07
-2.221706231457009142e-02,-2.858343472531889125e-05,1.408680399103414208e-02,-2.302948787650984340e-03,-3.902551665959858444e-08
-1.748088822783678761e-02,-1.204207328221128118e-07,2.609079972227122679e-02,-8.492232883955831008e-03,-1.870090843420099714e-08
-2.440128665685659115e-02,-1.319555458881417944e-05,2.545703071246806226e-02,-9.002652850900299750e-03,-1.510619141711837493e-08
-3.185205463329057740e-02,-1.803476417673340450e-04,2.901548918264499136e-02,-8.143164597245632769e-03,-3.810928300944598722e-08
-2.621717594882155833e-02,-3.640401914864147687e-04,3.983909894951188913e-02,-4.554561509382343970e-03,-8.105205953844723002e-09
-2.673201707045503792e-02,-6.068629160686140906e-04,4.063502934387961535e-02,-2.257266261602591979e-03,-3.148970108599125800e-09
-3.182916548939074275e-02,-6.357870803875956094e-03,3.978668409365195696e-02,-8.691756356321871449e-03,-7.603141760470397609e-09
-2.747364935062391461e-02,-9.080373062365957107e-03,4.984465143739927329e-02,-1.009004236225374829e-02,-1.111014692180875621e-10
-3.659987328833597814e-02,-1.128191577782493467e-02,4.348145575476154712e-02,-1.671768474855900646e-02,-2.694502862816731627e-09
-3.508484741644164739e-02,-1.221289415470170996e-02,3.422405038157343843e-02,-1.582655980270680079e-02,-1.760637170302736523e-08
-4.769384147789514083e-02,-1.174155442906851636e-02,3.366162754034964649e-02,-1.616914835745964993e-02,-3.491575628989747892e-07
-5.008552409178001347e-02,-1.565668800896951110e-02,3.006125330177640206e-02,-1.638229215831025695e-02,-1.492954296407165089e-06
-4.302989351405985680e-02,-1.733283434664369127e-02,4.292250813110011498e-02,-1.881286809203973343e-02,-8.407258078163460769e-07
-3.682491012866979940e-02,-8.986988216972933985e-03,4.813016671821358089e-02,-1.517656947690890906e-02,-1.158542700311500704e-06
-3.150750725440575051e-02,-1.122466203102061126e-02,4.841146682075293806e-02,-1.896454994388383289e-02,-1.896605636238422502e-06
-2.723371227601506170e-02,-1.044634014717475690e-02,5.514980940307136204e-02,-8.938605876649970139e-03,-7.276595157177516120e-07
-2.171056355292922541e-02,-1.109751783125203888e-02,6.217470224927359318e-02,-7.871500462195831979e-03,-6.358493884167671790e-08
-2.655207617927050900e-02,-1.005302343488934796e-02,6.070674564932121431e-02,-1.290678120989713178e-02,-6.565971604716506672e-08
-2.841190730151851515e-02,-6.831390487863674491e-03,5.854128260229530395e-02,-1.088396210274831730e-02,-1.814654240999946947e-07
-2.407077902694657046e-02,-3.113493398183769106e-03,6.650657405854346060e-02,-5.187843213447951296e-03,-1.053714224008684999e-07
-2.246801862118382245e-02,-2.562525431719216325e-03,7.439101195278217948e-02,-4.904670337447756233e-03,-3.344127473010152074e-08
-2.611638610496748794e-02,-1.534178371621419592e-03,7.965379825774489275e-02,-1.093947645223462394e-03,-1.885013653842316038e-08
-2.587796162272937989e-02,-2.079273780318243586e-03,8.253333791108474760e-02,-3.041935761933240302e-04,-3.919652890522373217e-08
-2.257895638975665822e-02,-7.485369875701274912e-03,9.049504869377016092e-02,-1.633898808808801536e-06,-1.820030811993382337e-08
-2.111236551878438103e-02,-7.265253551097464700e-03,9.725330277262535239e-02,-4.158169158301101618e-08,-6.783556616282673003e-09
-1.333202591026195344e-02,-3.338148175535758221e-04,1.065395553061858902e-01,-1.884214623910004788e-08,-3.200545212355032462e-09
-1.470386194875178756e-02,-8.871947530088346518e-05,8.517500598149979618e-02,-1.834946745537131916e-08,3.033967052273147236e-09
-1.341712588639116209e-02,-1.022966513283619293e-04,8.742878942447943058e-02,-9.259773177188612310e-09,4.274437341582960356e-09
-7.485147620700760042e-03,-1.243844327581311495e-04,9.303992028261835745e-02,-7.959371824472360040e-07,1.878052096766016921e-02
-1.348638880780842018e-03,-4.637449498215992889e-09,7.943240035151258316e-02,-1.701487232297336675e-05,1.513895325534461711e-02
-7.743061301374875444e-03,3.769758768788232300e-04,6.541431745122509855e-02,-5.753604938883283943e-05,1.983551240508496169e-02
-7.119868461950286734e-03,3.526476527651488391e-02,5.616187778906371608e-02,-6.636659624526508030e-04,3.611572957480494589e-02
-6.289162877683179657e-03,7.152094887125531875e-02,6.336338417896000830e-02,-7.076570820339246962e-03,4.889111600230380134e-02
-7.100762674521485587e-04,1.141575767911278960e-01,5.216992333231944279e-02,-5.943395922979630847e-03,5.129883643969326140e-02
-1.859169959305427338e-04,1.463378572352241058e-01,3.674842846236788668e-02,-6.201699587697102542e-03,3.696245385626051316e-02
-5.842351717008565959e-05,1.685120801878801644e-01,1.485363365455729008e-02,-1.950088972355396022e-02,2.955448882235629099e-02
-9.529082505521760776e-06,1.940405630240275292e-01,2.376968415812281499e-04,-1.938820784407271555e-02,1.421869257519085480e-02
-3.068717364742128168e-06,2.041064473557210879e-01,1.166891230306769225e-09,-1.272641465392253604e-02,8.509861798771316960e-03
-2.597416671335307225e-06,1.999698311768682013e-01,-4.388689947523106444e-07,-2.000100945234214837e-04,2.225931783078290339e-06
-6.022253907784954546e-08,1.944998551591343161e-01,-3.205976406525681664e-05,-4.138085861081722784e-07,-8.668611099709044518e-03
9.467174239010180158e-05,1.791685686436480518e-01,-8.652989141787413227e-03,3.851887859959542599e-10,-5.430625798160194223e-02
1.307884740552702808e-04,1.591677468204717449e-01,-1.720584190318567852e-02,3.390531947334116808e-02,-1.021011793384027783e-01
1.361187039888234673e-04,1.197819545774092276e-01,-2.257803671270908891e-02,6.182457946431232920e-02,-1.483918345927092153e-01
5.896718591490960823e-03,6.507901553448705578e-02,-1.271007758984014392e-02,7.916903260306998313e-02,-1.935587449879594135e-01
2.966149744673358957e-02,4.098005293301005061e-03,-4.304485926683863079e-06,6.693661124437297327e-02,-2.183678040689384647e-01
5.879938504302196361e-02,4.052724758672928280e-06,-7.798885951682749166e-08,4.179999737568883961e-02,-2.187032493295372193e-01
8.646776787376278528e-02,-1.423565390300596083e-02,-2.648718403781208674e-08,9.553120740445255471e-03,-2.120412828854547072e-01
1.206931917074563487e-01,-4.818238581784457797e-02,-9.842565769471362348e-10,2.181414252282273491e-05,-1.824211468194015251e-01
1.392947959875653619e-01,-7.034752508709350705e-02,5.584756846247629615e-08,2.201359802079310378e-07,-1.424798297048671392e-01
1.537433533110602324e-01,-7.911363797470072345e-02,3.638173084474974339e-02,1.771889880172639100e-08,-9.502867850663176963e-02
1.510605312389664001e-01,-7.606779362405372003e-02,3.273937835923430850e-02,8.425925830082684470e-09,1.190204653448689440e-07
1.571339842920070617e-01,-6.452119288774178785e-02,2.919620732191248805e-02,3.966903642862069842e-09,7.218213107118005654e-07
1.598775602456275480e-01,-4.621925083389337441e-02,3.055416665228061213e-02,8.664561791886178201e-09,3.767094084594618656e-04
1.619791199486274591e-01,-1.039844146650617009e-02,1.720153463055842241e-02,1.524720559993577125e-08,1.535121107651784764e-02
1.491177086488280623e-01,-3.328948892178616443e-04,8.212350268419456374e-07,2.175552302524206677e-07,4.172319855889502355e-02
1.451915286422773843e-01,-1.196216654694288827e-05,5.254216889980163464e-09,1.766161140500633025e-04,6.534566681381735742e-02
1.360440591953460954e-01,1.345276089836605324e-08,-6.610347664907275399e-09,4.715409249405218967e-03,9.158630588874654144e-02
1.296197612871949623e-01,7.098632442981663377e-08,-1.334264298633096226e-08,2.708874321514562894e-02,1.034867025699501425e-01
1.204940996028143196e-01,1.559949301402328680e-06,-1.397982124394910801e-04,5.249376109824120673e-02,1.000853319178221928e-01
1.001311566674613213e-01,4.827150437361427708e-07,-3.334537147438193538e-04,7.099274180787659705e-02,1.007458787592352689e-01
8.250206360812323281e-02,3.253620774557394202e-08,-1.077884666536514874e-03,8.976980983284763016e-02,9.944415249607138629e-02
1.833644346789249844e-08,1.122700428656043090e-08,-2.908660552663880784e-03,1.110198432135527519e-01,8.367049822773062195e-02
-8.471813133275260527e-09,5.721249201283886489e-09,-1.483287111150030299e-02,1.226969174808679591e-01,6.301810574752673977e-02
-4.482224654379566990e-08,3.308980479140548539e-09,-1.697568357632361913e-02,1.365000364662002363e-01,4.357681014475552755e-02
-2.519516572686957965e-07,1.538959136332268056e-09,-2.062161815770226225e-02,1.423548061183274038e-01,1.576268590865616964e-02
-1.956830880176304663e-06,-1.649686102932572732e-09,-1.878003452806838504e-08,1.435892197337723664e-01,5.286837075630340492e-04
-1.369251868729718844e-04,-4.513931686946540342e-09,-7.055634004166892142e-09,1.512094993853891345e-01,1.672844586096200591e-08
-1.800737729391374553e-02,-9.508507290092761959e-05,-2.196215430449877688e-09,1.500600093982674965e-01,-1.719217853186030728e-06
-3.543511608434692789e-02,-3.025151448142099700e-02,-1.374380394418613796e-11,1.453078451583557917e-01,-4.888761767233446099e-06
-3.907482490537719094e-02,-2.058638176688959431e-02,7.492269742080438131e-10,1.389649187847872558e-01,-1.574905266450899558e-05
-5.042781931995093253e-02,-2.333379736447643849e-02,-7.416713286121295614e-09,1.336614597693962236e-01,-1.407043749104537156e-04
-5.458572530166864306e-02,-2.235485529008428285e-02,-1.127282180646718377e-07,1.281481090780735577e-01,-4.012059421451637698e-04
-5.628514335108059791e-02,-2.469922140300366206e-02,-9.210297821251991849e-08,1.098476004909509224e-01,-2.193926371942724464e-04
-4.985488131312180993e-02,-2.710796580886642299e-02,-2.532852680498011969e-08,1.007023392856496863e-01,-2.454261172571996414e-04
-6.108703522338745223e-02,-3.346213839493625275e-02,-1.555220211990098432e-02,8.537823006431723150e-02,-5.189592584011718142e-04
-6.010514601831644377e-02,-3.618690529061514838e-02,-1.566272101508961803e-02,7.182401872992676128e-02,-1.900174861803913089e-04
-4.695310561867429427e-02,-3.054832471500745772e-02,-2.483728492880075966e-02,5.816435489222324118e-02,-4.666309906070141789e-05
-4.512604844558121969e-02,-1.833119547835708810e-02,-2.792597418823190153e-02,4.717253862093181288e-02,-1.532771703936831479e-05
-3.898147897316897592e-02,-1.592334327390341683e-02,-3.646972202372986832e-02,4.141933169849512653e-02,-2.844112696636645535e-06
-3.154771899840918409e-02,-5.076315670745120551e-03,-4.631322250685752928e-02,3.896340973307213518e-02,-1.652562464757903178e-07
-2.363989846729300931e-02,-2.871819162943670557e-04,-5.396005165583826063e-02,3.333360109943673405e-02,-3.434108577293103771e-08
-1.500400014673857092e-02,-2.823552956768493979e-08,-4.780946251763116411e-02,2.217191064999387076e-02,-2.731689222384615236e-10
-6.360744340957343729e-03,-5.556370416912001311e-09,-5.705939689935275033e-02,1.602391084352387460e-02,2.061218823668713271e-09
-8.347925747954615741e-03,-7.607675600777983404e-09,-5.367637892552513945e-02,9.895305057007745819e-03,8.142185090263934133e-09
-4.891703132347254533e-03,-4.370077312306570887e-09,-4.720012611517292872e-02,3.505316631564656902e-05,9.448024915759654918e-03
-1.499365210895682056e-04,1.462991668537375855e-09,-4.001159531498219013e-02,8.060055600846988510e-09,8.947971482347109179e-03
-2.328052377786948097e-04,-1.653055116116680521e-09,-4.856990555278169197e-02,-3.022533608051370159e-09,1.345022397796253374e-03
-3.800151490887233407e-04,-5.693109065447566617e-09,-4.859206071605091243e-02,-1.359032854102187686e-08,3.117214492724717619e-07
-1.782349155410910141e-05,-6.822861970578468535e-09,-5.340308331581546802e-02,-1.302024284313557182e-07,7.684630535163917758e-04
-2.394065111623059062e-07,-4.083317320964666274e-09,-5.206040207448554835e-02,-3.883857152344366613e-05,8.172222171838444335e-03
-3.158640882278774626e-07,-1.333089619183141979e-08,-5.627576050199208785e-02,-1.137794346738415369e-02,1.908115205033255398e-04
-8.934010596039597006e-05,-1.100108979677922261e-07,-5.979923488409072396e-02,-2.123454855145231329e-02,5.869173986578601464e-04
-3.384365233894493039e-04,-1.584452896698024023e-06,-5.174240053220289376e-02,-2.552311675672322422e-02,1.757862484472847570e-07
-4.953636490135628024e-04,-3.027772061290349790e-07,-4.630370917034080241e-02,-2.542813601608423860e-02,9.222436389472447871e-03
-1.102479054278869032e-02,-1.078301561837905804e-04,-4.887726134996553395e-02,-3.953787967171152468e-02,7.435505744869519774e-09
-2.069176885566768181e-02,-2.980470446413844622e-04,-5.149138907440849872e-02,-4.050425592826943644e-02,-2.761336300605303847e-09
-1.271977316321597738e-02,-1.578328978110653158e-05,-5.411242302178637109e-02,-3.918279906077207914e-02,1.977941810631341357e-08
-9.800300840683005485e-03,-1.643944275802416160e-06,-5.593469481459604348e-02,-3.723760078478163121e-02,2.487718347944070607e-08
-1.307669008231357455e-02,-5.649048149168693069e-06,-6.696028189795871777e-02,-3.409626217433771311e-02,-6.197052036775608828e-10
-1.485272431581614178e-02,-1.848407102179350597e-05,-6.600206053591313460e-02,-4.026003257412909958e-02,1.676493490370813389e-09
-4.707142756134795498e-03,-6.850383453353123477e-06,-6.261993994515525908e-02,-4.355227999965963909e-02,1.905563278130799864e-08
-1.696947921742835569e-03,-1.114548043006699375e-06,-5.984961791518699642e-02,-4.260366671440305592e-02,1.042486056175599696e-02
-7.090530234136162985e-03,-5.968531513232944198e-06,-6.036122389105479102e-02,-4.808796667024355792e-02,1.777408895160327978e-08
-3.613616412211517141e-03,-1.437408089539466923e-04,-5.634691844018804852e-02,-5.369569454876450820e-02,1.613130207205409410e-07
-7.491031241033933473e-04,-1.574564475247269846e-04,-5.121673371265349911e-02,-5.245024671186133969e-02,1.086674732319043574e-02
-2.103391859029812752e-04,-3.218548200732078837e-06,-4.866385828644947953e-02,-5.639939430422832162e-02,1.182574027607855016e-02
-1.461060458199372406e-04,-5.571453045871688983e-06,-4.835886013645978448e-02,-5.570680028334436956e-02,5.941548176923506716e-03
-3.344381274429490282e-08,-4.514821922212928375e-07,-4.769746125654726610e-02,-4.824859161120553797e-02,1.181548245632849624e-02
-1.005047539619252569e-08,-1.959723387044948100e-06,-4.253514812929915651e-02,-4.671226578840394911e-02,3.640617369608971105e-03
-1.903842506075048805e-08,-1.560517727905462988e-07,-4.270740166985135394e-02,-4.362306162795421410e-02,1.260474945296896273e-07
-2.531117953531955678e-08,-5.836711259765479800e-07,-4.559268527995914699e-02,-4.380666640173429965e-02,2.420913624900452769e-08
-4.153195562078131910e-04,-6.107548917802314208e-05,-3.716719355931953628e-02,-4.653167268604817275e-02,-1.933995120770449998e-09
-1.393205424973847570e-04,-1.104827092621816234e-04,-3.569881085114240404e-02,-4.878550997082225366e-02,2.561546761809198012e-09
-2.420892358393047291e-04,-7.043887160685791528e-05,-3.956473003732019489e-02,-4.117506325597857647e-02,1.312087163403599993e-09
-3.024397681790333458e-04,-4.397508290370749206e-04,-4.446524484017699147e-02,-4.622289567941519767e-02,-3.521723390285899799e-09
-1.911928712845828204e-05,-3.276735604366702321e-03,-4.015425108470774967e-02,-3.949453688581514021e-02,-1.727817774556419485e-09
-2.267783588667297414e-08,-9.257374302061183863e-03,-3.342742633725132029e-02,-4.223155302957200957e-02,5.521937343372847766e-09
-1.469106711751511822e-08,-4.683707024910256644e-03,-3.370994487923156813e-02,-4.607437699935550135e-02,-9.098717371832078351e-10
-1.580370071077450987e-08,-3.849499917412821642e-03,-3.417600421417214818e-02,-4.490174743656769746e-02,-1.293868504453699213e-08
-4.875784919403251771e-08,-1.292372004403787196e-02,-3.038346788746001600e-02,-4.000445965413166466e-02,-1.522400827852839526e-08
-9.782806367730284860e-09,-5.919418983485178788e-03,-2.873505669404540983e-02,-3.652398183646950180e-02,-7.117124782830016197e-09
-5.055366508760564617e-09,-1.341942782193684220e-03,-2.403039166254328576e-02,-3.729299565967671148e-02,-2.746318994115328116e-09
-1.798439756626295907e-09,-2.297721275614970915e-03,-2.197559496803503168e-02,-3.753461114681427846e-02,3.433577854737655228e-10
1.051690394155720651e-09,-1.605770405235218065e-03,-2.037410838319052980e-02,-3.130923714361463772e-02,2.882011561680591100e-09
4.070581170295103983e-09,-2.443600822430099916e-03,-2.046533728352742387e-02,-3.318610479158005944e-02,6.775128417644745010e-09
7.948949659369450220e-09,-7.791675218075237198e-04,-7.224619440416864269e-03,-3.386249231402157361e-02,5.884603934038720155e-09
9.895170704163266279e-09,-5.001055315382439692e-03,-9.477294248055753711e-03,-3.489571357411968416e-02,-8.582722019786056574e-09
1.217701224564423751e-08,-1.557715068145775449e-02,-3.020860788857281033e-04,-3.155506471682897884e-02,-1.117178453058084889e-08
5.383072305812317762e-08,-1.755054764608495604e-02,-1.267915662106340567e-06,-3.168923306868087070e-02,-6.491033597608231227e-09
1.288576266079054296e-07,-1.267425390203082147e-02,-4.810089231050550626e-07,-3.861034415473234976e-02,-5.032109226556916524e-09
2.180456541847491302e-08,-1.868525678571606938e-02,-2.573507863963461488e-07,-3.980639411286126389e-02,-1.403490173920949564e-08
5.145485700247062695e-08,-2.040404000435459830e-02,-4.057574682703613779e-08,-3.724493407593282984e-02,-1.330809489195369449e-08
3.548113003634198860e-08,-2.845816866025970004e-02,-1.405840091117815116e-08,-3.155166784943665842e-02,-1.040105180213316804e-08
6.586140217415019799e-08,-2.115141714056396199e-02,-6.030048176747008880e-09,-2.962092781294787744e-02,-7.481574339913640423e-09
3.998669313545378734e-08,-1.941592435624252960e-02,-4.636059735465116103e-08,-3.191652790928808242e-02,-5.869191914718817348e-09
2.485067285647335443e-08,-2.605326215558205136e-02,-3.863047213515698335e-09,-2.484652976746179118e-02,-6.970665140563226599e-09
2.766332039496061769e-08,-3.010618960575390385e-02,-6.910914917362554127e-09,-2.928503869742112714e-02,-3.219446227861674466e-09
3.356004001790408970e-08,-2.966770586446882199e-02,-1.317941536297656557e-09,-2.299657384553141851e-02,3.872997836266991446e-09
1.714334378314741639e-07,-2.528036530919955047e-02,-2.512755630898202432e-09,-1.831291805866807482e-02,5.006026094012224346e-09
5.734233352256881534e-07,-2.559236218992214443e-02,-4.239107911345910797e-09,-5.663558601584386433e-03,2.784296158263610838e-09
1.226232129667714743e-05,-2.172149911293500338e-02,-6.529355400184266955e-10,-4.518318154202703024e-03,2.312974115678033698e-09
1.624231245788487505e-03,-1.291716703802823010e-02,2.347809576063789682e-09,-5.924390088721785859e-03,3.992691372990356654e-09
1.103891194754541213e-02,-8.185391395393711023e-03,-1.171319983830710596e-09,-8.263919020846379956e-03,9.765498978708311814e-09
1.000759150427160335e-02,-1.247972076862352911e-02,6.578757290882886534e-09,-1.041587215022434475e-02,1.392252254436221240e-08
1.897997342731666190e-02,-1.247542413160573731e-02,2.945011963252137415e-08,-6.120427324251019596e-03,1.843071916922062386e-08
1.396071359524741866e-02,-1.222192008366814256e-02,5.856088150986553137e-05,-4.421821438901368632e-03,1.869093297522406815e-08
5.375488548779695612e-03,-1.961292486604390359e-02,2.177229429652994993e-05,-5.505529607881488527e-03,3.599214402232133833e-09
1.513708027381453552e-03,-2.430331514195392326e-02,8.929741729271495546e-06,-2.287241110585372589e-04,5.733345478954556599e-09
4.427435204857802886e-04,-2.623599070687892415e-02,6.309287753390580944e-05,-1.984115704341703866e-08,6.907662422644285626e-09
3.648810037788450047e-03,-1.787704218688070806e-02,4.234735984929640339e-03,-9.669241362718029733e-09,2.069504567027761127e-08
1.429520941760304006e-04,-2.184006664663567382e-02,1.876806435076146511e-03,-2.346268489535908352e-08,1.851419456884989225e-08
2.628461390777437441e-04,-2.708267483393445724e-02,9.467815389832691386e-03,-1.857435060756244980e-08,1.008129485703391703e-08
3.851224582741210635e-03,-3.270843414531077881e-02,2.136741973677344988e-02,-1.225086620245071647e-08,1.263129200093413459e-08
6.907256042540280833e-03,-3.028227160553304334e-02,2.908370214004081175e-02,-1.440828391611910834e-08,5.083504562769771224e-08
4.988603652878546672e-03,-2.217018911230399930e-02,2.650296958271195977e-02,-9.183062868415807776e-09,3.942221410135323868e-08
2.400837831666272158e-03,-2.662830689729112077e-02,2.529280507667960864e-02,-2.826649548420322654e-10,1.077105667208419537e-08
1.596489817063108992e-03,-2.715780692338033014e-02,2.711921575058617168e-02,3.566913146303465719e-09,1.707571112558129736e-08
4.650659666262556106e-03,-1.130258597972520589e-02,2.401216889462103737e-02,9.784275216933391509e-09,1.649342076473164182e-08
1.406633993955241045e-03,-1.318962423390339714e-02,1.988409909096918934e-02,1.086965119092616158e-08,7.380844039664372425e-09
1.521262494145327960e-03,-1.654764821456512769e-02,2.270894248892530581e-02,1.107776196580241712e-07,4.183319506238943669e-08
7.069756366407065019e-04,-1.460529344020811485e-02,2.571905711518493454e-02,1.217223839712284345e-07,5.301811773453189691e-08
1.529532770593122304e-04,-1.740823268822115980e-02,3.597257312191736583e-02,4.532801985577235733e-07,4.180106488203478926e-08
1.967493281128556190e-06,-1.850111541220143471e-02,2.877272497375957944e-02,3.003006525992750291e-05,3.593516387704175576e-09
1.792066259619146635e-07,-1.917829274573599335e-02,2.538402373816589508e-02,6.919885298451332789e-05,2.498204919608697159e-09
1.572586189162038853e-06,-1.975657180442310160e-02,2.469643772102060597e-02,2.010638509911601580e-04,-1.645475953261803463e-09
2.978006104079940347e-07,-1.432117679733001941e-02,2.609082825491098809e-02,1.355902588592352838e-04,-8.191402015960585038e-09
6.475079865832709133e-09,-1.602238890728580403e-02,2.415909356231397617e-02,7.090186256986082483e-05,-9.617550034071057225e-08
7.781524030080287587e-09,-1.688306036305060528e-02,3.024830535911199672e-02,1.618520741725460092e-05,-1.347836906573639912e-07
