3.009193461040233705e-02,-7.877464949853568016e-03,-3.244480704606431197e-05,4.112572060577402747e-09,1.825868686960370121e-02
2.963174938456079183e-02,-5.672860782753257232e-03,-1.718973474731942447e-05,5.906763856006768440e-09,2.697774320962203348e-02
1.739822241943267400e-02,-5.121813165653340390e-09,-4.394321485625111471e-08,2.024730055873707365e-08,3.395003481792687600e-02
2.384464252698918416e-02,-8.998469034115530755e-04,1.183888450767215204e-08,-2.659553019520735800e-06,3.178712873079961310e-02
2.428251665000731932e-02,-1.076571317977383958e-02,1.822924494372827551e-05,-3.378639851650403099e-03,1.581169906881035522e-02
2.189952580584375585e-02,-1.454509777372285977e-05,5.219120366946639576e-03,-3.456392091016155413e-04,9.877063515662993370e-03
1.653710803294790657e-02,-7.144243175959167312e-05,2.047163742011888032e-04,-1.339059076376431914e-05,2.339252015896665232e-02
2.659131890160616046e-02,-1.519590472046449914e-04,7.857874425607239491e-03,-1.034785630753811206e-02,2.508998523331782207e-02
1.375913525888341343e-02,-8.241818211204475497e-03,2.022260171291374430e-03,-7.443768193623520992e-04,1.889472620816930876e-02
2.113582439095817306e-02,-5.728076445435072639e-04,1.085157410216377669e-02,-4.633181175302241434e-07,1.042522044177904283e-02
1.670382161695867576e-02,-2.372329226701246626e-09,1.596644329116102962e-02,-2.856997750187171615e-04,1.010110609866211873e-02
4.723678434818857387e-03,4.287313696958186084e-09,1.379123653973795410e-02,-6.025588589256442376e-03,3.386373545265534968e-02
-3.272353271425042010e-09,-4.553261040714293335e-03,6.830206004818300397e-03,-1.737886121844041398e-02,2.979267262702570487e-02
1.174064196964102157e-02,4.767967221739532921e-08,4.887834107180786571e-03,-5.174466450701823046e-03,2.945747825552014892e-02
6.703193107101687413e-03,1.316324599285156449e-04,9.519008183251463293e-03,-8.281004676972422360e-03,3.416279713424291015e-02
2.186862035741465263e-03,2.344427196566683507e-08,8.683333538108834945e-03,-3.890723790493467570e-03,4.075981865185494130e-02
8.511634415475415050e-03,-5.308343450871563264e-03,8.452044397485855619e-05,-5.765360263507031922e-03,3.479232874174086054e-02
5.808568875236564127e-09,-4.250573024317406273e-03,3.393263785835927079e-05,5.709441370411279770e-09,4.106166518020315515e-02
8.722782962944522836e-03,-3.399495890860360948e-03,1.857606108980183800e-04,8.844961512996864537e-10,4.726892111906969701e-02
1.858633447004937045e-02,1.356748553020499727e-08,1.402971611694106644e-03,-1.836669578122496607e-08,5.481437669631054194e-02
5.230433439685142072e-03,2.725112449222677561e-10,8.282624141344845916e-05,8.422381253077190472e-10,6.045385211607455511e-02
8.141826151784704174e-03,4.383047402420576431e-05,4.539784429798928052e-03,5.109714285725106617e-09,6.065934037194705558e-02
5.497254385650824022e-04,5.335263359157124425e-05,4.660037301701590277e-08,3.124529012485343889e-05,7.475776641039980075e-02
1.125526610405867822e-02,1.331239558404756365e-03,6.315384623970592484e-03,-5.194404444951492233e-07,8.006828984788898207e-02
1.408486803573250068e-02,2.404629216613170793e-05,4.956794246802054965e-03,6.009823901643734267e-09,7.752267527231000710e-02
3.638183283204462072e-04,6.216768084454029121e-07,2.255903102933033537e-04,6.853461257044414924e-05,7.826934373037226778e-02
1.629243870797534785e-02,1.807901781420978050e-03,2.526542150762785655e-07,6.170719514377701216e-07,8.183485467015758075e-02
2.366382813333227711e-02,5.059578156781904855e-04,4.032537997132440086e-03,3.640100657450421726e-08,8.109617327210895399e-02
1.179271160830097816e-02,3.924403262882061741e-05,7.517290207920307747e-04,-1.426452254885453472e-05,8.131679467581455489e-02
3.218715751558440079e-03,4.992960864392246184e-05,1.011173731541942111e-05,1.974545365349725657e-09,8.220615272509151916e-02
1.398533778585187709e-02,2.742313132073025388e-03,6.673077414665564387e-03,-7.946076771814459183e-06,8.031345628865563246e-02
1.683546349177845319e-02,4.031618226899264835e-03,1.139521995394093823e-02,-2.338270685784986022e-03,8.215985600031219804e-02
1.476892398895700970e-04,1.396886832711404810e-05,3.481122461618885112e-05,-7.475446021018486605e-03,7.951594065022067614e-02
2.845728580130503600e-09,1.039170549232001309e-04,-3.817346092720359275e-05,1.370583226904926465e-09,8.433854703444297607e-02
5.603054567951604907e-07,3.009863515782168052e-03,-6.161547124399075289e-08,1.400494244169935578e-05,8.085989849806685115e-02
-6.238230990643536479e-06,4.120075628394260814e-05,1.054352165003303151e-09,2.436232100340858941e-08,9.776262531197114913e-02
-3.287823303998393003e-07,1.522894016084382226e-06,-6.610200834829945728e-03,9.017140773962293188e-07,1.023034824999450448e-01
9.055184820006281318e-09,3.759187000099925048e-04,-2.397689620060441517e-03,1.824568473875503227e-04,1.026134671013864963e-01
-1.406380756561271194e-04,4.147906267607507800e-05,-5.874887764292173464e-03,3.753111223699581050e-04,1.094907098965647724e-01
8.022308026746105894e-03,1.873698033639664695e-02,-9.662564260238370427e-10,8.515125432359251716e-09,1.075087918678776788e-01
4.117161323061476266e-03,2.543073415746644264e-02,-3.126353548270488546e-09,1.277982650366990283e-08,1.001896504590054915e-01
-2.683052296196947726e-04,3.952021752743124783e-02,-1.688687020414990980e-09,2.702324211470052604e-04,9.015720446403577282e-02
7.959975022613266071e-04,7.180197221455114631e-02,1.732571687358035531e-02,1.910991968400361715e-02,6.586265418216472045e-02
3.013443066733727249e-02,9.037919156046669844e-02,2.184354323435839726e-02,3.983226955099155447e-02,6.879564515253053236e-02
6.514813147953943395e-02,9.204385543976927042e-02,1.992906918398177490e-02,7.867942475607467290e-02,7.379234551337447712e-02
6.764275327714901198e-02,9.141983585696562831e-02,1.338284291657677351e-02,1.141769510031517693e-01,5.333204560151388884e-02
7.535852646866628146e-02,9.847894744289248381e-02,2.249129481717009743e-02,1.397673039797172612e-01,2.778004484711103436e-02
6.451774822545396082e-02,6.021279600617759215e-02,2.181818561339129645e-02,1.609829925940545192e-01,-2.291765343128627281e-08
5.184169920926940539e-02,3.604512970645724901e-02,1.645034940857890288e-02,1.733468152163319398e-01,-6.209880112860249012e-03
3.510482081141571425e-02,2.470062036483787471e-02,1.154108908608511216e-02,2.023428670290565168e-01,-2.316847738836290069e-02
2.221172048025287643e-02,3.000664100728477751e-03,4.625600871825728231e-05,2.048122114300332530e-01,-1.953168363470310365e-02
8.273699480039172285e-03,2.238265826662743913e-08,1.836819809898629484e-08,2.106773891053831949e-01,-1.054305406848996159e-02
5.916575661547529737e-03,-1.865250869085981436e-05,3.360741309169069738e-09,2.105239592685781147e-01,-2.190940636367567224e-02
4.750241477828695980e-05,-9.392239370295681847e-05,2.091076515011819652e-09,2.030472064169780710e-01,-2.082649896744293710e-02
-4.661018310076926047e-02,-1.411192942978384789e-02,-3.667575191638459964e-02,1.775154823690308636e-01,-6.230490988853946667e-07
-8.774099176520322452e-02,-1.581865453690730478e-02,-4.843913114168686002e-02,1.521510310234470698e-01,-3.278826187164712847e-09
-1.390981824884322537e-01,-1.334239989715005001e-02,-5.034234138126807839e-02,1.134767204364749565e-01,-5.737771498850838787e-08
-1.842076781320408085e-01,1.909814718711859342e-06,-3.592509551091394027e-02,8.868153138323021933e-02,-4.449776025998368158e-05
-2.130717077417502159e-01,2.144842834149420429e-04,-1.534394544671589290e-02,4.234489305010385313e-02,-1.084821077713818481e-04
-2.101853766908593213e-01,8.406862811571403152e-03,-4.385079361566520775e-07,3.135862454495393038e-04,-4.048693946867262024e-04
-2.009079546272388161e-01,7.187325173402304285e-03,1.174496429047625946e-02,3.052337342545357631e-08,-1.889166186679273537e-02
-2.001373290583543518e-01,2.644153467801756488e-02,2.335749536908645480e-02,-3.112621720946838477e-02,-1.113024210446689026e-02
-1.837730438498826890e-01,5.161245475013106349e-02,3.051797658968529586e-02,-3.740478833625142385e-02,-2.530385327580677093e-02
-1.704873752918456553e-01,5.534672236116371102e-02,2.536738990857046946e-02,-4.540545133744079004e-02,-2.112128753145047638e-02
-1.536028287370733159e-01,6.846981855636027903e-02,2.860491650515479128e-09,-3.733972811623235966e-02,-2.490681589494015205e-02
-1.096717390826307814e-01,9.137542936426844287e-02,2.488507232416411682e-02,-3.706156028750438869e-02,-4.190501440111268905e-02
-7.606718597374211022e-02,1.065319913026129550e-01,3.041887019621171764e-02,-4.030473238103762790e-02,-5.908161491855166286e-02
-4.521034733692084334e-02,1.118150510234599410e-01,2.781357604004484896e-02,-4.096119437281202369e-02,-5.892591445418998708e-02
-1.143652618387883645e-02,1.045360281828729559e-01,1.664897895543751027e-07,-3.494551199434181576e-02,-7.578661844923227642e-02
4.759048228694504512e-04,1.043678351906885265e-01,-1.104211362297597485e-07,-2.581602933021619889e-02,-7.703642818365824541e-02
1.012674305328732649e-02,9.688126457508182410e-02,-2.449972816432022488e-04,-2.491497232908743142e-02,-6.492707118394927535e-02
1.439522758399069437e-02,7.769687096601943233e-02,-2.016267169171944568e-02,-2.068392394875340906e-02,-4.255633198029731834e-02
1.190749468295103017e-02,6.472251544578040694e-02,-5.236876702391362465e-02,-2.054276233719895886e-02,-3.591886878560694024e-02
1.073877886051365430e-02,6.462739756531496460e-02,-6.714010739432396679e-02,-2.241984559727709658e-02,-1.709657445144943666e-02
1.773662454353243725e-02,5.577995849928965577e-02,-8.844708031899510547e-02,-1.919880773638988833e-02,-6.767926841870913757e-03
2.631328762885474723e-02,3.846865192669614297e-02,-1.162578426152668237e-01,-1.310192382920806475e-02,-4.404112985197849158e-09
1.010849912101679550e-02,-1.257533056080841297e-09,-1.516288475674196501e-01,-4.318354084178354862e-09,6.204426428025231442e-04
1.934292299327477896e-05,-6.323960215871252189e-08,-1.734586616322683073e-01,7.534167008598304367e-09,4.658787074329558305e-03
5.760476159848469058e-07,-7.463873558946456378e-09,-1.856128176616983483e-01,1.158788510628558776e-05,1.365691762252044727e-03
5.468976249730707575e-06,-7.359613924428216577e-06,-1.965507018690146324e-01,9.054952739148135367e-06,5.007751496718655746e-06
-1.497778276585388230e-02,-1.467811954789746307e-04,-2.020600445155609493e-01,8.412360358242642168e-04,2.449345713823491109e-03
-2.011663990969768043e-02,-2.368354407310235336e-05,-1.943697811555391564e-01,2.714367946935929490e-03,5.408745108393009872e-06
-1.378775312921035751e-02,-1.024824652646789251e-05,-1.857543788978349986e-01,3.240540178894252906e-05,-3.383045877267446138e-09
-1.545222625221798322e-09,-8.150595829448080973e-05,-1.717094816264817803e-01,2.074082344660685192e-05,6.911838058204214028e-03
-1.357716341272134685e-09,-8.475577244882613950e-03,-1.642067510379889850e-01,2.074057701635395617e-05,1.170267660589695647e-07
1.244122411577264419e-08,-2.226288847059226025e-03,-1.431146725930393382e-01,3.100256426607856996e-05,6.924618270845973707e-10
1.632543508055086572e-09,-4.344695558113013251e-03,-1.117757210589503114e-01,2.211873121223756832e-04,-1.270137051007740308e-04
2.249641254001529479e-08,-1.788620987118773667e-02,-8.554143126445092060e-02,4.565869202197342570e-05,-4.098552189823414030e-03
8.986931257659812571e-05,-2.654525439678738150e-02,-8.294409668671420821e-02,1.975816170262582032e-05,-8.759319489964469824e-03
1.050605255151053352e-02,-1.469615460228988410e-02,-6.371342109230969386e-02,7.734859281774875313e-06,-2.150050487706548982e-02
1.021562367441107393e-02,-1.712358412049725179e-02,-4.659986371361405505e-02,4.612160559196755438e-03,-1.798521373217942462e-02
1.071362410374521006e-02,-2.680041280666322495e-02,-4.389540658512096349e-02,3.900629426054997347e-03,-2.174889629347186160e-02
1.592917459148775541e-02,-4.007536816624674564e-02,-5.002411702668344007e-02,3.409264525319088534e-03,-3.179358983126944621e-02
2.533203429023423228e-02,-3.457885738263857811e-02,-4.568675646815516245e-02,6.773219389470499716e-03,-3.659226037600412512e-02
2.381016666740382384e-02,-3.409822909329866814e-02,-3.892665430934196674e-02,7.742300183479720703e-03,-4.515450666955929393e-02
1.029692738403815630e-02,-4.354585196626502980e-02,-4.918926672005920903e-02,2.704173957684317519e-03,-3.451518506168915756e-02
1.055522300971674550e-02,-4.921446498758334093e-02,-5.306690172076779927e-02,1.259648690688996828e-08,-4.923723704434552345e-02
3.827030042668708339e-03,-4.327770156400580215e-02,-6.579637529684946584e-02,6.473503494144740127e-03,-4.642025566899149469e-02
5.651891800354459010e-05,-4.445281047617181264e-02,-5.032540116624968640e-02,7.545086335606447474e-03,-3.961715206731827865e-02
3.897307404615583254e-03,-5.343866928310193887e-02,-4.842346167118412315e-02,2.966672411978937569e-03,-3.277210720358258306e-02
1.027184169911989423e-02,-4.928808506936391970e-02,-4.626224716786404151e-02,3.864560301193628897e-09,-3.381896979287344479e-02
5.937885368613264429e-03,-3.806633891579049717e-02,-3.443019079529315712e-02,1.782208633574175140e-08,-3.270865457227099815e-02
-1.263930256100378141e-08,-4.918783987236356042e-02,-3.218557266887858703e-02,1.725096896972333683e-08,-1.989000515320022214e-02
-1.051095671529019213e-08,-5.078297132097224498e-02,-2.230210531996137252e-02,1.039072996566244253e-08,-8.342474476217776047e-03
1.517399690794555030e-06,-4.407583992413277585e-02,-8.126416395214228552e-03,-8.928124584024299141e-08,-1.919433659616244514e-02
3.150538021906826216e-03,-4.722404550036179982e-02,-2.404238860462400508e-08,-1.402006176725354379e-06,-1.537929941366721585e-02
-4.584936752530756486e-09,-4.620372011909468224e-02,-6.568516174626031644e-09,-1.454910062946670480e-05,-1.047614670990965231e-02
3.287302423161141737e-03,-4.977114183794838220e-02,1.395226732060447601e-05,-5.815186952702204419e-03,-3.796974164704410102e-03
1.122346357980612275e-02,-5.647495895888801631e-02,6.927873284313512574e-06,-6.192618475923536252e-03,-1.392036569076233847e-02
2.604691479329761337e-04,-5.998868548460768030e-02,3.943261147102573437e-05,-6.910330444003311178e-05,-1.620056969598878890e-02
5.111393070055616618e-09,-6.335943502683441531e-02,5.722620919199050953e-04,-2.097772646701986409e-05,-1.351411498630329146e-02
8.652301797102684576e-05,-7.064090835454857331e-02,6.317237845972631860e-04,-4.903505290097286036e-07,-1.028930250475146996e-02
1.164402332313371128e-08,-8.314124267961320314e-02,7.580504728537121263e-05,-3.515884541106752214e-08,-2.118889417106476630e-02
2.124207513786865315e-02,-6.779130706778944970e-02,8.067492271284981351e-03,-2.810929338222755672e-04,-3.047593234805418341e-02
1.268488682071575342e-02,-6.947481464488108882e-02,8.571813601201136792e-04,-3.014684142168747158e-05,-1.546556775047565335e-02
7.181862088356810378e-03,-7.196342040334742507e-02,2.975022435998958960e-04,-8.932531052992247103e-05,-1.095317476066379886e-02
9.484655725346917768e-03,-7.755529919301183683e-02,8.115084653375058757e-03,-5.763875933264969113e-04,-1.963344692698777705e-02
1.733786621688489238e-02,-7.416808775117658681e-02,8.530552792618219596e-03,-2.191925618463952662e-05,-1.763120051437730776e-02
5.562562661204265013e-03,-6.921202660448366739e-02,1.473004032897295111e-03,-1.141213231914132448e-05,-7.151067763395323036e-09
1.206205687258335608e-02,-6.949026927584761593e-02,6.040607937763921992e-03,-2.086351489049272651e-05,5.313665957686448483e-08
1.547970932755505721e-02,-6.662390163531055343e-02,1.261302244406792630e-02,-6.266409471452168882e-04,2.122869184147877137e-07
7.488627001283700881e-03,-5.957637381826544343e-02,1.281957998335118629e-02,-7.591256678286729794e-07,7.164792747445071562e-05
-1.756214134484654295e-07,-5.778173445643530054e-02,1.287515349142021384e-02,-5.841720461566215597e-07,3.691124744890041847e-04
-2.469624805992477843e-07,-5.379468076305107122e-02,1.514842101952320295e-02,-1.917049139609993639e-04,1.150495693132383597e-02
-1.665947046831004236e-05,-5.533928465754748421e-02,8.089177094435663629e-03,-9.308096880045820150e-04,4.646977294492775704e-03
-7.810664308180570635e-06,-5.326957574826403363e-02,1.680920668175060056e-02,-2.478186932111068333e-06,1.445432609776235331e-04
-1.033752845973674337e-04,-4.019280228253393344e-02,2.680922257042656076e-02,-3.133469891953388997e-05,3.797719397013264459e-03
-2.242714019414300715e-03,-4.731831819357917857e-02,2.758008835430210415e-02,-7.430395297809799619e-04,3.453977757936060704e-03
-2.685447417883741594e-03,-5.782966047757743394e-02,2.566378007181265020e-02,-5.602169383954930075e-03,2.474218571715781050e-07
-2.188888451102677455e-04,-5.471677063717639289e-02,2.162112278885385680e-02,-5.542096119562259227e-03,1.210248295693331940e-08
-2.122074410095211748e-04,-6.203664345926933332e-02,2.108141999112170609e-02,-9.744758870590275397e-08,-5.630978454729211437e-10
-4.420317407054612439e-07,-6.538949688289312501e-02,2.287995285841313425e-02,-7.367050626303457000e-03,1.489477767423622796e-08
-8.925073985873105756e-06,-7.974051228427801730e-02,7.174877247506625299e-04,-5.425539904424061741e-03,1.660587657568426519e-08
-1.069757277628588993e-04,-7.477274698744847126e-02,1.873312466718609097e-03,-8.444393410224601587e-09,5.515687893637970604e-08
-2.992287488432864920e-07,-5.910770560895725612e-02,1.444297202307030271e-02,-6.840675810098881314e-05,2.580360638414795135e-08
-5.440492020880666532e-05,-6.935221738976191097e-02,1.543769844537797378e-02,5.153368909429620777e-09,5.588618282210215988e-06
-9.620226814747181998e-03,-6.613062387072815573e-02,1.360203528706341314e-02,2.474274716648221054e-09,6.302421915327285043e-06
-2.446126164368566790e-03,-4.388529036274006062e-02,1.633638413683752288e-02,-2.467129271399656236e-07,1.629458978638242214e-09
-7.447760132724782003e-03,-4.185566505159384054e-02,6.069798485972071993e-03,5.327770557787569908e-09,5.004464585316488642e-06
-5.613247934418477518e-03,-4.054644580963071010e-02,1.902546777684710130e-02,-5.156107059021524698e-03,1.005892150349669244e-02
-1.664038188342083571e-02,-4.520390431318680596e-02,1.107192495536611990e-02,-1.518367063479813318e-09,1.002353276487833074e-02
-1.808878360663552717e-02,-3.336256947715627447e-02,1.667905180715694574e-02,-2.442623109791606031e-03,4.863207839716630898e-03
-2.027057458836890175e-02,-2.099791936799048561e-02,2.992633615247968296e-02,-3.072729323417455734e-07,7.178286413053527014e-03
-2.106563542095351085e-02,-2.546964095755534577e-02,2.423109651132700215e-02,-2.680666204717643830e-03,1.019472869119690712e-02
-2.056209869353775588e-02,-3.188099913014863507e-02,1.831883348028724018e-02,-2.894544236697500772e-03,8.007911408785689872e-06
-3.686982518635353173e-02,-2.982644529655600549e-02,1.826837722377651352e-02,9.738728255451354116e-09,5.588104821005629734e-05
-3.054559608145513555e-02,-1.712457034603881781e-02,1.711622407480731245e-02,-2.385243829435865952e-09,7.312813018146483270e-05
-2.898906937298256076e-02,-2.408021807540159168e-02,1.525299866037243234e-02,2.759972677942160214e-09,1.988342701797765014e-03
-2.611137071847197816e-02,-3.068823096795832150e-02,6.895533445252317352e-03,1.898593014841696041e-08,7.814325109884221512e-07
-2.406468168417225800e-02,-2.614564542947288295e-02,1.060922943368771234e-05,8.147018603463901601e-08,4.460250921365315614e-06
-2.014667279944711356e-02,-2.903496520926686364e-02,3.805714898993329046e-08,1.563675597128060804e-05,3.525585693993867935e-08
-3.616248259742858590e-03,-2.391836088765558754e-02,1.529921377480819761e-09,2.269858726914997154e-05,2.455652276524071795e-09
-1.034663968427854130e-02,-3.008182545595141505e-02,-2.959718056490496813e-03,4.679383134830784794e-06,9.027559402982424528e-09
-8.034164604996108655e-03,-1.669566363011079982e-02,-3.795966138081871685e-05,1.962977720229800035e-05,8.614407124181635216e-09
-2.946089236093243306e-03,-6.995049806299740228e-03,-1.520222007301951254e-03,1.654217652956927712e-04,6.164278219629658489e-08
-2.042576197573876123e-02,-2.435129571665062970e-02,-2.089500621506139733e-03,5.717195790322228237e-04,2.021604634212320444e-03
-3.197973863989922449e-02,-2.968423821059826273e-02,-4.288439877311765562e-03,1.106486998287206213e-03,6.658966959932972787e-05
-2.381008333402189273e-02,-1.109253794639498969e-02,-1.659229377708029913e-03,5.059015106188160735e-03,4.737306953121105388e-09
-3.029112203520859664e-02,-6.175536863073818709e-03,4.188199843680721477e-09,1.269136237803026451e-02,-2.721258214594249897e-08
-2.398663571224597668e-02,-1.293103794856085339e-03,-1.859195733663975011e-08,1.304457814665410838e-04,8.759312320912226914e-04
-2.855249910793380280e-02,-2.032597394664359056e-03,-6.925601724100005081e-06,3.326815543563772649e-06,4.445376787314197359e-03
-3.387429424282563384e-02,-1.105489468472179126e-04,-9.340033318196890152e-09,4.776483521028337107e-04,4.652991910068702240e-03
-2.121919399367130921e-02,-1.120577020594261186e-08,-6.927704700295157297e-09,1.523766149625235778e-04,1.327054031039371154e-02
-1.867971756001383238e-02,-5.499959914499207058e-04,-1.954245879344907951e-06,3.812783909152442168e-05,2.178503994600647711e-02
-3.152935142215386455e-02,-1.602848202605260466e-02,-5.855138324559538282e-03,2.595564924684526885e-05,1.525461775679756542e-02
-3.320844312348341515e-02,-6.537060001589356170e-03,-2.840164449614423250e-05,1.689647072674620282e-05,2.375858452639589488e-02
-2.491088303700074447e-02,3.693765818112450094e-09,-6.099079887641228682e-08,1.837020251441024210e-05,2.115125601545814193e-02
-1.824147184634842406e-02,-1.208873608449243164e-08,-2.136845975784365591e-05,6.133545920207157177e-05,2.663989764891258952e-02
-1.959937274380064987e-02,-3.800958634584042225e-07,-6.201398195973643022e-03,1.238470880868333193e-06,1.534605452483800772e-02
-2.154615271195686049e-02,5.173553654565530118e-08,-8.387663424254140562e-03,2.758690074999612690e-08,2.263486514977045005e-02
-2.877315320688049113e-02,3.922613773884125287e-07,-1.433632321083809329e-02,5.127201479212331444e-07,2.404443003764956260e-02
-1.745949764539432916e-02,-2.934832068102422708e-07,-1.872174036940590577e-02,4.761678322847463962e-08,2.173415346986160707e-02
-5.646296233627540358e-03,-3.446482204453623707e-09,-2.072494049215690623e-02,2.843733039501874274e-09,1.449080957567882959e-02
-4.658779391024731736e-03,3.946996438724306375e-03,-2.049110950415010401e-02,4.900489088931195984e-06,2.115396048012707989e-02
-1.253101384758882955e-02,1.661827589368229077e-04,-2.125571668728588187e-02,1.040639847725414899e-04,3.914610394701139445e-02
-9.758154262855844516e-03,3.067016917577510601e-03,-1.681430039946506944e-02,5.524429140842223899e-08,4.235697038662466357e-02
-9.358009467161580719e-03,1.728774150756459107e-05,-2.352053856951084182e-02,1.010414684383766194e-08,4.535181382086742735e-02
-6.961029648152846153e-03,7.349551845236691576e-03,-2.460648936526526123e-02,1.235459799960797398e-07,4.649323872461239016e-02
-4.254079197654843712e-09,1.721328964555849522e-02,-2.388564543254089595e-02,2.671652078911398126e-07,3.710713810284873432e-02
-1.687082075188609122e-05,1.397325863199756248e-02,-2.324584624001223981e-02,8.791139676688672885e-09,4.045831788785422128e-02
1.058088687731765197e-02,-1.160534876274927957e-05,-4.363214524639884507e-09,-2.082511283217287727e-03,3.524818723409033072e-03
1.262630881407870477e-02,-6.603531614798054637e-03,1.448435232681525718e-04,-5.235513911063611504e-03,8.203528156727221340e-03
2.332456368041274306e-02,-1.176856252048067396e-02,5.022287131871376440e-07,-5.780369929864260831e-05,8.402471301375205180e-05
2.996249470418754432e-02,-2.658024742770849318e-04,2.994964616934377650e-08,-2.452239373489087619e-10,5.363089313892189668e-05
2.070925284990212528e-02,-1.038392309016213336e-09,-5.412225392084273033e-07,6.603902521502499640e-05,2.001736565496428644e-02
1.036008851521153136e-02,-1.116532541579755159e-03,2.160394058663741305e-06,6.096925905491604875e-03,2.474904196909434237e-02
1.602974235349145446e-02,-4.623804709928547828e-03,1.852080534237456717e-04,2.247957635219244554e-05,1.579840286914639333e-02
1.437896739680724449e-02,-8.159595419308148922e-05,2.618576959147144584e-03,5.463166141251820725e-06,2.677409165544968050e-02
5.958997724782506313e-03,-5.455208278270521277e-11,5.340486932515396229e-06,2.520389273502415967e-09,4.627066942605222860e-02
-9.279647228943778363e-06,-4.116956071258026699e-08,3.129387610218252834e-09,-3.627837365369528545e-03,5.804576138805641466e-02
-9.876754808249154318e-06,-1.289057980632809207e-02,-1.581661396507719272e-09,-7.536162862878715424e-03,5.786211538923285297e-02
-2.631645658014337025e-09,4.473088366310124599e-10,-8.113343747155062381e-06,-4.024306933962875807e-09,6.366860364247481363e-02
3.471834530798482429e-05,1.019851426607611622e-06,-4.576228796498715563e-05,-2.775359998298353635e-09,6.627186993150585570e-02
1.950266231019608967e-09,5.140321058499189610e-09,-1.126156164027786445e-09,-2.139392124522820191e-08,5.777520565789873858e-02
-7.624483987518274104e-06,-4.736887372417928170e-09,-1.839668991407568959e-09,8.298979127554682748e-10,6.371126733436939527e-02
1.891912159710384608e-03,8.713698951736182917e-10,-1.331594936430744973e-08,1.587567948097112369e-07,6.777257249988798138e-02
1.402443332102386135e-02,1.191001110032439609e-08,-9.291272021472604670e-03,8.244562384936541276e-09,6.095612583517004412e-02
1.219308632989380206e-02,1.110347685788621840e-08,-1.349152398237800539e-03,-2.543602343177676738e-05,6.816979594656465136e-02
8.528489879642586410e-03,-1.962049324377709847e-02,-8.537415953463352997e-03,-7.715163641685155241e-04,6.326744635611225576e-02
5.250226031613180805e-04,-1.006171388294450561e-02,-3.147885679795587883e-03,-1.907159614914397897e-04,6.769934043584549532e-02
-3.056536148031651237e-09,-9.613166746388143983e-10,-2.128788878877894183e-04,-2.608936656152918308e-04,7.294531431804776589e-02
-9.931143981732205167e-09,4.346429351823958120e-10,3.168995128186891954e-04,-2.487284468434595996e-03,7.497489385465798406e-02
-2.793228661906618749e-09,-1.462925812960820526e-02,8.633795285482791476e-05,-6.754930779507655608e-03,7.486295995478969845e-02
6.187896855364750931e-09,6.613412211839742262e-09,1.431115450751646269e-07,-2.865320001042235502e-03,8.077435412441212603e-02
2.713986016545432962e-07,6.778273861387682655e-08,-9.000339844705504907e-06,-1.301755130759723294e-05,9.486507317304172793e-02
-1.083650667768531816e-06,1.312767789482134153e-08,-3.044804110926263490e-05,9.902502368293958276e-10,9.753170705588092015e-02
-2.348812121344115279e-07,-1.674968225479138428e-02,-9.666813705601632662e-06,-3.159056175417011142e-03,9.172752785444789059e-02
-1.794288017567019741e-05,2.485075796075165067e-09,-4.209566405025650854e-09,-1.294838780056529440e-04,9.338520836019421900e-02
-2.243784671498017464e-07,2.266703766325539727e-08,-2.567228991862202531e-05,-6.659813791841400930e-04,9.972631620187026591e-02
4.130491967150402246e-09,8.689714353587282958e-08,-5.773723977447162783e-09,-1.586182689707828219e-02,1.044906559865026036e-01
2.089233527457957755e-03,1.284640839469939604e-09,-6.358394987518643885e-08,-1.292781545497949033e-02,8.983374163871590823e-02
6.239354611189117655e-09,5.612465314762894000e-06,-2.632970727753460895e-04,-1.103629974426867215e-02,1.035544541505973859e-01
-1.058251165202145426e-10,2.592989819759074720e-04,-2.790158102597028143e-03,-4.314657298178093715e-03,1.173022833587383240e-01
3.317899350811342793e-07,1.215336057195386712e-04,-1.204506653355335048e-03,6.735137142071951411e-10,1.180789940803642357e-01
8.902042240259625330e-03,6.963186887472881757e-04,-6.580566736072593868e-03,-8.209895896607707824e-05,1.075752229162299511e-01
2.251245690014786358e-09,1.477611862435554944e-02,-7.369805520904037024e-03,-1.884907603689838038e-03,1.151148427765417009e-01
-1.610457640096217764e-05,1.816071011314325523e-02,-1.331553194511448865e-02,-2.718772208592774526e-09,1.282344047887150340e-01
-9.578994878909405722e-03,1.115499919860820505e-02,-1.599814406022007779e-02,-3.194577553530689408e-08,1.241953289872333166e-01
-9.050683109449142796e-03,1.785164790294983816e-02,-3.062638703333491549e-08,-9.200698708636149969e-03,1.042079067699037409e-01
-5.295104063437230425e-03,2.760083239024338497e-02,-1.462660992195056108e-03,-2.129184790048819012e-03,1.031640335967718008e-01
-1.085701984625685526e-02,3.956262130258879350e-02,-4.416567512823965788e-06,-6.095144143160188876e-09,1.115653306641397752e-01
-2.786942387548705866e-02,2.841877600742522686e-02,1.601002771673116022e-08,2.680782108733591871e-09,8.488157055518365246e-02
-2.197177283799083003e-02,4.221634391427017685e-02,7.094913779515526348e-03,6.538358109008246414e-04,6.609806927116196329e-02
8.770152904998927549e-05,8.210417572727532476e-02,2.067563125675148800e-02,3.911385277108134217e-02,6.578025856158038753e-02
3.472994840268733147e-02,9.965775304367416321e-02,1.142591449735235777e-02,7.907695618883028854e-02,4.827529432604919790e-02
4.910453490053601211e-02,9.058898337840744219e-02,4.534890511397676564e-03,1.214988113209423959e-01,3.084844688159326526e-02
4.180391613970946968e-02,6.045588108628217883e-02,3.600985304686897472e-04,1.366641441469719775e-01,2.116002079375902539e-02
4.224856663108284699e-02,4.550634494078496101e-02,1.881941676347294659e-02,1.573471339769247357e-01,-1.485922260088821238e-08
2.505568039176459330e-02,2.215852093096648545e-02,8.710234938125383658e-03,1.884551283719759496e-01,-8.383518057993958337e-04
1.626960320073298633e-02,1.931345204988329373e-03,2.485127887465253906e-04,1.859611953455245492e-01,-1.913154603274799803e-02
1.044767033272933719e-03,-5.853882079747593916e-09,3.996035789989737179e-08,1.892138156462978282e-01,-2.262360029935072195e-02
1.885960822973378357e-03,1.657911898406248948e-05,3.524306139909460918e-10,1.964682904793548512e-01,-1.985617167607876821e-02
4.640646143653509586e-05,2.753751874203430970e-09,-2.731162141578923758e-02,1.971656275572420403e-01,-1.662228151064184048e-02
6.921990068429869440e-09,-1.519930358137418398e-02,-3.761649694487899376e-02,1.746108356849084831e-01,-1.510138869307296218e-02
-5.865867669734583373e-02,-3.556509875251300662e-02,-5.330786298146782815e-02,1.466561345616908540e-01,-9.184685498285625647e-05
-9.139587238896382249e-02,-1.672075774755587066e-02,-6.254032946607882004e-02,1.224184403544357480e-01,7.884160811623011286e-03
-1.358195349343559177e-01,-1.775705829262792734e-07,-6.340601837547317488e-02,9.865559429493168941e-02,3.610112541811798942e-02
-1.593285197376802242e-01,1.674916106959165619e-08,-5.563754211634546615e-02,7.301816449160022926e-02,3.578188597639445773e-02
-1.664849768681118947e-01,4.060500379020515901e-07,-3.941492237977772123e-02,4.462227585695797277e-02,2.902696053836090542e-02
-1.570821489299608631e-01,2.444753473181151843e-03,-2.212082092902567867e-02,1.412523752501576059e-02,2.427737561739391411e-02
-1.521204341581920139e-01,3.330335914723926705e-02,-1.402276394657596360e-03,2.173225476549143622e-05,-1.300958783509636381e-07
-1.427880797503310872e-01,4.350026998332715694e-02,7.591546148388142283e-03,4.833715066779540505e-09,-1.680782897104542476e-04
-1.315483155955324002e-01,5.218322117089833900e-02,1.642237043638550623e-02,-1.100562538760960045e-02,-2.613894035230618623e-03
-1.060916648498298892e-01,8.537616729036776042e-02,2.684404171454170956e-02,-1.079153190939488929e-02,-1.357577081065365621e-02
-7.234964830202497699e-02,1.110180668256139092e-01,1.735489685149489703e-02,-5.680201130067878516e-03,-2.119971130852616945e-02
-4.435311853931545034e-02,1.269687680323692280e-01,1.622459565694467712e-02,-1.694408413416552596e-07,-3.847373165066241690e-02
3.518406738162216197e-08,1.241973570024462042e-01,1.969719685646425383e-02,-1.038410736952199600e-08,-6.077622580615781728e-02
5.865707447044937045e-03,1.367341427826437028e-01,2.481814027023294261e-02,-3.698486008550344409e-07,-6.512353344730990867e-02
3.502270859600518926e-02,1.514066332368646517e-01,1.966963141892417305e-02,-5.540026177431297199e-08,-7.389387895323458466e-02
4.257158374414678897e-02,1.436244455861047098e-01,5.468470856717576044e-09,-2.847625932009260085e-07,-6.178134580608027338e-02
5.092813476533034067e-02,1.194572646134334920e-01,-1.856196088627971559e-03,-3.511853160971917492e-08,-6.284814795970711243e-02
6.694405370458125781e-02,1.294095397779042589e-01,-2.784032680242603044e-02,-5.873816535465506003e-08,-5.974190734185403501e-02
5.734421152787737286e-02,1.194881480210932961e-01,-5.446576623189237909e-02,-1.367286237449087940e-07,-3.383272716276782693e-02
5.723789882777650939e-02,9.824892947365414242e-02,-7.894821066313577329e-02,-1.185133216284626817e-04,-2.488769295724910235e-02
5.554808308649328980e-02,7.363803670116084166e-02,-1.108396239645433323e-01,-9.742847155028198187e-04,-3.803833447859072264e-02
4.960451035223319149e-02,7.190460617661170728e-02,-1.225122901430152900e-01,-6.215389381739846097e-04,-4.109322943570574427e-02
4.093679286075398854e-02,5.463383595709810081e-02,-1.442600402102799384e-01,-2.873025925491729232e-03,-2.304830006584392479e-02
2.527861991754927831e-02,3.714409281510269977e-09,-1.632914314727086369e-01,6.874567417562789518e-10,-2.741419329393770393e-02
1.769947769021844655e-02,-1.523054592492250639e-05,-1.663918880488510499e-01,5.058325084631340666e-09,-3.109060409769132810e-02
2.088681393412020540e-02,-7.017889813258616967e-08,-1.626451550667707691e-01,3.537353960844731842e-07,-2.899341689768410862e-02
4.792957261334771131e-03,-3.239782986085319380e-05,-1.481154104911549529e-01,3.140406721058926452e-08,-2.850668057300508387e-02
9.452006863442302675e-03,-5.472565229426929259e-03,-1.319918702802417299e-01,6.843752225641232018e-09,-3.868316937921730675e-02
1.542889463737890515e-02,-2.235663270891346741e-02,-1.084790011584588765e-01,-3.620886568663629450e-03,-5.580468435361545659e-02
1.508496716362990944e-02,-2.741670908285069597e-02,-8.774882262936586907e-02,-5.683051758399669182e-03,-5.369350646973446162e-02
5.330170683631459995e-03,-3.485876283302548340e-02,-7.608039921624840107e-02,-1.660146716192887131e-02,-4.297245374959705877e-02
4.636538615285618406e-03,-4.946979234109728785e-02,-4.786775810387539770e-02,-1.825675720340887501e-02,-6.348771044591869361e-02
4.691958851659247426e-09,-5.307539663416342701e-02,-3.347643328770239651e-02,-3.191933484744190197e-02,-6.916855236889836445e-02
-1.641560573285649200e-08,-3.472129321286675924e-02,-2.275209632310006697e-02,-3.032948650445163596e-02,-5.749231549485481901e-02
-8.242413008562381026e-09,-2.100217868739928662e-02,-1.720832584138503110e-02,-3.877394117551326985e-02,-5.404683360178730994e-02
-8.944565710639653918e-05,-2.243947860350823525e-02,-1.488946475031554509e-04,-3.947682941395303652e-02,-6.014208725695917995e-02
-3.851277549522613065e-08,-3.082518257405140322e-02,-4.479023533644423030e-05,-3.316106917306034518e-02,-7.766447814463055266e-02
-6.918057713496475417e-09,-8.396630058522973339e-03,-9.099789446047506413e-06,-3.681755637901492489e-02,-8.048193747607765292e-02
-5.062204915893645402e-05,-1.041615904069679958e-02,-6.756317671561321546e-05,-3.734312642213560157e-02,-7.475410301561039028e-02
-2.186628277468814625e-05,-2.032329650232817669e-02,-7.496033989953764440e-06,-3.812693388536980005e-02,-7.410955052081373562e-02
-8.714882882877702716e-05,-4.158509641429602305e-02,-8.576865925790795944e-03,-3.896418154887433538e-02,-8.474623215455706626e-02
-3.623503220605466452e-08,-3.641337189140772534e-02,-9.477621610698984747e-03,-4.021027767035850742e-02,-8.171611848477870754e-02
-7.256586217357816773e-06,-4.471952169809324112e-02,-1.995466194879311553e-02,-2.982693309505792326e-02,-7.765585442712387432e-02
-3.337495072712372800e-03,-5.683341998300835834e-02,-2.127808205437115713e-02,-1.325428452921050861e-02,-8.041942341638110003e-02
-1.119939219286255477e-02,-8.427698655110149595e-02,-2.429169527683315566e-02,-4.726405152219839527e-03,-8.510891891095626050e-02
-3.356894009664327359e-05,-6.285519406481723803e-02,-1.870280498887701495e-02,-1.435015272481796900e-05,-8.688998453689804335e-02
-3.013528425986245103e-04,-6.383567263571895967e-02,-7.183589411526710919e-03,1.682237771094614356e-08,-7.789064632330391924e-02
-1.397546751845214489e-05,-6.177242100502115113e-02,7.514323892763827598e-05,-1.042484401143428862e-07,-8.484321020812898850e-02
5.956287720841260160e-03,-6.868137894338220695e-02,3.968964528152862763e-03,-3.949505362425862560e-06,-8.212795244653871285e-02
-2.753615823964996630e-09,-6.631882597611632457e-02,6.970868635972176687e-03,-1.006597484340659134e-08,-6.062543844279919686e-02
-9.927623155185232072e-05,-6.932129932980622689e-02,1.988657545359399925e-02,6.579328381484135402e-09,-4.558045324705059520e-02
-6.758532466819087737e-08,-7.631185387356780037e-02,2.733796206375509186e-02,2.649742285992307935e-05,-5.312542964735245121e-02
-4.721329913178530512e-09,-8.535310228602155380e-02,2.865199449373944177e-02,5.371724889183056642e-03,-5.655855487459891806e-02
-2.404162446912883123e-06,-8.143467606684763604e-02,3.423977882905819559e-02,3.472913976955612977e-03,-4.673410182998079254e-02
-4.648508774610434462e-10,-6.827156963699736181e-02,4.004422323079733642e-02,2.355924687162085049e-09,-4.794694697921859233e-02
-1.254048901343751315e-08,-7.580654859682930957e-02,3.996236721992151714e-02,-2.949999629953013819e-11,-4.816207213763618739e-02
1.430125014264099312e-09,-8.350218088429389729e-02,1.980324028163849004e-02,-4.465682238831409565e-09,-4.675997708515037404e-02
6.775892588480224799e-09,-7.062703813683113285e-02,2.593554240284246318e-02,-9.126454555823503980e-09,-4.368765937267911348e-02
-1.779186337040264395e-09,-6.259889742808473490e-02,2.270468990480541821e-02,-9.426183012536132223e-09,-2.852386764170757386e-02
-1.855703385377267188e-08,-7.217965110357547898e-02,2.204362549259045179e-02,1.540143443781651011e-10,-3.340146877746159176e-02
-2.616198514776251020e-08,-8.310644047092065334e-02,9.544566055150858694e-03,-2.009129459326637823e-08,-3.752611365605453692e-02
7.409828128879536034e-08,-5.935445801076538047e-02,8.713892874777790995e-03,-5.384118585921420031e-06,-3.160682878945460239e-02
5.535449228951366124e-03,-5.947312174892772224e-02,7.422431781256576960e-03,-1.396210228269877707e-08,-1.056380260052954857e-02
1.091290990443244575e-02,-6.508152870477580676e-02,2.317589732324057405e-03,-5.002733948123334573e-09,-6.714562046477493169e-03
8.511315172413876778e-03,-7.556906618741683623e-02,2.788332380208291203e-03,1.665675253524871069e-10,-2.011025634596601969e-02
1.626595438735611507e-02,-6.748544193102992694e-02,1.961190116194865690e-02,2.017328270492406084e-05,-9.770793596949638865e-03
8.223826714184624687e-03,-6.278767372537609470e-02,1.927245959888079438e-02,1.872260949295660249e-03,-2.901358041852545794e-09
1.400970689965120632e-09,-7.386694968030414754e-02,1.906727240770974760e-02,5.121603801272823012e-03,1.950715937147707302e-09
5.010881766463667425e-10,-8.858741847580342554e-02,2.500690985965719690e-02,7.525756325112339376e-04,-9.431022581778018832e-03
-5.152530969279980398e-10,-7.335914921773210862e-02,2.686005455447265308e-02,3.199934346851359464e-04,4.937107322125664520e-09
-6.888367373923170091e-08,-7.169014179979166235e-02,2.692979467195044663e-02,6.438810781604225892e-04,3.914222657699159021e-05
-1.692989695399695604e-07,-7.413593907556093043e-02,2.710818533229597191e-02,1.832302587706427645e-09,1.442799336385790793e-06
-3.011850270708825811e-09,-7.762241979987098695e-02,2.717575929829673873e-02,-1.119507936723460138e-03,6.740550166595351054e-09
-2.208920144851097960e-09,-5.947189463557415318e-02,3.680599415277923531e-02,-7.562155498707678111e-04,-1.742960143128166448e-11
-1.505780165408912939e-05,-4.758936720141206805e-02,3.288324024089234882e-02,-3.324305602591081689e-03,9.691075212038662836e-04
-1.081920404587410228e-05,-5.154267963968860861e-02,2.930579843061809769e-02,-7.496383810543325726e-03,1.749583729705485573e-03
-7.447563780171073179e-05,-6.035402165484479720e-02,2.143382012091491970e-02,-6.879601988266489422e-03,1.231953913169758818e-04
-6.853068648042237414e-03,-4.907611789447787615e-02,2.869394774614505289e-03,-5.426117908950835005e-03,1.391850913509974468e-02
-2.397998962203762296e-02,-5.978176086668859218e-02,4.021838779351703634e-03,-4.932338085007017571e-03,3.556422446778899349e-02
-2.390312785551082855e-02,-5.342960547930310222e-02,2.464646213645867948e-04,-3.648403642756691337e-03,4.264873591904259909e-02
-1.034612526167620443e-02,-6.313179457420153851e-02,7.446351221686867864e-09,-3.673005872218633276e-03,3.617966256801920938e-02
-1.857511561443783710e-02,-5.309727177375513085e-02,6.288443349465134762e-09,-7.386201598432794863e-03,4.764051584980335402e-02
-2.391133215953087851e-02,-3.868322754440671474e-02,-4.316979201834983057e-03,4.407055673110363944e-09,5.041263537343035339e-02
-2.358202512589830865e-02,-4.352287328346355483e-02,-1.184759496855923664e-03,5.170510465757202179e-07,3.621946438748203934e-02
-2.688063540710780575e-02,-4.274678542761966432e-02,-5.608431506825128400e-03,3.659149604582936696e-09,2.758356616553861093e-02
-2.018904903203950357e-02,-2.612086137290683605e-02,-1.396870243164293271e-02,6.352264705520712174e-09,3.398343379804010661e-02
-1.390298258011478209e-02,-2.182806510944335435e-02,-1.449811400954334299e-02,1.994277275932272364e-06,3.233634603258622037e-02
-1.303827035053713515e-02,-2.234004651351027479e-02,-7.195169190695081644e-03,5.984926244209009918e-08,2.839941900479742501e-02
-1.829960964738502243e-03,-1.609210195071804697e-02,-3.988986719120945004e-03,6.764229930072580360e-09,1.763817117834377834e-02
-1.497956253399203817e-02,-1.254642870284445634e-02,-5.405323473765114017e-03,1.256435332417662841e-06,2.496077614140082210e-02
-3.136565074860941243e-02,-8.351460520358316986e-03,-6.135833594405890653e-04,3.538634536903400673e-06,4.080214888216219388e-02
-3.775782658064259778e-02,-2.004706903292076403e-02,-7.941930187654279889e-09,4.445318090554071148e-06,3.408714491686911513e-02
-4.707930414314839829e-02,-3.661183260173519333e-02,-1.268975773478874902e-04,3.164907144281963852e-05,2.954663643448296809e-02
-5.224736491425561319e-02,-2.315021424722322682e-02,-5.254201410876855986e-03,1.788743619711124350e-04,4.416117530405457708e-02
-4.656082012366236783e-02,-1.159968461019555107e-02,-2.787617547181498508e-03,5.964299012999506799e-04,4.261060530121889983e-02
-5.243846881620938677e-02,-5.316995957959579456e-10,-1.684394854719004856e-03,1.395696755254396818e-04,4.139133669471601468e-02
-4.759132271702441047e-02,-1.829544013173618061e-02,-9.660088592072955602e-03,2.926792117100897881e-04,3.135817023146694749e-02
-3.724494332480973030e-02,-1.186399004480855751e-02,-1.041143281597892677e-02,2.740121248093144642e-06,3.486596497566686603e-02
-5.181606231722819117e-02,-5.649386883718355602e-03,-1.106091093303219856e-02,9.223348381521420604e-05,3.368478723349087323e-02
-3.960701932805842096e-02,-5.848829328400698055e-09,-3.641470013157662843e-03,7.291412226901380217e-05,2.342040879498837741e-02
-2.533770404193128045e-02,-1.168556030147197868e-02,-1.101738617528081644e-02,2.757672866747154036e-05,1.753569864198190748e-02
-1.030169989000884710e-02,-5.944425716964767646e-03,-1.782493263838151598e-02,2.157406088140901158e-04,1.968089626228172392e-02
-1.764439938297289803e-02,-1.088846062039653881e-03,-2.068105619406234580e-02,9.733937184648964590e-05,3.459604892363110640e-02
-2.133147852529828151e-02,-1.124246833734515033e-02,-2.848767819718284189e-02,4.010024124470388640e-05,3.910903528036797916e-02
-2.224795953632056206e-02,-2.642709911260861938e-02,-3.233728232423385696e-02,2.835813353231008235e-05,4.391569635581180769e-02
-3.083734678260870166e-02,-2.183717075746925348e-02,-3.485866084977582574e-02,1.167373739917633652e-03,5.728574099543663062e-02
-2.696433130978896642e-02,-1.575201812438819030e-02,-3.631816033994622606e-02,1.215761548743115629e-02,5.760808363318661862e-02
-2.270500097784372562e-02,-1.059655822040643167e-02,-4.220263808512914050e-02,1.483537506889804833e-02,4.848145568152929796e-02
-2.894699119466137213e-02,-1.244381573022541008e-02,-3.914586571792603997e-02,2.019078431441810942e-02,4.636389030913037890e-02
-1.472308688107259143e-02,3.762693620109654326e-11,-3.469942439005575113e-02,2.793477648252626691e-02,3.946542568755015412e-02
-1.143943989986469408e-02,8.239207269508592288e-06,-3.173904687719562856e-02,2.845453462847544884e-02,4.856875127844084705e-02
-2.244274718310502320e-02,-2.782249876119274580e-05,-3.826158888249411860e-02,3.258345295500304079e-02,4.506690428936869358e-02
-1.794286293739240715e-02,-2.048622434772673081e-09,-3.690224209729135035e-02,1.538750264892367083e-02,3.561537755684696799e-02
-1.486842507860092200e-02,5.929587523050947868e-06,-3.373166523470108591e-02,1.535550213055400862e-02,4.972780557326363093e-02
-1.942104089471010167e-02,8.075317119859866690e-09,-4.598236483679841308e-02,1.678318013570103892e-02,6.210611599795753945e-02
-2.143665396396749953e-02,-1.974806066763804949e-09,-4.440857794936148989e-02,5.898393649230258134e-03,6.332064566998507615e-02
-1.508326877522988760e-02,-1.504370074271359778e-03,-5.510223461890071533e-02,2.446939216027591444e-05,5.809295873187385328e-02
-1.932948545513422586e-02,-1.252570600907721094e-03,-5.763048286733143954e-02,7.212864192529960111e-03,6.698705121601082613e-02
-1.040437404977688843e-02,-7.699544171726023431e-09,-5.495199379566424042e-02,6.926683578126208683e-03,5.953561389587527786e-02
-1.721773282932854629e-02,-4.647217885292045762e-03,-5.931971920384743191e-02,1.235923280759962731e-02,6.102450830737416593e-02
-2.323552848960232925e-02,-2.008103842979404655e-02,-6.774769656596339729e-02,2.084759862708783149e-02,5.715443902121079833e-02
-9.749119781838308171e-03,-1.758321252125194176e-03,-5.988004654958076212e-02,1.463880827774877505e-02,5.720571861054021129e-02
-9.039302974963660947e-03,-3.478830311399875100e-03,-6.784881871240575069e-02,8.370788695900001353e-03,6.118993396691403686e-02
-2.311475475233223595e-02,-1.506899160245921132e-02,-6.200668609280782922e-02,1.634263582871762523e-03,5.050320649748018392e-02
-2.454904890511167351e-02,-3.739030988341266858e-03,-5.649237659919714022e-02,6.798052866736419789e-04,3.865913476975557650e-02
-3.186633531233853261e-02,-2.822587106076349193e-03,-5.407887153197017682e-02,1.011455753119427751e-02,4.451614960052168585e-02
1.079328715361017009e-02,1.776207942462803679e-04,4.010316745233714236e-09,-4.147908881445156864e-05,1.395192451551626085e-02
1.064680052134411878e-10,1.615159528577177184e-08,-1.558129941639459584e-09,-7.059074720920198789e-03,1.975345809976006631e-02
2.599889001166110804e-03,-2.686801438348335007e-03,-4.881973215057785801e-09,-1.223678988638855943e-02,2.184740716156020543e-02
1.056227562246677548e-02,-3.815051912201666059e-03,5.844256785446609173e-11,-1.114989385349135845e-02,1.266792386090110148e-02
1.212424665092029161e-02,-6.571396346675661667e-04,3.525010195974247976e-03,-1.009196110519295503e-02,2.171453972283842251e-02
1.617753516584247847e-02,-4.126184933228774362e-09,1.320338068542565441e-02,-1.236728423179338059e-02,2.950148467180567155e-02
1.919161444201138850e-02,1.117419178070001641e-09,4.875659878954870761e-03,-7.532934268416452937e-03,3.156812555960014643e-02
1.765916158971314945e-02,-9.848532206073133573e-10,1.273442931421850041e-02,-1.423279819389512355e-03,3.081907144082761743e-02
2.435179353585669240e-02,-7.242129756755277294e-03,2.019655002267732938e-02,-4.147881392484785087e-03,3.161253994797814243e-02
2.450390217808786145e-02,-5.582404901211326063e-03,5.770100225205291276e-03,-4.518954135164037454e-03,3.624596796235285412e-02
2.176499017054904506e-02,-5.181389804114203829e-03,4.754148809487894473e-05,-1.015979168301140206e-08,2.827966253785324513e-02
2.532295019345468315e-02,-7.096587888146297729e-05,3.317612636608970132e-04,-4.294872002785719614e-09,2.744716598094584792e-02
1.864240343267149075e-02,-3.167945219205276519e-10,5.261191701369206768e-03,3.787865570934511831e-09,4.067955940406460524e-02
2.420780831802585951e-05,1.576308632286063473e-08,8.108647254059332676e-03,3.843612529483292004e-03,5.023657390116483684e-02
1.846807178800936866e-02,2.541613559514862306e-08,1.122905980114929231e-02,1.980184351679971793e-09,4.182822431547295050e-02
1.951253755929236236e-02,2.422197139504927697e-09,1.224014730495640892e-02,1.365112071708727854e-03,4.700232927675768863e-02
2.547827886246293791e-02,2.761644716818411988e-08,8.292359077369826706e-03,3.271567077219467764e-03,4.637892341123418111e-02
1.832234161448656473e-02,1.985340340324321800e-06,1.118195606516166198e-07,3.011895939979293297e-03,5.690444348485267784e-02
2.635982967633660953e-02,1.895495217750210312e-09,3.967799119768693518e-08,2.602974742929551623e-05,5.751695576761511886e-02
3.579230046803823923e-02,6.211646600011697473e-09,1.403007883262042412e-06,6.696782579435316908e-09,5.799654138627591965e-02
2.995180696710238524e-02,-6.242400676920306906e-09,3.234395599736410048e-07,6.654110757844963684e-09,5.789353969180200538e-02
1.997152578193134645e-02,-8.944707164595047319e-03,1.114974160498048160e-06,-1.097122729074839607e-04,5.060045746454818610e-02
2.206004461997585625e-02,-1.623560833685585084e-02,1.665218299055870962e-05,-4.901806558339960915e-05,5.393231961210318004e-02
2.261549421371835539e-02,-1.782284629588228725e-02,3.225613518631216780e-07,-3.710025987307300572e-05,5.635208287725746584e-02
1.623575103640184300e-02,-1.898790077594220832e-02,-4.896116709258223881e-07,-4.177665456917294053e-09,6.849213103214156495e-02
1.847240422437651172e-02,-7.161795601458826634e-03,-1.141825838803527246e-03,-3.143891741187014328e-03,9.012992428122755528e-02
2.371669623618046646e-02,-3.835449685947728712e-09,-1.787637518858195383e-05,-2.648573443447401182e-03,8.620463326808271154e-02
1.231645910026084485e-02,9.732820643406925599e-10,-7.744341738512714596e-03,-8.207719957623487220e-05,8.531153070687995388e-02
1.772729427448362441e-02,1.289186863358618429e-05,-1.607332477319328538e-03,1.934634133523807981e-09,8.994248748773293889e-02
1.100327058517744545e-02,2.135940931156461226e-05,5.991522743033628039e-09,2.840156059724012251e-08,9.296934307640622452e-02
2.181822787858712660e-03,1.305164789972620191e-05,1.438890929296718964e-04,6.349387285711818628e-09,8.601832068481628235e-02
1.819539037621836428e-02,5.975163954342862897e-03,4.437917396792968698e-03,-4.617846970524732690e-08,8.503155620077423871e-02
1.409860269910253629e-02,1.251818667119308261e-02,1.788615493532292079e-05,1.998650996984548468e-09,9.795024218350609213e-02
5.567820898490622415e-03,1.737026808725755309e-02,-3.120319828363068404e-09,1.644497585317077927e-05,1.073066656565362098e-01
2.747577605850069077e-04,1.732862751006642582e-02,-1.216251246487085739e-09,6.039806983982823199e-09,9.645563305429258327e-02
2.233701482441579901e-08,1.756390201557191111e-02,-6.645879662618334703e-05,1.510627526441643025e-08,1.063156769265568430e-01
-4.865269319051353716e-07,2.503523763511713782e-02,-1.470931638583614781e-03,9.013858505027609819e-06,1.152204146393787515e-01
-3.267376103281455658e-05,2.367166401345397603e-02,-1.263501589818033857e-02,7.183483816659216599e-06,1.198739258116144207e-01
5.800146729115772967e-05,1.120809025814406557e-02,-8.159594997960335078e-03,-1.785835405988564050e-04,8.749036518577470167e-02
1.033462090890652045e-02,3.098079492813602537e-02,-2.226648725556592146e-03,-3.357356836971591135e-03,7.755423873784778044e-02
1.261028024765998429e-02,3.382685728361326666e-02,-4.611829475673087197e-05,-8.276786715378351561e-03,9.876840332163476510e-02
2.303475378725750988e-03,3.308975427272671521e-02,-1.052174203402768464e-04,-5.587879134943538571e-03,7.611109360405535207e-02
1.666966303501611624e-02,4.405627901044912448e-02,-4.514721065406276940e-08,3.557447325512145923e-03,4.747604362990035659e-02
4.771796031307681818e-02,4.474159698591748807e-02,4.412155701896430221e-06,4.550090576241272444e-02,2.620811463600426425e-02
8.777423257991878724e-02,5.022529781924096187e-02,6.872220313599871830e-03,8.187341044841084381e-02,2.771848878013455711e-02
9.741678385988900013e-02,4.490109128214860024e-02,1.958479237052418876e-03,1.200831209602986893e-01,2.187367666186962323e-02
9.894930646724960088e-02,3.670917155395544279e-02,1.280808938121995050e-03,1.429703081660752828e-01,8.903562786693368716e-03
9.541204796194177606e-02,1.391765597614221840e-02,2.922219571074507766e-03,1.640021310477113303e-01,-1.471317351823890890e-06
7.178581702913776341e-02,5.661182995187326782e-07,2.711437587021780712e-03,1.854006833433659573e-01,-1.425594920401970084e-02
5.139588612122093086e-02,2.963945884246533068e-08,4.576626222037163266e-03,1.983375195278412328e-01,-2.491258566472726727e-02
3.917392323780489322e-02,-3.431395895101944666e-03,5.897571366902204200e-06,1.914718142967953840e-01,-2.950156422756169267e-02
1.790862010121411357e-02,-6.098079823820345231e-04,2.923231004083623877e-08,1.977548854376159071e-01,-2.890543622567385770e-02
7.384582513580150408e-03,-4.666501514395524056e-06,3.176116595234055116e-09,1.956442643118468938e-01,-2.958258726046312723e-02
6.350180254133448920e-07,3.810279685604111448e-09,1.158108794959085945e-09,1.816554354255238146e-01,-9.627769134802278278e-03
-4.356621319220230909e-02,-5.275174276024007783e-04,-3.499702160029788400e-02,1.481492912659986561e-01,-8.496516457072642720e-03
-1.014301242068037928e-01,-2.388928531214644119e-03,-4.800377707398665456e-02,1.147511708258972390e-01,-2.984199241308886584e-05
-1.633213075093523647e-01,1.683805688396639658e-06,-4.160535213664733056e-02,8.323336377855004853e-02,-1.837458259893160960e-07
-2.115741516530986743e-01,5.043106280122819363e-04,-3.781829398474603754e-02,4.735405418918592346e-02,-1.432362132659914880e-08
-2.255917338324868182e-01,4.219023677804827586e-03,-1.478289806508392180e-02,1.636356147739281364e-03,-1.012662606891161704e-04
-2.379762283576100923e-01,1.996833089968554076e-02,-3.458132567425151728e-07,1.413238927433721890e-07,-5.718678196021355006e-04
-2.331078449807127417e-01,3.235162273790608001e-02,1.487825794005264574e-02,-2.377928571776461233e-02,-5.330547500233736961e-03
-2.155611395103379790e-01,4.674269987210690619e-02,2.806901169199865070e-02,-4.676666311965710365e-02,-3.097080497923839198e-03
-1.968460374532529644e-01,4.308823024309010874e-02,2.695214109696031021e-02,-5.302528511842955622e-02,-6.569095466400662504e-03
-1.809168553167827542e-01,4.973721358711530316e-02,2.415796995689552251e-02,-4.270260670785475110e-02,-1.671681017465675989e-02
-1.429535936322247347e-01,6.433991259240760818e-02,1.550018733535639230e-02,-4.710552150110280251e-02,-1.502311991393363855e-02
-1.082108739504061279e-01,7.349840188527617668e-02,2.193966565635199761e-02,-4.046864668226883566e-02,-2.542107445889081260e-02
-6.836877663937272753e-02,7.572548540877090117e-02,1.309234000040478477e-02,-3.526719202724111490e-02,-4.052543520957013062e-02
-2.115778562827704337e-02,8.749832736592845495e-02,-2.707971095983982422e-08,-3.282861958942058511e-02,-4.825588819473330959e-02
1.185503536634703847e-04,9.270321206487784627e-02,-3.691861269210482893e-07,-3.539802722142361413e-02,-4.834183717874666192e-02
6.975341292021055260e-03,8.731720573167461863e-02,-2.888974300585965180e-04,-3.142703376624216005e-02,-4.141831411595996160e-02
2.394500517492936797e-02,8.538324198965800693e-02,-1.797017784368989610e-02,-4.280928006105080841e-02,-4.496250441856296937e-02
3.136664065681418756e-02,8.223497511222359335e-02,-3.711092859893423690e-02,-3.477547069653284112e-02,-3.114536063886469419e-02
1.812552478051968757e-02,7.535870401975747201e-02,-6.594304514238498449e-02,-2.794946833217810955e-02,-6.511972093985631330e-03
3.670162351541200740e-02,7.272642354423086708e-02,-8.960234974525260743e-02,-2.616410793045503141e-02,-4.269092769995378242e-05
4.773135980946313639e-02,5.961522418835737275e-02,-1.139674528610476884e-01,-2.683750982179716749e-02,-5.826127248960530532e-03
4.224610445702838696e-02,4.856529179102104382e-02,-1.347037789055340329e-01,-1.831830923526507962e-02,-7.504222335479722283e-09
1.345652295223000172e-02,3.628074545063933454e-02,-1.550271688620482591e-01,-6.409462515154274592e-03,5.916280704435724648e-05
9.901847949144511763e-04,3.587147822629149774e-02,-1.580755525912080073e-01,-3.436611961644179697e-09,9.149885128842596277e-03
1.680095359254118472e-04,2.937343777857288549e-02,-1.734753646723690423e-01,3.262409331845784034e-08,5.430909841767930790e-03
4.593122958451639973e-08,1.184394352828336506e-09,-1.907350298896507979e-01,4.045286471524692923e-03,1.778492714078293291e-02
1.501346859346631192e-09,-3.286407416203571149e-09,-1.903880655585730997e-01,1.295695862551417624e-02,2.417457574269627277e-02
8.072983586480899504e-10,-4.264993887600622356e-09,-1.830016575677000934e-01,1.388575085565224403e-02,2.800735722460736404e-02
1.485506085170159742e-09,-1.571725931228439900e-04,-1.760799409497199597e-01,4.869493474110701131e-03,1.641215359635796872e-02
2.817642289320694742e-09,-1.495282445389871807e-03,-1.629729709774155044e-01,6.505451134767829477e-03,9.002324709426872199e-03
-7.709396046695267748e-03,-1.635148352172153055e-02,-1.490488888836100922e-01,8.781482776648877331e-03,1.953663643909531872e-02
-8.246501699174320858e-09,-1.173903198779482557e-02,-1.251456518744253343e-01,1.047404450672164040e-02,1.817609826417210597e-02
3.220714506549741144e-06,-2.169606279585650083e-02,-1.123391618997629376e-01,7.290193423503271881e-03,1.256589973581927601e-04
4.887705964774279564e-03,-2.502237822187799998e-02,-1.004730957036022720e-01,9.741499703576746161e-03,-3.935379828266715796e-09
1.272942792375266093e-03,-1.952218060797484764e-02,-7.535807008780755212e-02,8.498505516305109725e-03,-1.052041225519957776e-04
9.261629428653879925e-04,-2.095605051661397072e-02,-6.153584016714944843e-02,1.891526026289284154e-04,-1.234904511071093641e-03
1.452544744379550418e-02,-2.422689893992204316e-02,-6.168857973158056035e-02,3.104434822576569346e-09,-1.800938350851490066e-02
2.819671336399097450e-02,-1.250267601869883317e-02,-5.274891713518218422e-02,-1.070182324944484225e-11,-4.078741976082066178e-02
2.470554079424871000e-02,-1.187004613822752880e-02,-5.037969749377804035e-02,1.056785607655260500e-03,-4.780231365786980630e-02
1.275676470210923563e-02,-2.295426939137948721e-02,-4.997159476302388131e-02,1.713673817827181386e-03,-2.875530534117837211e-02
1.408657886622453025e-02,-3.177768895043493053e-02,-4.854646419455135864e-02,4.013641528738448074e-03,-4.409955409223088874e-02
2.270981818606424354e-02,-2.519574583579025154e-02,-5.086392681281626943e-02,1.159931378969671772e-02,-5.726826765818551074e-02
1.215347216810562340e-02,-2.339492369488275353e-02,-4.106493571191748709e-02,2.001278764905379051e-02,-4.940135685244783498e-02
4.681953652951209577e-03,-1.872204557323975394e-02,-3.664991527293198770e-02,2.431327504052785762e-02,-5.147353344943072367e-02
1.490845208210181600e-05,-3.070036362310616870e-02,-2.808984873454791614e-02,2.468236116574426542e-02,-6.477649419242269280e-02
4.802479276295928895e-09,-2.576630185983294630e-02,-2.205485655583785259e-02,3.211851379379428856e-02,-5.755960242800214899e-02
-6.140331466551382771e-04,-2.977713660598570872e-02,-1.969020441069425226e-02,3.147546219110310822e-02,-5.267860027700952547e-02
-3.830653969195418093e-05,-2.572740002972839085e-02,-1.642399231506242244e-02,2.150444846445615649e-02,-4.438004127182315628e-02
-2.891196086732009200e-05,-3.661367759123335119e-02,-6.028962043480441159e-03,1.469602774554219435e-02,-4.285313577565786486e-02
-5.118077822326216510e-06,-4.356898105746667693e-02,-1.443499550929706682e-08,5.682227270873286239e-03,-3.773778304805291278e-02
1.213887524446118652e-08,-4.287664278486242458e-02,1.076993325356666802e-08,7.583144236749575276e-06,-3.129591462978167232e-02
-1.274856988228855671e-08,-3.936178933262466512e-02,2.079577542879297883e-07,3.418449929807698930e-08,-2.068807408575173978e-02
-3.806160841683688378e-05,-5.546981017062255909e-02,4.748227435788664641e-05,-1.042189182405491269e-08,-2.030922316587810070e-02
-1.365367276020659823e-08,-4.938305074142920748e-02,1.459370344585662026e-02,-4.708279421479402271e-05,-3.624270658693694996e-02
2.121592998606455146e-08,-4.194840622886196468e-02,2.940418694315406756e-02,-4.211755544608214282e-06,-3.596334923200042444e-02
1.771181405765242106e-08,-4.280681313744195970e-02,2.749492602245010020e-02,-5.124666613287327259e-09,-3.776245572474739437e-02
-5.028674615289977417e-09,-6.006350520222599604e-02,1.736171103446611935e-02,2.732523045764286564e-09,-4.687449342366557109e-02
5.230210032114214827e-03,-6.472181647021983675e-02,1.532268670593803575e-02,8.671322660888615411e-06,-4.526072562409503425e-02
2.351272446615402923e-08,-5.815712255349328452e-02,1.421577989132345558e-02,3.527312811148925267e-03,-3.213055623229192637e-02
4.865324038821265511e-03,-5.971770675937924239e-02,2.721424014278449668e-02,3.483197752931582692e-05,-3.109946090617762837e-02
2.301375087360224978e-08,-6.877742305219655683e-02,2.725930616532655157e-02,8.544376868843845659e-10,-3.270053990285737983e-02
9.599551385117941347e-09,-5.647661750451481860e-02,3.730706614977072344e-02,-6.058601694672972023e-09,-2.426093115128277050e-02
-2.306241215425580849e-06,-5.317175466858476557e-02,4.153201768933278970e-02,2.657846386205427614e-04,-1.511568868008950940e-02
-8.074996562667544390e-08,-5.082054376299509346e-02,4.133737094776719634e-02,1.937352658058285205e-03,-7.451996893006348349e-03
-1.049458037410849584e-09,-4.818386960307467076e-02,3.851578235682500545e-02,6.217410558257034712e-05,-1.445495357690212805e-02
3.815945521560404081e-03,-4.250997389861198295e-02,3.399036289487106927e-02,3.292189077125457441e-05,-1.403565778682193572e-02
1.167670443001506513e-08,-4.108596541298970006e-02,2.650184157488444728e-02,1.651074328187659730e-06,-1.087186373722648185e-08
1.195429014509229995e-03,-4.311101459567748956e-02,3.416385473896772773e-02,-2.302120283488419491e-11,-4.280608167425465835e-03
2.917133650442033273e-03,-4.588252280133011535e-02,3.609508787960129944e-02,-2.539551893345985944e-05,-1.520274453630320391e-02
-2.499603555452438583e-09,-4.408175024936025060e-02,3.581413318156952824e-02,4.997723557517091373e-09,-1.096692174857751348e-02
-1.252416572446851874e-09,-4.585217596847507987e-02,2.961226617072291317e-02,3.115745143208337880e-05,-8.037249778080285836e-09
-2.166144013473963776e-08,-4.350955196221905491e-02,2.565478036075595145e-02,4.377784945074528557e-08,-6.094086646696021597e-10
-2.264589172717886114e-09,-4.959262340060391350e-02,2.632535909783050021e-02,-1.242611788642506527e-07,-9.597855228067983524e-03
1.103913004060377845e-02,-4.135869912163388923e-02,2.614360259886244070e-02,-1.738805023969659542e-03,-1.138991591004009235e-02
6.718251335449380683e-03,-4.391837750604170310e-02,2.216314617650289726e-02,-5.391942562038866231e-03,4.526115489935098633e-09
-1.211747168639234462e-08,-4.603599129283447722e-02,1.609968997015185851e-02,-2.204334969940758141e-08,1.135231611691682243e-08
-1.356527363245054415e-08,-5.951206781583649741e-02,3.845999676936385971e-03,-2.035397941962040719e-09,1.950479398942142997e-09
4.016002530532234750e-03,-6.107315776086489484e-02,2.433797068550500476e-03,-2.457391905186225278e-09,-3.753131398459564165e-09
3.427495145505543204e-09,-6.349833859333930963e-02,6.720102539608394034e-05,1.268910876609856866e-08,-2.796263431881458902e-09
-2.408529534543397792e-03,-6.967113176176116529e-02,1.925954201304397778e-05,4.766124314386332289e-05,1.630833652033188827e-07
-2.640938233276023291e-03,-7.473986599935936170e-02,5.490900150844959382e-05,1.148269728239775748e-08,2.341929645400316092e-10
-5.588540863612479186e-04,-7.193817475282186791e-02,1.308539818222276339e-04,-1.201232339552248102e-04,-3.343238485467670477e-07
-5.853984585523178998e-03,-6.308640518379891871e-02,4.833024656548717303e-03,-1.020250471410224358e-04,-2.228250794755720198e-03
-2.444682596278398290e-02,-6.140168672298531444e-02,4.665379702596907021e-05,7.825600634757879665e-09,3.060184763768672860e-08
-2.941327475000033581e-02,-6.696681591032573044e-02,1.295031392169616533e-03,-4.014773594842098429e-10,6.912612896047009184e-09
-2.351181190743467653e-02,-5.617093375592028398e-02,1.174133242902214956e-02,-4.011808649266025012e-03,8.483759200959430200e-06
-3.601036970259703651e-02,-5.437912583516694293e-02,2.919057201489647091e-03,4.875267928910940148e-09,4.381155794425467542e-03
-3.230225440480605226e-02,-5.938618485219874371e-02,4.516817361745739494e-03,4.661842011163914014e-09,1.173834756174910697e-02
-1.884237995048871142e-02,-5.523938161035926026e-02,5.353264172094903371e-03,-5.239539640982219214e-03,5.294928301996656810e-03
-1.442498716851513263e-02,-5.078704888402455625e-02,1.033171996233121434e-03,-6.150955542127889072e-03,1.782421287174247452e-03
-1.280035524870363692e-02,-5.649805217895095821e-02,3.407577445184095431e-06,9.797073662319509697e-10,1.284914243097331349e-02
-2.335060970195661917e-02,-4.857810591496120045e-02,1.659220594473753414e-05,3.002885782324835756e-09,9.644932003861505024e-03
-2.531593455742266532e-02,-5.673835053136414702e-02,2.387002047084797493e-05,-3.115736902942715626e-08,2.879609647295816219e-04
-2.114951197441096442e-02,-4.860790558000076950e-02,3.460322625007080985e-09,2.122777088561299451e-08,5.993934413651636622e-03
-1.829082485319083809e-02,-4.537943470928815226e-02,4.246200191475885321e-09,1.027207315840737268e-07,1.507481208985413622e-02
-4.400467622764656604e-03,-2.900038204450652163e-02,3.588003081555180043e-08,2.369650829008608068e-09,7.962358058701131738e-03
-2.797930666877139136e-03,-3.657345107314150662e-02,-1.202688047191390703e-03,2.010693093211934589e-08,5.499999046191262365e-07
-6.115507339999499969e-03,-3.856368917028072524e-02,-1.126610973794667410e-02,4.509547932070634581e-09,2.012722738761413076e-06
-1.963354510330652530e-02,-2.678927672642259991e-02,-6.061663252106269141e-03,1.657491129555129797e-07,8.443969146476753423e-03
-1.905961872574437124e-02,-2.204768631267299203e-02,-5.198255332344034821e-05,1.980992597095136468e-07,8.220762899676916030e-06
-1.061072619964280143e-02,-1.396598061092395489e-02,-7.224331519753322499e-10,-7.545145803427471725e-09,-1.880710643879058425e-03
-6.903676658678256119e-03,-1.404939293584757908e-02,3.980962900167322887e-09,6.350790825112818338e-09,-1.377771968123938078e-03
-2.156600425306379881e-02,-1.289105093038676528e-02,9.291631305780856285e-08,1.248524630507069259e-06,-2.966458817851264532e-05
-2.157428393348089293e-02,-2.060195568178953068e-04,8.502929477786310461e-05,2.481989000650753633e-07,-1.037771953588452130e-08
-2.469929810655571364e-02,-1.603137488544489203e-02,6.388439087625684133e-09,1.455586839198111842e-07,4.193782738762280315e-09
-3.672786316635853754e-02,-1.729656677696773601e-02,-2.329043355043761213e-08,2.730584598282518933e-06,4.373307719337891225e-03
-2.129221858733673298e-02,-7.802911216201615686e-03,5.397755121585543889e-09,5.014386221411124428e-09,5.444850203317396116e-03
-9.461116565620885516e-03,-8.580070342739602295e-04,5.042275856941727995e-08,-1.422860275107230515e-08,3.374156472142448519e-03
-6.693165146636878039e-03,-1.896498718187714788e-02,1.499223711136136316e-06,-3.151020497852874414e-03,8.686296387410022066e-03
-1.182842723816517408e-02,-1.707584050498307457e-02,8.150949859797899158e-09,4.317272320683386345e-09,7.766794660292289203e-03
-1.528177315670493919e-02,-2.503837426163632238e-02,-2.373087136247268528e-03,5.277452629800523142e-08,2.677716315080247086e-02
-2.456098007404310460e-02,-2.118477047931925303e-02,-9.870771015877060489e-03,3.840907820099111306e-08,3.613151942815352735e-02
-3.181978732187588227e-02,-1.802703281517498840e-02,-3.301058692503138544e-03,5.889452144806814891e-08,3.403428408282381523e-02
-2.100671712402392421e-02,-8.902989576524180868e-03,-6.958006511448967465e-03,3.503782068511774682e-09,4.043764826195923867e-02
-1.954454134807129956e-02,-1.888458417075762087e-04,-1.187939819915912430e-02,1.758660294401776752e-09,4.405457052543602925e-02
-3.727222085489021591e-02,-2.863889447888083497e-03,-1.967402779003655372e-02,5.806502478881839758e-07,4.575844537447535526e-02
-2.427366932996260704e-02,-1.645870911812421982e-05,-2.485894335276397568e-02,1.447945329833130214e-07,3.360629623099144203e-02
-2.133419421719467274e-02,1.726882352546412548e-08,-2.978849932411724299e-02,8.165342306017972865e-05,3.301922607189548831e-02
-3.006899409345286170e-02,1.299157548978719817e-08,-3.239560199205224200e-02,2.044474769890949413e-07,4.730945896396108324e-02
-3.647568507236430280e-02,2.314523387282194591e-07,-3.208170958031305448e-02,1.312693586729538249e-04,4.786683888235908346e-02
-3.461801962704543628e-02,2.670281780952224342e-09,-3.745620543592118046e-02,4.859137938580067101e-05,3.235144103930819026e-02
-1.555478449005111979e-02,2.581675027031243418e-03,-2.876225354279612553e-02,9.213649752960305843e-07,2.277865017356619365e-02
-2.153171506599216647e-02,7.395975452298287310e-03,-2.368509419610625305e-02,4.991190470150934481e-08,2.396564307191612758e-02
-2.723556374291484505e-02,7.177585528922672694e-05,-3.269806183857709714e-02,9.107233751935303050e-06,2.158807809224377525e-02
-3.281859290474274660e-02,-8.199465510981566649e-05,-2.962785739285404493e-02,8.775578551074768135e-08,1.902914484060994060e-02
-2.485898209023348904e-02,-1.836394833228273255e-09,-2.477045260873144902e-02,4.967271506248809807e-09,2.572771995107494061e-02
