-1.784254190606169091e-02,2.130400472827312201e-03,-2.246288738851790050e-07,-7.719175155909159836e-09,-9.682737271057424949e-05
-1.639290202798526774e-02,5.341746619553303923e-04,-1.129016022592242687e-06,2.503039227431464151e-09,-5.222850430444852306e-04
-1.830360103268168642e-02,3.780098948895124875e-05,-9.659732538085092192e-06,-4.615133981122396733e-10,-1.007924988605968025e-03
-2.518327384555070839e-02,9.747451382650422505e-06,-6.907169932927077879e-05,1.873456981599926175e-10,-2.009540963600116726e-04
-2.583376178511325588e-02,1.256934610017246864e-05,-6.656242858105103724e-05,5.196182720774952282e-09,-8.159651307085292982e-05
-2.334919814880448766e-02,4.125577988484975794e-05,-1.123770361284934244e-04,1.134071755121551766e-09,-8.580729496596738225e-05
-2.882787218254752315e-02,2.129746520059320439e-04,-4.590257561802784997e-04,3.193367471111669745e-09,-2.606982431033853667e-04
-3.363972519572194786e-02,3.844235980074558394e-04,-4.904177909936578358e-03,7.246854013692858435e-09,-2.083026560459878785e-04
-3.206260560281693622e-02,1.166651751797650441e-04,-5.296359480093480211e-03,5.233806163108600163e-09,-5.166067473669568077e-04
-2.693652451833308120e-02,6.460736485077089516e-03,-1.353800234220910344e-02,1.118594027769121106e-08,-7.689820203839736745e-03
-1.628542591247291241e-02,5.684557535732537130e-03,-1.089467435320358966e-02,8.213855523085904710e-09,-1.313518791747647282e-02
-1.924830391289312700e-02,7.651612427532245193e-03,-1.394609844789659360e-02,1.648574100488505706e-08,-2.584842791061598213e-02
-2.024995538780539200e-02,7.073001529147742751e-03,-1.447916473300773360e-02,1.915322677952624654e-07,-3.310776886528696977e-02
-2.034390332275668248e-02,1.336925078612117949e-02,-5.315572596677044757e-03,8.757993198108061580e-03,-3.312326614619293119e-02
-1.303974241582414421e-02,1.257558034092389442e-02,-6.055977833968369771e-03,2.831630715829664277e-07,-3.270492307487515848e-02
-2.394559280980495045e-02,5.519414457389866698e-03,-8.292002551801496563e-03,2.421023861270682070e-08,-3.213430710512454880e-02
-2.969251456953319462e-02,6.713212143979570105e-03,-2.906366592788014059e-03,1.521101544994834636e-08,-3.043372848030106645e-02
-2.089810115345935165e-02,7.971789134558119163e-04,-1.073554782803773843e-03,-1.277919507806739619e-08,-3.406239395163677269e-02
-2.550974834099950517e-02,1.658136534133470468e-03,-2.759255491842997707e-03,-4.597583003145920034e-08,-4.038499705999854666e-02
-2.166736974460578211e-02,4.655391797755475437e-03,-4.725582913752714859e-03,-6.448461423951247646e-08,-4.925794465460413274e-02
-2.518671316736964538e-02,4.633015442821134672e-03,-2.474299082350076961e-03,-5.763128218449695018e-08,-4.428518983364553713e-02
-2.639372650652102928e-02,8.349546576359343289e-03,-1.204132065141887446e-03,-3.901421547861108667e-09,-4.761312542553227528e-02
-3.092964729704406751e-02,3.120551014175181916e-03,-7.180883010297639145e-04,7.045302119582418955e-10,-5.524481707288524807e-02
-2.663371753482880744e-02,3.305402372033626381e-03,-2.826358942057275239e-03,1.365536832081384494e-09,-5.992009400046757750e-02
-2.705647915555306482e-02,5.024039600930606600e-03,-3.510449692959076527e-03,-4.620503292054405097e-09,-5.512763555335965099e-02
-3.279794390979139801e-02,5.388295867212191358e-03,-4.278685391571951900e-03,6.388382369744443200e-09,-5.958805010123831986e-02
-2.766148884606567035e-02,5.508824044520981358e-03,-3.068401882122100957e-04,6.627512462878772783e-09,-6.631622526764341385e-02
-2.638654418818123584e-02,9.074488129810546339e-03,-3.145036114395066695e-03,9.872273307500926824e-09,-6.847509755826809708e-02
-3.698504471044187364e-02,1.609046398775421105e-02,-5.385325190797537760e-04,1.095062361870956653e-07,-6.790025194947985065e-02
-3.021538007114465962e-02,9.331149194585436693e-03,-7.437628917403588807e-04,5.618075821529360102e-08,-6.571242961090476009e-02
-2.872081931099876306e-02,1.243045298759676807e-02,-3.113659852260070634e-03,8.961358327943937912e-08,-6.775337931947385262e-02
-2.751030958398493348e-02,1.870332963290640554e-02,-4.847222848494069265e-03,2.097749069065563167e-06,-7.176382163909136858e-02
-2.708010278443591032e-02,9.318788885250879270e-03,-2.957066318221559728e-03,5.678723401222058045e-08,-6.927299194461523923e-02
-2.426478762322829136e-02,3.329414148475551023e-03,-2.877504644844609588e-04,8.772057282606439757e-03,-7.258331843521120819e-02
-1.577023414408117163e-02,1.490349978598611296e-04,-1.568027701360207049e-04,3.671386730184146496e-07,-7.671169754712321709e-02
-2.914162912427039828e-02,6.366489554656657541e-04,-7.520093890002806526e-04,1.216236819922763591e-02,-7.573291178610104535e-02
-4.187135965621539141e-02,1.547911545927918174e-04,-5.181440310898120447e-04,1.510540578291166315e-02,-7.992416493769824437e-02
-3.511668597267875863e-02,2.535711170546814473e-04,-1.928459815994288404e-03,1.346775022881016928e-02,-9.104409776785667152e-02
-4.036154549592278068e-02,3.978111395112994726e-03,-1.523156754401989782e-03,3.151995021996307203e-08,-8.451004945668180723e-02
-3.665152109569114192e-02,2.247384136326989901e-03,-1.475074670524188032e-04,-5.500078953665681461e-08,-8.096324838078124142e-02
-2.932633050825138310e-02,4.354086890225997153e-03,-2.205536817496612891e-05,-1.317260150116828071e-07,-7.736819445332389356e-02
-2.682623011770149737e-02,3.724799574396970951e-03,-8.976230393218241724e-09,-4.220777079562339104e-06,-7.080440893374898015e-02
-2.376466858101426434e-08,2.013254357923414256e-02,-1.733260676223890311e-09,-1.744607562829122733e-03,-5.949522033057863535e-02
7.717753258127221482e-06,4.225282029541563289e-02,-4.597520848072284868e-09,-4.205803376200526605e-02,-7.203606477801970109e-02
7.653265206995726628e-05,5.882930113721109022e-02,-3.295425808763762663e-09,-7.846910009813796993e-02,-7.151895579562214667e-02
6.017684179243122655e-04,5.453878844961910360e-02,-4.753469444451196718e-09,-1.154834912838663546e-01,-7.206827133015603071e-02
5.518816808735584750e-03,4.434668182364123745e-02,-1.596318354195098688e-08,-1.436352794447293135e-01,-6.591632908772906974e-02
1.666135138305212607e-02,3.319046361219289698e-02,-1.971556206261370833e-02,-1.576175513356136981e-01,-4.813767948995191504e-02
2.277957532620445563e-02,2.498261728865297168e-02,-3.051675893813978607e-02,-1.742947346007226450e-01,-3.321452193808228232e-02
3.208984684216953376e-02,2.841167971067565788e-08,-2.159104126775939630e-02,-1.842965849466807471e-01,-1.849494208832015360e-02
1.789510267261723922e-02,-4.661009421350194029e-06,-1.533808627866312330e-03,-1.794418532848361669e-01,-4.383394797862511954e-07
2.391936713308786926e-03,-2.504945837597969890e-03,-2.372566578651297183e-09,-1.734365304106392225e-01,-1.595492041042254921e-08
7.590493042936272182e-04,-4.686485249494741490e-02,1.427658541564370434e-05,-1.741319611793379629e-01,3.266977938216660473e-06
1.168027886415924714e-04,-8.293250982351210721e-02,1.780725010361618871e-02,-1.624542160743204511e-01,3.369164697181406017e-05
6.905711486903768285e-08,-1.315057319198240648e-01,3.300540375099693391e-02,-1.298617113440403981e-01,8.620237672617991355e-05
-1.564524895888135345e-08,-1.740743048738685739e-01,3.663995890041256420e-02,-7.730529330067059668e-02,1.832042603646672523e-08
-5.836854620688699890e-05,-2.072216201439296412e-01,4.211327358561882395e-02,-2.487886442411156585e-02,1.313459052919202106e-08
3.479661026493456680e-09,-2.328968921219628507e-01,3.068352278708567123e-08,1.048100505889878034e-05,2.689307758409790396e-09
1.626635287999585178e-02,-2.211682471635340319e-01,-2.490719906237737884e-08,1.947555554190741594e-03,-9.425598764898348167e-09
5.727484185544849671e-02,-1.937874846486157265e-01,-3.016506967963073615e-07,3.620498046343815363e-02,-3.418786992089430503e-07
9.158865086212576723e-02,-1.668260852693039531e-01,-3.027095688782829524e-05,5.982354604045282687e-02,-7.601574928362404836e-07
1.232320957965613861e-01,-1.192114811016345421e-01,-2.922448490475177893e-02,7.975325789581116931e-02,-2.635774824434058625e-02
1.414485113956916451e-01,-7.297984126010989558e-02,-4.312489119386211239e-02,8.747693508565741738e-02,-3.737038936577218723e-02
1.440684483145522610e-01,-2.828207546777876391e-02,-5.471671055650831306e-07,8.236333253902623774e-02,-3.699822983731132497e-02
1.533390573142821567e-01,-6.914533273563957562e-04,1.002911292886339141e-06,6.299494348156467471e-02,-4.018841509127291795e-02
1.653405731039684912e-01,2.119179431687327852e-06,1.680240666769296866e-05,3.674446990451334799e-02,4.763732029437706396e-10
1.730888346950007206e-01,3.099690584196078012e-04,1.050532613498624722e-04,1.168307573998002974e-02,5.618919276410315828e-07
1.731992901505493843e-01,3.403030502870612456e-02,2.558141242599183685e-04,3.592296965857932293e-03,1.059911522358204392e-06
1.625897084940987614e-01,5.615070453973545345e-02,1.055351002586103152e-03,1.797557231667287758e-03,7.600139989701543590e-06
1.516723519226240158e-01,6.713340993426165915e-02,8.060593891053598539e-03,5.453779836324316836e-04,2.323588826923275223e-05
1.299051066618007733e-01,7.395523490708616476e-02,2.842021442482635385e-02,5.628618113563053872e-04,2.734914411041861781e-05
1.073773860633513988e-01,7.606489591686463325e-02,5.028738514460286829e-02,7.645734237196275809e-04,2.170011802625688809e-05
8.723793963540517338e-02,6.502119138227495376e-02,8.552206462470988979e-02,7.358840089683163412e-04,6.648677367834109227e-05
6.117346598359008070e-02,5.677571169673670953e-02,9.759649390965753624e-02,2.383349528496505124e-03,3.069008698301147750e-05
2.959601306468211818e-02,4.741844005606325740e-02,1.129335415499337081e-01,6.440930010674145688e-03,7.971922836474857959e-05
-1.055558360795639220e-08,2.769919395002514231e-02,1.248767318837556289e-01,1.334213160574330113e-02,1.637351452647588571e-04
-7.405642825323346042e-06,1.006700904716587713e-02,1.393531732498123898e-01,1.844014523087311730e-02,7.767380811656347112e-03
-7.356167513816169452e-05,-1.512322365041104770e-09,1.517223383984477592e-01,1.572098750941310422e-02,1.004490492871268695e-02
-4.643131523067954287e-04,-3.279809344719183212e-07,1.643727626423768795e-01,7.900870167155201948e-03,1.610851886226920965e-02
-3.865252372462042556e-03,-2.630737838132575377e-05,1.750089953337610194e-01,1.329007407489590960e-02,1.197820955400314205e-02
-2.389452462161397936e-02,-3.589786126516597412e-04,1.698035189248379151e-01,1.444654454547299530e-02,1.551556619275833507e-02
-3.432397563796558276e-02,-6.511080583577528351e-04,1.688066690029625949e-01,1.898059578947278170e-02,2.043364489653939908e-02
-3.788577880818531918e-02,-5.081796950657394354e-04,1.573248971515638084e-01,2.169171824272628571e-02,1.913893058868482155e-02
-4.171982171920338156e-02,-8.453075116037309805e-05,1.393783929063699967e-01,2.177801637727046213e-02,1.556297491925321547e-02
-4.972506804313205075e-02,-1.856501123830107069e-05,1.226140009125328972e-01,2.559281249910335884e-02,1.890956534630857180e-02
-5.432438347324463485e-02,-1.837479212282626903e-07,1.057193530741821763e-01,2.951583088380315897e-02,1.751532734816127132e-02
-4.667613664094123066e-02,-2.381937592625221997e-08,9.513019833237124079e-02,2.589944083925856122e-02,2.329665434886577652e-02
-4.867497810878466946e-02,-6.556652952535090002e-09,7.014034460476276100e-02,2.449886820976274540e-02,2.409682759444345748e-02
-5.313884117288684289e-02,-2.433174578470868871e-09,6.794806961794963573e-02,2.342749679880709590e-02,3.778243778417408882e-02
-4.862662167028108939e-02,3.994337683661093622e-09,6.221856687587406370e-02,1.576703588658238259e-02,3.885033652796830717e-02
-4.415139782878314823e-02,5.828060503491338688e-09,4.401296192157138493e-02,1.550590489540152293e-02,3.320026531943599118e-02
-4.048147743481536609e-02,8.634267035705708241e-09,3.874993676388011760e-02,2.000301169791911395e-08,3.734307486187726788e-02
-3.047843860953633813e-02,1.516865968312400748e-08,3.490912636798098462e-02,6.698304671339847965e-09,3.979518685182954069e-02
-2.882794430600991997e-02,6.511952302039000898e-08,3.210066535873969812e-02,5.013566964409001074e-09,4.921155086569165699e-02
-1.738498153287973760e-02,5.998074671939658369e-03,1.796853893021977192e-02,1.794267147531494704e-09,4.862821019772216313e-02
-1.033121776479734716e-02,8.439991637830220050e-03,1.745806811246644271e-04,6.794727708947642317e-10,4.896728351555638958e-02
-1.833061000986669492e-03,1.080112342668455329e-02,3.797348474581173871e-05,-1.457696441584784152e-08,5.364002312181036236e-02
-6.619245999479121158e-03,1.224671053570064276e-02,1.658307989604699510e-06,-2.877270729191354847e-08,6.119749987683902742e-02
-3.272392973674019719e-03,1.356747692705043314e-02,2.731805759906039760e-09,-2.278802103421891880e-08,6.313066192267360877e-02
-7.243846446381223617e-03,1.392674296459271710e-02,-5.529079528133043714e-09,-7.560497941777568562e-09,6.083963316973468871e-02
-9.700283592249270975e-03,1.462290816641689632e-02,-1.338313180861239985e-07,-6.283873438878459468e-10,6.769054189249812392e-02
-5.100404755169401193e-03,9.069381752330142252e-03,-1.028377282402047029e-04,9.600131635123791674e-10,6.483861595505166497e-02
-8.196074145435208388e-03,1.126863099692526453e-02,-1.243028343017280220e-02,5.344681093765242903e-09,5.919674600223757965e-02
-6.041950209302393050e-03,8.583934399766950107e-03,-2.144838962655412629e-02,9.839897347814615591e-09,5.278135412840152807e-02
-9.308359640298321733e-03,7.593490536015150283e-03,-1.905419480576333452e-02,6.547700279534339552e-09,5.885918524210905639e-02
-6.682547328081217194e-03,1.878041787863891920e-02,-2.571645683761588502e-02,6.587631980658709211e-09,5.999066889147457865e-02
-3.252136452279407591e-03,1.476856004441677583e-02,-2.519134395841392260e-02,4.807657411205548496e-09,5.889168491616551121e-02
-8.752835098346813808e-03,1.160062319196102434e-02,-2.521897796841637146e-02,2.100538697215501884e-09,5.781063685325404239e-02
-1.162929766157021205e-02,1.670663287148578535e-02,-2.598169723048131610e-02,2.001703274163628206e-09,5.778649320637810338e-02
-3.057694808699021501e-03,1.299667454173261683e-02,-3.164164974545746745e-02,2.946153539496403196e-10,5.676727116268075191e-02
-2.564107729620599980e-03,1.445629247122231890e-02,-3.417377111210448404e-02,-9.110291575658894094e-10,5.818215120620830877e-02
-7.679389051771788252e-03,1.263928024140900143e-02,-4.183194058072902538e-02,-1.988636732768584245e-09,5.393367929181371034e-02
-1.506339278054484067e-02,7.536302025646804056e-03,-3.968355372027188022e-02,-5.840987165348178306e-09,6.607734807348447648e-02
-9.843508291737135263e-03,8.246591720462282879e-03,-2.947714736396801760e-02,-8.113791357630133561e-09,6.201956882187480147e-02
-1.255208409270327022e-02,9.103103873704275137e-04,-2.459153074758466118e-02,-2.325476999369670995e-09,5.574855912245903905e-02
-1.231721810435118351e-02,3.863394784286153412e-03,-2.110871716611380927e-02,-2.157813494879731634e-09,5.508734477079896275e-02
-1.097693302623719940e-02,1.377195184340785500e-02,-2.995749751703490754e-02,8.033494653466533178e-10,5.619252921613182572e-02
-1.115058147062248685e-02,1.876046997425066115e-02,-3.159516631278909415e-02,1.923284057537946013e-09,5.714829551039048161e-02
-9.895055046359773482e-03,1.435423765375280596e-02,-3.393744896650788961e-02,3.081761881264314563e-09,5.667088537140675675e-02
-6.503580852657026706e-03,2.103006972894510759e-02,-4.457585669930574923e-02,6.259991890814227329e-09,5.199302655201155227e-02
-8.011924149148048208e-03,1.056660701438128999e-02,-4.558949486265183315e-02,6.319636293829825269e-09,5.164464683997700006e-02
-1.097776031038308342e-02,1.113238842866841674e-02,-4.740933687630888294e-02,2.002854521505703716e-08,5.079836399080701892e-02
-1.022781328352948514e-02,1.257499895591044714e-03,-4.357276479637683941e-02,1.911683102649727435e-03,4.846934763387352602e-02
-6.383753755519676158e-03,1.435331919693623589e-04,-5.223793877958759352e-02,1.110632193848365076e-02,3.966076320461462551e-02
-1.661769439310697522e-06,8.686331562504800391e-06,-4.661303451423421534e-02,5.103659594911208811e-03,3.842185905985626843e-02
-1.484366696536322650e-08,1.737115239795079938e-05,-5.354548277655962751e-02,2.423052243417856810e-03,3.935215499204840206e-02
-2.349710967501303806e-09,4.404257571484971099e-06,-5.251196216524559035e-02,6.835329433162347368e-05,3.096531009069738646e-02
-4.770291954418197758e-09,3.699639457588438866e-06,-5.317248139070122892e-02,3.022239369643725808e-04,2.365469639163968185e-02
-4.684771952157354397e-09,1.372428454816547456e-06,-4.606469265174704952e-02,5.353259785113567010e-04,3.387038831044879295e-02
-1.837948149479420164e-09,1.219731482865207316e-06,-4.370353398163079328e-02,3.622644236996003611e-04,2.756551832982058123e-02
4.834156984024274597e-10,1.011097464106442709e-05,-4.269836840029467284e-02,2.030174784457352037e-04,3.026642149913741711e-02
-3.359733618862001241e-09,1.743436634701722219e-05,-5.189220011802622018e-02,5.096863030145253569e-03,2.911798324817881783e-02
-1.284522680094196983e-08,6.438753150775046760e-06,-3.863332053365617358e-02,9.637011244923728015e-03,3.301084776591427239e-02
-2.648669852544432947e-08,4.901722094230214986e-06,-3.618814583492917930e-02,1.732088561253877085e-02,2.717583996498361062e-02
-8.231086015880468506e-09,4.520231308455965464e-06,-3.530660083578929243e-02,1.176519298394820140e-02,2.049020437672983280e-02
-9.026997722226157402e-09,1.156466115983738506e-05,-3.920277674998283446e-02,1.059783688002845919e-02,1.519574660557784611e-02
-6.503061102985476002e-09,2.684560356700501614e-06,-3.732586873029222069e-02,1.019581708804458663e-02,1.159775737892765161e-02
-1.667899054425853552e-10,1.020150021556020415e-07,-3.517837551883386954e-02,1.622993935624382532e-03,8.080755593279930621e-03
8.466205347711470454e-09,4.545236144688055289e-07,-3.200056228816713921e-02,2.508710290127156173e-03,8.373936164194679564e-05
1.281358267258673897e-08,6.109855807144835893e-06,-4.510320335931856245e-02,7.973540615677093824e-03,1.571514220801136243e-05
6.742603010018399215e-09,1.207964145196155524e-05,-4.614324599616973638e-02,1.669629166743758636e-02,6.456457285595107446e-06
1.886126542340944081e-08,1.643738488363053626e-05,-4.222208615239914781e-02,1.790305710577869830e-02,9.282800876537800365e-06
1.785821264986745121e-07,1.332814962427376437e-05,-3.829947909431019593e-02,1.839105058753879446e-02,2.080498597015379704e-07
3.607011513830842428e-07,1.327885452041678025e-05,-4.421929742128007795e-02,2.092274785622546401e-02,1.491309347403796268e-07
1.574667101010833681e-06,1.002555147608807358e-05,-3.840156730412439684e-02,1.088078903566304205e-02,3.408848504972895328e-06
2.163633373297848888e-05,1.395986411639313321e-05,-4.221468769628188011e-02,1.687183477060523115e-02,2.218403109011802889e-07
1.241000022419966895e-04,1.116833429203080633e-05,-4.103857121252874052e-02,1.850256876996715649e-02,2.604795102817579360e-08
9.326014382707195453e-05,1.387789929597350537e-05,-4.750992331086049958e-02,1.696289957371765328e-02,6.775801224715443757e-09
2.266177579642485171e-05,2.661849782163481796e-05,-4.113808796276310215e-02,1.741115330856353449e-02,2.445846188105657437e-08
1.160104146299118549e-05,1.328487228867977943e-05,-3.741054220555733306e-02,2.472299546429234177e-02,-1.088504921527490446e-09
1.456999243653346170e-05,7.302484395621161237e-07,-2.529460648334256115e-02,1.920775554298627744e-02,2.227134204355114647e-09
2.045383353734398320e-06,1.669932660437351340e-08,-1.654466309153601600e-02,1.542227006374238124e-02,-2.130648729653842499e-09
1.677742385928178925e-08,9.835680126101748879e-09,-1.363009753338610686e-02,1.398484902820386518e-02,-2.014684085335471178e-09
2.078765070534846284e-06,9.622594601711128333e-09,-1.555928024048563660e-02,1.063539063242284130e-02,-6.557119021368256796e-09
3.628782322078709212e-08,3.487061743096033685e-09,-1.215866808787260250e-02,1.357735509464920616e-02,-1.121559646779485582e-08
5.024873509342296661e-09,-1.232571529508923143e-09,-1.190825105671759407e-02,1.386878115419377597e-02,-1.899716971656042202e-07
8.016677108987525367e-09,-2.724233880637837034e-09,-5.720200975290045710e-03,1.111885303232447442e-02,-2.361090436842325173e-08
9.376924600421942491e-09,1.144616363353978785e-09,-5.704584475361405171e-05,1.498917246850236563e-02,-5.309721249071967426e-08
3.482199263763147952e-07,-3.731741127210769771e-10,-1.380733998396402494e-05,8.572446319766589135e-03,-6.294744419812689295e-08
3.622932872114979103e-06,6.012967521039029720e-09,-1.479933854355187041e-05,1.754686736110041417e-02,-5.156247311087141377e-03
4.668207134509905665e-06,3.044715846199546518e-09,-2.897834662135624136e-06,1.404779110973395674e-02,-7.574139702798832717e-03
4.787227789852645466e-05,2.618182990328378742e-09,-1.405141213318672854e-06,1.160468530771180395e-02,-1.003983119416763936e-02
4.184690631205756009e-05,4.742698993113408584e-08,-5.607255144890066031e-06,2.199595592154561866e-02,-2.329659880463794824e-02
8.518935199642158729e-06,3.407325786460356311e-08,-9.050339873645090438e-07,1.810874166469287824e-02,-2.473538560715972043e-02
3.271886350636411216e-06,3.279877960044575503e-08,-1.105140283954912257e-07,1.878837386228288109e-02,-1.843686412065576735e-02
5.400383631917015038e-07,1.771848534946413314e-07,-3.243456184381307057e-07,1.718362062822832020e-02,-1.817617677853159558e-02
4.626363262376644264e-05,3.297203590415561204e-07,-8.014963771413080749e-09,1.048459324876861720e-02,-1.955941521082361564e-02
1.721913481659574549e-05,1.399631977403136456e-07,-6.838096419014263307e-09,1.066711466578488567e-02,-2.061843483953288217e-02
3.112861245316252335e-05,1.285550883816440454e-08,6.841279520445290460e-10,7.380918065016379634e-03,-2.171541906514879577e-02
3.373854878267019102e-06,2.804627742329582065e-09,2.484145787819642493e-09,5.729247910899679282e-03,-2.756900730233457358e-02
1.733343202329859663e-05,9.092972097576157453e-10,1.277270881267779138e-08,5.043254673113356339e-03,-3.017942976309304776e-02
1.947002673587155933e-08,1.826549495279406710e-09,9.253447774168961339e-08,8.567491454191408437e-03,-3.091961846347049403e-02
1.268819635104221258e-08,7.166763746599226129e-10,9.471259487221712946e-06,1.063164299920198695e-02,-3.242570190070939024e-02
3.864992882089937575e-08,1.988192645378504233e-09,2.198729943940483573e-05,8.101233905071492797e-03,-3.850584293241645500e-02
5.985962213823635762e-09,-1.791121302079813213e-10,1.909644380184380384e-06,6.846037635704665253e-03,-4.687758561858500900e-02
2.372848882693980125e-09,3.487037568551156882e-09,1.106485568293570597e-05,1.213648897030966678e-02,-4.900970898576167273e-02
-1.021464777119181493e-09,3.909748453559924784e-09,4.160054431281000223e-05,1.816460287656523204e-02,-4.252393999345825681e-02
-1.488795826163439272e-08,2.105122849892216654e-09,3.059109487375854722e-05,2.436269003769504782e-02,-4.539237080455791468e-02
-6.156486922588658456e-10,6.108933678120914659e-09,1.034583711921061197e-05,1.863507655238513111e-02,-4.573647416843244079e-02
-4.287260833106341666e-09,2.551721673614958515e-09,6.111001245588663107e-06,2.117724122076725807e-02,-4.508882487686301926e-02
-2.168442211566401739e-04,5.275447563629336186e-05,-3.479566579929649153e-08,1.551468735040476501e-08,-1.224948149943000232e-05
-9.300694662730034021e-03,1.189586731501144452e-03,-4.812771495527143695e-06,2.635850921951198333e-08,-8.755239272898959237e-06
-8.594631277290836271e-03,1.004246647752251795e-02,-2.062197898883706728e-05,1.134082087030993969e-08,-1.038211445896080792e-06
-7.638615871053016141e-05,1.689888970635930118e-02,-2.858405405115127492e-06,3.788202320301401665e-09,-9.108511826063433271e-07
-8.313551772142577928e-03,1.231624202533514525e-02,-2.281418254871175484e-05,2.310398446080563782e-08,-2.049590377334525393e-04
-1.084863922367407946e-02,1.326715437521600559e-04,-5.039880741138933265e-03,2.958270751246968024e-08,-1.193089709476719169e-03
-9.776841160902305025e-03,3.010892800563372686e-05,-2.452151208965201333e-04,1.661364253669754289e-08,-2.911508113116680575e-05
-1.484758788459934753e-02,3.087300292343851020e-04,-3.935456991870216214e-04,5.621764574689687456e-08,-1.177628015567058501e-03
-2.323868256339366514e-02,1.851090183972627028e-05,-1.612728332608386484e-03,1.166312566317199290e-02,-1.203721410239019969e-02
-2.744546405675514153e-02,2.129440179684417500e-05,-9.555155759811362337e-03,1.743035792886510685e-02,-2.255492965080359985e-02
-3.020078687047380792e-02,3.491712900870135684e-05,-8.202680081617520422e-03,1.079533279232124110e-02,-1.893751750739598033e-02
-3.128899554877679484e-02,4.127358541548994258e-03,-7.257237423611654151e-03,1.699731542398271247e-02,-2.995839644943569871e-02
-3.798319002862630273e-02,1.759977931017521133e-03,-3.985441578038119263e-04,1.509808201267911175e-02,-4.397738515464488102e-02
-3.767615307875435415e-02,4.644351560492318044e-03,-5.914239789265073391e-03,2.287637844528440587e-02,-5.524755545259847633e-02
-4.801371127332872135e-02,1.059321331773541153e-02,-1.967110713758207785e-02,2.323622012347160634e-02,-5.122084445124327340e-02
-3.971464975863012170e-02,1.340083221558900813e-02,-1.512336982797025595e-02,1.787170435135233132e-02,-5.527521013326455041e-02
-4.276998479582687362e-02,8.188001658705345784e-03,-6.066395718968070443e-03,2.157718430990094444e-02,-5.515779164977951260e-02
-3.849014835117572919e-02,6.786692441976625856e-03,-8.847260474590095541e-03,1.454198453485562072e-02,-5.769673216271920674e-02
-3.291427152266086092e-02,9.473553859755056220e-03,-8.876718663775026719e-03,2.305833900816134374e-02,-4.824159764402182610e-02
-2.241246673565693709e-02,1.884140932870230489e-02,-8.852182313189510890e-03,1.931728772990785881e-02,-5.098927725732736033e-02
-2.865797149738184488e-02,9.184402409667951836e-03,-8.388093041221855034e-03,1.384958457534286695e-02,-4.639629518917665757e-02
-1.655961715697941081e-02,5.640594492004321475e-03,-1.171990332434970361e-02,1.768628509725498135e-02,-4.689193703396676155e-02
-1.766444823587035723e-02,9.227377255767119438e-03,-1.004623520813580778e-02,1.146877513320773180e-02,-4.376180508121771395e-02
-1.829284097668552878e-02,1.434767164184208924e-02,-5.757125014137712792e-03,1.881816046081633345e-02,-4.866137473427294829e-02
-2.444847406064472664e-02,1.034235011090113045e-02,-3.594949666886344819e-03,2.099116352863372031e-02,-6.235228617724377503e-02
-1.259047266069037579e-02,7.683473990029694527e-05,-7.423147287774578204e-03,1.509272797406013486e-02,-6.342655699121239887e-02
-2.116145056452047035e-02,1.875836727486825909e-04,-4.456874297494991741e-03,1.894623512792605047e-02,-5.797393770724410672e-02
-1.885355473268453610e-02,6.604755706868799953e-03,-3.651737171753449088e-03,1.580255012878521714e-02,-5.761769006070333737e-02
-2.543915056699359162e-02,3.821427997653588257e-05,-1.735093438822140569e-03,1.680932180636755466e-02,-6.408902828228274506e-02
-3.235361533202553430e-02,3.638291212312304876e-04,-5.730190243016700970e-03,2.182790181876003224e-02,-6.678064395113708640e-02
-3.579919086023193586e-02,2.319929368432734130e-05,-5.839396066905774493e-04,2.287340415738558716e-02,-5.853248032681093033e-02
-3.678595330455230322e-02,2.265220034674759035e-05,-7.199591394183864996e-05,1.749699925651305651e-02,-6.076250171934609312e-02
-4.156400504248394800e-02,4.789060687996100430e-08,-1.387431052451874493e-05,2.371180967528479025e-02,-6.651558569465997051e-02
-4.418706928358990399e-02,1.579023531864343175e-08,-2.919510004718539779e-05,2.112489323514540537e-02,-7.166524795879816723e-02
-4.448034895106308534e-02,1.635572194072001710e-08,-6.793317492486883181e-06,1.937422438119803039e-02,-7.083862991500705641e-02
-3.410123488108050827e-02,2.540075515657087544e-08,-6.529523257593122005e-07,8.699686964050795668e-03,-8.006711934709663525e-02
-4.606457706121674933e-02,2.690941503397200953e-08,-1.188997936407097689e-06,2.545410084545145224e-02,-9.130988387802466133e-02
-3.398452426139100813e-02,1.792297621752584301e-08,-2.503035703470809909e-05,3.043980985197302161e-02,-1.025368488794067973e-01
-2.112926984067643385e-02,1.463198858992264065e-05,-1.553444384910253047e-04,1.752485174119875269e-02,-9.591886327590483374e-02
-7.564468347706848096e-03,2.839764765046356391e-03,-1.530224805101048429e-05,1.710460288797390274e-02,-9.116757786777011929e-02
-2.965144685114126402e-08,4.812208508589824012e-03,-1.370943402661664709e-08,9.038811726822125817e-03,-8.804619718282515051e-02
6.854937183671543883e-09,2.727869438164181107e-03,-8.248299052137326187e-09,1.373784248948361025e-07,-8.059662688901468586e-02
7.295049816171430899e-06,4.666028698292253030e-03,-6.977092267477790991e-10,-5.503349770281923285e-06,-7.515267880472063788e-02
1.440780097115508572e-04,3.425141199048346852e-02,4.366177052257678849e-10,-3.287944278033094747e-02,-8.191865331601634603e-02
5.141788015560991732e-04,3.796277684625770643e-02,8.520865758467920777e-09,-6.694673864773748040e-02,-8.185212513783726718e-02
6.339026285167121029e-03,2.628107514788548607e-02,9.035113132838229069e-09,-1.050660202269050464e-01,-7.233769180908503071e-02
1.164554504121327258e-02,1.463584552779166430e-02,-2.798258464730863449e-09,-1.370507809229109808e-01,-5.122833064732680575e-02
4.034306489886254482e-02,9.537890531986930459e-03,-2.937109184569852756e-08,-1.676460293051328099e-01,-2.666983577680593145e-02
4.635398787061424664e-02,-2.025784197707720171e-08,-1.692567671236841140e-02,-1.813110404020526478e-01,-8.862914203187429937e-03
4.652023522759200780e-02,-1.505604816930049940e-06,-8.827113377151652937e-03,-1.842667719549092864e-01,-1.374149382646609164e-06
2.023827335296777760e-02,-2.073438172435170673e-03,-6.141272302439316893e-09,-1.725529946010428139e-01,-3.380498019929693711e-09
8.874142757137902515e-03,-3.023939931482244950e-02,1.177070936606993285e-06,-1.719815805514697538e-01,1.514804044576612323e-06
4.095912949217343346e-04,-7.066454900556048968e-02,5.521840991482630020e-04,-1.635555607408984147e-01,8.647188212706693135e-06
1.175711706578841659e-05,-9.379263828333636588e-02,2.109124085851237992e-02,-1.400467582253533960e-01,5.808505510258714263e-05
2.969485170515151170e-09,-1.275521213094387152e-01,4.227771631344678233e-02,-1.074113064736535866e-01,1.832128576516150174e-04
1.361174402565764459e-10,-1.576830512216551849e-01,5.941266435010111868e-02,-7.141185429476060165e-02,7.698275352957827244e-09
-3.040205057976762978e-05,-1.811095038069338581e-01,5.555562874684193825e-02,-1.325311900609139719e-02,-3.841872180436278094e-10
-1.498842907433906194e-05,-1.949921820037706088e-01,4.127355351443381254e-02,8.825053508330929547e-07,-4.754488012230465033e-09
5.091313842402186372e-06,-1.890673774416413433e-01,2.615542510330703257e-02,2.703518467123625503e-04,-1.692512948568498530e-08
4.658467246440130966e-02,-1.720585304854715114e-01,6.188133092155087556e-03,1.071788962480025101e-02,-7.702361071927814763e-08
7.585052528335307909e-02,-1.531652503384452468e-01,1.390386565520179316e-04,3.788493029959321551e-02,-1.418679616181260303e-02
8.926150247690352313e-02,-1.321924327455791803e-01,3.062073735353375785e-06,4.962357442211645653e-02,-1.700979170304252677e-02
1.080252403584147924e-01,-9.398224914939604102e-02,4.300086368954535213e-06,4.743281127341983372e-02,-1.764749461836219793e-02
1.384134708286397231e-01,-4.006022248743701386e-02,3.516080861583580482e-05,3.194013497737836077e-02,-2.136146537272339690e-02
1.490310877150692326e-01,-1.686273972525279344e-03,1.875884083960925857e-04,1.366791434903250751e-02,-2.200354106329753101e-07
1.687521971583574865e-01,2.433755993766933488e-08,4.310910882117289741e-04,1.616390438222521739e-03,1.704370664365586244e-08
1.717965020588578806e-01,7.823520111241220092e-06,1.134455567191008929e-03,2.587621801471478504e-04,1.183325521977296768e-06
1.757178749615854463e-01,3.322743714884070221e-02,4.568665950045093342e-03,4.767582246831524864e-05,1.393323954801690398e-05
1.653889311626653980e-01,5.163172989822862463e-02,1.748158252765200094e-02,4.399553433858323729e-07,5.575284368355715056e-05
1.630927936884118412e-01,6.414752618704544496e-02,2.885225856511718437e-02,-1.143210928781936595e-07,7.902575511109760208e-05
1.454590134672997248e-01,7.550765411028582952e-02,4.982388560209954909e-02,-4.242174965562563876e-02,3.672005956493288865e-04
1.374252379171093386e-01,8.635313957454444911e-02,7.429982042369008555e-02,-4.091112650953749458e-02,1.092587759958031732e-03
1.076862415285352870e-01,8.416625431334895380e-02,8.787136399420748811e-02,-3.233713933173098382e-02,3.863830185064255976e-03
8.296642317653835086e-02,7.590351724180595394e-02,9.785587176877480475e-02,-2.470504418117117421e-02,2.683427594128062407e-02
6.115732032146004721e-02,6.820138561416289047e-02,1.059114334204929175e-01,-1.384302333380543239e-02,4.289840885197643283e-02
3.668948287799401325e-02,5.663110497938887711e-02,1.109685699460046249e-01,-1.612823261248562921e-03,5.043090021455682442e-02
-6.717085882928809751e-08,4.170247549211890392e-02,1.212067962382036984e-01,-4.260662742630396435e-05,4.978130345331828466e-02
-8.001253615091169472e-06,3.151637396957889664e-02,1.184436258991157093e-01,-2.001013156450077245e-05,4.545071629582681655e-02
-2.124835982417458196e-04,1.774077737323260726e-02,1.088015927247116127e-01,-1.834621019151605145e-05,5.637123719749891071e-02
-4.663741300129131727e-04,1.513078577968338459e-02,1.160974477548929323e-01,-2.157908445619646266e-06,5.056435481309380642e-02
-7.034298364888670954e-03,1.604708464569166225e-08,1.103634825794638785e-01,-4.717948251798383801e-08,4.895650777569252043e-02
-9.568360615943865069e-03,7.633834439631587220e-09,1.031796980795495616e-01,2.931137036623021832e-09,4.768169554114755349e-02
-9.017283815602112826e-03,5.741749318324309322e-09,9.119005781191696913e-02,8.656715343318488752e-09,6.137676203352977755e-02
-1.141055470882921738e-02,1.820468736802341718e-08,7.111628602213522499e-02,1.229679323035566020e-02,6.121259540349275469e-02
-3.031458257285074911e-02,2.376548651164461451e-08,6.645193434697842239e-02,3.217349181874339797e-02,6.251066723823663074e-02
-3.930257335186465584e-02,7.894816225401286858e-04,5.391267024149058035e-02,3.257298193382613533e-02,7.422634410718048636e-02
-2.894172766435518934e-02,6.077876750858574820e-04,4.336007756408465780e-02,2.888705267358923981e-02,8.633214241085393481e-02
-2.453547215043675941e-02,1.434377131491776890e-02,3.677159263355389562e-02,2.955054452925495040e-02,7.614479633813601989e-02
-2.752270423743786998e-02,1.501867347224557399e-02,3.031826820992912855e-02,3.878527759673174730e-02,6.350050013066833865e-02
-1.452514317469165081e-02,5.349971149234840871e-03,2.349352047841533550e-02,2.989053045352323135e-02,7.085161360977167144e-02
-2.076455146347027866e-02,2.542721709884220808e-03,1.936096617916684484e-02,2.546285008208518455e-02,8.438921452176827154e-02
-1.624046252011304703e-02,9.898845594322224981e-03,1.823535345251285633e-02,2.344803877288923616e-02,7.868208232748968856e-02
-1.662510964241043290e-02,8.049616244957827566e-04,2.627050285317071576e-02,1.516467664445422282e-02,7.821976589160214988e-02
-2.456672641946461635e-02,5.487345337416352047e-03,7.806176482237435488e-03,1.815274402889653985e-02,7.869622223554802176e-02
-3.015724096650469407e-02,3.954047943487351210e-03,3.547877713813038754e-07,1.447160599543621633e-02,8.775075693365877449e-02
-2.771215552434471222e-02,4.766174460853864377e-03,9.832210498636301005e-09,1.421657601572899263e-02,8.738920811168723879e-02
-2.472486605516185237e-02,2.682932724048773222e-05,4.760382220694812710e-09,1.014389123443000876e-02,8.727541950747949584e-02
-1.782202430325642573e-02,1.082954901674732552e-08,1.317859849561308681e-09,1.948127255559496453e-08,8.974555861648948751e-02
-2.218133098237416723e-02,6.689491771873691113e-09,-1.182736671417004732e-07,1.083031497578053666e-08,9.344800456123927845e-02
-9.651591222485045307e-03,1.976750147125484205e-08,-4.764189756392863789e-07,3.002211757430977711e-09,9.276113677148493941e-02
-1.258269116478372834e-02,1.164015762530301998e-05,-3.567049438014563591e-05,2.137619420985625206e-09,8.598504741079203428e-02
-7.910650382728095717e-03,6.169987726644289634e-06,-1.272897453867788062e-02,2.490612324628328583e-09,8.645222460117504837e-02
-1.997142659917093988e-03,5.499592747386058016e-06,-2.232386635966501429e-02,6.066438889772048678e-09,8.095541407027030678e-02
-3.011886323746862363e-05,7.653152055829276349e-05,-2.329891462490150250e-02,1.483427603176013496e-08,6.561130027183718905e-02
-1.356272191191927145e-04,2.764437464616453330e-05,-3.234708000172869385e-02,2.276236900844759601e-08,5.990005156540371273e-02
-1.536089107129306162e-05,2.820502769804305939e-05,-3.739363510112794081e-02,1.448020392583109370e-08,6.448422526013300460e-02
-1.533626921053793087e-03,4.690365090734307488e-06,-3.353211452085110705e-02,8.600964212352179455e-09,6.963869325914989750e-02
-1.536285382135771472e-05,1.064935781603907736e-05,-3.684308207472752200e-02,4.122398762747243841e-09,6.754817516517619413e-02
-8.171844735187980529e-04,9.493536408004115489e-06,-3.972202373040031181e-02,3.099167253981877600e-09,5.736955805008014248e-02
-1.220927073439256362e-02,1.463940109074576201e-05,-4.448309331510825332e-02,1.862567336599848708e-09,5.652164540141150356e-02
-1.383280826112188305e-02,5.090768308426951288e-05,-3.917051345727538131e-02,-1.005413530947049375e-09,6.421704185888293948e-02
-1.244706844057762510e-02,1.795823136180454155e-05,-3.636399469193202921e-02,-6.030123734429266934e-09,5.846082813570109560e-02
-2.385852038607545050e-02,8.049122209965370366e-05,-3.082201049134405957e-02,-2.110206355046881176e-09,5.490043390547281327e-02
-2.375564028843278608e-02,1.447782190766311463e-05,-3.334123185388915278e-02,-1.091646957239543191e-08,5.514410606217904492e-02
-2.186542099328434019e-02,2.476746024949288270e-07,-3.377550861207629512e-02,-3.366039894994424697e-08,6.928365766665567360e-02
-1.923129922059578847e-02,2.745897586749570892e-05,-3.393019342716704911e-02,-9.258207876910544611e-09,6.335150865029559597e-02
-2.077696796473418178e-02,3.841260009347179891e-05,-3.424874348067299956e-02,-3.490460922932794840e-09,4.801356724635309076e-02
-9.708122663967342497e-03,7.138775795901217689e-05,-3.706991746094851631e-02,3.067860303750873529e-10,4.298761681510435140e-02
-3.634934524845638126e-03,5.326737336531439741e-05,-4.325856133313073226e-02,-1.543735046673891413e-08,5.369048626067747521e-02
-1.183474409500459466e-06,5.644759134338203817e-03,-4.943605540637244222e-02,7.559617161906969532e-11,4.558023491943907074e-02
-8.727938516595992735e-03,1.126170162595968713e-03,-4.777264108245743435e-02,3.730233827223923705e-09,4.344619313650285863e-02
-1.266278657774699314e-02,1.202849745862707238e-04,-5.549642509797224343e-02,6.784772694096069892e-09,4.484995754320957734e-02
-8.651663168748722002e-03,6.409704494398980694e-05,-5.409644705159932093e-02,1.478741770111668668e-08,5.154258924276353127e-02
-1.502850070616834184e-08,2.553497768177163648e-04,-5.615025472370675091e-02,1.307662734764357571e-06,4.354548482869683573e-02
-2.206447995236195290e-08,5.420772640287917031e-05,-5.501057008218703664e-02,4.167531308281120610e-03,3.141497492719746293e-02
-1.092894049721849191e-02,9.085642174748162582e-07,-4.689060646873586397e-02,1.206782303807103426e-02,2.820581299886301338e-02
-1.627905253664258672e-02,8.731220168477201251e-06,-5.139439310116183240e-02,1.465299102740101264e-02,2.939766910418551565e-02
-1.959166636688438720e-08,6.892550251382550844e-05,-5.740071941195305089e-02,1.115729938359536627e-02,2.881023548006620902e-02
-9.375108493923676225e-09,2.335441499905627883e-05,-5.862151615294256685e-02,1.113537370508636826e-02,1.707553112901471007e-02
-4.035323795645533538e-09,8.833284509319605239e-06,-6.229880802234727399e-02,1.319324347759552769e-02,8.008150236748241141e-03
-6.191340835384506989e-09,1.338089677702624672e-05,-5.400442539798830377e-02,1.488119645311111738e-02,8.571619148423683873e-03
-3.632203508729448151e-10,1.200000134970354558e-05,-4.806904930839157181e-02,1.731158202410541802e-02,8.173767889594550336e-05
-4.360089608825265500e-09,1.727588473161847025e-06,-5.008077938964966558e-02,1.861428093050305696e-02,2.370114544514392420e-07
-3.032985685756864054e-09,2.961958395783432561e-07,-5.072336624777087910e-02,1.330728085200175680e-02,7.772956364147810665e-09
-3.781709848485463438e-09,8.583296862118048066e-08,-4.200241493130445203e-02,1.043573372189407662e-02,1.749504684970526698e-08
8.669448299101060184e-09,2.600343048955720187e-06,-4.582364870276724178e-02,1.462599922274152899e-02,1.941404881305069488e-09
-1.130995800818436308e-09,6.616661788846606663e-08,-3.314824892886517049e-02,1.511388558582122538e-02,-8.136249013061920538e-10
2.692036847665096988e-09,8.387611663006300940e-08,-3.918657214594013782e-02,1.131051561548689945e-02,-4.289932300064979794e-09
6.510353735748414565e-09,7.473943628085198333e-08,-3.838100432538787271e-02,2.132166645345657391e-02,-4.857153833783759355e-08
8.823590597700380318e-09,3.319720494212022692e-07,-3.007455770575066800e-02,1.894162567756868185e-02,-3.508774339984038577e-07
1.432384233870426470e-09,2.453364563966654899e-08,-1.805957607343190024e-02,2.008916831562072847e-02,-6.803938305286875365e-06
2.897626108285838882e-09,6.178365454169799925e-08,-1.761284937388562719e-02,1.755785820045299706e-02,-5.321971626005473255e-05
1.652398428082014880e-07,2.857983787977872590e-06,-8.866333239724959181e-03,1.459298124630783663e-02,-4.192315947321500005e-05
8.745884480480216872e-06,1.420144893487316470e-05,-5.731806197499554785e-03,1.197323832163321722e-02,-3.517256066739808847e-03
6.919674624531728599e-06,5.397724750402023056e-05,-1.385333756744313444e-02,2.053022776236696628e-02,-1.968323536291374798e-02
2.716450748032781334e-05,1.646656397424340254e-05,-1.794430983952875411e-02,1.639260450307477440e-02,-2.115873909301626069e-02
9.443894154382443935e-06,9.153231403397566322e-06,-1.021244326814185407e-02,1.396051271400016065e-02,-1.373686788591498183e-02
1.084351301158328457e-06,1.649960141706762533e-05,-1.588883979257744647e-02,2.522305205389722624e-02,-2.211515542155701591e-02
4.845648190712794473e-09,7.341371242757983525e-07,-1.344990955148606592e-03,2.961501173476682389e-02,-2.293461318148721020e-02
1.680343199584614551e-07,2.706765061680819528e-07,-8.155223777884008582e-03,2.886374062994258305e-02,-2.922479788841802345e-02
8.736646348296548264e-08,1.217022639618360752e-07,-6.966103616867880960e-03,2.455764498046062935e-02,-1.851276630347040153e-02
2.911048214609764133e-06,2.634991354648677684e-06,-5.398988406833851565e-05,3.000570035845488703e-02,-2.517074758974448961e-02
8.437361659826465119e-06,2.073905293701730313e-07,-2.003959126970306185e-05,2.948068729162861210e-02,-2.871507929449416269e-02
1.505791876509723733e-05,3.069908767959486278e-07,-2.261995769079201042e-05,2.337590684158225018e-02,-2.329333662593690082e-02
1.368108153430844839e-04,2.288182880045218759e-07,-4.669745508098650902e-05,1.490652494933153785e-02,-2.742002050644004249e-02
7.223652822871080360e-06,2.094951332521250434e-06,-1.395695767514175037e-05,1.968929113645489712e-02,-2.340651817639501434e-02
4.926788372957588697e-07,8.079450807550861165e-08,-2.031668520440937941e-06,1.789899528350359995e-02,-3.347438568036882611e-02
7.780372129383287081e-09,2.574269358964683133e-08,-1.150560119451728079e-05,2.423658141726127077e-02,-3.975347742885458613e-02
1.181730799862482525e-09,1.245390188739481472e-07,-1.881470605788731348e-05,3.225082494653521564e-02,-3.749043919292524563e-02
9.549464036130086821e-10,5.656521695972409915e-07,-2.756665673192196118e-06,3.198652793815189715e-02,-3.561643699818029668e-02
-4.841642554559709699e-09,9.621103874358248664e-09,-1.966322738124403875e-08,3.291149611057391650e-02,-3.827860017701598810e-02
-8.898016838198515846e-09,2.244791213425040291e-08,-4.098776275406501613e-09,2.604365628118305090e-02,-3.653008024488393901e-02
-3.474035021216812743e-09,1.013318491021163220e-08,-3.488481019440562374e-09,2.747579261233750944e-02,-3.508347869103511929e-02
2.272470596138980528e-09,3.994742922953022690e-08,7.815933472263534526e-09,1.862911257126100353e-02,-3.892859478306680970e-02
1.626608579488722882e-09,1.218929211626706555e-08,5.266054365370081447e-08,1.703071190168623308e-02,-3.992251732837010653e-02
-1.944238781813107362e-09,2.475136054892617170e-09,1.100541124037409774e-07,7.244534911069444236e-03,-4.099319560604562651e-02
-4.880788321996853722e-09,1.447776476769006237e-09,5.919800742471588553e-07,5.988144330230273614e-03,-3.174003263915767953e-02
-1.681210759159272963e-09,6.155246112378343672e-09,2.289388217342737207e-05,1.162814832385420521e-02,-3.891332980323561341e-02
-1.506265959321003629e-07,1.786547275025687017e-09,1.522370118084314294e-04,1.459648176500676249e-02,-3.430114659052838078e-02
-4.357733954142914723e-06,4.629964554894755463e-09,5.600386702165379148e-05,2.627707566978402728e-02,-4.040457683776363385e-02
-2.373571327846278546e-06,2.009340297552222955e-09,2.995720018103220639e-03,1.264814564434059603e-02,-2.983852919388604516e-02
-5.518189938517033658e-06,6.364339934207974756e-09,6.327014155598553654e-06,1.439565932592574982e-02,-3.196808762729343167e-02
-1.095256843782186816e-06,7.278845359974692776e-09,2.958243000604800018e-05,1.077902471269831519e-02,-3.122644362579606037e-02
-7.884609212242997480e-06,7.677393067722735298e-09,1.856206046547613476e-05,2.245169794005115460e-02,-3.263293545408718632e-02
-1.307456518216531230e-05,1.058913452755339075e-08,4.644322726867424638e-06,2.861594747664965646e-02,-3.592242008944129122e-02
-9.038278157746440317e-09,3.349874965905164107e-07,2.088424836768986735e-05,2.561771130147041595e-02,-4.957235069805104172e-02
-2.000242247170009899e-05,3.273376836445986018e-08,1.094117955477598165e-04,3.542446191621169416e-02,-4.491039707567952982e-02
-1.023694582597906510e-04,4.074889512414934222e-09,1.515651145862284653e-05,3.301839593404394535e-02,-3.439325502392343026e-02
-7.294524823362991039e-06,7.676209051885819609e-10,2.318202915448406643e-05,2.716146956314226604e-02,-3.439827520523502935e-02
-3.681550017197201013e-06,1.828437794690890614e-09,2.491706728277379631e-06,2.388631255364618775e-02,-3.768221469427059100e-02
-7.163030656925145276e-03,1.941477405887477978e-06,-8.486870012776483855e-07,2.062753202327096384e-09,-5.251351901343147250e-05
-1.636835342701608437e-02,7.802354379714738933e-06,-1.903690663058247695e-05,1.255796146184242468e-09,-2.773474437521305876e-05
-1.467801527056663939e-02,2.416962350087022886e-05,-6.301123712575645950e-05,2.058948687535842154e-09,-1.466623411958973744e-05
-2.246590387937904068e-02,4.446366392455237054e-05,-1.064133108637996939e-04,8.509798993639762166e-09,-4.343602414357042557e-05
-2.698574994533082042e-02,7.483614428177160210e-05,-2.622211455289684152e-03,1.226356572802645116e-08,-9.993216065585972495e-04
-2.287366401819740380e-02,4.899021467065366349e-03,-1.049535035569355151e-02,9.465472808177347943e-09,-7.084722079305282721e-03
-2.705111190503965007e-02,1.681876364751400859e-03,-1.276058072891119409e-02,8.597328136611230157e-09,-9.546434045235313234e-03
-3.178093660426371814e-02,2.331807336970374378e-04,-1.641056489486069497e-02,-7.206334086517132138e-09,-1.309240795602668005e-02
-3.842082623538625730e-02,1.288199613856128760e-03,-1.935809146399415648e-02,-9.105387407389102385e-09,-4.869445856392523217e-04
-3.475916984131319915e-02,2.229108234367761408e-04,-9.778514298132551935e-03,-6.549805051322227346e-09,-6.258531083298393694e-03
-3.029031065216280377e-02,2.765025446282275399e-06,-3.383441265454369693e-04,-7.016658720895034207e-08,-5.041906167423977972e-03
-3.147500826816201219e-02,4.597533531601269435e-05,-3.074159602079035852e-03,-2.926128349809110783e-08,-7.597460029622823616e-03
-2.697929708472113913e-02,2.101154328155726159e-03,-4.177535808645442723e-04,-7.193294620515699371e-08,-1.069878342208641954e-02
-2.129669960054476896e-02,1.821193688219375833e-03,-2.753124867604120948e-03,-9.926567237465302320e-07,-2.294942655966277639e-02
-2.895245580404664371e-02,8.368357114045045855e-03,-2.788852171510052338e-03,-1.492284517827648380e-07,-2.278881445635239436e-02
-3.371849554853199177e-02,7.246165088427382328e-03,-2.916504909287460749e-03,-3.740746740060601782e-08,-2.536773543465857192e-02
-2.624034328223969620e-02,9.144265493151504387e-03,-7.026399883924100377e-04,-2.131314458122409869e-08,-3.615914082089672493e-02
-2.832482284813442330e-02,1.533372700558896344e-02,-1.607425518927592357e-04,-6.890786218311867946e-09,-3.718597603452485079e-02
-3.067651267908615489e-02,1.419284942461832878e-02,-3.251149489625097463e-03,1.226545315392895141e-08,-3.573434532812343190e-02
-2.384294251599062067e-02,2.156154587625408112e-02,-5.606897657972843320e-03,3.037661383727975364e-08,-4.887596230820355492e-02
-3.365099513981868740e-02,2.447138392797910955e-02,-1.196454363821689362e-02,2.401205201706453114e-08,-4.178501634295036377e-02
-3.373086789321427803e-02,1.575043095255495781e-02,-1.068294520275325267e-02,4.448390215223505946e-08,-2.963019936725462544e-02
-4.939025903395109079e-02,7.233652912211941538e-03,-1.112040010329711989e-02,-1.879189858281839780e-08,-2.725817816858777318e-02
-5.627945054490685051e-02,4.634560669848505031e-03,-1.183405654997769438e-02,1.090029960509185870e-08,-2.466597422513209723e-02
-4.981268902262100950e-02,5.301201916827862071e-03,-1.461436476730381545e-02,2.105477390427873531e-08,-3.811404199646743068e-02
-4.484890202998394193e-02,4.754492460711826247e-03,-9.286171614220213935e-03,3.745474415512816631e-09,-4.260170889335090916e-02
-3.862758509772341864e-02,3.404551069702884975e-03,-1.493395396988864837e-02,2.573528768774875290e-08,-4.524112617816709175e-02
-3.310473972397285497e-02,6.550810549001024989e-03,-4.624277257907765878e-03,3.561357598437146224e-08,-5.310986320679513678e-02
-2.646036926327843819e-02,7.100683368815249169e-03,-3.655514032542235298e-03,4.201822535818974748e-08,-6.018136469957675178e-02
-3.054403654348314054e-02,7.856524703548733307e-03,-7.289670647898334639e-03,2.150031297525108807e-08,-5.774953860604979672e-02
-3.363340956813289095e-02,4.157462856587317360e-03,-3.074150978861384630e-03,6.402495997964218488e-09,-5.518029761828618235e-02
-2.803593456019286626e-02,3.822795845544942582e-03,-6.266437711033267773e-04,-2.031083623290016564e-09,-6.420790701497494646e-02
-3.037664176523327195e-02,7.826279011429179006e-03,-3.136932698170357726e-04,-2.063277687420684112e-08,-6.988305630183974659e-02
-3.605695819146077091e-02,1.432083238313518019e-02,-6.297613808616037330e-05,-7.829008367661744056e-08,-7.511569596368485036e-02
-3.851100847122569670e-02,9.015506216748927354e-03,-4.166815698948063445e-05,-9.947741206041284848e-10,-7.897931633548599395e-02
-3.215892379239510684e-02,2.838087757863635985e-03,-2.116224648304807022e-08,3.887899540923529497e-08,-8.795383685749073865e-02
-2.791822007362033259e-02,4.564097327032974952e-03,-6.897226811893432790e-09,3.109329376145247380e-08,-9.468704229100505243e-02
-1.941231880070976717e-02,3.965321610921087106e-03,-2.968547516238842187e-09,9.488212454562562213e-09,-1.047736241452437433e-01
-1.726150139243057963e-02,8.078902491200008404e-03,-1.950976253321702012e-09,-1.380284894804056323e-09,-8.787062555067684522e-02
-1.760139588597684976e-02,1.184914917159786245e-02,-1.706153077316870955e-10,-1.201433703301135133e-09,-8.891519034725235693e-02
-1.187615892949048756e-02,2.397597367499336440e-02,-5.370291542408791206e-09,7.630366044917088842e-09,-9.129227180109214523e-02
-7.481038648383306130e-09,2.238769042007568433e-02,-2.933598488114207264e-09,-1.582341144881680447e-06,-7.870219623962546041e-02
4.588430286920810382e-08,2.541964276534081080e-02,-1.987432265654394256e-09,-7.583703028437990476e-04,-6.481277437525530261e-02
1.474507478056340658e-05,3.658020513372075427e-02,-3.560463594734620520e-09,-3.768591261511919366e-02,-5.677770702641175143e-02
9.003621471283528325e-05,5.231828076184854431e-02,-9.269898915487949952e-09,-7.328789077809580443e-02,-6.206715350168053036e-02
5.274012873623035906e-04,5.366104777806870313e-02,-9.521621357994970346e-09,-1.132567016031505863e-01,-5.172759608404228077e-02
3.093024564964434384e-03,4.035662423424202228e-02,-2.397405199851037693e-08,-1.470735051285921857e-01,-3.510322850256644006e-02
9.819004503870834913e-03,3.117240920494354986e-02,-1.778157712561789089e-02,-1.684344785519778509e-01,-1.177945651279605974e-02
3.066616579817946220e-02,1.057636968020753132e-02,-2.055229178335747642e-02,-1.929122049923005511e-01,-3.831405357726494620e-08
3.860257795340321652e-02,2.678449557326455114e-07,-1.502775029797656647e-02,-2.031270832276289573e-01,2.144723871904261739e-06
1.217273519325945061e-02,-7.136752367377701852e-06,-2.378399091015279681e-08,-1.996854482156619481e-01,5.909588142375429251e-05
1.317419286373259536e-03,-8.338814618250169758e-03,1.980502536284688582e-09,-1.952350156887088795e-01,8.095107362765545291e-04
1.881242913698592193e-04,-5.418858994623066555e-02,2.127212460188185764e-05,-1.808556757444942653e-01,1.262783019715583814e-02
7.739235055526807222e-06,-9.574922161269308618e-02,2.736450689498962779e-02,-1.617499828143179608e-01,1.976901451840252719e-02
-4.216035913521977088e-09,-1.466899955050905702e-01,5.554070197946903154e-02,-1.246771924046810587e-01,2.495235218895575091e-02
-4.600079271272235470e-05,-1.945164305514160141e-01,6.912889524934204277e-02,-6.755555209081162693e-02,1.372553706753203498e-02
-5.862731676873725756e-05,-2.245344565708626006e-01,5.393724818987730846e-02,-5.851501563433870563e-09,2.802310900099606165e-08
4.681448651164530285e-09,-2.301329408498299645e-01,2.622076167252722009e-02,1.681634190705707079e-04,-5.414060248953590772e-09
2.604807482429888701e-02,-2.224442920933611956e-01,-1.084817088765151245e-08,2.224874691883481012e-02,-2.840580814265633480e-07
7.321887966652206037e-02,-1.994481267384167755e-01,-2.434396446808240069e-07,5.889213308614046211e-02,-5.060122932228538518e-03
9.774540700714784425e-02,-1.612322502191796403e-01,-1.692349780571293855e-05,8.237628499753611722e-02,-2.207241591289627394e-02
1.244296222497896509e-01,-1.129456705682698875e-01,-2.765068218317310450e-02,9.059907904102637577e-02,-4.589286115911524189e-02
1.287173864180777560e-01,-7.716122184444104692e-02,-3.837227362743605985e-02,8.884561929017238679e-02,-4.648464078549575246e-02
1.412305486987490699e-01,-3.500809545637947884e-02,1.074673852270773363e-08,8.220161260542718784e-02,-4.778756437490830344e-02
1.484548762558191293e-01,-2.231886542334783781e-04,1.930317682349535715e-06,6.976692675005286004e-02,-5.546060223303762166e-02
1.600908466686109255e-01,2.897640562335729951e-06,2.171975256360158139e-05,4.157882429568682953e-02,-5.241839963461430302e-02
1.545115755793038392e-01,1.536988920869937036e-04,1.223947255799094766e-04,1.869422608830195037e-02,-1.550185291040227187e-07
1.543509640294878360e-01,2.446593127549106725e-02,4.265040514792101307e-04,7.840244004642667880e-03,-2.704511346142194043e-09
1.490091044347015281e-01,5.497599051643872747e-02,1.920573403604469579e-03,1.923005450116462315e-03,3.154487696510989439e-07
1.444823289329592864e-01,7.057523135190504893e-02,1.798033431003771832e-02,5.439558276603860196e-04,9.070197669366405394e-07
1.336720672993121917e-01,7.349655157012703610e-02,4.701454015881860460e-02,2.560529654570364139e-04,2.201116147304199564e-05
1.122634932042488876e-01,7.211043120501074710e-02,6.608541258562672382e-02,1.488202129811599993e-04,2.774472008405892988e-05
9.000542426988925038e-02,7.070337668553025590e-02,8.752098742597752556e-02,1.385479955043306490e-04,3.362426342691889796e-05
7.037104953544238983e-02,6.338386372926081702e-02,1.104265075191029344e-01,1.437262653124075137e-04,4.166248179090403558e-05
3.394747723589369021e-02,5.025077833973642938e-02,1.243339180799045984e-01,1.536912766194160288e-04,1.812050557786712597e-03
-2.358227330651989559e-08,2.897017023226835380e-02,1.373752854497136411e-01,9.212130990464027433e-05,9.785794888141711653e-03
-8.236714735177046019e-06,4.079210834005179942e-08,1.431540570856456307e-01,7.822493832784909255e-08,1.999982883634622219e-02
-3.897174733231722240e-05,4.949208629621925532e-09,1.461743285186002939e-01,1.401229294972751471e-07,9.396717104824314770e-03
-2.615867181338327944e-04,-1.062423140912805124e-08,1.545361978182337725e-01,4.470596640568110223e-08,7.855717728213274312e-03
-1.571289556206859409e-02,-1.721928221919262590e-06,1.516995280118847433e-01,1.525690861289210817e-02,5.306705052590413948e-08
-3.073737134047917208e-02,-4.271916885559178829e-06,1.459710097110828164e-01,1.946943249735791706e-02,1.984726077963558034e-08
-3.190496208487423463e-02,-7.857723811405769692e-06,1.401933030157812843e-01,2.918969401861299089e-07,1.055910425144546149e-08
-4.219494503115121808e-02,-1.415396862095579242e-05,1.363271648243565004e-01,1.461462135575295092e-02,3.018291292386094596e-07
-4.652456820934215004e-02,-1.844327198410308571e-05,1.289505173976615016e-01,1.381597838380476534e-02,1.618151054908414238e-02
-5.163777630634277388e-02,-2.666481783245643678e-06,1.122055312730213666e-01,1.757181193272005365e-02,1.345869872319830143e-02
-4.898466565935792605e-02,-4.356739512786461738e-07,1.048281815099441766e-01,1.936612250242353284e-02,6.152847101467412080e-03
-5.780953159365349869e-02,-7.581420388685350299e-08,8.834835432653792564e-02,2.600892210178151753e-02,1.980822746209284432e-02
-5.648037314808655035e-02,-5.949314219475369573e-09,7.389492973835115608e-02,3.030468005965140238e-02,2.099495954606970388e-02
-4.752417926174757473e-02,2.329771060690213231e-10,5.971708021117329984e-02,2.616456763593669882e-02,2.981191024510211618e-02
-4.469343428162729503e-02,5.610146416574351729e-09,5.105955855067358107e-02,1.494163219938362923e-02,3.103907440764011247e-02
-3.526572295659064632e-02,1.422336375152676401e-08,4.485081505943135788e-02,1.429019464455175137e-02,3.784946788025547737e-02
-2.370136456344625400e-02,6.069264363426923098e-08,4.033381021669869143e-02,2.816653282147125619e-08,4.778674176103869103e-02
-1.669919116754000829e-02,3.129161602300256639e-03,3.460013614740527904e-02,8.150069368304691316e-09,5.745459723357188714e-02
-4.240952510359103159e-03,6.991725667131304910e-03,2.422767684142835415e-02,1.201647239588710901e-09,5.017376651307142027e-02
-2.755000336867758368e-04,1.489638843547668725e-03,1.724134891571619393e-02,-2.985143262364196939e-08,5.765603606872662934e-02
-1.470185472977000060e-04,1.035221269567334615e-03,8.325107179780445732e-03,-1.578252370923775967e-08,5.422455724848315728e-02
-4.520968231559767880e-05,7.736246977347939133e-03,1.172705217473911954e-05,-6.162569356907797071e-08,4.735934079111235595e-02
-8.448755177829325339e-07,5.547329482805851870e-03,5.580268186402130576e-08,-8.763527989122731925e-07,4.129339123730416117e-02
-1.349418793920466930e-06,3.776893560957004072e-04,-1.485770730670728575e-09,-3.664335190428704415e-07,5.052591537601523047e-02
-4.984100245301283052e-06,7.621181803406692340e-05,-1.277562766748896155e-08,-3.642458431788972141e-08,4.993916536340926859e-02
-1.044483388540144097e-07,5.493141237007203545e-05,-2.108608232999138438e-07,-6.007237353794412313e-09,5.389093220243770799e-02
-2.574895344592906903e-09,1.118829847628712883e-03,-6.312402557401491681e-06,-5.009911691839670364e-09,5.210997448935922316e-02
-3.770939038006332671e-09,1.010855481223695940e-04,-1.346696004309345246e-02,-1.123339535182129937e-09,5.683537840701805705e-02
-7.026830799705790438e-07,7.270838742515163457e-04,-2.364214828916464881e-02,2.607525683005711074e-09,5.907187433059993276e-02
-7.271744484501006632e-06,4.981972556570471444e-03,-2.666334582927841826e-02,4.236274417164859270e-09,5.119924846443207195e-02
-3.784377575727317758e-06,9.990946685543454150e-03,-2.330162206410299475e-02,2.284043497323435219e-09,4.601250481672603670e-02
-5.523552863036216426e-03,1.265562033905770836e-02,-3.728894732081834695e-02,6.399742445726253103e-09,4.901892522545115566e-02
-1.632185157144763407e-02,7.821015460572686498e-03,-3.987732304412656276e-02,5.745459447996619387e-09,5.291117641617475165e-02
-5.537021908291714888e-03,1.641420878109254439e-02,-3.797617087076397835e-02,1.736608979588041585e-09,5.318365724550129514e-02
-1.298629399202225025e-03,9.117725281683043345e-03,-3.521212105589047181e-02,-4.299005339040207807e-10,5.599919232635168498e-02
-8.553509112351786667e-03,2.973968336864604798e-04,-3.275138656142442817e-02,-1.372780621667150430e-10,6.905309838428785874e-02
-9.122825869550195074e-03,1.856812786678275476e-03,-4.026128736714546658e-02,9.218555377368118661e-10,6.706718097428569780e-02
-2.873506958592724359e-03,8.707911073573441213e-03,-4.311596530295561808e-02,1.445835281616862758e-09,6.252265939079101886e-02
-2.671581047593684278e-08,1.099345799167180358e-02,-4.147508858128451381e-02,7.779710773604639829e-10,5.879475343429040046e-02
-8.482866058105670945e-08,9.900636917846832377e-03,-4.779537888404212370e-02,2.494479331053891759e-09,5.804608632586427674e-02
-4.101348642222294922e-08,1.334424678703609139e-02,-5.448540538480611123e-02,9.133169371655308858e-09,5.572981408938030429e-02
-1.416166327515557891e-08,1.253373167051710819e-02,-5.335927829673309253e-02,1.188478554924292180e-08,5.162225136087734284e-02
-3.774958075675391489e-09,1.327880687792800524e-02,-5.783194440781708190e-02,5.036864349315507689e-09,4.874736345092375855e-02
-4.102930380198816224e-09,1.054776961307772425e-02,-5.670151447595635913e-02,6.724842533588998138e-09,4.672221820855049917e-02
2.480880708233586281e-10,1.026940649319058388e-02,-4.952751496205387571e-02,6.744573056486665729e-09,4.512615759034101920e-02
4.104071366803633468e-09,2.825012598712279849e-03,-4.835980026135480725e-02,1.268570981329550266e-08,4.014564857601434639e-02
1.650576274643732021e-09,7.165746310079193840e-03,-4.415609483000483559e-02,8.111493266131782059e-09,3.683948322091949723e-02
-5.455482852245511581e-10,5.665771027168318812e-03,-4.474159904959820050e-02,9.945564858443465570e-09,4.208000600847059541e-02
-1.161058099104904152e-08,9.815555800124576083e-04,-4.823786932059449806e-02,6.599523361153629562e-07,3.662803609420459128e-02
-1.099552859309594027e-08,4.959690701478055436e-03,-5.098264190579398364e-02,4.029544798332218396e-06,3.506987473893621171e-02
-1.473816002455524764e-08,4.954801831612871445e-03,-4.141997397538108028e-02,4.696168058247004118e-06,3.959071997621056022e-02
-2.137140684608119024e-08,1.826132942116912537e-03,-4.811791688470123951e-02,6.107435343185374846e-05,4.431859082735337824e-02
-1.244908156030634107e-08,2.608952905536762647e-03,-4.235824338142069045e-02,1.741708809285217414e-03,4.022993772287835473e-02
-8.816649768119929474e-09,6.247042203545592233e-03,-4.310286358407144913e-02,7.710397437028220814e-03,3.429360679781579685e-02
-1.082306407439921594e-08,4.689399568750928643e-03,-4.639415728753331497e-02,2.993530254167940489e-03,3.454232298571206089e-02
-2.811157443848391016e-08,5.012843328797458289e-05,-4.457340078420186924e-02,2.102787622401788587e-03,3.613665204422627369e-02
-1.446998611809181815e-07,2.473197081296813252e-04,-4.087891749156841170e-02,1.206116146578382030e-02,3.051374117490878585e-02
-1.414107870256003563e-08,3.043352518494539969e-05,-3.796454630853246526e-02,5.644526439042207508e-03,3.024538167951944939e-02
-6.928574070604253707e-09,2.952146856933459917e-05,-3.665096742660043511e-02,1.004429439900918252e-03,2.467523742469178091e-02
-2.015597859458617246e-09,1.198374631347029800e-05,-3.632034517055200695e-02,1.405641391248201597e-03,2.176192246572680039e-02
-7.997122696020883873e-11,4.243566762226703962e-06,-3.287735833545624153e-02,2.895745100874597220e-03,1.943618342617117745e-02
2.283715666921439722e-09,6.181467814071425578e-06,-3.584814795490733064e-02,4.979073587098216923e-03,1.773165057821968205e-02
7.051419009927533985e-09,2.987918687140697611e-06,-3.364989020103693884e-02,1.348854435685837043e-03,5.573963643875974594e-03
-1.090726535243555461e-10,1.198616663682129755e-07,-3.560266118735014307e-02,5.355413214067006149e-03,8.238366290481682550e-03
-1.285021359661398201e-09,2.494355800449186827e-07,-3.364011468171726471e-02,1.626298229185397723e-02,4.429776054755140975e-05
3.810180684120802776e-10,2.018489191826988331e-07,-3.365004271452520096e-02,1.732263543702855166e-02,2.859413878460506341e-07
1.443406418495320021e-08,1.727108054570653872e-06,-3.910383388575087993e-02,1.244469632966325318e-02,1.608570833229091881e-07
7.799587559949074042e-11,3.155205531967515903e-06,-3.998634602878955308e-02,1.817873845493631416e-02,5.096702438943174549e-08
1.543311084826614975e-09,1.282161659425770981e-06,-3.899923117128736849e-02,1.993882795885540404e-02,5.829379193217877231e-09
-2.556178778054894820e-09,3.971872908184806936e-06,-3.243221448456923978e-02,2.769961508397552133e-02,2.013026323204762568e-09
-7.807505933882630619e-10,2.777704553019442367e-06,-2.892718634111825574e-02,2.017601563893094488e-02,8.288930194440806856e-11
-2.057899383487519841e-10,4.844565912404671019e-06,-2.919053534485698681e-02,1.758495782649503042e-02,4.930924772511310536e-09
-5.310614992661185020e-09,1.052646595057323577e-05,-2.294781819834394027e-02,2.295886144742137827e-02,-6.826537214575116181e-10
-5.624329600628228405e-09,3.592918809296307417e-05,-2.725011188628180536e-02,2.680015214579504687e-02,3.261469884160365887e-11
-1.495877186342019253e-09,1.119914320125867070e-04,-2.027426225447804056e-02,2.666652024347382355e-02,-2.262729525175410634e-09
2.220782921948952953e-09,2.011546326045240206e-05,-1.680584952923278030e-02,2.368497633745917513e-02,-1.045521989892358054e-09
3.521737916411517331e-10,9.978203068490808304e-07,-6.058034307180435937e-03,2.439131477867364714e-02,-3.172112888940456050e-10
1.801712032316633168e-09,6.048537553791469115e-08,-3.789163058819542459e-03,2.120586902113538036e-02,-2.529669029767204113e-09
6.951209879131944000e-08,5.321517418083928391e-08,-3.538628646585597389e-03,1.312208350589113941e-02,-4.210745344724849543e-09
1.569924913765580109e-05,3.309183109987208501e-08,-7.290707035859111257e-03,9.375965843416714934e-03,-2.019259291423118599e-09
1.482056381783626077e-05,7.947905407589971456e-08,-1.156924243568530943e-02,1.331057804979602147e-02,-8.729494311007583929e-09
1.241685331693676453e-04,4.002754404408531839e-08,-7.257285363623434786e-03,1.505747116786288788e-02,-1.835144958576304481e-08
4.357604374482996047e-05,2.768609188309957023e-08,-5.248710947022552573e-03,1.294027870482917369e-02,-5.409040306896206279e-05
5.860104508489192720e-07,6.269937568443971207e-09,-6.495243526989223463e-03,1.819369180433650854e-02,-1.473081764403734029e-05
4.963285090492892998e-08,1.848155340589319160e-08,-7.426108008714184651e-05,2.486447868592867039e-02,-4.400450395539798212e-06
4.769980108306145013e-09,1.189119717360378031e-07,-1.344110083753213321e-07,2.699084656603377430e-02,-5.455696639956508553e-05
1.908507009251930082e-07,2.004569559695812788e-07,-1.616916603329081420e-08,2.032105700193597222e-02,-7.436246387630971247e-03
1.608962232558553099e-08,4.290295938067069563e-07,-2.502953004388293555e-07,2.196790687286667709e-02,-3.573664574706095481e-03
8.561424547559511338e-09,4.425438339189162644e-07,-2.985274100271610531e-07,2.621822154352253242e-02,-1.069699983501003204e-02
6.566004941977232932e-09,1.498281581733286069e-06,-1.525171986818765230e-07,3.197067132421439056e-02,-2.277452840472479756e-02
6.066513490736399782e-08,1.150369476293172346e-06,-7.630119345508045638e-08,2.949042971868907209e-02,-2.875703343506827089e-02
6.839021705888474182e-07,1.585053283368678098e-07,-1.222069526693547452e-08,2.226018680571794847e-02,-2.743004888438000527e-02
4.933713269967217968e-08,4.506239974653985484e-08,-3.666207979254420751e-09,2.804034513671625067e-02,-2.755783152549860435e-02
7.130091685317476731e-08,4.576650900100556157e-08,-7.036155281536504008e-10,2.980929214821923315e-02,-3.044275102506475636e-02
1.746047015604565497e-07,5.187718386502861951e-09,4.151384365465941838e-09,1.226670091910713259e-02,-2.492652372333488409e-02
4.533096919456117581e-08,4.020694964765439071e-09,4.247883500662722524e-09,1.498971053930471878e-02,-2.075035058684928518e-02
2.186468262853905096e-07,8.248026817647382948e-09,1.410819495487171209e-07,1.875612891457025325e-02,-2.530707294173755936e-02
2.284422551682862563e-08,5.918526947998935629e-09,1.759952007389264692e-07,1.658988367946115719e-02,-2.694094577436497231e-02
4.223870465562309230e-09,8.476978897024747435e-09,7.641564687868531429e-07,1.768749859128506893e-02,-3.687328335510114269e-02
-9.807502239906767176e-10,1.228472598317041073e-09,8.140368869571399600e-06,1.693544378203843195e-02,-2.914664655326931059e-02
-2.560947007074075283e-09,2.038983014776070022e-09,2.071380542091428182e-05,1.891100223090109653e-02,-2.728164046384398342e-02
-4.266103909475485423e-09,-2.366293580376902290e-09,6.428779407230213769e-05,1.739925752361569031e-02,-2.465892681964109573e-02
-8.454363170409980087e-09,-1.064089564685964995e-08,3.267669326667164628e-05,1.279551977829676557e-02,-2.602133690908660368e-02
-1.778337411418792524e-07,-3.422687042671020237e-08,6.021894060970168611e-06,1.571456548306617712e-02,-2.306419119894463285e-02
-1.341802553751866315e-06,-2.017351715680516192e-08,3.707038785468816239e-07,1.655573253420221727e-02,-2.902958713313711497e-02
