-8.758845599635923726e-03,1.731306198638320150e-03,8.002577009376477327e-03,2.667839969881654477e-02,1.643374841468990197e-02
-1.644771206158580912e-02,1.258899035675743131e-03,5.567629943339967927e-03,2.738810925426793039e-02,1.645121340161150719e-02
-2.741130243820068257e-02,1.331852066848165255e-04,4.490491130007187841e-05,1.554167209357184241e-02,1.356103985493498434e-02
-2.432503246451774362e-02,1.678408514615544671e-05,1.140655906846447004e-05,2.529226072640747974e-02,1.593160715599575492e-02
-5.468274432436952097e-03,6.223366970284851775e-09,1.793082525392962897e-08,2.713594991125642397e-02,1.887314866862404086e-02
-7.818892071487438394e-03,3.213113400460500846e-08,-1.658380469218710417e-08,2.317244612443344898e-02,5.416809477610856974e-03
-1.811749880291399495e-02,5.395870714400234044e-08,-1.899125689332941565e-09,1.720422240636019368e-02,1.503773202295444547e-02
-2.020386001644063068e-02,-1.062134827347640548e-09,-1.594418576981621323e-07,3.203151123047110610e-02,1.534646703069137905e-02
-1.107220687793961100e-02,4.326286122763441725e-10,-4.572976026104171177e-09,1.648435066545313188e-02,2.106105321982851622e-02
-6.491024457139869114e-03,2.828100371152969921e-05,-5.768856284980163973e-04,2.396392452054874403e-02,9.594485809684161551e-03
-9.974772254303860761e-03,1.599089760120795948e-08,-7.340157648833725394e-03,1.945775462832654429e-02,4.290591284333110725e-03
-2.898564296096116724e-02,-1.975953522244096742e-05,-7.955459975738984196e-03,1.210952642023262540e-02,1.516183059637326094e-02
-2.148921677503443442e-02,-1.232503209250018598e-02,-1.008621527561057900e-03,9.934503287646811662e-03,2.137603617692744942e-02
-2.860011168424784339e-02,2.073451088560954929e-09,-7.747239308305864944e-04,1.772049753608540695e-02,5.512706624650483278e-03
-3.780131150009399116e-02,-1.997920837924339974e-03,-6.048014792629632062e-03,1.462845869057028889e-02,1.856085616919862574e-03
-3.610945987426314452e-02,-9.884445659991939089e-05,-5.895199621003137207e-03,1.071502647400995357e-02,1.522660792410502825e-02
-2.421359498239230093e-02,-1.558773272744886360e-05,-4.616767352860698173e-07,1.435123898760705050e-02,2.480404837004868135e-02
-2.943903817180287472e-02,4.176481129628823694e-09,-3.972700059071182525e-06,1.267749504065229750e-03,2.883874910795955135e-02
-3.628545652783696229e-02,2.218595041090141496e-07,-4.151976760690592519e-06,1.002932619749111361e-02,3.060758299196391155e-02
-4.780720312622580709e-02,9.127967378734718298e-05,-2.071274994370781919e-05,2.075445404176896186e-02,2.226945357339904161e-02
-4.744907188523019015e-02,6.003582656676906779e-08,-7.700508380464896274e-06,8.930693551410139736e-03,3.247614539902344416e-02
-5.771444675207842989e-02,4.621108357601042628e-05,-7.560732911220048764e-04,8.791641148378447762e-03,1.633530152627003795e-02
-6.942383139000131431e-02,1.119573060154395363e-04,-1.404627015685730951e-07,-1.127447147968616253e-09,2.199262498650832870e-02
-7.504645400430910718e-02,5.648153354514904942e-07,-2.140740136559044805e-03,1.329298160457346480e-02,2.118010701319945552e-02
-7.104625058240493507e-02,1.308458173735144517e-04,-6.385381538794928247e-04,1.489322328876486155e-02,2.372589586351886090e-02
-6.519834127849218064e-02,1.514806661204752027e-03,-2.095332114884736262e-04,3.947248090125839362e-09,3.042317515012930504e-02
-7.502387390876233408e-02,4.272317755845534033e-03,-8.100527577423621739e-08,1.372453714145256860e-02,1.943595459453809765e-02
-7.467473010056811800e-02,5.561739416570894538e-03,-1.681234765740040153e-03,2.477491812987746289e-02,1.921591980228246760e-02
-7.115657929167980289e-02,2.403898019871424116e-05,-1.578191796280533753e-03,1.631992363241910673e-02,2.117095173331620672e-02
-7.236858685800298674e-02,8.679293007655948880e-06,-1.461767980286565924e-05,5.695969285036230241e-03,2.298509860645441341e-02
-7.513457139461769685e-02,2.488800950717489309e-05,-5.404268191636595747e-03,1.804564078601931729e-02,1.827702541547177387e-02
-7.673986422581212385e-02,4.389108239364302588e-07,-1.044879098069436546e-02,2.444635868207263585e-02,1.602057499921097361e-02
-6.888643924857555667e-02,-1.966784435558966999e-03,-3.826533342991517530e-05,8.034149479449460146e-03,2.513810138120242330e-02
-7.529419248472518644e-02,-3.991981690104230943e-09,-7.548881370164796913e-09,-5.063691230525862098e-09,2.241215960030549029e-02
-7.429094862739130112e-02,8.873931154701425277e-05,-3.266974688209707964e-08,-1.389629869527650265e-08,1.741761083460682813e-02
-8.520312046540221007e-02,-2.147554978733004093e-09,-1.261349995457353539e-05,-2.654217946426806701e-08,3.137774312516256048e-02
-8.573831593358466341e-02,9.776973459417733613e-09,-2.013515407390995334e-09,-1.177786481849640360e-07,3.888994820374707534e-02
-9.051159520383850188e-02,1.641051137468900337e-03,-1.020169708296355555e-08,-4.579795921315608706e-07,2.755822684911674036e-02
-9.390652468599290648e-02,4.072622194779923309e-05,-2.337409056045035714e-09,-1.817189637544169942e-04,3.747088851285410027e-02
-1.058189253466683410e-01,3.476749939550477492e-05,-1.588212625463289328e-07,6.118757794403278244e-03,1.810912257145592258e-02
-1.021285198894361368e-01,7.551608851701899638e-06,-2.298720734990332283e-07,-8.075277457282193988e-10,1.094116791846558995e-02
-9.947855643461166186e-02,4.470918600463016656e-08,-3.709922597187540594e-05,-3.832890605113260969e-03,1.107907949235299429e-04
-9.515704918417673686e-02,2.244597727103397888e-02,-1.119789676458726908e-02,-4.362506768565644006e-05,-1.821002892261078254e-02
-1.068788524356172470e-01,5.380084869929557118e-02,-1.257521578133278736e-02,-2.370213898602131176e-09,-3.555595310680558646e-02
-1.124256420538120443e-01,1.033823899139087593e-01,-4.604046550537337600e-03,3.595667183444506421e-02,-3.446278796926299098e-02
-9.316155743988054072e-02,1.379064464944537161e-01,-1.156163264348464514e-04,-1.827585715604612213e-08,-3.987870167950435113e-02
-7.431037222712051638e-02,1.635597683998143426e-01,-6.844795999218319937e-03,-3.309184191464839954e-08,-5.500493302723579586e-02
-3.089551752340395294e-02,1.813286605418882869e-01,-1.254425645015521708e-02,-2.630726187937556402e-07,-3.597528000848895097e-02
9.844047275471979433e-09,1.866414094308296023e-01,-1.358423372142725065e-02,-3.139506665047401261e-05,-2.776526322640598260e-02
1.023788932379146935e-02,2.085804741925559869e-01,-1.608470677521447317e-02,-4.236833954191544967e-03,-2.552992601798204086e-02
1.736960535655493118e-02,2.027045739686232917e-01,-1.183196387192383698e-03,-1.833630803231921236e-02,-5.469568170490820419e-03
1.623280399744535599e-02,2.042903501135625577e-01,-1.892562065925969457e-07,-3.682543262118077171e-02,1.879480152396706572e-07
2.916091583262528375e-02,2.085894401164918033e-01,-8.668080072517461139e-09,-4.101330012425791205e-02,6.741181448465468508e-07
2.967505706695278481e-02,1.963819515373068370e-01,-1.732331079990083310e-08,-5.761726772582750206e-02,3.084746406864325244e-05
1.627579847293668738e-02,1.529020596847957825e-01,1.583623895998591269e-02,-1.030554656959839360e-01,2.504914169043404373e-02
5.753568319636649317e-03,1.173516065880467474e-01,2.188642226077738492e-02,-1.376232071649918232e-01,3.448041405579112262e-02
7.058101027316967917e-03,6.646322011096711391e-02,-3.076609017045099472e-09,-1.758880321173911243e-01,3.033187557965751763e-02
6.393225082671249830e-03,-1.256723756128660823e-07,-4.906785458464381654e-05,-2.096747617521668439e-01,1.152935870232070677e-02
1.583130718327778420e-03,-3.639913578462397169e-03,-8.499690495078374847e-03,-2.188402473350616051e-01,1.042371709368886167e-03
2.701527762431375963e-04,-5.012593835470946502e-02,-3.211499472279243095e-02,-1.974225115150677612e-01,-2.534940753854399585e-06
1.705719419198239994e-02,-6.818303272664090475e-02,-5.474925919428103027e-02,-1.792204721553646296e-01,-1.283021229591690959e-02
3.778031742028553023e-03,-8.748428565133391233e-02,-6.829922886862999087e-02,-1.707546261168227664e-01,-3.117671265904531017e-02
3.053357149649200616e-03,-8.669253741395055446e-02,-7.324598968401127563e-02,-1.543475612800964958e-01,-6.093814710045899335e-02
1.641439165412967465e-04,-8.752478437453514726e-02,-6.696434112400918848e-02,-1.385559551000576373e-01,-6.722006909484541659e-02
-3.292847185729194896e-08,-7.507468401827681326e-02,-5.330179695566096554e-02,-1.282453461534012185e-01,-8.093576413295376637e-02
-6.902973036884866613e-08,-5.840030899167346357e-02,-5.540794853137052250e-02,-8.662724492621588779e-02,-1.100445121340817289e-01
-3.285853342732024381e-08,-5.049934767270022884e-02,-5.433698904963880916e-02,-5.371371428652309959e-02,-1.320527241264554119e-01
-8.905932140345831326e-08,-3.856403607681752749e-02,-4.585943293241570573e-02,-2.537021935705082928e-02,-1.389255412909383425e-01
-1.317789884926515653e-08,-2.375826958261412214e-02,-2.577317807526527740e-02,-3.131147880712176238e-08,-1.414128806659477322e-01
-1.650508969253926600e-08,-6.443531159202775700e-03,-6.195958655161667647e-03,3.675879927136317758e-03,-1.402795128057795770e-01
-4.745348656992548747e-08,-3.784889395456866520e-03,8.490786667319350335e-05,1.064211387899339882e-02,-1.274251952359038154e-01
-1.006234507798199720e-06,-9.962117160837744099e-04,2.125818877437675100e-02,1.021945012724365803e-02,-1.011218588399274004e-01
-5.645142189909016704e-07,-2.595875750724037714e-03,5.254531278379891146e-02,-6.842386684344093340e-09,-8.692984231079997626e-02
-8.942512868574796242e-05,-8.154213467383762334e-03,6.741845046925795670e-02,-5.738470994857430077e-06,-7.710205421135418735e-02
-4.476485552031276259e-03,-4.594575415825321273e-03,9.038325357763954404e-02,-7.418360881367629944e-06,-6.340190162590131351e-02
-7.909530306173067488e-03,-2.998959355669707582e-05,1.185191887475017802e-01,-2.211307309757975955e-06,-4.393768955396194775e-02
-1.206276946147721504e-02,-1.577839353187455399e-04,1.507827587073406195e-01,-2.788534409843339452e-03,-2.172980869668059145e-02
-1.091803252399975444e-02,-4.395027917408077565e-05,1.690726074318817107e-01,-2.361574286278039433e-02,2.119437693001782568e-08
-1.072303835834290467e-02,-1.077023697993051643e-08,1.789256259519927672e-01,-3.567211267677986020e-02,-1.386221452513969679e-02
-3.647336153716865563e-04,-1.472878583660535628e-08,1.931259970365559464e-01,-3.563168346181860152e-02,3.538336041851475288e-08
-7.140113233092589679e-05,-1.051081368687412287e-05,1.962322003313606011e-01,-6.389899455677662543e-02,1.168759307952358311e-04
-3.259806716231994443e-05,-1.936361301608933760e-05,1.886561325784446852e-01,-6.727090852788464304e-02,3.276810493551317189e-06
-6.986430164752382394e-06,-7.983542090091609242e-04,1.812824882209593536e-01,-5.798785879606090793e-02,2.291079091410923327e-08
-3.124688145417916455e-03,-2.215397924266016463e-05,1.683364832167349168e-01,-4.414039272753511600e-02,1.287648306022926633e-04
-5.105133475565179426e-09,-1.267484340738320849e-05,1.588571447943533665e-01,-3.902434980256683922e-02,2.848425776374845404e-03
-8.908429020493279434e-09,-1.328219941010772865e-08,1.374067806122753199e-01,-2.665782090731289716e-02,4.571483926000788281e-07
1.606722277781451585e-03,-3.756368256062091332e-09,1.056160823166777257e-01,-2.163465197966498582e-02,-5.856357199938256929e-09
1.558651873251098302e-02,7.296110422088505889e-10,7.993059307024680260e-02,-6.630624420136011811e-03,-2.778396801096582227e-09
2.375448598456576105e-02,1.662108599097630790e-08,7.904335269929617380e-02,-7.320756845392373943e-06,3.170987267361018418e-03
2.880561053643740377e-02,9.074064723714992623e-04,6.119810885225959729e-02,-1.283892263431242101e-09,-5.580259067113491005e-06
2.678850868424946172e-02,8.782922252873474195e-03,4.519988041133361778e-02,-9.178987744818672235e-10,-2.302215270608720557e-08
3.506503522274397044e-02,8.386516988785081700e-03,4.215046896548936550e-02,2.157899988148649269e-08,-7.875568584468216888e-09
5.092721527104809159e-02,9.411509127818512913e-03,4.864883107117557587e-02,6.495784191965053335e-03,-2.602963328184724871e-09
5.224875508235730243e-02,1.776143926053085076e-02,4.523907279614140797e-02,1.479340859068550146e-02,-1.722129031677386365e-08
5.936514330673511863e-02,1.726750710974008299e-02,3.977471983936742284e-02,1.367406194903648953e-02,-7.283286750114072529e-08
5.671864217162571331e-02,8.875851571754914821e-03,4.580656214019725170e-02,1.720969674806813871e-03,4.052360934952798574e-09
7.125766339080662204e-02,9.356627622564570382e-04,5.077740165789349641e-02,2.583207005280131491e-03,-7.638261397856446724e-09
6.808451259639021480e-02,9.354687746096830570e-03,6.111097539694985981e-02,-1.062483628404424841e-08,-6.609012224091930219e-09
6.371177278336763450e-02,8.176706853450593782e-03,4.550520451809255545e-02,-2.349693447523830125e-08,4.494163184898402816e-03
6.132534418802607079e-02,5.440002289541912353e-03,4.628149536657859275e-02,2.329196798714892021e-05,1.469991824966705024e-02
5.985987306174645611e-02,4.344377391439172257e-09,4.490347182144738963e-02,2.672601459220802587e-03,1.141578806021171198e-02
5.496479811753338107e-02,8.355619799633548397e-05,3.088124573791354438e-02,1.094555637664607192e-03,-4.284939116885389646e-10
5.055260311594761413e-02,-2.533158518153718140e-08,2.681284196169097037e-02,-2.001670036226320928e-09,1.806344541472701404e-02
4.068351460914650802e-02,-4.701571346905252160e-08,1.907301038711272170e-02,1.215194244136093155e-08,2.531307010134211180e-02
4.534910305635703881e-02,-1.502907160351379850e-08,5.363162106843745967e-03,4.038555215843596348e-04,1.318611621410321379e-02
4.390100149015342679e-02,-2.910553007521377296e-09,2.758813860416445911e-05,8.538014578875163102e-03,1.705705006459547202e-02
3.917927618392286204e-02,-6.166236116826622495e-06,8.578162299580557249e-06,1.534256550250238341e-04,2.065009919725882895e-02
3.304943766400788435e-02,-1.478131612562768346e-04,1.113991247221949587e-08,1.502047977602306676e-02,2.557913749047939847e-02
4.408110809955093079e-02,-4.301249760972601519e-05,1.633244299751314793e-06,2.188845251346911366e-02,2.677510116600740828e-02
4.868435328135285040e-02,-3.019105118819663790e-06,7.185411574820935654e-09,1.051033062453445022e-02,3.141400197427743346e-02
4.898340973019782441e-02,-7.176453028926889515e-08,1.796851291292327858e-09,1.128740592285998323e-02,3.585983688543938064e-02
4.886134187178953897e-02,-6.094040731707852436e-09,9.329941631195419258e-10,1.320020102896798941e-02,4.259902134292024856e-02
6.260016044901725585e-02,-6.296306449156154025e-09,1.047208998259961224e-08,1.268341287231990883e-02,4.972681992141567836e-02
6.371501445914425077e-02,5.867152397660057721e-09,1.676473579613732426e-09,3.460955411436376916e-02,3.142525043122340600e-02
5.132723249489503509e-02,-6.638188948973418695e-09,8.698952264230707235e-09,2.246215309668010002e-02,4.168987122393261191e-02
4.955480611680194297e-02,-8.701421918351023180e-08,8.832261630866093963e-09,1.774113371051115606e-02,4.588879100467919275e-02
5.959566796379624221e-02,-3.384481817710877439e-07,1.734720463842114735e-09,2.208426669234110976e-02,4.616517098000785108e-02
5.686094290656236450e-02,2.990648101441812639e-09,3.803643925067398592e-09,2.898264957846746412e-02,4.328467781355296862e-02
4.507732348979195253e-02,-9.184458973821117109e-09,1.155193903513377378e-08,1.584380508143471908e-02,4.545642783376202534e-02
3.400039633537788042e-02,-3.307440664639093521e-10,2.309963513550620125e-09,2.403449817529624069e-02,4.959031676641947883e-02
2.991179965749464487e-02,-1.570117750767535740e-08,-4.218893987720300041e-10,2.726166597321721605e-02,5.121865041839034072e-02
1.930729132288741892e-02,2.080767125250269238e-09,-9.450786387989854737e-03,1.923224413034986882e-02,4.848084026257548640e-02
1.615217759319539925e-02,-1.564555659947370188e-05,-9.843013074293515199e-03,1.401615842448984857e-03,5.160451706495002011e-02
4.072984780284192273e-03,-2.885081420147727217e-03,-1.211752003731162743e-02,6.831005247425593705e-04,5.493332594800592189e-02
1.079612615204159076e-02,-5.417299143312823834e-03,-5.117302065581379525e-03,4.238127395220703584e-05,5.434245434998039026e-02
1.522359583679941224e-02,-2.412809085726117122e-05,-1.559928142596919004e-02,9.219334714041162063e-05,4.815287790007756474e-02
4.286480853580152371e-03,-1.306152726931604849e-03,-2.606626944746326044e-02,2.899544447096937414e-05,4.027376028880955139e-02
8.022563768838072984e-03,-5.082387363486750090e-03,-2.665299378121305934e-02,1.910048918835767541e-05,4.571421199551478631e-02
2.356449033505801649e-02,-1.112091006784328255e-02,-2.539301955740710243e-02,4.318636532908566415e-05,4.719714478641570676e-02
2.713592546878222309e-02,-9.819965073122485441e-03,-2.175534327432891019e-02,6.860779183919583186e-05,4.190976279093513307e-02
3.677884156839850843e-02,-8.140161475749363006e-04,-2.103418873453564986e-02,4.440468820099557098e-05,4.548381265959151182e-02
3.023878917945307943e-02,-1.074845518863262739e-02,-1.948851619517481121e-02,9.248459684217773258e-03,4.853511512809394884e-02
3.958783935171889673e-02,-1.056945720666602195e-02,7.069976751241391118e-09,2.507704226777285675e-03,6.030964438938612310e-02
3.716123048077804580e-02,-3.258328070909545602e-03,1.729437989534182871e-09,1.665672878871025909e-05,5.990156984659038286e-02
3.046861123142502806e-02,-1.916760360583771221e-04,-1.235772217644676499e-02,1.363670184915269064e-03,4.582126898047593488e-02
3.094563033548042644e-02,-3.480326181983964665e-06,-1.450311333411211795e-02,3.294116270136304502e-05,5.693036216742609901e-02
2.751843969978157861e-02,-6.022238762913971651e-03,-1.422487498945704081e-02,7.646318318741421207e-09,5.787449847301907174e-02
2.410970661880332266e-02,-2.046455670682492591e-03,-1.745439199343631551e-02,7.427265651645972036e-08,3.430038508492377902e-02
1.495537325478927225e-02,-4.091346675145881087e-03,-6.592530154834363304e-03,-4.497886043160509266e-10,3.905787956093751540e-02
2.320981198244792228e-04,-1.373045237473770157e-02,-2.062656640476803055e-02,1.221950529122363723e-07,4.373195691925901851e-02
1.978372870391138013e-03,-1.306394300808735691e-02,-1.443914180575040992e-02,-1.743889464908635902e-07,4.820427071439870731e-02
7.546144581125021657e-04,-1.581216618094607312e-02,-2.075235490207233413e-02,-7.019786397427921383e-03,3.599440697160274927e-02
2.341370068337604029e-06,-1.147228929960782129e-02,-3.363313234499239190e-02,-1.029207296519391544e-02,2.835349566854853190e-02
8.340973376253929719e-07,-1.328399658161753469e-02,-2.928728808145649939e-02,-7.771816975281497890e-03,3.089569915636489889e-02
9.622445734180133659e-03,-1.572973102420120034e-02,-2.195141266564025473e-02,-8.637424456804420128e-03,3.032193773728891067e-02
6.276297515444276796e-03,-1.295954588131110509e-02,-2.633761622023503626e-02,-2.431021807786078182e-02,2.942311296659021885e-02
8.833933417464877747e-05,-1.515925109183066145e-02,-2.691268006966501466e-02,-1.519101458948326870e-02,1.608625014491663410e-02
9.665601354702549840e-05,-1.233082624684672668e-02,-2.394378038112177434e-02,-1.211258318060978896e-02,2.281649428254611117e-02
1.185405441300467315e-02,-6.663638119123807546e-03,-1.675982343604425287e-02,-1.276492140375213614e-02,2.324936819795062407e-02
8.197582297378198588e-03,-5.517211645640908088e-03,-5.706326514865016353e-03,-1.342145349455746255e-02,2.034662308400724332e-02
1.360852334918331331e-02,-1.158522303287403755e-04,-1.456572738752550940e-04,-1.369297484304642272e-02,2.287979161801457703e-02
1.392891244459546624e-02,-5.025495841954154209e-08,1.265610962825387699e-08,-5.222568155525247327e-04,1.683509757247995953e-02
1.664558882632474410e-02,-5.479547820743351758e-05,1.522559025573789711e-04,-1.010126961210716309e-02,2.417079938825348467e-02
9.563816329068232022e-03,-1.756883979330397563e-06,5.273541049418643207e-06,-9.575965555507829491e-03,1.384567583894886350e-02
1.168528137533890584e-03,-1.540613922298869966e-08,9.678501217657980180e-05,-8.620087619173891214e-03,8.094264906910479326e-03
7.112879858523991547e-05,-7.997009582779710423e-07,1.254446145334539606e-05,-2.287841680260344762e-02,2.936478843973840819e-02
4.967847917876344437e-03,-1.236817489171326790e-05,7.720867440457863343e-06,-3.490122633877981717e-02,3.253536039762573717e-02
4.097829899019305062e-03,-5.272465758538525450e-08,1.875386110624858929e-08,-2.838245002331887465e-02,1.124138045104758170e-02
4.671871744718263803e-03,-4.067016810715447888e-09,-4.745659860410232942e-05,-3.470117794585717702e-02,8.023015961617429442e-03
1.826007232213172777e-08,-1.394642411490843015e-05,-2.809249209022090542e-07,-2.797348856438119924e-02,9.777502790225134008e-03
7.903433115271582621e-09,-3.110660595673846087e-03,-1.375410579022453429e-08,-3.219210357389672844e-02,1.455894511056263912e-02
7.606915668952617266e-09,-1.715910635199316013e-05,-1.119078584022529632e-05,-3.858281171840369228e-02,1.070786792370819959e-02
-5.525062964186328723e-03,-2.118590327575504772e-06,-4.025891709497616781e-06,-2.700547446046814432e-02,1.041934411674457460e-02
-8.952594649368095236e-03,-4.047117615717930537e-06,-5.572095911381666081e-08,-2.335071353986189341e-02,1.739094853886063649e-02
7.859105543086286294e-09,-3.489221113799056148e-04,2.335970888732777276e-09,-3.600437200255776626e-02,2.751302832767099638e-02
-1.448976936144691854e-08,-5.170356038498631233e-04,-9.362768392225223697e-08,-3.683623636702251097e-02,2.320226810740967302e-02
-1.134265438865831796e-02,-6.621434074018889911e-05,-4.421232847114491275e-06,-2.925049386099569729e-02,8.833978666876626112e-03
-1.377184084263208957e-02,-3.957038347730230341e-07,-1.103604516254798812e-08,-2.286550853222839991e-02,1.436424947313334581e-02
-6.664257672853873132e-03,-5.672797366264271338e-05,6.590940293213012938e-09,-2.374530361262773906e-02,6.051156736908110297e-03
-1.610425635932897018e-02,-4.580909966858796888e-04,9.844316502901157637e-09,-2.684891267733644990e-02,3.287653668916403794e-03
-1.822236459505160305e-02,-9.989782508280000556e-04,6.266061144014057477e-03,-3.581940203396733607e-02,3.987621096294996503e-03
-1.205705180785495746e-02,-1.308883418623072185e-04,1.338329913222582185e-02,-2.237469980547829307e-02,9.053630313371453797e-03
-1.121850577000216981e-02,-2.087377676832509704e-04,1.976773405901302225e-02,-1.453207805803354881e-02,6.774741198303926371e-04
-2.112214915803592094e-02,-3.091171780066255033e-08,1.833007603900660074e-02,-1.805332995623132319e-02,1.862233838965332309e-05
-3.471240834216374888e-02,-2.843044751000369321e-08,1.785923339271007146e-02,-2.544963971563534919e-02,8.063574634081976597e-03
-3.825641823442876149e-02,-3.466999172768499580e-05,1.436142064180041637e-02,-2.033528448098645067e-02,6.418755182080803506e-03
-3.964663220792068871e-02,-3.915764592395724560e-04,2.211804746002983199e-02,-2.122984817830141438e-02,1.151218854055937463e-02
-4.324889640574186567e-02,-1.661644477706611596e-06,2.091448564645279409e-02,-1.833066835151934276e-02,1.088374004650762223e-03
-4.065302667597777558e-02,2.111684723226749499e-09,2.210261472541489094e-02,-7.918627699875882206e-03,3.250076596442937493e-06
-4.263293094138614209e-02,-6.625532679966326302e-08,2.060957940213032150e-02,-7.486804546442858525e-03,6.427808253917857474e-06
-5.321195785934532650e-04,-1.289637807363284528e-07,5.786231176374309984e-06,1.162064762367141964e-02,1.231524197553818039e-03
-2.975876732740488192e-05,-1.398253064119437886e-05,2.384596320104048114e-09,1.620725332570000649e-02,1.156850219980025407e-02
3.002165730923720849e-09,8.136537016821157534e-07,3.775353081441127394e-06,2.818004508301679908e-02,8.320287934621275333e-03
-6.925083233260717387e-09,7.424696830914635434e-03,1.369372700723601397e-05,2.614080366274578945e-02,1.066395475681141758e-04
-1.508572274242726656e-02,8.092648007209560235e-03,5.111242732604425474e-04,1.237021451536524964e-02,4.465765264862413264e-03
-1.404780807357627198e-02,1.154816206340902006e-02,-2.151125820962909977e-09,5.063010067858127704e-03,1.582823004717537341e-02
-6.139743058003038594e-03,8.009279214884730894e-03,-1.116690375146744977e-08,1.559876853021183694e-02,1.279998075788060102e-02
-1.766075465380253021e-02,4.027083118402919291e-03,-1.165185653786271913e-06,1.129756636319460480e-02,1.481862810079629701e-02
-3.519732451257917560e-02,1.035226573410513078e-08,-2.193780521482142395e-08,1.604415682222483678e-03,2.152220461902620494e-02
-4.060213942820250360e-02,-1.521063765849329282e-03,-5.809379338403871058e-08,-7.019865889605700961e-10,3.196694651806544080e-02
-3.834235311961743664e-02,-3.491760752973741954e-03,-1.172666123617618252e-08,1.026119220666449171e-08,3.613111122337129416e-02
-4.708635886072223137e-02,-6.113139846220959486e-08,-8.730386831042086915e-10,7.507865494607813341e-09,2.772859369341520649e-02
-5.635132660110958591e-02,2.975032437931284077e-09,-1.146308705774166881e-09,5.123009728344432653e-09,1.922907385715856565e-02
-4.426188641322460759e-02,-1.822249994101736353e-08,-1.606237983755376866e-08,5.441586649670311084e-05,2.178701912087080764e-02
-4.403745253345884431e-02,-1.897619866987675686e-06,-2.672847220871639039e-08,-4.491879717323696001e-09,3.507711630343864767e-02
-4.951504652321674776e-02,3.203508927915763526e-05,-3.013393503466112537e-09,6.354545270856693552e-09,3.354654772992853029e-02
-5.165931669945260374e-02,1.683571078392546712e-04,1.285085237025058828e-02,7.227224945595651234e-03,2.200181699814189595e-02
-5.603438419905886619e-02,2.854089609617208166e-08,4.494600040002551256e-03,8.116218736640317885e-03,2.713812261798063952e-02
-3.842204144900883411e-02,-1.025152172871346349e-07,9.858995395558999356e-03,7.770044088619168683e-03,4.475959063444801683e-02
-4.559819948774230386e-02,-6.448908396579780078e-05,5.252400197814552883e-03,1.652866337455542473e-04,4.051648360192863091e-02
-5.596537532533515935e-02,-2.053108840957791788e-03,4.051887269418666740e-03,8.965131342112506179e-09,3.922981603192221556e-02
-5.472570933430380424e-02,-1.501301526980671581e-03,-4.977137259517206357e-05,7.917601675602808312e-04,3.976353578499703528e-02
-4.874063804265280769e-02,-2.013925548004782788e-03,-3.708315983229540624e-05,6.080361814139473124e-03,4.517652696957379088e-02
-6.084204943277992522e-02,-1.332691906707197602e-04,-4.785207513627069169e-08,1.905392250499330156e-03,3.676359511484571935e-02
-7.537799190934280080e-02,-7.095209365481089558e-08,-2.735218017479102419e-09,1.453372369608277953e-05,3.730956855709802872e-02
-7.415657129024844085e-02,-5.307814589928417260e-06,-4.584347857878633875e-09,-1.295565787200508015e-08,4.310234904824834096e-02
-6.228567826919204770e-02,-2.974988375684475307e-03,-3.287002866020712509e-10,5.468008837497228426e-06,5.538696414989139477e-02
-6.892664243497077792e-02,-8.750988815223729360e-04,-2.885089048440329902e-08,-1.464537810166152415e-09,4.799972214513402446e-02
-7.825330312906228492e-02,-3.367588945379742832e-04,-4.082339796681702651e-09,-1.577939774006839769e-09,4.492960134921131221e-02
-8.269453710324277396e-02,-8.520147823298976353e-03,-1.750830519016108533e-08,3.753134811827869236e-03,4.079102101097838856e-02
-6.601135011103848038e-02,-4.879309707013974352e-03,-1.539551148892967309e-09,8.795259251949072432e-03,4.166462028177893989e-02
-8.517659754984764631e-02,-5.626212122941505293e-03,-4.107186900154089690e-09,1.585202038234956995e-04,3.648730929180554750e-02
-1.017746265741567291e-01,-9.744708912193334794e-05,-5.312169661753813155e-09,-1.120648898746829761e-09,3.445627186081447191e-02
-1.016451537100962615e-01,1.274624521902525090e-10,-8.094514482927279795e-09,-3.772034566789575289e-11,3.655042620698189387e-02
-9.577432342731613535e-02,2.541607926242269475e-08,4.954327106539629641e-09,7.543260206704526308e-03,2.786254144646157713e-02
-1.072995167150475743e-01,-4.590813097725216440e-05,-1.926692294758199887e-09,-1.246662993545707831e-08,2.129967284619470672e-02
-1.217853181234389709e-01,-1.957723538565108931e-03,-2.180743326169189484e-10,-2.305173685481012869e-03,2.725803303995544269e-02
-1.148706458385593959e-01,-1.290732535414998786e-02,1.016312656402906712e-10,-1.546190642292426948e-02,3.280833816491808552e-02
-1.016458380510206483e-01,-1.305373446062298506e-02,-1.369195238165396650e-05,-7.640123149676808674e-03,1.854335685575395076e-02
-1.041866578914939639e-01,-7.418138848773850151e-03,-1.327671922510345279e-08,-1.159529510864249109e-02,1.069652816879518124e-02
-1.188895546129622866e-01,-7.144880767064441633e-03,-2.716302912660558769e-06,-1.755076065583700828e-02,7.082949256573762946e-03
-8.858918946283826645e-02,-5.110011953146786565e-03,-6.512216900876351307e-03,-3.029226761639389892e-02,5.726371130206494089e-03
-7.913002323044951436e-02,-6.208050004370396518e-07,-9.278268176721364210e-03,-2.768226836616466055e-02,3.186226091327973141e-07
-9.645524875183209002e-02,4.256257950305435828e-02,-1.963125457289324749e-02,-2.532881166492181001e-03,-2.972499980922550453e-02
-9.204499585852198018e-02,9.372362122472781276e-02,-4.104150289092093999e-03,-7.076401180201373152e-07,-5.138309146738780087e-02
-6.928932868183129701e-02,1.414840309885164182e-01,-1.963713663618144555e-04,-1.929535584440374785e-06,-5.105832357322848819e-02
-4.680078987996041245e-02,1.513316934470451680e-01,-9.461979453107668330e-05,-6.815132273525157389e-05,-2.772112356830102806e-02
-1.955751125894225617e-02,1.686005939094064043e-01,-1.528657544995124656e-02,-8.023414128744999234e-05,-2.330342983945395477e-02
3.912368447131477841e-07,1.911373335606349755e-01,-1.284378241957155262e-02,-1.436771554619909776e-02,-1.036312185166519441e-02
1.635832325870456919e-02,1.835246790349344403e-01,-5.985821191631215780e-03,-2.182277191926331253e-02,-3.591761898584901538e-03
3.074346424891667359e-02,1.803235488437486267e-01,-1.135989435107574742e-05,-4.424630123015989985e-02,4.338153764002441354e-09
2.230072857726781918e-02,1.935931308960202601e-01,-1.849861646807119819e-10,-4.800047126511071405e-02,-4.791474246073273863e-09
2.112719433606297104e-02,1.909751284178063946e-01,1.102670940120186079e-02,-6.288730115577084723e-02,9.611319966090027317e-07
3.220180354639035070e-02,1.619434713957877692e-01,1.817203953550244888e-02,-7.377754181952086987e-02,1.364695584053429028e-02
2.808350963202622605e-02,1.204651560451397707e-01,2.745395615913887727e-02,-1.062119481379319857e-01,3.835257242225573182e-02
3.049395290278707679e-05,8.718243319525929846e-02,3.225390828619136702e-02,-1.385765003851580357e-01,3.733727761484133267e-02
9.903451076808443974e-09,5.136388024287259074e-02,2.578919968719458125e-02,-1.712285923333244919e-01,4.249751856379591769e-02
1.532051446621072855e-08,-2.186948089877264223e-07,-2.188042142463768874e-09,-1.814185446218992415e-01,3.317892641132373643e-02
3.024438184372772714e-08,-1.655967528258031119e-04,-5.448446001655042454e-06,-1.753291600664692307e-01,2.246629370374915446e-02
-1.496214576676093734e-02,-1.068449200050678588e-02,-3.619977342201817472e-04,-1.556550458333920695e-01,1.610126738376975637e-04
-1.384534959276573739e-02,-3.113856745709919077e-02,-1.841314835761784230e-02,-1.430184297395659110e-01,-2.396211017105252805e-02
-4.232236818828376095e-03,-4.076752450351966983e-02,-4.660961292399189854e-02,-1.238843596949936177e-01,-4.241067615950523673e-02
-1.521276341546325627e-04,-3.879315779225761540e-02,-5.623691521701391915e-02,-1.066110974314144755e-01,-5.895922999286946908e-02
-4.162554428447332901e-03,-2.959321739095961690e-02,-6.174978397397551388e-02,-8.504025252918785693e-02,-9.394410601461387900e-02
-1.051306086250560975e-02,-1.281939653291465711e-02,-4.838284088967615554e-02,-5.693792121164095027e-02,-1.225188239825884262e-01
-2.342208414158498866e-03,5.249477884400293994e-09,-4.359956270188505845e-02,-3.467739155934870809e-02,-1.441674014114003033e-01
-4.231925769053936380e-06,5.046264525303061424e-03,-3.917139164863955164e-02,-7.411224780917473158e-03,-1.503431587473914588e-01
-1.094950410541497490e-05,1.486623522564537933e-02,-3.383560324681018916e-02,8.070362396375516806e-03,-1.628664217017458393e-01
-1.568618226639768588e-05,2.758281218643147265e-02,-2.058826037239671128e-02,2.963274264550706458e-02,-1.760171620059652886e-01
-4.384721656438282970e-05,2.322411004510884294e-02,-6.589130985926826625e-03,3.596755268331777722e-02,-1.637858027576920006e-01
-7.826711675000415957e-06,2.656472153528907990e-02,5.165852840485735988e-03,3.879873601105061215e-02,-1.443845949017714125e-01
-3.342295826142736127e-05,3.247781220461920526e-02,3.491212849635547122e-02,4.630495496949427886e-02,-1.526584939689206721e-01
-1.150853427266363208e-02,2.510091141003537377e-02,6.094384210883326686e-02,3.317749343559216191e-02,-1.320670016041916861e-01
-1.039532644788624879e-02,1.509171237921599733e-02,8.519028851377258293e-02,3.215852110535278446e-02,-1.101068143747835626e-01
-1.172500159526147689e-05,7.574148509792134019e-03,1.170365463574732368e-01,1.251149416552551986e-09,-9.188459576546813279e-02
-9.206692237217618843e-06,3.504164196088078217e-03,1.277729920064941960e-01,-3.592769306683616430e-09,-8.998003023675814338e-02
-4.395501113227140997e-05,6.738173559434087059e-06,1.494326615718578333e-01,-1.950156702963765775e-06,-6.466269249571487965e-02
-1.051921831472443383e-07,6.235275100590630707e-08,1.633510675387771782e-01,-3.258462861296005058e-05,-4.845585907748169163e-02
1.209786637922210128e-09,1.475413198607575196e-09,1.663122277256010584e-01,-5.957942868237348018e-05,-2.038068502399267151e-02
-1.435764168621857934e-09,4.973184971298199192e-05,1.644280025508725596e-01,-2.613231600708695824e-04,-2.594308200805545139e-02
1.963042850848483595e-02,-4.822186424821546919e-09,1.495690355930520410e-01,-1.113359171877205574e-02,-9.960186555936265118e-03
3.652744495394071728e-02,-3.903097165392825985e-09,1.354236376427385979e-01,-5.840288988258556489e-04,-1.777240298227961450e-03
5.869013222683164971e-02,-1.453468438547383822e-05,1.144639810305830979e-01,-4.792439718969955038e-09,-9.834589202261918937e-05
6.076443013326188192e-02,-3.342183297828740275e-03,9.763225169468792153e-02,3.682491453834152347e-09,-1.028396781262989419e-05
5.368881521742620289e-02,-1.796944754739068784e-02,8.621864245346051725e-02,5.504693772549093527e-09,-2.257790422138392708e-08
7.864765445653738862e-02,-1.846990770395438852e-02,5.905833864669462335e-02,2.756259169183396512e-03,-4.107821232504039047e-08
8.509781843032034054e-02,-3.114170777732136464e-02,4.222895604831333749e-02,8.333095612545362088e-03,-7.953662041752743857e-08
6.811415429770686925e-02,-3.168236852366419082e-02,3.064596093652095440e-02,1.514489630623503660e-03,-8.286448772505678539e-07
5.589001485511171236e-02,-3.790587156365044647e-02,2.558018674372622425e-02,3.534680330039472861e-03,-9.086406989395317678e-05
6.325087961413368431e-02,-4.032595050301585049e-02,4.311805983356867440e-03,3.395213501481005817e-05,-2.692011403013056751e-04
8.156837294901717050e-02,-2.951319949354629449e-02,5.117611870211725804e-03,6.767067148237207105e-03,-1.779779703918171361e-03
7.186488332970922266e-02,-3.473427705025686207e-02,5.119362893024363356e-03,6.446203693590868943e-03,-1.914441635375327411e-02
6.903419807055852231e-02,-3.620413002549997816e-02,3.660365425148956464e-03,1.597233838279003192e-05,-1.447970462765309219e-02
7.312910878793044134e-02,-3.548801542723850622e-02,1.806087156071097509e-03,6.328488725221110764e-04,-7.902953712942173067e-03
9.186435879699611506e-02,-3.926553293517506815e-02,1.396812516917436860e-02,7.290634084467566777e-05,-1.278016420927109726e-05
8.761372810083722928e-02,-3.850510107762820239e-02,1.639394802627912318e-02,5.158210039197239083e-03,-4.868101753587413043e-05
8.969992304456048116e-02,-2.915412198799623156e-02,2.530328303516393360e-02,2.438717005424097500e-05,-2.154043600537856359e-07
1.004466315925847258e-01,-1.574831785511946955e-02,2.299298630517334838e-02,2.358276961680719698e-09,-1.625690491744288236e-08
1.194068578060671071e-01,-1.195662119595082215e-02,2.296547785965939378e-02,-3.752705103739090181e-08,2.317340242483203680e-02
1.126267658426925722e-01,-1.587207961026855085e-04,2.019006856932925587e-02,4.560746466964622056e-09,-1.466295258515154564e-08
1.059088921265615435e-01,-1.499476510304440923e-06,6.100662252945527990e-03,1.179786531723784185e-09,-4.064274986565798558e-09
1.097701824304311430e-01,-8.446286544022257723e-07,6.015802294421899844e-09,4.423807165529683444e-05,-1.261705724541882128e-08
1.109854513886966293e-01,-3.239617963609729792e-09,4.252812898737178942e-09,2.124057675502189282e-02,-5.385770084820926120e-09
9.499541835210521812e-02,-3.563004871056309417e-09,3.318454466197136509e-10,1.070197353134390295e-02,1.608806339371650698e-02
8.213649141393045139e-02,-7.337558788652641703e-07,-2.200257298450386187e-02,3.656411028653040751e-05,2.867632494334433624e-02
9.154245307242123153e-02,1.052252046211742950e-09,-2.781621912828069823e-02,1.024734492586094024e-02,3.051880806053296202e-02
9.837313750078743868e-02,1.153800673993217625e-02,-2.948280044355825955e-02,1.559487954168803890e-02,3.638383276600982291e-02
8.962280458921632886e-02,5.375509873730538977e-03,-3.749813726217859217e-02,7.466839712736462152e-03,3.797105626152700447e-02
8.134269807161496890e-02,5.378336120715267697e-03,-4.222638055505299748e-02,1.926345189879181616e-02,2.651944918113813970e-02
8.617497057563233698e-02,4.015566840580611120e-03,-4.444049736127701766e-02,1.571023903768316993e-02,3.114167065020987529e-02
8.800824661677779381e-02,1.667589882344508142e-03,-2.391254536396598615e-02,2.085499878838472168e-02,3.812926669817696956e-02
7.854949556509185915e-02,3.276950213558887633e-04,-2.770408488082970119e-02,1.948263318212249337e-02,2.961123033196073201e-02
6.039749586110106788e-02,1.710105587749568705e-09,-2.407849571320709939e-02,1.170753378974574363e-02,3.212744422572347963e-02
6.939372366535552505e-02,-1.931474865715420044e-10,-2.418774469132678115e-02,6.759999219936190830e-03,3.895049048718329798e-02
7.734376265243200765e-02,-1.312011097354658700e-08,-1.285328180723751580e-02,6.076795686793087965e-03,4.512475968539571280e-02
6.124140220476892438e-02,-5.595933385125983550e-09,-1.768180210265489959e-08,1.276310493615547340e-02,2.810629206643981692e-02
4.274249152232666160e-02,3.600010089420004165e-09,-4.997921914868556032e-09,1.123227901094176612e-02,4.043115973310441175e-02
4.398273792217376188e-02,7.256780199877113560e-04,1.933707160675737180e-09,1.670788589898644649e-02,4.394719585078439572e-02
6.089565181626095669e-02,1.255500248406919706e-03,1.675697397201582343e-09,1.828061044246464054e-02,4.483971344643045143e-02
4.975172804438340174e-02,8.041956564381761222e-03,-1.805707799833503741e-02,2.610889572003037909e-02,4.259063179895221374e-02
3.875152584133723099e-02,6.808445864277758511e-03,-1.718995974656286826e-02,1.378210517645943843e-02,4.656778589458138856e-02
3.977216640040713569e-02,4.457789559271310015e-03,-1.975862998209178267e-02,6.002597480008289334e-03,5.743030006890391392e-02
5.962481761024120835e-02,5.068384833129394897e-04,-2.423863329743199818e-02,1.276271129418742913e-02,6.289483885418856168e-02
3.958374418851330623e-02,1.040672856542406230e-04,-2.595023903851087846e-02,9.458404941511292657e-03,5.664905972170894422e-02
2.777278099705011993e-02,9.424929122624336632e-09,-2.700008019922107289e-02,9.115802386205833045e-04,6.369727020718857213e-02
3.277646427749966729e-02,-3.560920669419142142e-08,-2.604865402671288285e-02,2.724747874072180106e-03,6.378845403581762108e-02
3.901697069763314374e-02,-1.011917101285876369e-03,-2.535554050554247527e-02,1.685454288354179889e-02,6.066377458327274624e-02
3.532498957324343297e-02,-3.365941631459775860e-04,-3.509798610263349661e-02,1.538136457619814108e-02,4.206446452267210978e-02
1.232610502649740362e-02,-8.375612999291171673e-03,-3.178701133924485833e-02,1.237848745565554333e-03,4.359388157982887341e-02
1.450250653025940764e-02,-9.766514850986078924e-03,-2.946156611889062110e-02,2.632126648019937447e-03,4.462425505176723789e-02
1.937404279945811880e-02,-9.756732575926900519e-03,-2.250530159159514626e-02,9.357074081918466749e-04,4.962214754868784355e-02
2.750680406975108266e-03,-1.203807483494019094e-02,-5.742767509893746333e-03,2.918189243941546486e-07,4.660117667948217995e-02
2.990685012157872607e-07,-1.712066107125644401e-02,-9.822077199451962129e-03,-6.415683666168578738e-09,6.616429298484087507e-02
1.383634348557472874e-08,-1.730674378456312917e-02,-4.476669491578616315e-03,-1.097108332553736743e-02,6.490514665340908762e-02
1.081629223703919391e-07,-1.295422946626148021e-02,1.328218664715082951e-08,5.168972619423980244e-09,7.100857372669047707e-02
-7.699743247401545622e-10,-1.864403871047192254e-02,-2.859681616474984929e-08,-9.008047719476892923e-03,6.748502197720804285e-02
-1.584612345808419573e-02,-1.136139936821835630e-02,1.912490395381022078e-05,-2.138351769228582014e-02,5.886698095103545109e-02
9.595417926230565681e-09,-1.774882212491892767e-03,5.320004836372031209e-09,-2.074993797908094781e-02,5.587366734010819347e-02
2.885620074425398400e-08,-1.317189663048571983e-02,1.206396420321000857e-06,-2.264404981391214891e-02,5.123613610110407113e-02
-5.677840735669487104e-03,-8.201315775348388612e-03,6.106699534323265476e-03,-2.067306171424389619e-02,3.833169967059476407e-02
-7.801074412924855622e-03,-8.915179327897217480e-05,9.307610613028753643e-03,-2.045676976270523542e-02,3.632434525733289898e-02
-4.930720835721576559e-03,-8.461665285391035182e-04,3.529241245294341064e-03,-1.622928864400293922e-02,3.434544597933734955e-02
-1.288531722561718579e-08,-6.247050447130484796e-05,4.357407825852083324e-04,-6.027252062352489795e-03,2.362955473826925876e-02
-4.729063393013691399e-03,-6.825826581574849104e-05,1.148036449335810595e-04,-2.277324880605685262e-02,2.408393712249053478e-02
-2.026366286546067014e-02,-4.030591231921207100e-03,-8.143845846608545920e-09,-3.748164080910099810e-02,3.037781640163990035e-02
-7.786750340024500763e-09,-4.291938133724556084e-03,-3.862506784807416110e-05,-3.843835973423255503e-02,3.649844601744096223e-02
1.570225721084453289e-08,-6.309323675274038437e-03,-2.016429936015450771e-06,-4.454776515361121014e-02,4.694739215998808279e-02
-1.336802440105945393e-02,-3.061870505320338047e-03,-6.118339902478511459e-08,-5.337429481836834105e-02,4.173771291675357903e-02
-1.830570263509236420e-02,-2.053680230731538912e-04,-2.052234079029984570e-07,-4.760729255288382450e-02,2.994960447075346172e-02
-2.041278648608321061e-02,-7.374517341713281941e-04,-1.851879272621528583e-05,-5.042302219647249589e-02,2.139027907276933385e-02
8.951106833676280012e-10,-6.914407688463792558e-05,-4.309746019617803829e-08,-4.548801852266182166e-02,2.798717474086768672e-02
-1.107123212060532984e-02,-4.702971499613468019e-03,-5.458292177169849479e-09,-3.762748558654617492e-02,2.492794324263463562e-02
-1.347475613733260282e-02,-3.522870985083594551e-03,-6.074324214526237297e-09,-5.713284096061579942e-02,2.441313451956062669e-02
-8.995786241989029916e-03,-1.941498013112783589e-04,-2.332193262647627166e-08,-4.347573155144691254e-02,1.383772297505854627e-02
1.715642888652841591e-09,-5.546605399029499626e-05,4.017753001047599934e-04,-2.746090990846026050e-02,2.088229549573820260e-02
-4.519775407384878617e-03,-5.740631716764174978e-09,1.032364586268524724e-02,-1.830908277391323988e-02,1.610425916731236806e-02
-2.044488364898221916e-02,-1.286584799114357245e-07,1.213737765462227260e-02,-2.717888191487534411e-02,2.040434465616233414e-02
-1.842989328659765114e-02,-1.761237373918622936e-05,1.899460410189897017e-02,-3.049231280120972068e-02,2.984777518231342477e-02
-1.395724856722706415e-02,-4.053360028228298706e-05,2.136435047616247127e-02,-3.047796098205155305e-02,4.436800654430038404e-02
-2.726533965922509420e-02,-3.110535812257520893e-06,2.393390458300595491e-02,-4.284902880214654791e-02,4.732983375621779149e-02
-3.153292067080272487e-02,-2.283509028917994455e-08,2.909974713325553727e-02,-4.579754972127696167e-02,4.620459384670976694e-02
-2.668243469482284996e-02,-4.129548279210689229e-09,3.570278478288903268e-02,-4.336568347282193647e-02,3.772731263929555989e-02
-2.231191350680009414e-02,-1.019250581155437591e-09,3.085579629395010862e-02,-4.986292294505730721e-02,3.962078131486961030e-02
-2.605547512851345837e-02,1.888143830820106575e-02,2.826135125125128073e-02,-4.097820135746021997e-02,1.607605009231174303e-02
-3.917943415775387156e-02,2.025699435611164403e-02,2.573787723651329434e-02,-3.864314075837723544e-02,1.221354471622762387e-02
-2.655395903199637281e-02,2.064639851808342322e-02,2.909615904804161574e-02,-4.749974879342135081e-02,2.339560152511619556e-02
-2.159251306890241223e-02,7.635897912260113801e-03,2.772445201420824581e-02,-3.569179854253975992e-02,1.241897584960637013e-02
-3.693100979212020352e-02,8.957998871643786665e-03,2.481087590953137342e-02,-3.279610663845796553e-02,9.065005611072216377e-03
-4.532017290044969282e-02,9.184260684501570262e-09,3.769987930225006389e-02,-4.004885610213290703e-02,2.123912354619017506e-02
-4.416241029792964540e-02,-4.439029317773279085e-08,3.516464935475218517e-02,-3.722757313396203582e-02,2.583542360440841193e-02
-3.760048980078070646e-02,-1.447116905491850115e-06,4.586407705536258567e-02,-2.769556280053081174e-02,2.756760171916272650e-02
-4.379865367822995820e-02,-1.290449397954259881e-08,4.750856415017239848e-02,-3.637997693860177406e-02,3.170180080305034370e-02
-4.285596075051163745e-02,-4.255091572842489336e-09,4.763460636169858375e-02,-2.792859548353017821e-02,2.152276749806846315e-02
-3.697790872846786620e-02,-2.031544906711695212e-09,5.039058473110452629e-02,-3.384385893664373229e-02,3.076927361531121494e-02
-2.500272066767732573e-02,7.555922423229521279e-09,5.546707446515318496e-02,-4.111898592729765906e-02,4.251422412101028836e-02
-3.358516365981767393e-02,8.472847038458809418e-03,5.036965369677712939e-02,-3.018448204566700349e-02,2.689193975382972446e-02
-3.969435677065610846e-02,-6.724638934283335644e-09,6.318376179013796001e-02,-3.194617309497348179e-02,3.383379138159432753e-02
-2.519907756164917537e-02,-1.124920926618526406e-05,5.652697115107073456e-02,-4.095657770683021337e-02,3.898571864645028473e-02
-2.222022821546945637e-02,-2.033139607321521276e-05,5.021229900522625189e-02,-4.198814428957477196e-02,2.525507114446568294e-02
-2.586706232903087169e-02,-2.821564792482105836e-07,4.707909020696855046e-02,-5.328024713474061730e-02,2.911458632408331360e-02
-1.937551445923945195e-02,6.740966967144474591e-10,2.696566624386914911e-10,7.771533187575264956e-03,1.982874855932608106e-07
-1.686615936130103979e-02,-2.544625674756683699e-03,-1.783854135972301709e-09,1.221865083804929072e-04,3.775860336247841443e-03
-1.318615258996545109e-02,-8.615138535357745597e-03,1.001995454152288609e-06,8.152508263698626453e-03,1.478748127585242760e-02
-6.759094985094960678e-03,-4.793264351922183440e-03,5.960759180338488246e-06,1.597038162283757889e-02,1.254390094326078044e-02
-1.476539260703339275e-02,-1.805029111289258720e-03,-2.673736087656137481e-09,1.771699093543373585e-02,1.302900578827361627e-02
-2.052814722351989016e-02,-9.738415181244317888e-05,-4.708630049429072921e-03,2.572637901092964668e-02,1.304065862545537163e-02
-2.459403655866086377e-02,3.729187824745991602e-09,-3.196538676772147020e-05,2.835072585974755116e-02,1.134514672760964654e-02
-2.390286036587803420e-02,1.065799016208152496e-08,-5.333912651894053177e-03,2.579717270405255253e-02,1.484487857775303871e-02
-1.972465777372699874e-02,7.533730938392746140e-09,-1.019612392807959719e-02,3.225552648214649598e-02,2.225597291343603748e-02
-2.255551079412054100e-02,2.362668132153100153e-08,-2.144561483472146745e-05,3.012380600632548824e-02,2.004972795456256077e-02
-1.787076444828759533e-02,9.597798976972830051e-05,-9.687100932819017863e-10,2.234971531761987054e-02,1.874813476105222781e-02
-2.129153143629480827e-02,4.299153530166624037e-04,-3.802045527441578196e-10,2.434134238224740579e-02,1.556344398824482771e-02
-3.241530360755881524e-02,4.337921531071191696e-04,-4.655529612383149604e-08,1.665940097540294373e-02,2.053763277592094219e-02
-3.866838664011760379e-02,6.510378670631441697e-03,-4.449449575072983443e-03,2.968221661317478546e-09,2.134231745943182892e-02
-3.492253010867972518e-02,2.557333200354667060e-03,-5.367838928158862911e-03,1.801422526318099959e-02,1.406017352405502033e-02
-3.726369425339378511e-02,9.901420209039342446e-03,-5.725205510853039262e-03,2.074062480443448347e-02,2.239879688417133544e-02
-4.055248566880755717e-02,1.537871318595873150e-02,-1.341200636539182332e-03,2.297132453878250949e-02,1.380859850267918479e-02
-4.905079550979010022e-02,1.406069486046312121e-02,-6.608728927227606340e-09,1.171844610153880903e-02,1.604416573587564079e-02
-4.617906141081776911e-02,7.507534271883680235e-03,2.641182365917102447e-09,2.297859588913268858e-02,2.444345723309935062e-02
-5.101386922167590321e-02,6.219703629523847151e-03,3.815846996011465043e-09,3.417903542456478955e-02,2.016020649585216137e-02
-4.677352808934947398e-02,3.662009424006111829e-03,2.190333674213447683e-08,2.531127881370716370e-02,2.839967435021237968e-02
-3.434265212073096124e-02,2.751211358216773459e-08,2.143866950902280320e-08,1.911062864150028101e-02,3.463151846001749634e-02
-3.587280749633470212e-02,3.593622622214248510e-07,2.542336866493700959e-09,2.417137250914723826e-02,4.213283000041316562e-02
-3.786578167070076689e-02,1.518655029177894854e-07,2.060951787688592514e-05,2.244146593467066103e-02,4.535825842571172134e-02
-4.591240272786382970e-02,2.215470879847955139e-08,4.057719713558800151e-03,1.413250642597041126e-02,5.166905725866782068e-02
-6.851236147378975128e-02,4.749881632454406346e-09,6.982287256336705550e-03,1.770025218118183655e-02,4.772427545532449689e-02
-6.750848436932703478e-02,1.796834062997806289e-08,3.628356096267867491e-03,2.384235627002817895e-02,4.331531245531914515e-02
-6.911394870679421487e-02,4.543499627765632635e-09,1.326656353474794763e-02,9.983334730416498076e-03,4.063755461391498069e-02
-7.930872708406187799e-02,2.337678405345069185e-04,7.668538348611850242e-03,1.015796931793195787e-02,3.127492561298424179e-02
-8.100239660302174793e-02,1.584626742168692391e-03,-1.857572976452140654e-08,7.741077847624537253e-03,3.114756871035543814e-02
-7.513694085788841237e-02,1.080807758137961413e-06,-2.487579465279168400e-05,4.745284287296131116e-03,3.049109704560363371e-02
-8.283101225543092194e-02,1.491250294864930332e-04,-6.068778694100308087e-05,2.228472418613657025e-02,1.771921303567329520e-02
-9.530078407332630286e-02,1.447240230714699110e-04,-4.333475325710669065e-07,1.331048524917920022e-02,2.001971406595285524e-02
-1.026087379329479465e-01,3.347397926114892893e-03,-1.247703524599445330e-07,1.220718879020782633e-09,1.842598911746847964e-02
-9.488004125765700514e-02,3.336147965747058868e-07,-8.861203526088857194e-07,1.436450177204670002e-09,1.327948361382745232e-02
-1.029096186609513991e-01,8.385649164119251369e-09,-6.744272404228265902e-09,-3.033871674297472471e-08,1.701501015735755115e-02
-1.128533095886466719e-01,1.345235840348045876e-08,-4.979677433274464600e-09,-5.921220307989996830e-04,1.604457852509632437e-02
-1.138748209345825796e-01,9.151852569147006040e-09,2.028222976973420059e-10,-5.003389837932557122e-03,1.626379584064874609e-02
-8.173201047644633455e-02,-1.247299051284149520e-05,6.515948910812723559e-03,-1.470079753256974731e-09,1.148535351253545528e-02
-8.550950827676621901e-02,1.965203039711793001e-10,5.753226761858488796e-03,8.879335389118286556e-03,1.406156735812769460e-06
-1.043498247987119515e-01,-1.191751520949655384e-03,1.199468431398612728e-09,9.542848163071906281e-03,1.186339830607931976e-04
-8.183578766177501684e-02,-9.537135631248546297e-05,-4.394712841801942914e-10,3.465369328728609265e-04,2.185839423534983695e-07
-6.375993666818274841e-02,1.517328173993697307e-02,-4.222122711612503167e-09,4.890715332738532380e-03,-1.124737907508833838e-02
-4.816046572399756975e-02,6.361505157516431086e-02,-3.836143828303553739e-09,2.789772866027249651e-02,-2.004638240814986261e-02
-5.150101792647737708e-02,1.132699335569010979e-01,-5.882344053126295030e-09,5.406644268426197969e-02,-2.205500896553408766e-02
-4.093923644792386851e-02,1.565917895109081304e-01,-2.577339322417763715e-09,5.104923649507708827e-02,-1.886965814574186745e-02
-2.677472637873692246e-02,1.731939882786886487e-01,-4.504412879355398587e-09,4.814116893432072303e-02,-1.491885060751205541e-02
2.068620224669477969e-09,1.908986452480321283e-01,-3.093969234977059451e-08,4.252071899524046544e-02,-6.080196873073953796e-03
1.358529264506578779e-02,2.038229127998529844e-01,-4.174675504265310476e-05,-3.032808203636205603e-07,-3.648416919014052279e-04
2.768234950408583403e-02,2.105669081393334585e-01,-6.464234947612750547e-03,-1.449865394644785923e-04,-1.917143296077127501e-03
3.731907948950028558e-02,1.939450379605553998e-01,-9.012894754475840618e-07,-1.118073677340989096e-03,6.015493386631732004e-09
3.498882909017025228e-02,1.929518692903240962e-01,-3.407173018705351233e-09,-2.232365695272278683e-02,1.177400103797149481e-07
3.290553615811454835e-02,1.924496716217606318e-01,1.391935288096133765e-09,-3.610661624037667800e-02,6.173442942991767520e-09
1.693894463835136921e-02,1.716005508718954076e-01,-4.184737995902847319e-08,-6.404582029595316806e-02,8.171208514855039416e-05
1.790693563682267675e-02,1.226968738998463065e-01,1.872183986100585742e-02,-9.432213063658886898e-02,1.068627821857994625e-02
6.726116510772995813e-03,7.385349972824281628e-02,2.245178108750416762e-02,-1.408767110975815140e-01,1.774021932712399954e-02
1.006603188713863829e-04,-2.280574806097727150e-08,-2.941325951405864430e-07,-1.910984468523505564e-01,1.613140257624786147e-02
2.079963431302519091e-06,-8.974053184793989854e-04,-7.690612781050542321e-05,-2.254420318596401240e-01,7.401493522206833639e-03
1.114292499953258795e-04,-4.807562419584433117e-02,-1.054415439597716775e-02,-2.198380117467782779e-01,-1.112251375750332101e-07
7.189630101367925090e-05,-8.188428719521084753e-02,-3.635077165537063670e-02,-2.181346083276477221e-01,-1.044325935535219373e-02
1.334684645660631666e-04,-9.038363856826620024e-02,-5.863782383683082550e-02,-2.069474904407879179e-01,-2.840236200294047469e-02
5.194651532961833132e-09,-1.008004884631094056e-01,-7.394176024572615691e-02,-1.809824320670163633e-01,-4.785498343557285927e-02
6.200890379234911405e-09,-1.029020973511437509e-01,-7.129680557604906044e-02,-1.588136572237375532e-01,-5.043001025403106435e-02
2.882260045226091815e-08,-8.815223685938206044e-02,-6.582312945780990909e-02,-1.460868998908906313e-01,-6.252688369451452066e-02
-2.952915124235829903e-07,-7.600968720196060735e-02,-5.200427293070917362e-02,-1.121403755298174126e-01,-7.901626858346688653e-02
-9.128857315243431626e-08,-5.499312329332729093e-02,-5.527596293896262086e-02,-7.975396842207677084e-02,-9.450509918893119921e-02
-1.731045216082966549e-08,-4.328019092947023305e-02,-3.834040544398918671e-02,-4.553332012520180244e-02,-1.015396476578977608e-01
-6.592161896255777605e-08,-2.749034181658466941e-02,-1.601081110031983903e-02,-7.027486167916628841e-03,-1.152096691205740792e-01
-1.421192970613357478e-06,-1.654081012512538529e-02,-6.299997240128319027e-03,2.309488386330508874e-04,-1.210518380151705542e-01
-4.168463875060942664e-06,-8.288568338176849001e-03,2.020751900757490507e-05,1.422116898383532502e-02,-1.142779095552173968e-01
-3.918261703463503971e-06,-1.924012071633067478e-02,1.512478270872364382e-02,2.782803916888065485e-02,-1.132078737602037616e-01
-3.785726586962777997e-05,-1.393993153862186501e-02,3.864048401739459543e-02,2.754229376387214850e-02,-1.015861929677497888e-01
-1.127077972975910197e-02,-1.285975518361909958e-02,6.610356172080314452e-02,-5.651340849903048549e-09,-8.253463959866993993e-02
-1.736669777928636499e-02,-2.627808787314849306e-03,9.133060329963679780e-02,2.728048522911435799e-09,-7.956585674412589015e-02
-7.816020271483370419e-03,-4.054329530502951209e-03,1.183325733431378063e-01,2.381720108531501165e-02,-7.218141375289095774e-02
-1.524702193804795304e-02,-4.533853126419883828e-09,1.392636637718271675e-01,-2.612324589833726674e-09,-5.557885321994689848e-02
-1.822270289161716586e-02,-1.390211602406573648e-05,1.538742639267291767e-01,-1.147474139549899087e-03,-3.794405371099895258e-02
-2.683143116050889371e-02,-4.055623855605470758e-05,1.527301955568665381e-01,-1.356754513777462708e-02,-3.275671616410218145e-02
-2.251294087138043173e-02,-1.132699506430613206e-08,1.694476894549120372e-01,-2.351976615375894752e-02,-2.495182340111391089e-02
-2.661218392241701189e-02,-1.447156132167480096e-09,1.849627753080926029e-01,-4.355968698311936393e-02,2.806419777284252152e-08
-2.531528455834613361e-02,3.022773267453031675e-09,1.804925790138376118e-01,-5.685721207612102340e-02,5.916391196085554826e-07
-2.589188480259623296e-02,1.231069974435769642e-08,1.717936496538302049e-01,-5.768957849607724703e-02,8.875328704767584972e-06
-1.015222535929822048e-02,-1.064966098125705897e-08,1.698818669574233831e-01,-4.486594088586794149e-02,1.538547029404236342e-03
-2.747488971834145029e-03,-4.150699063504841284e-09,1.593644529160475887e-01,-3.820663801136430643e-02,2.280755869111669113e-03
-1.980166141168308164e-03,-5.419586019280332963e-09,1.431842373359658305e-01,-4.266274434157756729e-02,1.981482177271646702e-02
-1.197373453022269711e-03,3.667289508224991989e-08,1.157465763841005052e-01,-3.362264522816851842e-02,1.350454877298540302e-02
8.911492799040334282e-09,4.007960521395249540e-03,1.056176920879900172e-01,-1.194889132822908942e-02,1.315523360942672144e-02
3.836693034113781639e-03,1.152747168277545343e-02,9.694331270222923680e-02,-1.881896395558601927e-05,1.026122996317079678e-02
1.086453223747569675e-02,1.234149627278758807e-02,7.048819479857978965e-02,-4.382334574117799211e-06,5.142441093926239382e-04
1.786402550947367371e-02,4.551348336025873124e-03,5.536968103717644640e-02,-2.084710063203276474e-08,4.543012408303565925e-05
3.039478298429432526e-02,2.695882942038127125e-06,6.042985376719143403e-02,2.632544429489679615e-03,-9.019023049098327932e-09
4.145855882350553412e-02,4.100116756620099910e-03,5.570485817949456103e-02,1.572433813962527058e-02,-1.726276279206699106e-03
5.066226323471984677e-02,1.191053564787597843e-02,4.945540181961511489e-02,1.021851211906740081e-02,-6.578886945378995509e-03
4.171461847123018873e-02,8.065304863396932644e-03,4.700487071891278068e-02,1.385743892242087498e-09,-1.200195854775614162e-08
5.777565647870362003e-02,7.710031833309978315e-03,4.654945308957059852e-02,2.775709503721099022e-03,-2.199771993938922695e-08
6.483230436623939330e-02,1.878579768621551488e-02,5.037146433331241707e-02,7.236578600904336293e-03,-2.133750293689945233e-05
6.035164392498394009e-02,2.681513859256231744e-02,3.784886361625255241e-02,-5.911440751574797039e-09,-1.509173179106422382e-06
6.219224677023995479e-02,3.059135504379691811e-02,3.040988818608893543e-02,-3.383792453960019676e-06,-3.836405634995915720e-05
7.672994544538545847e-02,2.327592673492260081e-02,2.412270962744818281e-02,-2.274927011483062744e-05,-3.379579484476515768e-07
6.752113483866287180e-02,2.773029350775185753e-02,1.950780172082634822e-02,-4.402557664657975010e-03,-6.085037457258140708e-08
6.852521610888077930e-02,2.647148147297513632e-02,1.321648082079553838e-02,-1.520877836249858069e-02,-1.218723288490334005e-08
6.093818109894998114e-02,2.016225871561613467e-02,8.725082678244146933e-03,-7.711700384849939395e-03,-1.155260570271167605e-08
6.291151995050299484e-02,1.155512844934656301e-02,1.485559819203856617e-04,-8.136510124517230087e-04,2.919306028947927486e-08
5.917550451819331842e-02,2.243200413780531421e-03,3.910080566606742477e-05,-1.836613471602324822e-09,1.178482107971662307e-02
5.427948748109798216e-02,8.827370931113213623e-04,4.797466492309352755e-06,1.121860124544780003e-03,1.300085239288898721e-02
4.559694884927883302e-02,-1.905720811303065892e-10,6.762514741390200341e-09,6.777439472849415883e-05,1.307385444248949057e-02
4.992764932340539030e-02,-2.534817178665691955e-05,1.609534217345128363e-10,2.056204526992697128e-05,2.725426740143245541e-02
5.761643916236756924e-02,-1.047420279163496563e-05,-1.577509844018628107e-02,1.151672597394294735e-02,1.530183929135350840e-02
5.599839845427080631e-02,2.262992431801490733e-10,-2.995117414547988910e-02,1.923467184780094236e-02,8.450335849934419510e-03
5.848273243631375157e-02,1.320142268461771103e-03,-2.940586897796552621e-02,1.377090182105444524e-02,1.077298013274008252e-02
7.255068701537543963e-02,9.571775272418230704e-11,-1.904188840465232888e-02,9.674457726711807939e-03,2.230519882006736301e-02
7.236759523545130413e-02,7.621085105416704382e-05,-1.461794662647132939e-02,1.721243349872897052e-02,2.658979186474270257e-02
6.009191844042600927e-02,6.295042515392148923e-03,-1.423171133761855049e-02,8.405691691694484532e-03,2.774351328724649485e-02
6.176315044833164541e-02,5.141506729120680179e-03,-2.888026846806439688e-02,1.651388146694563255e-02,2.743429289684959013e-02
6.448797164274298888e-02,1.196058278397880608e-05,-2.778630012881763353e-02,2.067316911647189628e-02,3.548396198951975222e-02
5.016200355056991966e-02,5.251787810189548440e-08,-3.410959507441414795e-02,2.147680377223847373e-02,3.097074691612106134e-02
4.315311922041376730e-02,1.829820962933589312e-05,-4.196881230751215580e-02,3.332393729393743221e-03,3.274080045302861508e-02
3.775037479552120073e-02,4.086115062108224352e-03,-4.507592953833976929e-02,3.844298483332410452e-03,3.125380397220205858e-02
4.152101082119659392e-02,1.246057924611885929e-04,-4.046038820034752320e-02,1.076722114003475853e-02,2.650746269131431729e-02
3.720855945318311125e-02,7.815350129388052777e-04,-3.401988495184794792e-02,1.748604769387819557e-02,2.133757772353558207e-02
2.654380153565331565e-02,3.526110098448464303e-05,-2.669523630669148190e-02,8.728792420468898389e-03,2.657836022169429713e-02
3.187742443300180945e-02,5.783868446452661250e-04,-3.560168348588083759e-02,1.502473278573242949e-02,2.517856576624904683e-02
4.001576688603782767e-02,6.543446553838277190e-10,-3.511521627411937074e-02,2.235704362113451540e-02,2.249282902607954715e-02
3.498303690594820742e-02,2.952718962230252016e-06,-3.443959280525666494e-02,8.108342599372974149e-03,2.600961531532633431e-02
2.824061966847829508e-02,1.928921231156432997e-05,-2.702480162563980146e-02,4.242037381748798089e-03,3.430731335031418638e-02
2.597182552533266325e-02,7.320663384964269429e-10,-2.476083252260689524e-02,1.007978127052765746e-03,3.299752507830534115e-02
3.811780513240773521e-02,-9.911283653845705406e-09,-2.389312808667186372e-02,1.061892522193714182e-02,3.039328191771561993e-02
3.281135425041290660e-02,8.613279046457599404e-10,-1.984193514730827820e-02,2.829835463295352418e-02,2.054101829916146413e-02
2.241079443479197103e-02,-2.080631880146694562e-03,-1.636366108020488250e-02,1.961369692769837636e-02,3.124252255031043091e-02
2.251797257912804481e-02,-5.440268651928375903e-08,-1.441523702110098643e-02,2.698981656670710466e-03,3.564445648479658280e-02
3.242240956933824941e-02,-2.039346035452716158e-06,7.587556856785160770e-10,3.180694653832371894e-03,4.700440872012447840e-02
3.500323536560704524e-02,-4.520694613512216832e-09,7.656122350638051712e-09,1.155593767874163111e-02,4.557047933201338608e-02
3.732725753278548497e-02,-7.245666761647604300e-09,6.516780108976942298e-08,2.424584325636724644e-03,4.731051365182165069e-02
3.163891296986053037e-02,-8.332562658425036657e-08,3.697485202742657878e-09,1.749096705581432069e-09,5.933802405835989641e-02
4.011361920137942322e-02,-3.934524102790961514e-03,3.424025397369831586e-09,1.108183683296500343e-07,5.903914398627426591e-02
4.156862822506849492e-02,-1.051780624475584860e-02,3.156955678842366536e-09,1.021118408871852666e-05,5.344049818061346463e-02
3.746807826520218154e-02,-1.014157213088243484e-02,-6.615361833175491431e-03,7.541257560565078451e-07,4.554208689614714506e-02
2.708587159863087152e-02,-1.074195445005120611e-02,-2.857491850761317929e-03,-1.487227964311362872e-02,5.141856463309867065e-02
3.040185770702411375e-02,-2.125386636245668245e-02,-8.300977216199907985e-03,-1.398835704953935687e-02,5.415256880668750661e-02
1.634906536773300320e-02,-2.103016792397100973e-02,-1.566302162421317687e-02,-7.015952568294383382e-11,4.872544629367973890e-02
1.194221333265344312e-02,-1.706354773297262539e-02,-9.779377483316135933e-03,-2.356735489716932364e-02,5.030244978219051977e-02
1.040180644285416262e-02,-1.328774258173646972e-02,-1.405913651327384689e-02,-1.837332083093888221e-02,5.549420277540087487e-02
1.119619496704957889e-02,-1.965513919371729423e-02,-1.125019284779436336e-02,6.989438133325045983e-10,5.017116064956841925e-02
1.109876135923982404e-02,-1.920209410736828728e-02,-4.780110721286733207e-03,2.087375533370493842e-09,4.341679510947969028e-02
7.300979811426812870e-03,-1.006299036494111634e-02,-7.078294401590094382e-09,-4.417030946818222363e-09,5.246982863374081985e-02
8.516912174538641966e-03,-1.030319140483642280e-02,-1.153583848013474238e-03,-1.487127206555450068e-02,4.625331698338906034e-02
1.820005268183107205e-02,-2.208508308768110731e-02,-1.696039633337855781e-03,-1.209031107799596674e-02,5.102827621784714746e-02
6.798293582932947096e-03,-1.015712968292187442e-02,3.501171843346839083e-09,-1.296701146266007569e-02,4.731683522262244979e-02
1.169907888214723971e-03,-3.327396368142128153e-03,-1.481754143587608475e-09,-1.221940507030940329e-02,4.663862784900443120e-02
1.443884570768744918e-04,-5.205881345165663939e-04,-1.506678765582675734e-08,-2.975564448362573418e-09,2.751762646901244336e-02
1.345047516433016226e-02,-2.664795506361811498e-04,8.072187233069289138e-06,-4.127693918112096251e-09,2.771313914111542959e-02
1.358291371006730731e-02,-7.090368676471870378e-03,5.419681887552190575e-03,-7.909388363847087060e-04,3.109885911169155831e-02
2.171062873936231526e-05,-2.418670400111116482e-03,1.009040491390987229e-04,-2.083532702104952741e-02,3.150066539534586429e-02
7.998314327245029109e-03,-1.430784923488032892e-04,8.201740778631067382e-09,-1.844697857382211412e-02,1.918632108249555129e-02
1.666394064366011341e-02,-5.090519882924294387e-03,-8.681707503596603459e-10,-6.171664911565993145e-03,4.829241125484227785e-03
1.509807233697972595e-02,-2.980751931153071332e-04,-1.105966198124122791e-09,-5.805727911801642979e-03,6.739672134704206494e-03
1.434638536577260114e-02,-4.628751514612261048e-05,-4.028234136445182738e-03,-1.926537511619356643e-02,5.982646012380242982e-03
1.208884368662886672e-04,-4.318240537959785812e-05,-9.210074591201414598e-03,-1.636705821534208821e-02,4.499983541154485361e-05
5.455342503093657189e-03,-3.127571148194465810e-03,-3.460627491633519134e-04,-1.989687106180975870e-02,1.323025626538765209e-02
7.975833996732782617e-06,-6.360838249729586572e-03,-7.799614423756392960e-06,-3.460177879862080808e-02,2.213427767078614966e-02
1.084351290186889342e-08,-4.113381595104360910e-03,-1.540697592320705895e-05,-2.010727123321296231e-02,1.304046606718766745e-02
4.413863639130657556e-09,-2.422693293466341141e-03,-1.890634268066836867e-05,-1.053326469074376652e-02,7.073094640709378170e-03
2.336586964736647652e-08,-9.733353298839609452e-03,-5.697259160344737903e-06,-5.273550464928647562e-09,2.434294200894495525e-02
1.475225722839110306e-08,-4.468712464358082052e-03,-1.894392937074412200e-08,-1.009150129784659386e-02,2.269501844473089183e-02
8.737754267940377494e-10,-2.434472525664514980e-03,7.876146628616574477e-04,-1.862436892257005386e-02,3.829386084989956640e-02
-1.025009181887188980e-02,-7.164262896743716844e-03,4.591123326230454882e-03,-2.764201968997233305e-02,3.834520078431151446e-02
-1.021687598364788736e-02,-9.256596376579769719e-03,2.349577428151282345e-09,-3.408467028128079473e-02,3.700306168557367797e-02
-2.165505351486060603e-02,-1.068376974934228882e-02,5.879576924787664055e-03,-2.450453176187677301e-02,3.177914128447911074e-02
-2.695116411043059143e-02,-9.518700252904062006e-03,9.073325421807625427e-03,-2.428610822146458348e-02,2.326887221664691169e-02
-2.465561884445854890e-02,-1.207697277116549957e-03,1.145766513306070364e-02,-4.379095121398634410e-02,2.699137616274818047e-02
-2.034516521914605733e-02,-1.152314124966250007e-03,1.887730030216957372e-02,-3.326656575628218065e-02,1.626180517195912473e-02
-2.550856032632724604e-02,-2.010835945516118405e-05,2.589507200426898262e-02,-3.430261102733569295e-02,7.368716453655893214e-03
-3.460611557128638605e-02,-3.357233821325385139e-03,2.552012014634538056e-02,-4.179577784927934747e-02,1.539928499757063814e-02
-3.423110454552757975e-02,-2.989110146352807242e-05,2.155304784089573031e-02,-4.924920874161407142e-02,1.331643881506539527e-02
-2.059003993989912476e-02,-1.074813536459276833e-04,2.779585847780468091e-02,-4.829118471426797204e-02,9.846258921036651554e-03
-2.054663313586485227e-02,-1.766577234857589387e-05,2.307291967627942905e-02,-2.715007777598832384e-02,1.188503648728952394e-05
-2.280638630314233556e-02,-8.677524720443263251e-05,1.636584816558077707e-02,-3.343000080151940084e-02,6.584556765021280219e-06
-1.572964190129185619e-02,-2.817325456481865314e-05,2.305443474441523644e-02,-4.095410291009273646e-02,2.097176445998281702e-05
-6.072981941070212074e-03,-4.278053260847543629e-03,2.186802939996870809e-02,-4.329962143682176967e-02,1.440997548685222888e-02
-1.984098379216260935e-02,-9.579744311980083540e-03,2.291203513457877594e-02,-3.452516265116598732e-02,1.226318280284088673e-02
