-2.042682919706780009e-02,-2.353130842521891435e-04,-3.564442897046345183e-06,2.052770816102030991e-04,-1.439543666045756133e-07
-1.844977082203204041e-02,-7.623868943280892206e-05,-1.267982822270291729e-05,8.285783726784609615e-04,-4.998623129724258516e-07
-1.806945082443466022e-02,-1.021640772418365047e-08,-4.907188103796315517e-07,8.699999863555448647e-04,-4.393189143113545436e-06
-2.413170779294325496e-02,-2.274027097770748001e-09,-1.312390551711938235e-06,2.964122667245781546e-04,-6.548446830756666072e-05
-2.392380468580758077e-02,-9.842216581521323721e-10,-5.604608691764655396e-05,1.274018432678888620e-04,-8.130400554180233416e-05
-2.311705753601009730e-02,-5.037918649567980000e-09,-1.692484165309903673e-06,1.259410713734814718e-04,-1.282733649400310042e-04
-2.951563655295453420e-02,-7.643198088246454654e-09,-2.402025257186459048e-05,3.115352898882777074e-04,-5.497579842673008029e-04
-3.412596561112748311e-02,-7.085129408688818614e-09,-1.670694806952761685e-04,3.688365176160362320e-04,-4.481582537818638162e-03
-3.114959229397445614e-02,-6.241689383232414532e-09,-5.531838335340879897e-05,3.374914474142217042e-04,-4.666487588787636247e-03
-2.880247036988791559e-02,-2.580027438381291669e-08,-2.897558655539942481e-04,6.991724651866685139e-03,-1.496666542866013395e-02
-1.990645460625119906e-02,-1.363757554183656276e-07,-6.868864384865766484e-08,1.308309056986929793e-02,-1.376547036435397074e-02
-2.207334216116509790e-02,-1.478616330037181533e-07,-5.579195914576376772e-04,2.603257581617672914e-02,-1.514573146964554029e-02
-2.169124167036114506e-02,-6.471838428405868662e-03,-4.607790865382305374e-03,3.157412386936114812e-02,-1.774729602590062461e-02
-2.192143597741843392e-02,-1.370083293323325763e-02,-7.205054963871308088e-03,3.150362645523600846e-02,-1.033318086875293501e-02
-1.707307712614283823e-02,-1.228977045589756123e-02,-3.030313768918339347e-03,3.137691192681204416e-02,-8.943395768546016575e-03
-2.528318422567548546e-02,-1.630930087608671104e-07,-1.380988626734465851e-03,3.136698956875848265e-02,-9.620390700884917309e-03
-2.952204360788629814e-02,-4.094637725238359058e-08,-2.713103558593704841e-03,2.933274174623646743e-02,-7.084885740005015566e-03
-2.197500874110209015e-02,-2.170162696013800242e-08,-3.045649510586441495e-08,3.123076212395368631e-02,-1.166641491810778246e-03
-2.815179155135476979e-02,-1.990765893111708289e-08,-2.640373489361152127e-08,3.668779326943603231e-02,-3.857889349803719607e-03
-2.621913002244977836e-02,-1.664394361478523991e-07,-9.721565707392000114e-09,4.579516564603820783e-02,-7.641475366148227193e-03
-2.936194396298433262e-02,-1.699954471398541804e-07,-1.181961692274378549e-08,4.132058682732801108e-02,-4.808411742127493421e-03
-2.914005230352242903e-02,-6.812598724128050495e-03,-2.626204777659965524e-08,4.588002094976914580e-02,-4.613105238652000228e-03
-3.128821951998483897e-02,-5.009370019202071686e-08,-1.384223296634346874e-07,5.236259854863778429e-02,-1.853154742238885024e-03
-2.902423839600861907e-02,-3.294245174132345342e-08,-5.021054664004241368e-08,5.933193610839265775e-02,-4.558774014111873808e-03
-2.919361347287225891e-02,-6.719701868939757656e-08,-3.745272997365225061e-08,5.456584838838390850e-02,-6.730023827122138050e-03
-3.311855764809554237e-02,-2.659520314140369289e-08,-9.763843123595711054e-04,5.891673955394712697e-02,-6.206216955683047098e-03
-2.930175560717900723e-02,-3.325879286777289979e-08,-6.104612752470841639e-08,6.660918623625632085e-02,-1.232068120711106917e-03
-2.989485322800381276e-02,-6.403940629351356467e-08,-4.045040549853051377e-08,7.021779013891127352e-02,-6.787359385344682132e-03
-3.764014848759225651e-02,-1.608800085038079516e-02,-9.340947902463061364e-03,6.957679075483427789e-02,-4.585989805549317740e-03
-3.187203886140668047e-02,-1.111594464436942538e-07,-4.326446563029310091e-03,6.554389192493051408e-02,-4.596748164588257413e-03
-3.284956539060560760e-02,-2.608646045451824264e-07,-1.967313223708023773e-07,6.791482892220992995e-02,-1.324874611888023079e-02
-3.088865255881677319e-02,-1.970260613218659945e-02,-1.451532582383032823e-07,7.271797664972848296e-02,-1.392986133564866509e-02
-2.856312769097243617e-02,-4.260525703277519465e-08,-3.087046465247756330e-07,6.828543435567031861e-02,-6.941449205961807215e-03
-2.632760904508775132e-02,-1.772479287089007831e-08,-5.855580269379996594e-03,7.035624025361235379e-02,-1.074013152285830395e-03
-1.890499298399625494e-02,-1.264697975486103277e-08,-4.411475652205562201e-07,7.523371105679166337e-02,-4.490554876756242377e-04
-3.017438821193301965e-02,-7.526314604877611160e-09,-8.989577060854922128e-03,7.566502440429331844e-02,-1.608083148032842880e-03
-4.029226720176399407e-02,1.558965355505335940e-10,-1.474898754570927797e-02,7.799056628275491398e-02,-3.438151020535963956e-03
-3.567119653877666441e-02,9.081031075589207318e-11,-1.166396384868366790e-02,8.882778997607337912e-02,-7.964759618952528195e-03
-4.000687616100984806e-02,-5.198906350083001644e-09,-5.117283648026824290e-03,7.941231438190511638e-02,-7.641670262729739586e-03
-3.864692870611100006e-02,-4.187136553006885293e-09,-1.614785675621920366e-08,7.836975650077562805e-02,-3.305275347111667414e-03
-3.362653095238971046e-02,-1.531018073216677346e-08,2.881264716268073885e-08,7.676567669490270973e-02,-1.321876888540777291e-04
-3.186019182279277440e-02,-8.833407304267076919e-08,1.785260352312708728e-06,6.998474843218036034e-02,-1.062493947040975805e-05
-2.879348720203097831e-02,-1.618980289893888133e-02,1.543729858879359105e-03,5.893493342205608637e-02,-2.589323479964891251e-08
-1.717045992981390545e-02,-4.019842996120031459e-02,4.046234266976011379e-02,7.065522606033147746e-02,-5.838431949859955956e-08
-1.105817046103466789e-02,-5.848261762717182205e-02,7.849264894369550882e-02,7.104354970834221572e-02,6.663040969141259633e-08
-1.859959845886151710e-04,-5.745311696289468611e-02,1.183815290108125029e-01,7.006941783612331831e-02,1.106444064462395364e-06
-1.961694670278773679e-05,-4.859139478062992484e-02,1.459635549849676306e-01,6.175329080255065328e-02,2.255134235279175291e-06
-4.644085094853265060e-06,-3.522044278997981531e-02,1.600887198661589406e-01,4.158774801937909632e-02,1.919765689044152198e-06
-1.257869363128953559e-06,-2.974488819071087128e-02,1.774503867073363717e-01,2.206680086805172872e-02,1.861866879860371112e-06
2.024315090250936554e-03,-9.132608691723543420e-03,1.901622023360430846e-01,3.508099514591031702e-07,6.945513891555446435e-06
-7.304010272108482542e-07,1.506035458626022999e-08,1.840542984590876618e-01,-8.854476579489538826e-07,3.464107912775803903e-05
-1.703968783298153543e-06,1.334043058113438792e-03,1.770128703589692598e-01,-9.615859758047214936e-06,5.029522988807067288e-04
-3.460278643178481238e-07,4.266670925402731018e-02,1.771938531349614432e-01,-4.331232072452755131e-05,1.490471425904554489e-02
2.272240736968637702e-07,7.877794394192984273e-02,1.639073361344368096e-01,-2.665844433316537712e-04,3.345079999328365306e-02
6.093700434884396766e-08,1.293317799934369794e-01,1.285688046388639705e-01,-8.619942692767703024e-04,4.798735276053615190e-02
2.255152888408147287e-06,1.730054449662790095e-01,7.564812722363993547e-02,-1.984084653115173597e-04,4.746559055996836529e-02
7.284331598563211158e-04,2.067549938543350729e-01,2.314546074576618803e-02,-4.589367864108523842e-05,4.587093054383444696e-02
1.527205265424377324e-02,2.314547352902305288e-01,-4.382773287506955964e-06,-3.068034781777393667e-06,2.042612677276749514e-02
4.834012459657874294e-02,2.184890769414658818e-01,-1.870607894699294078e-03,-8.856220831407724529e-09,1.087775319003057340e-04
8.087267073426926411e-02,1.901173159724696415e-01,-2.741879687914077282e-02,5.116046122682220251e-08,1.606247841170619928e-08
1.092863754222334755e-01,1.618770250655587883e-01,-4.746260324666418118e-02,4.920195754420496353e-07,-6.816371082829579021e-03
1.351320210949253919e-01,1.118899609315327226e-01,-6.444416759224311231e-02,2.738112148564463000e-02,-3.929462137311320880e-02
1.491130858706785356e-01,6.499141077047072834e-02,-7.025787845757104633e-02,3.700958908092638611e-02,-5.199903663494965383e-02
1.510839523436738885e-01,2.274008784347505658e-08,-6.244407840247193087e-02,3.453920159650003541e-02,-5.669385322699020680e-02
1.585445797881198382e-01,-1.063863738327940934e-06,-4.059672010610693854e-02,3.532586828068285528e-02,-4.300036840134321275e-02
1.642822031673933370e-01,-5.948666677825748894e-04,-9.788244314333106183e-03,2.921010855459721389e-02,-2.409595271449181328e-02
1.693461462127897055e-01,-1.771646715958949056e-02,1.854038037769141674e-07,3.933913604553685794e-08,-3.372914528177063217e-08
1.668940107241948800e-01,-4.846050156885169796e-02,2.019872161791058096e-06,1.478952569511501353e-08,1.280982155128615212e-08
1.562572894074093777e-01,-6.935952014553610490e-02,2.722356231074411970e-06,-4.279097518700706833e-09,7.805953247214792958e-06
1.452372031485847925e-01,-7.894809752566826766e-02,4.501038303528283763e-06,-6.038803964090581891e-08,7.123188885154182288e-04
1.256021010938986326e-01,-8.482814597986565452e-02,2.628096855414707127e-08,-8.795433482944781724e-08,1.414195010734614448e-02
1.059427176297504797e-01,-8.391043181381337146e-02,-4.417154150770062054e-07,-2.071851761184324133e-08,3.950706924367350381e-02
9.022086632310585830e-02,-7.213449856521268744e-02,-1.601525075345844491e-05,-1.170216132381951671e-07,7.461060324275933797e-02
6.783336669077491554e-02,-6.308972536396603714e-02,-5.767003749214878218e-04,-9.714967113859727882e-10,8.668105066402481684e-02
4.061501233547586825e-02,-5.254412205191874574e-02,-6.746477599792372742e-03,-1.293743738621136483e-09,1.016749935251900633e-01
2.089306341482122242e-02,-3.081275424282787015e-02,-1.846466815343464352e-02,-4.815523823554552247e-10,1.181097986996660631e-01
3.527143752892469696e-09,-1.436732388202410782e-02,-2.811293335162241142e-02,-9.578845925679317330e-10,1.349022799283496887e-01
-1.629921280112913685e-07,-3.976842916935324291e-04,-2.968078742888736674e-02,-7.943273341341841638e-10,1.507509874967420949e-01
-1.104083123918464614e-05,-4.946658475053057971e-06,-2.487332591647182026e-02,-2.217496004794095857e-09,1.646782540195977362e-01
-1.505419868496525539e-04,-2.951830291953128502e-09,-3.164544572576927922e-02,-5.430720376155785301e-10,1.758194130838895419e-01
-1.607982463503366969e-03,1.253315890421197373e-07,-3.408088221270405560e-02,-1.630805045736770422e-09,1.722212205006187491e-01
-9.603245001505359910e-03,1.121395909200312763e-06,-3.774224145802031888e-02,-6.574935463941935913e-09,1.677382511562638956e-01
-1.693362338005913181e-02,3.776650384262981915e-06,-3.867470945436452673e-02,-7.463518494185324193e-09,1.542327552493327203e-01
-2.405297561029936387e-02,1.114048730124892677e-06,-3.718723365124211588e-02,-8.944499152833290483e-09,1.382560916367468196e-01
-3.334920099377552960e-02,8.391904624967625566e-07,-4.114733353019816436e-02,-4.813025430353656258e-08,1.238182345079137381e-01
-4.066697337156618269e-02,1.903654261414293107e-07,-4.339872154921084468e-02,-8.708867489163058114e-05,1.056592276621114435e-01
-3.671311658430038982e-02,1.627652930581495193e-07,-3.771830331730148533e-02,-2.643730187635318779e-02,9.355339213328416059e-02
-4.012585153793896131e-02,5.244374791593651496e-08,-3.517629454933780819e-02,-2.546729655137811715e-02,7.388697377795239163e-02
-4.447938825714749245e-02,4.585741015017267808e-08,-3.460542681361240824e-02,-3.770095051640441619e-02,7.099284219261561835e-02
-4.102758575500076860e-02,8.157965428506054962e-09,-2.719669961834268387e-02,-3.683224167280980954e-02,6.325240166607580539e-02
-3.908318379633216044e-02,6.750851484659074622e-09,-2.504223697332249102e-02,-3.064515404800187762e-02,4.512602486040333954e-02
-3.556592367719878939e-02,4.152470223201283663e-09,-1.592237292982940505e-02,-3.453015159314413302e-02,4.364841729715372709e-02
-2.605708778419518062e-02,-2.784699990217025999e-09,-7.080700845799761493e-03,-3.810634437433539634e-02,4.150351557614306158e-02
-2.362248833133254872e-02,-1.591397931049387244e-08,-4.908007690008188428e-03,-4.578525061751611419e-02,3.801736073842262170e-02
-1.388889125133673658e-02,-2.024192180258698338e-03,-6.163900072880354897e-04,-4.641771866074559383e-02,2.287011921486010319e-02
-6.561086820928667754e-03,-5.622824721298549759e-03,-1.319148057502834114e-03,-4.715354126133542573e-02,7.232817598804314185e-03
-5.264092604682347977e-04,-1.053493453245106168e-02,-9.328767427485735330e-06,-5.293178869039912027e-02,1.113903075366138966e-03
-2.335619582126774452e-03,-1.265021620026171405e-02,-2.010385622943332284e-05,-6.177329203939238567e-02,8.407974288959987202e-05
-1.651006702134602631e-03,-1.398106852228286380e-02,-3.081983014584910444e-06,-6.398950112084747510e-02,2.147232563047614605e-08
-6.957209824500629018e-03,-1.367842868423577163e-02,-1.724361561868911050e-05,-6.033704930305070629e-02,-6.524970939149825947e-10
-1.003471366578555582e-02,-1.302549248982568832e-02,-9.928676132532190187e-05,-6.876334502851316755e-02,-8.474424153720253100e-08
-7.463761953102765294e-03,-8.495884973693967890e-03,-4.729541610834100778e-05,-6.687837759938065896e-02,-4.255538266841583667e-05
-1.007831837600973654e-02,-8.716037282996762572e-03,-9.508034723071020220e-04,-6.120345369539819530e-02,-6.109689377357117521e-03
-7.375348986077715462e-03,-5.040255209617912867e-03,-2.132311912175125380e-03,-5.419585074950400427e-02,-1.520197097336882519e-02
-9.941388772014623024e-03,-5.916946250554854826e-03,-2.352984466060696134e-04,-5.874960651093037028e-02,-1.575918873822226146e-02
-1.086541898675299003e-02,-1.639184306901191046e-02,-1.740951531604298743e-04,-6.082608882798720001e-02,-2.264604944696683997e-02
-6.296206988143863113e-03,-1.266327359765192888e-02,-7.287323847965048659e-06,-5.992386863037520855e-02,-2.185597203756084808e-02
-1.117612319993959054e-02,-9.759031720212715463e-03,-1.786885854547999377e-08,-5.809221535961228700e-02,-2.004081250340314715e-02
-1.386925549418717776e-02,-1.615740345272543427e-02,-1.794204561089448228e-08,-5.972044067436561160e-02,-2.298062161350502078e-02
-5.936048185129755468e-03,-1.235889510408907759e-02,-3.335708204145497218e-09,-6.033590162321159078e-02,-2.611644490116873246e-02
-4.646847406579663123e-03,-1.493318282696836849e-02,2.956632431351015301e-10,-6.122707319744737781e-02,-2.963827293028493959e-02
-8.536588846610307368e-03,-1.075424363031095114e-02,2.422739032215656491e-09,-5.707424597224129703e-02,-3.570257231874601755e-02
-1.618053360530020621e-02,-5.038206376061839589e-03,1.571808504822104917e-09,-6.991553078341905536e-02,-3.264949228803918496e-02
-1.296666194233629839e-02,-7.278633254259058750e-03,4.261422942303196962e-09,-6.504303972396434375e-02,-2.751601292310798183e-02
-1.523285830674702898e-02,-1.209204471137151066e-07,3.316011078362766647e-09,-5.826012159616151403e-02,-2.340044308074385251e-02
-1.290601021999807432e-02,-4.698195736013415641e-04,3.315218887451038674e-09,-5.584248481842117584e-02,-1.837119387097867207e-02
-1.314971105815556686e-02,-1.059146494398146947e-02,2.695023912668828257e-09,-5.608571643378328780e-02,-2.777118424766027854e-02
-1.458541137734372176e-02,-1.661978822673143216e-02,5.065328341063836128e-09,-5.716651611454028753e-02,-3.054127672523962791e-02
-1.336495374571971401e-02,-1.107858573450780371e-02,3.443320663600584961e-09,-5.793169950701243520e-02,-3.216836304101090838e-02
-1.239179212998165434e-02,-1.600331102025956756e-02,8.557315057084858661e-10,-5.191853338688121738e-02,-4.209466250767458784e-02
-1.310024234776113565e-02,-5.237703924476155154e-03,9.662336989046608980e-10,-5.319610101524085283e-02,-4.211782424689519688e-02
-1.563726390452204254e-02,-1.860510625643002740e-07,-7.638845205137840534e-09,-5.174384733003353776e-02,-4.308560717616394253e-02
-1.319023109121182126e-02,-1.494800873397999760e-08,-6.629437745129387587e-08,-4.990212928598752873e-02,-3.937403104300851719e-02
-1.271739138156210286e-02,-8.849440012405568442e-09,-7.995448250981996088e-03,-4.248645636467470593e-02,-4.509758886503761194e-02
-2.160649749300287345e-03,-8.636239327613496316e-10,-3.555072202515309910e-03,-4.088304786888362352e-02,-4.203795800167252350e-02
-4.186725376901413373e-03,-4.317939038437997569e-10,-5.709216299865066491e-08,-4.281264755466152039e-02,-5.114449177027943771e-02
-5.575090994511366643e-07,1.061985767114189299e-09,-1.116760115110083898e-08,-3.386670557449299873e-02,-5.113027450337510188e-02
-2.206621918014260082e-06,2.228617563612622807e-09,-3.458508717622224628e-08,-2.614781692612635003e-02,-5.168519986821441814e-02
-2.158463035092873210e-07,3.929949850121553378e-09,-8.277087402312744055e-08,-3.634455244790159995e-02,-4.265422778670484999e-02
-2.838541420090303183e-08,1.889533777072157489e-09,-5.710198755059356749e-08,-2.926275983917935378e-02,-4.106473605074269922e-02
-1.727847620194813660e-08,-7.862318129536315161e-09,-2.786082880036620162e-08,-3.390792770707841408e-02,-3.885929326131524336e-02
-8.298385330926400433e-08,-5.142076932499182978e-09,-3.700717664969586408e-03,-3.085653617627129308e-02,-4.785372700665219831e-02
-2.213318121687684147e-05,-2.113676250370841745e-09,-8.897109450640565062e-03,-3.542540327175146275e-02,-3.499658021262552765e-02
-3.512263768843151937e-05,5.624095656458658799e-10,-1.696262705029273274e-02,-3.026685410089324443e-02,-3.283576019688853875e-02
-2.786250880548853760e-07,1.811775045086866657e-09,-9.827239476652616448e-03,-2.323980818908190013e-02,-3.505333353450579281e-02
-7.312598556694369007e-08,-1.640342883492775670e-09,-7.683769431619416439e-03,-1.816114925109485120e-02,-3.892156262482185380e-02
-2.378862965988466012e-08,2.390288230200715994e-09,-8.406644667075106533e-03,-1.586917156444372229e-02,-3.755835375744680932e-02
-1.746573099457305260e-09,3.023509499456448330e-09,-2.434037016097273507e-07,-1.350229599114927646e-02,-3.626390941993325179e-02
9.581915304001817588e-09,-3.427670935135229701e-09,-1.204306307413135135e-03,-9.927187955945130857e-04,-3.498683543393259210e-02
9.964954582714346172e-09,-1.364497968207095542e-08,-5.451910488206810831e-03,-1.244751146585534613e-04,-4.613408080617749374e-02
1.719746142636288793e-08,-5.144261528003964967e-09,-1.409916544979389515e-02,-3.736384202858411395e-05,-4.876666012118493349e-02
6.374523378865927882e-08,-7.007486425339257645e-09,-1.624684460118874796e-02,-4.661571717867687861e-05,-4.574908631971381923e-02
4.375721179049708180e-07,-1.383259774020370878e-08,-1.529607960474196199e-02,-3.567733993210314487e-07,-4.226436888473666942e-02
6.593226355748091907e-07,-1.247061634343295250e-08,-1.696519069743810185e-02,-2.379231422359615065e-07,-4.718322073536677930e-02
4.403872318272156819e-06,-1.760122194809157557e-08,-7.588148848900949824e-03,-9.736146877396463460e-06,-4.081745646608733041e-02
1.034205104388677778e-04,-2.258039502056717877e-08,-1.150019966333278541e-02,-2.882090602425474504e-07,-4.608657179475052906e-02
3.808370673328792620e-04,-2.790293580334378945e-08,-1.305880481028925608e-02,-2.060546355460933781e-08,-4.646564471307979005e-02
3.947363801679399037e-04,-3.033170568937275114e-08,-1.278896430057028383e-02,-1.205139938794331792e-08,-4.987655288553019539e-02
1.570413272260011135e-04,-6.904082674412734470e-08,-1.541311469965035187e-02,-1.861288327831537438e-08,-4.488976925361895520e-02
1.468246568895404996e-04,-3.197938538058573200e-08,-2.263884758786337270e-02,-3.408709091589675069e-09,-3.887422588104148119e-02
2.171478960422923389e-04,-1.103887366878141279e-08,-1.559731600976721651e-02,-7.561338559792546478e-09,-2.751547943410352290e-02
1.355428809231399331e-04,5.439905358059970807e-09,-1.320838521248359973e-02,-1.564508200523049310e-09,-1.992894155990766053e-02
8.965268327264368659e-06,8.679288442095400485e-09,-1.197165621293162611e-02,-1.740169118893449070e-09,-1.709122825535624307e-02
2.099566480799632776e-04,5.341265612571638959e-09,-9.154350141213600175e-03,5.573332706953113819e-09,-1.849173529438539673e-02
5.528470095315797230e-05,1.611703527764736333e-07,-1.407687526289596106e-02,1.313607189355445718e-08,-1.784641779152008889e-02
1.306260609395452192e-06,1.233297143986270111e-05,-1.253226048438274044e-02,5.649005918517880934e-07,-1.460604426370392360e-02
9.840116037507440149e-06,6.585468499183204824e-06,-9.728754663574411612e-03,4.824336228276022456e-08,-8.720013012080708378e-03
8.248116635989662449e-06,1.959438820623301896e-08,-1.413441285667054077e-02,2.078188754256502417e-07,-3.615406859204555855e-03
1.918542807914044065e-04,1.964637167808152072e-08,-6.349003240001673681e-03,3.286434329237090883e-07,-9.519601266924360150e-04
7.011861565342378472e-04,3.033598516842812046e-10,-1.553491949896100566e-02,3.709778746242552074e-03,-5.579103525708430100e-03
2.626491381572036883e-03,2.053746653124556511e-09,-1.192350432033114499e-02,6.065584078238271497e-03,-2.343668523261073066e-03
6.241993084283245681e-03,1.311725859265450114e-09,-9.204531670313166256e-03,9.648963033506414641e-03,-1.085249591769175915e-03
4.418291756445042427e-03,-1.155116751974686665e-08,-1.874399277804477543e-02,2.307402558378652060e-02,-8.099176184964569300e-03
2.474458460583925292e-03,-1.110090161436597625e-08,-1.619549992888993928e-02,2.494011561183130665e-02,-2.205261640029017658e-03
1.233816821509975273e-03,-1.321868842173738407e-08,-1.705365052850035118e-02,1.745440693268348123e-02,-2.307239249311268670e-04
1.531658979447105050e-04,-1.832420984957150131e-08,-1.578347084326640198e-02,1.804800860282685868e-02,-1.819891883589111296e-03
2.412438013486969610e-03,-9.525382844629001181e-08,-8.585055671365240601e-03,2.031437782187311622e-02,-5.123391398836983358e-05
4.578775314731074741e-04,-4.735121642131434115e-08,-9.157633114813230196e-03,2.264871802263274808e-02,-8.178790097824642814e-06
3.973100821531564374e-03,-1.450562029499549018e-08,-5.558019697825272373e-03,2.331684378092471754e-02,-2.057808924702755644e-08
2.632947291952944524e-03,-6.735521811770075851e-09,-4.352181986304114875e-03,2.773086534710514708e-02,-1.235128641825889486e-08
7.382290338234962293e-03,-5.944849586532536456e-09,-3.269641071444626471e-03,3.034202563778831685e-02,-3.840291252130273973e-09
1.448972100720226407e-03,-5.057467146747200162e-09,-7.809501285930566493e-03,3.190817299743690244e-02,2.725446345674001327e-09
7.414879393663485795e-04,-3.999686761095802874e-09,-7.925540550350477012e-03,3.355132489252009992e-02,1.366959542464330266e-07
1.878237687890224866e-03,-7.299553026302962719e-09,-6.349460240964638347e-03,4.082039787694804328e-02,3.469636478460590968e-07
6.658276166290677056e-05,-1.487838991054966251e-09,-4.988822396489432827e-03,4.777629089602860452e-02,6.910507441680829479e-09
2.202950359032574966e-05,-7.629775812359948604e-09,-1.093848507496837826e-02,5.274287226525638250e-02,1.227471187748019134e-08
2.148716777826910457e-06,-8.358156123022487453e-09,-1.751893478516934610e-02,4.438298442285659728e-02,1.362232731894840013e-06
5.212139666439123093e-08,-3.275115687963685014e-09,-2.389529496618875495e-02,4.715473728304156453e-02,7.727050872685387274e-07
6.466705604421811882e-07,-1.036566200623620043e-08,-1.675273973988010076e-02,4.739750758497977834e-02,7.343273672601228283e-09
1.269173957869769359e-07,-7.322587027032007147e-09,-2.024776431429848450e-02,4.753786040116528278e-02,9.016014050354921508e-09
-1.296124514887189803e-03,-2.444693597920833945e-05,-3.639495072937255895e-05,3.452306594615633326e-05,-7.063468468086689614e-08
-9.045809971556253992e-03,-1.555665279444655642e-04,-3.680856348032703171e-04,1.702762262443502611e-05,-7.455186641383270901e-06
-1.114480629145408151e-02,-7.951137547484766338e-03,-5.515849668853725304e-06,1.069554925292709986e-06,-7.017305587148539689e-05
-2.269278946823361041e-03,-1.505026017941962259e-02,-2.194276993771554268e-08,1.112890323775802468e-06,-5.788804677673274600e-06
-1.118635617953869267e-02,-8.475713490777620970e-03,-8.676777321465858374e-04,5.776083021919778925e-04,-4.218953268619505902e-05
-1.231815820218580201e-02,-2.371210690701226499e-08,-1.455936389631874847e-03,1.889564208621447201e-03,-2.562484899253393827e-03
-1.285490110629336144e-02,-6.708558298834038178e-09,-6.852443110222434966e-05,4.454817023157995237e-05,-2.324572670108299372e-04
-1.712165630298800520e-02,-7.807049222946536953e-09,-2.250630672448147938e-03,3.280841028732173811e-03,-4.296044705428543435e-04
-2.138457761173389801e-02,-6.953889009316242370e-10,-1.200100664653966538e-02,1.308997696129079145e-02,-1.592399852584070385e-03
-2.753757350940222448e-02,2.229294287678216666e-09,-1.874148548881645129e-02,2.229419874493104164e-02,-8.216676364738552743e-03
-2.924202328979391696e-02,1.807143104917669994e-09,-1.235588352125417157e-02,1.895410961346124731e-02,-6.466189509307523897e-03
-3.057772225335727775e-02,-6.851367746263191932e-09,-1.855348305336155038e-02,2.953233898051774858e-02,-8.171904918470841717e-03
-3.632661419389918156e-02,-5.067188936848189563e-09,-1.703009819006928022e-02,4.302290786638131304e-02,-1.928613160182059702e-03
-3.511821419296536073e-02,-1.274903176763620856e-08,-2.414293150984408651e-02,5.379849727922729474e-02,-8.746651052591206815e-03
-4.554276241097687111e-02,-1.342029103331451108e-08,-2.384693358127429330e-02,4.816010169081176573e-02,-2.053218057686233625e-02
-3.764824778943376415e-02,-7.867008841557764801e-08,-1.765573259394620162e-02,5.030365784265036083e-02,-1.705941866979166985e-02
-4.363739806794936921e-02,-2.135420107037549590e-08,-2.162068860165103010e-02,5.262674722462732518e-02,-7.940928133811768833e-03
-4.145659513458622991e-02,-2.749812324261745890e-08,-1.360714144008249443e-02,5.529248877306803395e-02,-1.103853523806668131e-02
-3.512288936313964771e-02,-2.172373815703588538e-07,-2.032155797108386314e-02,4.668473408560836618e-02,-9.773781712007290415e-03
-2.300228169634276759e-02,-1.802554316060377138e-02,-1.866943770052686968e-02,5.132488323606704955e-02,-9.688873147015490683e-03
-2.825212689400886240e-02,-7.395441432942355571e-03,-1.495157191661096799e-02,4.468685687448218508e-02,-9.335727560737345707e-03
-2.013764400300852367e-02,-1.038793468374438041e-06,-1.482186498299649380e-02,4.734544822827909533e-02,-1.638922230890872342e-02
-2.006693716795356422e-02,-7.908021810911580393e-03,-8.897742634754990040e-03,4.375721187887135488e-02,-1.379408581467205831e-02
-2.078229426998003809e-02,-1.279099591963910390e-02,-1.609508258813320894e-02,4.894557739748866404e-02,-1.148983179570397563e-02
-2.458277951702010286e-02,-4.348282276913035681e-08,-2.035582403194954176e-02,6.139042641418403917e-02,-1.191731619672066825e-02
-1.594348298743784517e-02,-8.037687952183738155e-09,-1.220769738249135976e-02,6.157264145754834384e-02,-1.102153573755518777e-02
-2.318920436276438596e-02,-5.954053637996072881e-09,-1.617230720525699578e-02,5.763115814608097548e-02,-7.542421592028511826e-03
-1.957682829841236871e-02,-1.990817414656687331e-08,-1.464707831560185455e-02,5.914106935970328549e-02,-7.278655006312050035e-03
-2.523568853552262542e-02,-2.572196743339133564e-09,-1.562111400192764746e-02,6.411611612621276324e-02,-5.073213507990543755e-03
-3.389325830906388115e-02,-1.656972063212818708e-10,-2.092281892024419609e-02,6.763161078004163718e-02,-9.061889919567077054e-03
-3.626817291477097555e-02,8.667177553844208048e-09,-2.074234852445397057e-02,5.970348110860363572e-02,-9.020787589866811809e-04
-3.511137134634219337e-02,7.419003844734002484e-09,-1.863138061620396232e-02,6.080768456598297650e-02,-8.825956198421552120e-05
-3.857962835209270691e-02,4.049478249992925765e-08,-2.499061328179126573e-02,6.627872198617051902e-02,-3.310055014622320560e-06
-4.221646252888681949e-02,1.252380081997490322e-07,-2.223516722488053446e-02,7.022450261779206171e-02,-2.185317495266145737e-05
-4.611586935518251218e-02,9.259914807352611438e-08,-1.830591008381514395e-02,7.062605769309585058e-02,-4.334491464871132855e-06
-3.390660489159133539e-02,2.164416693303259126e-08,-9.133126012440487967e-03,7.857693152613406951e-02,-1.546901466478813565e-05
-4.313689679570230362e-02,3.796830006845450545e-08,-2.796881687058825477e-02,8.984092767885892838e-02,-5.645383864861158174e-06
-3.314502713234831338e-02,5.405930382043737185e-08,-2.973037770249416234e-02,1.022440656294048011e-01,-9.852472233233323690e-05
-2.584587434206133891e-02,-3.541160856014846371e-09,-1.416382956159953008e-02,9.704640479770862416e-02,-6.753778445670562298e-03
-1.256009834319509258e-02,-2.825216893714880344e-08,-1.437788206952176490e-02,9.388247176674349714e-02,-3.668843836303643932e-04
-4.911258342843225974e-03,-4.891052870533951248e-03,-5.651924352165377599e-03,9.005497185130288684e-02,-3.583943144612400855e-04
-3.155714158525361440e-08,-9.862460792311696697e-04,2.349541655140489602e-08,8.211547569736785124e-02,-4.005750565436369797e-04
-1.258174976124513685e-08,-4.077655897202266816e-03,4.906172201513915240e-04,7.545446716074273585e-02,-1.287455618227932862e-05
-2.556606078730760664e-08,-3.537992346227322032e-02,3.778255045583573529e-02,8.109359911197416837e-02,-1.267620019069362927e-07
-6.181013571499117110e-07,-4.195621927744584007e-02,6.936044801330050469e-02,7.857787629951804020e-02,1.036849879341474644e-07
-2.423087787857884068e-07,-3.029132067636192832e-02,1.084248201021531383e-01,6.906626849064730067e-02,2.591457980769647723e-06
-6.469761384634790184e-07,-1.931432698467221848e-02,1.387070998696096624e-01,4.562977719956533285e-02,9.222342205645533430e-06
4.968446938299592164e-03,-1.572082015403983637e-02,1.688314058684979302e-01,1.650956133650587424e-02,6.666966031242033727e-06
1.935230603718689213e-02,-9.178867500256418814e-04,1.828750393713750866e-01,6.637163636695546157e-07,9.582120790325920011e-06
2.784012207251220297e-02,-5.125480384585739679e-06,1.845347386438194182e-01,-2.184210122031185385e-07,2.264755301435966950e-05
-2.325129692701781048e-07,6.525308501355289378e-04,1.731740089301089247e-01,-1.288181070980313530e-05,4.381215070785001494e-04
-6.793086892898012801e-08,2.541606420691450499e-02,1.715022039467200554e-01,-4.937418976978144412e-05,1.599915323735527986e-02
-1.105308568035585504e-07,6.722089652437771012e-02,1.620018691018477175e-01,-2.497435263228754438e-04,3.327879611968512230e-02
6.561273281856123231e-08,9.069609019079510892e-02,1.372090667135715536e-01,-8.168864666132913659e-04,4.374908077414321056e-02
5.987383883416030165e-08,1.254834982875172589e-01,1.044212658190270537e-01,-1.684033019576282363e-03,6.081045705973826127e-02
1.147511954935959231e-03,1.559507824308113688e-01,6.967309520839869152e-02,-2.063017564341524193e-05,6.934274947337638884e-02
8.105342898604277766e-04,1.792858288596700100e-01,1.286664066998443809e-02,-5.053070327384973780e-09,5.927462403076034364e-02
7.703191004304762134e-03,1.929193128834700288e-01,-9.722303602133608233e-07,2.410601346955254401e-09,4.160375241622422254e-02
4.077021741776178793e-02,1.850200946195708906e-01,-2.246679810464950538e-04,1.150503743015621072e-08,1.626537556147973629e-02
7.076079844243003680e-02,1.659641356708752014e-01,-6.211363047382681239e-03,6.126409703467414703e-08,5.322247734840297338e-04
9.300412438236638213e-02,1.443233999412427415e-01,-2.892789280708711261e-02,1.730661675890147327e-02,1.650401329146197591e-05
1.028028745464818483e-01,1.235010133097714374e-01,-3.950367011786543037e-02,1.781633702894653074e-02,2.961637932456673689e-10
1.172750064003456466e-01,8.391666988302952379e-02,-3.350041324685188587e-02,1.677925111176782266e-02,-5.829211141142218890e-08
1.412448855069755316e-01,2.609705956748391981e-02,-1.509637035485947645e-02,1.911787796504713782e-02,-2.773234929512402865e-08
1.500700539102185760e-01,-7.014213535673126263e-07,-1.338289120183998055e-03,2.100430920584886105e-02,5.598828808501679018e-09
1.654977822646317431e-01,-4.277923877074783451e-04,1.592768552275761187e-06,1.791525753504292010e-02,6.680727817603062521e-07
1.663445912614638922e-01,-1.485744470674449022e-02,7.253876471019289791e-04,3.862154200730484482e-09,1.766172486534173345e-05
1.677948341453533720e-01,-5.286061918480502997e-02,1.866181323471189854e-02,-1.639079769510575863e-08,1.938086684828391366e-04
1.566646352409973297e-01,-6.883029778893723361e-02,3.677016713568276307e-02,-5.996211648771194044e-07,1.667929689169277922e-03
1.529619741363432150e-01,-7.936124610806455371e-02,4.638639281141129778e-02,-1.681143133984959306e-06,1.070582833317231322e-02
1.361315586957143331e-01,-8.982529931641999865e-02,4.429680604757116336e-02,-6.993801399285012562e-05,3.621213432155850898e-02
1.284505133627457663e-01,-1.005264414072524065e-01,3.958814059443602207e-02,-1.546645417865852355e-04,6.367513164482607735e-02
1.013226794661690883e-01,-9.649352275518464916e-02,2.716741802698476732e-02,-1.995750905441676082e-04,7.939589648556909240e-02
8.118689398660436374e-02,-8.646377252651663015e-02,1.311050116299705172e-02,-1.358218023712005028e-02,9.260067237527627726e-02
6.530469779552378062e-02,-7.756619632526230712e-02,9.325103004695039635e-09,-2.947365606927803902e-02,1.056420353183520205e-01
4.708702702185448008e-02,-6.445419300627129588e-02,-1.531466961717139507e-08,-3.815606038212182582e-02,1.132057981332110497e-01
2.335471005390633801e-09,-4.826534594342614393e-02,-9.208613124836473391e-07,-3.989295254326194473e-02,1.224909031805232057e-01
-2.522251149738304379e-08,-3.615024595418423609e-02,-1.324242302740404513e-05,-3.563349101661602431e-02,1.236050324504077702e-01
-1.881558377382277838e-05,-2.089943665528093408e-02,-1.122861157610227585e-04,-4.926922552593035465e-02,1.173542002452072214e-01
-4.828665002697046034e-05,-1.989945752891304070e-02,-6.968873439828566141e-04,-4.435008548320684696e-02,1.196109082628977055e-01
-4.288759926812784349e-04,-5.155850754192842743e-03,-1.049581824991618027e-02,-4.692070048475252553e-02,1.145056108014790991e-01
-1.124180256109717649e-03,-5.013924337842584318e-04,-1.506110141342831624e-02,-4.440584209919368891e-02,1.047147755535585700e-01
-1.639586379894886984e-03,-1.857128934608485321e-04,-1.602117245312538463e-02,-5.900211840517985418e-02,9.326726611536706457e-02
-3.493712043796362316e-03,-6.180286754890747898e-04,-2.719708702919905463e-02,-5.999017566191814504e-02,7.459691409933268125e-02
-1.921124172898219795e-02,-3.915051207191660543e-04,-4.513560748119156696e-02,-6.114569156307871761e-02,6.922813644463281235e-02
-3.130410678294239663e-02,-7.468152004091752148e-04,-4.243169103809428522e-02,-7.154885404600974663e-02,5.821759488477602773e-02
-2.297184031967421450e-02,-4.971216491434394136e-04,-3.557584238889649475e-02,-8.310698906924886276e-02,4.707279291273993443e-02
-1.775024498399457168e-02,-1.263762323575634387e-02,-3.414149452006812191e-02,-7.253818343487973552e-02,3.718533367555561936e-02
-2.079080919224431459e-02,-1.278705448766535857e-02,-4.453635093445169890e-02,-6.070529302189699855e-02,3.180963368769287175e-02
-9.800985647119751787e-03,-2.708069532427416406e-03,-3.272585563387728907e-02,-6.779376578094106764e-02,2.594846054667686655e-02
-1.726447419662937438e-02,-9.522517901800419370e-04,-2.644825439008345255e-02,-8.014874224588591778e-02,2.416230765374855968e-02
-1.391211215935761469e-02,-7.684281764216566168e-03,-2.731227504667022715e-02,-7.441448668647340781e-02,2.239684213738780613e-02
-1.459220722766134924e-02,-3.717256504647903706e-04,-2.030642877318756048e-02,-7.587220702359717683e-02,3.138513304783412117e-02
-2.237770017783539608e-02,-1.621663479095079765e-03,-2.339188207345413786e-02,-7.615845771838812561e-02,1.650693905756538821e-02
-2.741742712963366954e-02,-8.884644524960461087e-04,-2.120580994610756637e-02,-8.551156348347697944e-02,1.701084184126177082e-02
-2.411482732022978206e-02,-1.639765802711873376e-03,-2.214637777872743157e-02,-8.631725195281657326e-02,2.946034627303671400e-03
-2.245337995501058698e-02,-1.402593411725592709e-08,-1.852575464102224415e-02,-8.642303435244060028e-02,2.589299695584284708e-05
-1.488901450583856451e-02,-2.014560838823836994e-09,-8.798197940340046069e-03,-8.822271223710609345e-02,3.432642105614173185e-08
-1.819611744360073724e-02,3.974031892012423847e-09,-9.676605199598934184e-03,-9.309982560580395972e-02,9.741050196407217569e-10
-6.809409367720046027e-03,-1.292548267692896486e-09,-1.624973883928467356e-03,-9.261559520916098909e-02,-8.431163809844490339e-09
-9.468873023677605930e-03,-1.503765207684714054e-09,-1.419007015198654091e-03,-8.814104899982928842e-02,-2.604392122345247252e-06
-7.931058966436149368e-03,-3.979283161636798887e-10,-2.320073038749335742e-04,-8.786970381925490736e-02,-1.213577646659240016e-03
-3.866467326325533603e-03,7.443130649824937482e-10,-1.485749153039043970e-04,-8.241660653755744637e-02,-1.071135040449990722e-02
-6.543192666968243956e-05,-1.748491428077078861e-08,-3.583533252303299204e-04,-6.619914516768025947e-02,-1.546882001556064770e-02
-4.476949280308543662e-04,-8.307420558140218658e-09,-5.399525774209473295e-04,-6.244936680168092225e-02,-2.426242306046999184e-02
-5.440987387030738831e-04,-5.921140135760262496e-09,-2.649056675137009777e-08,-6.641491845002245320e-02,-3.204991794811615918e-02
-5.572969292109509858e-03,4.067083112029847435e-09,-3.001311919217856767e-08,-6.983171138911710429e-02,-2.811423684228808728e-02
-1.677386786358386721e-04,1.696571296272534803e-09,-8.758752575533110633e-09,-6.845595123906800250e-02,-3.236685109037766572e-02
-2.853678737073075435e-03,4.275884975796101635e-09,-9.724408782270256613e-09,-6.023619704700226840e-02,-3.726204026953076898e-02
-1.383166294116997506e-02,6.825862479050587452e-09,-1.963972075487847501e-08,-5.978259784265396726e-02,-4.068636339788569284e-02
-1.497699716738293794e-02,6.305461790799739900e-09,-2.680490672203942259e-08,-6.559084234744604058e-02,-3.598471131220744301e-02
-1.280694425875096402e-02,1.189516510416700968e-08,-3.126657215732891263e-08,-6.005483608138873636e-02,-3.017162388924867975e-02
-2.143646563670485033e-02,4.607970616852406577e-09,-1.841489467783051891e-05,-5.788295528272638379e-02,-2.708008796877318242e-02
-2.550704252467981756e-02,1.712747906675672354e-08,-3.713430047282134484e-08,-5.827456618345944889e-02,-2.536071956863542726e-02
-2.220443096956661172e-02,3.105793582021724241e-08,-2.240325746819765817e-08,-7.156885064416677877e-02,-2.466742349866066913e-02
-1.997081364950603968e-02,4.545349415198638123e-09,-1.488265312463179446e-08,-6.391026280808198567e-02,-2.462344954998752986e-02
-2.183723420270358012e-02,3.712146994880316272e-09,-1.006009051707556497e-08,-5.014935942059163543e-02,-2.948688782641946046e-02
-1.157407205403516645e-02,7.163514040047874333e-10,-6.028533027945630070e-09,-4.500500694684126529e-02,-3.516542217427571365e-02
-7.606943846356947758e-03,2.150944613560227625e-09,1.885139711718311920e-09,-5.578188097302434062e-02,-3.459401954401931240e-02
-9.853541082688861349e-03,-1.691867272703484724e-08,2.920797581524988998e-09,-4.723561071652349064e-02,-4.410308019714502537e-02
-1.275410784929307574e-02,-6.843598250352415424e-09,-5.108111258687449534e-10,-4.660392148188551714e-02,-4.276966450974022116e-02
-1.700520536587237300e-02,-8.887753764818871189e-10,-5.518750872879185903e-10,-4.830357061857491058e-02,-4.853078618549251655e-02
-1.137938095945880725e-02,1.135045385098966103e-09,-2.124492555758186594e-09,-5.491823040041171611e-02,-4.837266789905166064e-02
-7.079375110097399677e-03,-1.696256566999295121e-09,-2.249105467177431639e-09,-4.764487403254809295e-02,-5.126542035287799670e-02
-7.401108393262137257e-03,2.208675704861000635e-09,-6.382601237241314199e-09,-3.586497388918362395e-02,-5.177411645684958791e-02
-1.250211637587033027e-02,4.178664996631472706e-08,-1.499628462905883230e-06,-3.109035587925843697e-02,-4.359805806439222969e-02
-1.670085819638279789e-02,2.920790493309442794e-08,-1.197715996709159021e-02,-3.278544191386473933e-02,-4.921372151778471982e-02
-8.406099580480892730e-03,2.705004305239431268e-10,-1.059215176976670998e-07,-3.126779404092352305e-02,-5.686138244487830978e-02
-3.994968462335701624e-03,3.781076245600282136e-09,-9.100440894348216583e-03,-2.092976301249482515e-02,-5.762237460348622331e-02
-1.742566712941471407e-07,9.216135703606685993e-09,-9.839534506404300912e-03,-1.147799054845625305e-02,-5.911868617054795438e-02
-1.561891598530154261e-07,2.221196399607649285e-08,-1.177904383375535241e-02,-1.054265295415615818e-02,-5.262895945800888375e-02
-7.823086081328316025e-09,3.999108371255423839e-09,-1.456347889037030649e-02,-7.068075456666767170e-04,-4.853058372104162438e-02
-1.973672606113786403e-08,3.052032658213007134e-07,-1.709916199717399776e-02,-7.142986351406142330e-06,-4.859189318842768723e-02
-1.140301361761640989e-08,6.084105251005608418e-07,-1.043723092046579953e-02,-4.767242987919401345e-08,-4.948325326028901044e-02
-1.609423747371549528e-08,1.024508834799977262e-06,-8.572167730391556592e-03,-2.873372699883193899e-07,-3.976440915388847197e-02
8.177001382489223178e-10,1.249728578583774589e-08,-1.058275546564695774e-02,-1.037148060497322329e-08,-4.677211074661311724e-02
-2.692705600668825304e-09,2.320329715792354851e-07,-1.375145921920398195e-02,-2.015789943110131136e-09,-3.517316560314469320e-02
2.616717242339486540e-09,4.576352041198208640e-08,-7.861354007818007611e-03,3.599299683501352539e-09,-3.958943322507965656e-02
6.299439584431579294e-09,2.843052635088669328e-08,-1.581577651887924180e-02,1.204496872986671518e-07,-4.007273652428770816e-02
1.612008749600646913e-08,1.161949278760415054e-09,-1.576672250286422286e-02,9.853249281084709538e-07,-3.203946533082235870e-02
8.299178089638940055e-09,4.445631183764326051e-09,-1.807146338884441095e-02,1.956808028381834018e-05,-2.131558628319603702e-02
1.564765399406143988e-08,2.444178426879474753e-09,-1.434029434432756295e-02,1.179440511005488897e-04,-2.114842822194254457e-02
1.137723360061709697e-06,-1.871936168028108115e-08,-1.131274535345685485e-02,2.154256256473134894e-04,-1.418768972481640640e-02
2.778326341035622528e-05,-2.546578991020082115e-07,-7.439415359200599390e-03,4.074550678974457954e-03,-1.089883719743861556e-02
3.407404757906349116e-05,-1.722097814217640358e-06,-1.777785085853606645e-02,1.970378444205583141e-02,-2.304899841322521903e-02
1.264677505316963424e-04,-4.604310199365973027e-07,-1.187998682296533166e-02,2.160416836118385017e-02,-2.517156543949772979e-02
6.418243218008905541e-05,-3.243285401783447368e-07,-8.849608655266015186e-03,1.440873339768963292e-02,-1.577644890377351630e-02
1.572502458653341755e-05,-2.034991050803470821e-07,-2.102829456219793003e-02,2.286172884370219968e-02,-2.338138933648566120e-02
1.279194157156815921e-06,-1.348485432847083160e-08,-2.822949959794025104e-02,2.358171808068502615e-02,-1.069337359349508548e-02
3.219322916555379709e-05,-1.035614409970700584e-08,-2.665344662228929032e-02,2.892392828188182149e-02,-1.790635258284780859e-02
3.091441920809669835e-05,-9.494214784130203611e-09,-2.210263961800157037e-02,1.776970791519251816e-02,-1.298685030400619986e-02
4.630354553684695360e-04,-1.626752249056731022e-07,-2.797101398567055502e-02,2.535655731031833879e-02,-6.275849157599328564e-03
1.043966898672214023e-03,-2.597238839715340744e-08,-2.656546187456724009e-02,2.764792320537608553e-02,-3.659395877603046840e-03
6.490742445996472041e-04,-5.210067371335216550e-08,-2.123682170530366217e-02,2.170661836491741617e-02,-5.842492683466398405e-03
2.184274258261141143e-03,-3.923751495762634760e-08,-1.144835866699036794e-02,2.571357847296154922e-02,-7.875318246802105737e-03
9.162839809410191095e-05,-1.561472970135291748e-07,-1.736854504055980464e-02,2.244071294207366368e-02,-7.380999397345426594e-03
5.394943215708726406e-05,-1.269533761742631052e-08,-1.726443258704031883e-02,3.140301706063886727e-02,-3.884226501417312790e-03
1.353480223139638234e-05,-2.622533663788376993e-09,-2.291462391980988306e-02,3.862852045036477971e-02,-4.512503897298738957e-03
8.839556817630456190e-08,-6.467421424706912565e-09,-3.016720351295444288e-02,3.707706828937225307e-02,-4.727946401500786842e-03
2.747270704262959971e-07,-1.514984660425321786e-08,-3.143918940055786398e-02,3.660228615077780467e-02,-6.058749156274040142e-03
3.436638652241582427e-08,8.931291534742453586e-10,-3.302487708065914712e-02,3.862770869223266373e-02,-2.314006489169796062e-05
2.522883517195802223e-08,-2.259890081371344774e-09,-2.772409967155337399e-02,3.750529484810821018e-02,-2.840117605039444145e-07
7.800823269637421510e-08,-2.579696681493138131e-09,-2.648160777728485876e-02,3.507578274263795787e-02,-2.762679741322054129e-07
5.634474410260453457e-06,-2.133433654680149596e-08,-1.821517256310746166e-02,4.078410254158843645e-02,-9.263460670850922420e-09
1.709639283573071146e-06,-3.926322611332762655e-08,-1.640363231680690842e-02,4.104826071619927658e-02,-2.056730376283782145e-09
1.773133701869122589e-07,-6.620651528866838946e-09,-6.243565482809526265e-03,4.087565665650952362e-02,1.327392447479451074e-09
2.946918136733049737e-08,-3.655761485279667383e-09,-5.279914267906307516e-03,3.216633622523476510e-02,5.490473254483051912e-09
9.806652674580938833e-08,-1.919799867718284700e-08,-1.018405520930384077e-02,3.997524504655869393e-02,1.332275550359165071e-08
9.436803773697510124e-09,-4.330222885044618012e-09,-1.574578147950015175e-02,3.495553202627373762e-02,6.484272131196494414e-06
9.250882219221374654e-10,-8.575873083264066018e-09,-2.796665766707004744e-02,4.273799997648673049e-02,2.705933222273597332e-08
-3.855478369735872530e-09,-4.002309346154951224e-09,-1.297775365103330525e-02,3.217345023146941235e-02,2.269676561413601072e-05
-8.808708843433929963e-09,-1.540055293711508602e-08,-1.508754623758046080e-02,3.313046807907077396e-02,1.670670239637467888e-08
-3.015472066054483772e-09,-5.442029192417589428e-08,-1.137123837188445431e-02,3.248197754908927620e-02,1.251128696938073625e-06
-9.110769268889368805e-09,-2.299878404343527743e-08,-2.327299225546510322e-02,3.426182249546427805e-02,4.118837223069307081e-06
-6.147086733386312063e-08,-1.659657523018737402e-08,-2.880496418531580671e-02,3.732521038435859806e-02,1.213159187293052734e-08
5.740059182084346039e-09,-8.268710357944243010e-06,-2.429598219172481380e-02,5.176165154485088543e-02,8.130381458992297387e-07
-1.741619948614387868e-08,-1.096340886650915961e-07,-3.615915793129594741e-02,4.531282777032026587e-02,2.360833729771215212e-05
-8.949961467605698385e-07,-4.358547612073548971e-09,-3.350650179898173597e-02,3.472336976602125730e-02,1.624156256957314748e-08
-6.101000847103138000e-09,-8.252480610539549286e-10,-2.651449436440720189e-02,3.584311843345160814e-02,2.226041412683351698e-06
-3.248067184754123567e-09,-2.601243161872231519e-09,-2.290784903956206986e-02,3.843120380653204660e-02,1.154172992633001584e-08
-7.590032062410896792e-03,-8.739127528983021298e-09,-8.081653194111666571e-07,8.489610467955619648e-05,-1.363371466312148935e-07
-1.721819644583345507e-02,-8.376818168687823485e-09,-6.496064002014181040e-07,2.720531340771761589e-05,-5.630306801409460503e-06
-1.555865175813064133e-02,-1.047871008731782166e-08,-7.780470117082527057e-07,1.118422303726866702e-05,-3.751871566960227050e-05
-2.430888215439000119e-02,-1.157599106617497112e-08,-6.751685872051445053e-05,4.279936648025201018e-05,-1.493156371245094982e-04
-2.689184890094721211e-02,-1.104515342975008665e-08,-2.434233800348622936e-04,4.897025286716755101e-04,-1.932721941278154471e-03
-2.423559299105811082e-02,-3.571589001881929035e-08,-2.126886448820360304e-04,6.389429362914852105e-03,-7.108476228254317214e-03
-2.887462101148582927e-02,-7.564137950750587894e-09,-2.157614356162523058e-03,9.375490697717129077e-03,-8.710888045000074811e-03
-3.279358918485812679e-02,-8.336600061676093944e-10,-1.639705278775578721e-04,1.191878504688909796e-02,-1.089673767471567058e-02
-3.827271112445963797e-02,2.739128703732905869e-10,-1.750742194761751062e-04,5.489506528401836942e-04,-1.412631536651123496e-02
-3.456284256496509194e-02,3.389737698557828812e-09,-2.885091764785950282e-04,6.249521254373594306e-03,-6.253565204476235415e-03
-3.096356120187774771e-02,9.389226711566668372e-09,-1.009205685362775516e-05,4.712749565554018132e-03,-6.832465129744824282e-05
-3.182733007117862639e-02,9.293260922299956859e-10,-8.581876627702674616e-05,6.421840842740410282e-03,-4.622729024705935982e-04
-2.617695909026622123e-02,-1.242886931758357153e-08,-3.557821005226323992e-08,9.638669414041071276e-03,-2.551667605727995407e-04
-2.215760853150305215e-02,-1.896431395981053107e-08,5.668486221207944101e-09,2.095517169015837997e-02,-5.413043887676964681e-04
-2.992668882038116568e-02,-5.517243975765468277e-08,-1.159070066575514111e-08,2.118415587424379160e-02,-2.500306652047523497e-03
-3.381703365269332628e-02,-2.692217843174014277e-08,-6.357710266258923358e-08,2.578766781888566437e-02,-4.777319673212379429e-03
-2.716827663898904385e-02,-8.574902120249583426e-03,-2.737030306692381397e-07,3.710333764113576960e-02,-1.344456626588175175e-03
-2.993757936090311531e-02,-1.556537478832951960e-02,-1.817607781903424727e-06,3.692078189303816399e-02,-5.820496816871371416e-04
-3.383956560217646348e-02,-1.375126467038877837e-02,-2.320563523357864737e-03,3.607001298967545122e-02,-6.230073813433789111e-03
-2.954206690078044206e-02,-2.111097873209955011e-02,-5.654614688205332647e-03,4.964746315101398882e-02,-1.064522912201657130e-02
-3.899862143249949176e-02,-2.253811372160679019e-02,-7.044390988567445118e-03,4.099486772111526206e-02,-1.458261487951147996e-02
-3.828120592744926193e-02,-1.330147427845237464e-02,-9.604293126152909157e-03,3.020758504793491159e-02,-1.231609884104157074e-02
-5.095308522984563077e-02,-6.266444178090248552e-09,-8.512730867807134782e-03,2.637860335264454945e-02,-1.194251899452133947e-02
-5.583856716785484675e-02,4.416287586486926379e-10,-1.258582342199980608e-02,2.301066783885931735e-02,-1.440860310500786425e-02
-4.829630801067494317e-02,-2.555527943997776400e-10,-1.278903120808915633e-02,3.540234121331081729e-02,-1.648867963624709235e-02
-4.561651734218854365e-02,4.112787852308745005e-10,-4.326592489141538669e-03,4.107958295370735258e-02,-1.410880095957508899e-02
-4.220400309736345446e-02,1.401756047131510422e-09,-7.306520754609848074e-03,4.359840389436216157e-02,-2.114077858472548921e-02
-3.635548949027374299e-02,-3.390269258209640077e-09,-6.708189241409023666e-03,5.106956554138322030e-02,-1.031052760122069291e-02
-3.039841294966557847e-02,-1.412178190567745070e-08,-5.987475379424164745e-03,5.848660850097477104e-02,-9.003032845316770796e-03
-3.424914372798374546e-02,-1.410538474730356554e-08,-4.120002779511600446e-03,5.601910064245451543e-02,-1.396510811572209895e-02
-3.610348350606232964e-02,-7.683884162390584710e-09,-8.824885526894425184e-08,5.388114032897431405e-02,-8.383324038346913476e-03
-3.166605417298061498e-02,-9.380956714401096199e-09,-2.428912305237230469e-08,6.399045947191213390e-02,-5.585732387908165161e-03
-3.235815487854438316e-02,-2.543541760179309254e-08,-1.583807907138303457e-08,7.092598151456862288e-02,-5.326606168653596519e-03
-3.685034173511814171e-02,-1.016710870734892491e-07,-5.683585216336525863e-09,7.617265314822280198e-02,-2.997685108014041112e-04
-3.781567756339955511e-02,-2.166635425090999613e-08,-1.726487270438711801e-08,7.892024569726791006e-02,-1.326663566469621055e-04
-3.224200297020159839e-02,-2.038445374112100423e-08,-4.998516423197513309e-07,8.712265444768253764e-02,-2.195556107273697599e-05
-2.825408025066394879e-02,-8.328471455984294817e-08,-5.255728213874443876e-07,9.382041906208032911e-02,-1.874116053799424063e-07
-2.198990633788705171e-02,-5.144012127557341316e-03,-1.055596574845849287e-08,1.047753151352588813e-01,-3.593817570424420287e-08
-1.943438371902376366e-02,-6.789311803225701360e-03,1.658719314293243593e-08,8.572094017092936336e-02,-3.079702660807093322e-08
-1.830438654488729389e-02,-1.209745760683435083e-02,9.053795240989167180e-09,8.809783469292113700e-02,-2.243681336334416059e-08
-1.293561299108662507e-02,-2.499494071544174079e-02,5.181543494778313936e-08,9.191980637095543971e-02,-3.176053071369267915e-05
-8.057442513576254170e-03,-2.149943965051706596e-02,1.153518003186199090e-05,7.786835920677485923e-02,-1.212643360854772411e-05
-1.274543011681836084e-02,-2.327436080738953458e-02,2.463516391258760863e-03,6.241839595225315979e-02,-4.214325525914189595e-08
-1.007248908869450357e-02,-3.522844819593084348e-02,3.934277192623841096e-02,5.403780263372922471e-02,-1.083756926269142387e-08
-7.027898051874454689e-03,-5.174018425356791823e-02,7.450398331676526265e-02,6.008462502079411210e-02,3.156106741012149992e-08
-2.426252689899196960e-04,-5.484759762310732756e-02,1.159624365146815911e-01,4.884844444088588117e-02,9.912387775632575188e-07
-6.245723507335568042e-05,-4.177232565505922812e-02,1.485938421648945462e-01,2.926309352647324044e-02,5.362374555301972142e-06
-1.766751037076434979e-05,-3.253725595243288360e-02,1.699507747900433630e-01,2.810024828530025345e-03,4.536308725302614671e-06
-2.338233138631621929e-06,-1.209398576434890515e-02,1.949232603499029270e-01,-1.160223723196764802e-06,7.172270067864679051e-06
-9.216676736345322296e-07,-6.333275713289556949e-03,2.042941483123707491e-01,-2.032607739653193737e-05,1.694982177840328078e-05
-4.964481350380992001e-06,2.558393961436131385e-07,1.988834770292684517e-01,-7.383254261608162335e-04,1.821802272280034969e-04
-7.094838013489867913e-06,8.378020352286333697e-03,1.927460237266262200e-01,-1.453799208826015051e-02,4.036492097460281196e-03
-4.445022698742913720e-06,5.311155754208925911e-02,1.772645965028625814e-01,-2.356446676735446041e-02,2.577906672616208511e-02
-1.293931807539539166e-07,9.565102778247860926e-02,1.570308902380770089e-01,-2.490644972306979912e-02,4.530325976889022083e-02
1.117974024169886431e-08,1.449191767778015560e-01,1.171055689125874988e-01,-2.549277328505301227e-02,6.793189455084854000e-02
2.252988181197798111e-05,1.928766663716400542e-01,6.198663749450837590e-02,-1.073993898464783124e-02,7.768631983943982688e-02
4.722596031332537171e-03,2.232093278125282521e-01,-5.006182659679938297e-08,-1.053658434848891176e-04,5.779065994858625932e-02
3.093190720574090155e-02,2.272644709918196226e-01,-2.361853166558287853e-04,-6.112997786296337853e-09,2.353336110124758587e-02
6.115725091950932613e-02,2.196523477997353591e-01,-1.619639501370271836e-02,2.296161458364877372e-08,1.779202909659478729e-04
9.738115502820650360e-02,1.941988989704385438e-01,-4.810502325732979312e-02,1.181999407047173122e-02,6.527972897688007278e-10
1.158658859363284749e-01,1.560002530906456630e-01,-6.965378839356273222e-02,2.830992803527783430e-02,-1.116722118647717372e-02
1.341628799101143577e-01,1.066808618756830279e-01,-7.647407918457767295e-02,4.838925159067844484e-02,-4.121918561668611036e-02
1.367038674540277110e-01,6.985713044859494236e-02,-7.249019046307876579e-02,4.470020375906966908e-02,-4.896646968229045882e-02
1.480990209324562490e-01,1.765931736989255743e-07,-6.200778681375088836e-02,4.337391758972988787e-02,-4.884754386769216833e-02
1.532578751430761776e-01,-4.824688054027962061e-06,-4.654071578100373030e-02,5.035737740313572797e-02,-3.748221510584308358e-02
1.591668843608529671e-01,-1.033993448970332244e-03,-1.434187119771234559e-02,4.775276645372798084e-02,-1.813345290955840558e-02
1.509783145126271653e-01,-1.632308952605366487e-02,-4.652884568881633752e-08,3.451021067510233464e-02,-2.368067940666804434e-08
1.487731098813674935e-01,-3.966378846081138054e-02,1.206964532569728950e-07,2.865101346668238666e-02,1.900806950615417200e-08
1.437874761698894055e-01,-6.873204183696569880e-02,7.331553502295474659e-07,3.891269106277153702e-08,7.865081015955715472e-06
1.370790003955220382e-01,-8.402029567262832288e-02,9.259675081174913965e-07,1.093909585168586803e-08,1.459554445492312370e-03
1.295042973084049587e-01,-8.517249408181309933e-02,7.362874479205741354e-08,-1.545635003197151201e-08,3.127351563441274629e-02
1.119919698588652396e-01,-8.434510022468706680e-02,-1.013813844113831962e-08,-1.716518622086948724e-08,5.357937218228661647e-02
9.545699924895219290e-02,-8.235770180973796262e-02,-9.191950641066674020e-07,-5.031713622337552217e-09,7.776849182355878576e-02
7.693891838130229033e-02,-7.336076714865243098e-02,-8.959613595270235725e-06,-2.656681195982020985e-09,1.009183798272956512e-01
4.591034688638372802e-02,-5.753701898508145618e-02,-2.807570629641279662e-04,-1.506904144155684336e-08,1.177455355479862104e-01
2.112871966914866076e-02,-3.568881804899920462e-02,-2.302678333084299134e-03,-1.235886220493307102e-08,1.320265100901852340e-01
-3.842249134749158323e-09,-9.076809254873561411e-03,-5.790414088443937742e-03,-1.541420947185723821e-08,1.424713366561045080e-01
-1.358147575675096072e-07,-1.771511544073354648e-03,-1.491603023819474544e-02,-7.552820644266971422e-10,1.439073721388112181e-01
-7.301057555600302146e-06,-3.192375684604778068e-05,-1.736255411257599593e-02,1.682684380863735269e-09,1.524865910235829181e-01
-7.396577660135254069e-04,-1.413315781208618134e-08,-3.131994779731118311e-02,4.227122542825126113e-09,1.525135519570826881e-01
-9.134882902395393203e-03,-3.986139892949751061e-09,-3.451808877102209572e-02,6.307122322963424617e-09,1.442981540132075857e-01
-1.394590867867884915e-02,4.892139904027613532e-09,-2.582869083707097640e-02,5.714788681787837761e-09,1.375767971318004046e-01
-2.717437544685484888e-02,3.234451211588504523e-08,-2.805943864790606812e-02,-5.968580801698616140e-10,1.338878839055529513e-01
-3.282484805658782145e-02,1.188676437044753217e-07,-2.698769788422268265e-02,-9.272459899246416562e-09,1.285875543550731304e-01
-3.903186599264712314e-02,5.084121536726032795e-08,-2.898295339694701919e-02,-1.113347958853420156e-08,1.130927243435313617e-01
-3.810674514554024395e-02,7.096344745923896829e-08,-3.130828591147207657e-02,-7.782309273234100457e-09,1.018067450866294715e-01
-4.852247054695011524e-02,1.943565725451241010e-07,-3.691499522707429592e-02,-2.359646546722144606e-02,8.889192460796843664e-02
-4.868151458349897348e-02,5.650930851260635897e-08,-4.034305858323136013e-02,-2.191367235707518055e-02,7.494793582815953426e-02
-3.957772974400827065e-02,1.437091557713013491e-08,-3.604116364293447755e-02,-2.916233979871626220e-02,6.069189859294598505e-02
-3.901661157256806206e-02,4.599028357551295706e-09,-2.522580576130023858e-02,-2.948478976123282413e-02,4.910544807596781830e-02
-3.138051867898203340e-02,-1.432459016684899586e-09,-2.384004350455531940e-02,-3.557384782490619068e-02,4.523852072452207856e-02
-2.174251282389689024e-02,-1.757814878102366422e-08,-1.337711304911251217e-02,-4.401851781530716212e-02,4.214771796319443514e-02
-1.294025627110781916e-02,-3.224615278701863249e-04,-9.503447339456806350e-03,-5.291078924192297445e-02,3.828702388234161980e-02
-3.081383185959582407e-03,-4.349135083900981281e-03,-1.449404005337675075e-04,-4.817299767693334483e-02,2.931957164604804059e-02
-2.025229874331843823e-04,-3.108463762484715994e-04,-2.027943667693799394e-06,-5.706815349554305444e-02,2.265874011035749411e-02
-1.124386030621931157e-04,-8.731118614577925612e-04,-7.640780949649872476e-06,-5.366178689570871851e-02,1.271569413038891976e-02
-5.585692023628108596e-05,-8.517844524534259887e-03,-3.184218455564976662e-07,-4.746537141849172664e-02,1.396253797636027455e-04
-1.503342687010723880e-06,-6.494028703350084551e-03,-1.974034851574616083e-08,-4.310772795987997258e-02,1.279936088552782445e-06
-2.294254488060099391e-06,-7.274006632508032456e-04,-3.070095797434179503e-08,-5.288970967302073639e-02,7.325153059932196899e-09
-2.103614920010321502e-06,-3.151170807669146528e-04,-1.353631429937219855e-07,-5.202662509457771367e-02,-3.445174377936521939e-09
-5.779697006370755325e-08,-1.394968177947408555e-04,-8.985782361367894653e-08,-5.560602863968864412e-02,-2.206222139692778873e-08
-1.792327389285003016e-08,-2.094766959557480424e-03,-1.111074131109468201e-08,-5.207648649270049668e-02,-2.796655710097675081e-06
-2.353118174971148431e-08,-1.682884722429760053e-04,-1.686872818295721048e-08,-5.669902926202555205e-02,-3.800633110892207185e-03
-1.074776658265148940e-06,-2.333778254891538651e-04,-6.681837732189032549e-06,-5.976233201518678373e-02,-1.512216116740675020e-02
-3.290344739748493125e-05,-3.868151752363582687e-03,-8.040853479912897251e-06,-5.125396780097301458e-02,-2.173175469500172527e-02
-1.301647282029212173e-04,-7.097560824988534238e-03,-1.199560397877082632e-08,-4.526478752781374487e-02,-2.112121954067766941e-02
-8.397595117789605212e-03,-9.025596391815023448e-03,-5.788058363211847050e-08,-5.124756839270942776e-02,-3.399578040714790889e-02
-1.736719080906004575e-02,-7.911643530373044557e-08,-1.638058723050569846e-04,-5.481031818540612471e-02,-3.885861134763483882e-02
-9.033687076660364135e-03,-1.375841201791023344e-02,-7.039128520007793172e-09,-5.440519258473993508e-02,-3.884737948795698170e-02
-6.169293920658202625e-03,-7.386233005602226009e-03,-1.583864043125050463e-09,-5.807261875385039129e-02,-3.481185290758467138e-02
-1.064966166598027737e-02,-4.003443662996038573e-08,-6.716934474262004415e-09,-7.228362152969185217e-02,-2.777465272718917730e-02
-9.789068480470732372e-03,-5.180554582220466366e-05,-6.083515777211729580e-09,-7.059643691819919575e-02,-3.459787116780909527e-02
-4.279822919431935935e-03,-4.461444401907254179e-03,-5.657842637314378385e-10,-6.613352710144616842e-02,-3.868084883179977868e-02
-1.795469983227450037e-03,-7.373492972304216894e-03,6.362742114001592901e-09,-6.199556814484919604e-02,-4.070025335447810533e-02
-8.229961779151834245e-03,-4.873532984480245453e-03,3.700046947376559586e-09,-6.169673179196123042e-02,-4.552377746107608841e-02
-6.461393810953747034e-03,-8.626937846921652053e-03,-3.870712602921260885e-10,-5.854661612350119115e-02,-5.243930150950520258e-02
-1.965991096454133141e-03,-8.843296365796473463e-03,8.530528708963844356e-10,-5.472669976227955563e-02,-5.045582272692960418e-02
-8.304243274242075010e-05,-1.143289723473701197e-02,9.747916682436246334e-09,-5.192366321426009068e-02,-5.298521159546617371e-02
-1.925520172118347091e-04,-7.705465982032452636e-03,7.764611648829489637e-09,-5.040537711290943301e-02,-5.155612846595192950e-02
-2.976825703705634546e-06,-8.378644692526830348e-03,1.428338428367485739e-08,-4.837292505993907171e-02,-4.745903455744783506e-02
-7.085450953922858626e-08,-2.478540331722110064e-04,1.070018581420660652e-08,-4.301593659095102190e-02,-4.502672886066209218e-02
-8.309588512566442979e-07,-3.882154278031939125e-03,1.101763742789024229e-08,-4.006310759519031428e-02,-4.343464932140175816e-02
-1.263095057424303993e-06,-2.118545200345756802e-03,7.951542386089919439e-09,-4.560751045007498811e-02,-4.174814385704282704e-02
-4.015037742941420136e-03,-2.637605917714879122e-08,-2.935960590056924713e-09,-4.015659717240015886e-02,-4.432425157499714219e-02
-1.907956918780685145e-03,-1.332673852771629100e-07,-4.056186235225183491e-09,-3.928305213663960127e-02,-4.699907920398746497e-02
-3.002263208589057725e-03,-1.917093681737798448e-07,-5.269332762981875195e-09,-4.285619828291734046e-02,-3.816218427544679909e-02
-7.404904913987473726e-03,-2.315346801163768268e-08,-1.391758162496717451e-08,-4.791821547504374751e-02,-4.369640066859236532e-02
-1.918740417848548456e-03,-3.874601134914768416e-08,-2.034409295996897799e-07,-4.327733407897144113e-02,-4.009325720912133850e-02
-1.937118026283183030e-06,-2.472846292822188690e-05,-6.313673505249557151e-03,-3.611238768258109855e-02,-4.359049911187370258e-02
-1.291737440281328644e-04,-3.947153867697671263e-08,-4.218649033121144273e-07,-3.584557432255740944e-02,-4.603073959294542300e-02
-2.578018107363058611e-03,-4.224165599516200409e-09,-2.081241381488351493e-03,-3.831234721350004063e-02,-4.080369634389991590e-02
-8.208095730671740448e-03,-7.443385828426675294e-09,-1.108637894611491995e-02,-3.173635435109319058e-02,-4.046511289282584550e-02
-4.488058945593778636e-05,-7.554278755159368371e-09,-3.942543616334327934e-03,-3.152928598177152930e-02,-3.519900189526126849e-02
-5.464315034374419097e-07,-1.254536349204014609e-08,-4.201075694611996255e-04,-2.762493383560779212e-02,-3.342383722112573369e-02
-2.544576411400972403e-08,-1.032047954227861203e-08,-5.213356245136791011e-04,-2.475745983574886150e-02,-3.139712009481755023e-02
-1.024894741853272794e-08,-9.473935333320056212e-09,-6.653111399669965707e-04,-2.299170041029193617e-02,-2.894616119558416148e-02
-4.434459031054276049e-09,-1.466050282824309441e-08,-1.210895322160120005e-03,-2.140218384756597050e-02,-3.492863943326187520e-02
4.212463403550252983e-10,-8.256627853719199653e-09,-7.865863074051438280e-08,-9.793819649119293522e-03,-3.004814976405876734e-02
-1.817164202997763807e-09,4.812979411858945033e-09,-2.086008462587759203e-03,-1.302876631076465772e-02,-3.022556677186848118e-02
-6.205515258623928254e-10,6.903250589132640394e-09,-1.261932425721824964e-02,-2.317176679973756122e-04,-3.314236834586969938e-02
1.103022933605017765e-08,5.474421636179074564e-09,-1.389823897938785753e-02,-6.577820084189499431e-07,-3.282668660414452683e-02
1.701925147229110797e-08,6.487695306303850384e-09,-8.512995012042003443e-03,-3.543329055832006336e-07,-3.983641581499018647e-02
4.296981135205979112e-09,8.381067334227725267e-09,-1.436131653962473102e-02,-1.185199848163236619e-07,-4.168457427480547900e-02
1.109107904150785884e-08,1.314192073929988760e-08,-1.634927889800922782e-02,-1.680585866380391116e-08,-3.976759524760826309e-02
7.139642966993559706e-09,3.862884793357183074e-09,-2.380674149417695215e-02,-1.153116450971222733e-08,-3.362665144416851493e-02
1.527380637760207601e-08,1.659593635891882075e-09,-1.691236962920488612e-02,-6.117872834791250222e-09,-3.105906763225168774e-02
1.406794736851531758e-08,-2.314991928863005300e-10,-1.551119112134266044e-02,-1.441760472638781446e-08,-3.076619922898466558e-02
7.338453649113558464e-09,-1.676206241162096267e-09,-2.310373456183160978e-02,-3.823232612643144893e-09,-2.523770957310453658e-02
9.879709704456609159e-09,-6.039961224903013356e-09,-2.786709492269133157e-02,-5.286727355315816221e-09,-3.176972954367285329e-02
1.842804748897419022e-08,-2.072040952241588927e-08,-2.753002425097337419e-02,-1.929442642278871092e-10,-2.695264590293930396e-02
2.242168303768588754e-07,-1.511314383144819317e-08,-2.345037234389681091e-02,-1.355247197304490304e-09,-2.093831596247083815e-02
4.127051547934241177e-07,-5.597901351595571731e-09,-2.445614785228504562e-02,-2.459773175162086304e-09,-1.067960858296941942e-02
1.846162662285738389e-06,-1.609544895930731006e-09,-2.110511171083588253e-02,8.868596904095007672e-10,-8.712795104918673317e-03
3.420554543214520451e-05,-2.286616151544946863e-09,-1.234639413602490153e-02,3.828911789107023040e-09,-8.572169164990411233e-03
4.352183096132773103e-04,-2.050633725630027830e-09,-8.732100181489208662e-03,-2.094283519727931502e-10,-1.135659210222294928e-02
6.314511890090142732e-04,-6.338378184816193298e-09,-1.271755736476467245e-02,1.091747134477657607e-08,-1.556420589657436966e-02
5.431483077064118946e-03,-6.818909958168882486e-09,-1.233433522507761462e-02,8.435972247186260599e-08,-1.322644192109742080e-02
1.950575423784572937e-03,-7.202934907043116152e-09,-1.110319100470823044e-02,6.399050912309127643e-05,-1.230183563292073720e-02
1.939620507569889954e-04,2.583700032526133501e-12,-1.697060564165060043e-02,2.775723296156507643e-05,-1.298513263943125266e-02
1.378943716355887357e-04,-3.135846291196078245e-09,-2.249493704291904983e-02,1.782755196972919790e-05,-6.626533128440018593e-03
1.400168651978066880e-05,-8.255187116626011240e-09,-2.446922541143504992e-02,1.568554383180426298e-04,-4.757459338482452802e-04
7.382301733236662218e-05,-1.412394862355514728e-08,-1.669787265236040777e-02,5.756652521094488863e-03,-7.278108271325300156e-05
1.134810259451049545e-05,-1.994029103889122197e-08,-1.920275428549710409e-02,2.590346195638564691e-03,-4.617421804988766534e-04
1.212989248350299998e-05,-1.702978400052607522e-08,-2.397586275413397805e-02,9.884960577432787276e-03,-3.082026390642412812e-03
4.960768486582633726e-05,-5.372405582139513219e-08,-2.996286238775524094e-02,2.143293229902566710e-02,-9.473473118159964936e-04
1.267200099883132700e-04,-1.498475658452812466e-07,-2.781819395099484685e-02,2.764911623357752327e-02,-8.078174793149599632e-04
2.515368054885218146e-04,-3.000044271511891389e-08,-2.079939852023008837e-02,2.680202183337146091e-02,-2.430604042430015339e-04
1.573577116774329187e-04,-1.570375201539467812e-08,-2.529640523160765417e-02,2.692748793123251119e-02,-3.100358827221681899e-06
1.403661076485128293e-04,-1.937052010125715846e-08,-2.694521806974125439e-02,3.072347752551958175e-02,-6.354875638842940148e-08
2.631717120539474666e-04,-1.179235852344192710e-08,-1.029021206438105601e-02,2.527603682083153294e-02,-1.106109950753114120e-08
1.329845357527717356e-04,-5.652662202812257826e-09,-1.364763841187529615e-02,2.161330245142704595e-02,-1.006291245135027629e-08
3.306386411209151607e-04,-1.596471054227308147e-08,-1.706498258060962225e-02,2.673722717378501298e-02,-2.669536047777529733e-09
1.535710857319878310e-04,-1.558867087095059890e-08,-1.467172184190255330e-02,2.740443044759430236e-02,-1.626389298530870146e-09
2.896712704685047623e-05,-2.178193560754667851e-08,-1.653911022649471457e-02,3.793967145636103350e-02,1.850326035357416447e-09
1.733670745876251231e-06,-4.361192758670598542e-09,-1.698570762185299191e-02,2.914123710322429062e-02,3.810195269016960938e-07
3.684249905078745581e-07,-4.325078652013782061e-09,-1.888624929774061767e-02,2.799770791841969114e-02,1.047035940091696849e-06
6.366905671654641385e-07,1.570851358673621748e-09,-1.933609561433650981e-02,2.701539830310635895e-02,1.274115825185464475e-05
4.242953606083511173e-08,8.883383322636071056e-09,-1.378184257326150325e-02,2.719853423713617865e-02,2.493945300091268352e-05
6.223627118654787536e-09,2.065455359523896939e-07,-1.510113012084102549e-02,2.420641801903510373e-02,1.675335404264471608e-05
4.322021436291967830e-09,4.110880606625555911e-07,-1.672236381904116179e-02,3.054146409816297161e-02,1.770294909281663626e-07
