1.020107279485045902e-05,2.972780305244261014e-05,-2.900844561112045361e-02,-3.793069084443223288e-03,-2.602096321369326906e-02
6.926993985690776135e-06,4.034122337068086284e-06,-2.708665574321010572e-02,-1.356861375645579230e-02,-2.725946400849655477e-02
1.412765752386079854e-06,6.690787218827674135e-08,-9.317169580754255595e-03,-2.824289031514326184e-02,-2.717069939639491297e-02
6.127259363807746449e-08,7.074889570981627337e-09,-1.543108511985790202e-02,-2.630304949548789920e-02,-3.333300486148600000e-02
-1.584248029761787593e-09,-3.073981477356811917e-09,-1.570511432227532714e-02,-6.967969743770507061e-03,-3.058533078705269470e-02
8.132291938834467160e-10,-9.310690430692239211e-09,-1.080845560046878213e-02,-1.520636687233759519e-02,-2.023841770302601054e-02
-2.314907613593664380e-09,-1.376830737429501504e-08,-5.197061106060121838e-03,-2.268910300857494844e-02,-2.592236142870249851e-02
-3.266645285465305786e-03,-4.976078845153648553e-03,-2.145890531311752877e-02,-2.393691705776883685e-02,-2.407084962539301001e-02
-4.594313726265170171e-05,-5.336376343813560401e-04,-1.176854810714999741e-02,-1.196547250635513968e-02,-2.139539306864900875e-02
-5.096985782649740294e-05,4.454432136209072107e-09,-1.747867011215884642e-02,-9.450654253646571801e-03,-1.381178854177140744e-02
-5.405863960976008305e-03,-4.900389730273394471e-09,-1.449253554270666690e-02,-1.200878274527844569e-02,-5.244309104367306414e-03
-5.990876854022667702e-03,-7.260283225373627934e-03,-2.121464161917746994e-03,-3.303640452611372735e-02,-1.808859834736528324e-02
-8.828351640639945513e-03,-1.805905312481244362e-02,-3.445607896396424372e-03,-2.740294342095093635e-02,-2.057081760104712692e-02
-3.405557888118167709e-09,-1.977610743432339866e-03,-9.028066086966556741e-03,-2.975983084587371236e-02,-1.201664355342916581e-02
-2.686786545877709390e-03,-8.593233559607527453e-03,-6.153599326336065857e-03,-4.051328848225291962e-02,-1.270149400340053400e-02
-7.409807724325631617e-03,-4.403069203230256315e-03,-3.506826830664497849e-05,-3.575318576754465960e-02,-2.640307842658888224e-02
-3.465632947606210688e-03,-4.326916584119840266e-03,-1.094567554597271342e-02,-2.156397616417406529e-02,-3.207941751748125125e-02
-7.838692254254070457e-03,-1.863857342658746624e-10,-5.938369007589623032e-05,-2.752172817188927936e-02,-3.280540952997637594e-02
-7.294777316988152426e-03,5.423410380848835816e-09,-8.811281773699378671e-04,-3.593501119945256145e-02,-3.907965454858717408e-02
-3.593793795803700789e-03,1.347171081721426871e-06,-1.228097194832876264e-02,-4.743993029925352295e-02,-3.494863909193412360e-02
-1.042503230197483130e-02,1.165239123094896892e-10,-5.477302703712584597e-03,-4.669160961778405505e-02,-3.393320912022945723e-02
-7.589688182350681246e-03,9.365838063899456746e-08,-3.302868758782848222e-03,-5.660327348322034824e-02,-2.054544597192121611e-02
-3.238589493826203505e-03,7.073247337681328342e-08,-2.539718712243381067e-05,-6.337352092842563067e-02,-2.467371261957025316e-02
-1.489926480161173766e-02,-3.249595523789430115e-09,-4.908646183424008637e-03,-7.238471725840127380e-02,-2.351406963515980872e-02
-1.601939423964720069e-02,7.938676001525689808e-07,-1.140985277920921956e-02,-6.765586359177397369e-02,-2.045271153520209634e-02
-1.419488765853920732e-02,-2.520121355560028362e-08,-4.362903856969080750e-08,-6.228109303561404214e-02,-2.044645368782390879e-02
-7.702997101129149815e-03,3.285576304170917850e-04,-8.207751726318749178e-03,-6.984160109199874511e-02,-1.259404757610412158e-02
-8.163849225374626012e-03,4.149734299409141552e-04,-1.330002096304759573e-02,-7.250528519966928376e-02,-1.654421077450448502e-02
-9.818881021672856008e-03,-4.293807571795969158e-07,-1.102905423771060288e-02,-6.735428511485395953e-02,-5.739068070829497596e-03
-8.039009621321780222e-03,-2.139924895611827646e-05,-4.082638310352431667e-03,-6.801078146591067741e-02,-5.182786040263869486e-03
-1.635785613310034720e-02,-3.830390024271948415e-05,-1.520802656500141146e-02,-7.359974593224692663e-02,-1.716561398447742810e-03
-2.705909669672699677e-02,-3.657865655402187788e-05,-2.034603808858666957e-02,-7.668584442558044889e-02,4.373446138021666662e-09
-2.124017103672113174e-02,-1.063538760441373396e-02,-6.549066455584824295e-03,-6.991138436743665752e-02,-8.051441502537989847e-03
-3.791695132611398012e-08,-4.919284282703546667e-03,-4.186146240351561507e-05,-7.270921318190032290e-02,-2.784647876314615828e-03
-1.737623312977250606e-09,-1.371779007727596808e-05,-6.984316249010695228e-08,-7.111945109536901843e-02,-7.083449198513058764e-03
-1.059277136616473824e-02,-3.642005787783797639e-03,-3.418617922650789947e-08,-8.164681893006457691e-02,-1.600833852072783975e-02
-1.254668196915642945e-08,-6.764158848184751967e-04,-1.474748197419549142e-03,-7.864737120717864294e-02,-1.194573572314073552e-02
-2.151945618486430837e-09,-4.213843989563874594e-09,-1.888400617029615917e-03,-8.460338605315625982e-02,-5.456674214797934455e-09
-2.663149386825922931e-09,-2.139585492235551514e-06,-4.274416417370775142e-08,-8.718620413144398396e-02,-1.811549488523142570e-02
7.510946445561296416e-09,-5.337565057828098843e-05,-6.371734533335508995e-03,-9.861580341363911095e-02,-5.371446647542986452e-03
3.174091463376759913e-08,-2.566176054630406518e-04,-5.182418723739389433e-04,-9.682646554792667670e-02,2.833900169614846962e-09
5.599937012769106297e-06,-1.002512663565539050e-04,-7.642184495835993433e-10,-9.767657411431542036e-02,1.611457453166987420e-05
8.667160711920366279e-05,1.737789061511976763e-02,-6.659026137542677017e-08,-9.962960804972907647e-02,1.112807408526996986e-02
1.348629492401159620e-03,5.363615019384432303e-02,-1.596992282173802236e-02,-1.159136618007532704e-01,1.665076080094540778e-02
1.977598031621939992e-02,1.001129675084104081e-01,-3.264699504586889012e-02,-1.213475346287354178e-01,1.617784690036689395e-03
3.619872474053685563e-02,1.322826847026625507e-01,-2.104431273896291421e-02,-1.024794190870597366e-01,4.741697394440459176e-05
2.955009196398600962e-02,1.596651506046592173e-01,-7.445321866313128983e-09,-8.298754496183399776e-02,7.646054992036065276e-04
1.959157796847562760e-03,1.836042284722782802e-01,4.671735591752171958e-07,-3.920915441424160930e-02,5.598837669235174827e-04
-1.173984870989542304e-03,1.970589987442135926e-01,6.495700065995903434e-05,-2.077176769645180943e-03,1.132651100264243883e-03
-1.264229590806422235e-02,2.219530505337885817e-01,4.889913281778023729e-03,-2.918473665117657708e-06,1.836369598838560879e-02
-1.343800868780235629e-02,2.136520341510982357e-01,1.720888134523710852e-02,-1.032250872787450011e-07,1.006314263218680265e-03
1.807770010022433238e-09,2.073755723785948579e-01,3.400208747646787238e-02,-3.490683718300666012e-09,8.841957488731948015e-07
5.462394508669998240e-03,2.083641791832435697e-01,3.679725511635077023e-02,3.955606991560699920e-02,1.967222782705785163e-07
1.291441754450240072e-02,1.915605230368216949e-01,5.224031849631506630e-02,4.364258140031607863e-02,1.094919515493003398e-08
2.240088721918064019e-02,1.395786633166738455e-01,9.881291906453976148e-02,3.259283623079629877e-02,-3.022035974604802763e-02
3.743172744871685331e-02,1.012139394853061453e-01,1.316847576704732736e-01,1.845235213931923149e-02,-3.995522447339724947e-02
4.266924587689877035e-02,5.175717030626269394e-02,1.698280486281476542e-01,1.398058253628184540e-02,-3.143173996460332797e-02
4.112066751729692715e-02,-4.497231449585045610e-06,2.068089691442307754e-01,1.044504930125420179e-02,-8.080852417800073759e-09
1.466535004501394977e-02,-1.435678788341342854e-02,2.160796379037631665e-01,8.341438687406497705e-08,5.245479376183208656e-04
5.021313463495389414e-08,-5.051579959742947407e-02,1.986081721115984799e-01,-1.385092123830630150e-05,2.223311777852261806e-02
-1.330400499891901643e-02,-6.378669042425655356e-02,1.848051134805549778e-01,5.373032578470496355e-04,4.805969730774903997e-02
-2.801600473548131881e-02,-7.942468387649893879e-02,1.685292674786626754e-01,3.707496110374862236e-10,8.659312323205251016e-02
-2.615376525799989471e-02,-7.311826650853842091e-02,1.410465783380884242e-01,2.839009885119966668e-07,1.279021547591865648e-01
-2.856711087668291696e-02,-6.827995254739750719e-02,1.129774770841636272e-01,2.547549126560342759e-07,1.500622943695158473e-01
-1.728772444009553377e-02,-5.504712939348332251e-02,8.763779916087703625e-02,3.177283340647943967e-06,1.681951079711249686e-01
-1.897972093602911733e-02,-3.103984435808120404e-02,4.322503757719656226e-02,8.088547777368204931e-06,1.912724699644515192e-01
-1.694985468440416906e-02,-1.529287579884971819e-02,-8.682549715693293199e-07,3.566684918538571680e-03,2.060296311399308355e-01
-5.548219024777078894e-03,-2.626122389489834313e-03,-1.106697358005881768e-04,1.974312882996971750e-03,2.042730158683478958e-01
-2.685387266808103653e-06,-1.584043874339776427e-07,-2.197515913088090786e-02,1.790057233580380838e-02,1.983020389663351368e-01
1.348256656153658609e-09,8.783049687194691146e-03,-3.821083357008951686e-02,1.955102539944070586e-02,1.848512924025464410e-01
2.764287514373086480e-02,3.859806769372135359e-03,-3.731078936512322031e-02,1.756219017032138729e-02,1.587847757848722674e-01
5.058982971496889941e-02,2.957179174212580227e-04,-3.564448171096037954e-02,1.122494759326475057e-02,1.294799936119301331e-01
7.666972251411506567e-02,5.462873121673789649e-09,-2.977216983702159897e-02,1.371412090564791929e-02,1.050919674404103415e-01
8.656078258471891496e-02,-3.107410082642761777e-07,-2.493789336060478826e-02,3.427642016864755040e-05,8.600114001385082696e-02
1.004252811997510125e-01,-1.114420184060314822e-08,-2.938232633739796054e-02,4.329702600178598603e-05,6.651143252128273453e-02
1.175523011839346710e-01,1.676029626595452754e-06,-3.444227025934697151e-02,3.601204284724529537e-04,4.397149816855968479e-02
1.378342012062639399e-01,-8.339975028383596820e-09,-2.125688194251040830e-02,7.350316299564863117e-04,2.375951941913388710e-02
1.503153304189167316e-01,-9.715955877528105021e-09,-3.034627100503289529e-03,4.177872516563953080e-03,5.106669874749445066e-03
1.613363640121034115e-01,-1.458273411333552317e-09,-6.729694751573642304e-06,6.327022196449523170e-03,3.123907003901909489e-04
1.748670353953880874e-01,2.920324455294898777e-09,-1.548031348360863821e-06,1.683430420042910519e-02,-4.389797704331695042e-04
1.767621863255711412e-01,-5.576408246846474830e-04,1.804459204229811112e-02,1.720902699018789922e-02,-1.457826411506518531e-02
1.757283113978737599e-01,-4.860858192327297336e-03,1.777095514137452120e-02,1.465577005140160892e-02,-8.410172221750529878e-03
1.678243268544653000e-01,-9.781203574205778878e-03,7.569536269017502198e-09,1.738663300559620262e-02,-1.230276793028559253e-02
1.537337767055339532e-01,-3.630785412927980960e-03,-1.163877068427788453e-09,9.003291771416968570e-03,-2.452699130182960444e-02
1.419286203217867137e-01,-1.263747089316447211e-03,-3.889759175188652769e-09,2.414938846615245424e-02,-2.830043006841918146e-02
1.335133524246999437e-01,-2.015574974441556455e-05,-1.902080319648682860e-06,1.878290838661365522e-02,-1.799950495411120274e-02
1.068408094429363353e-01,3.837859707071841813e-09,-3.787312020394693497e-09,2.400017143506001996e-02,-1.977898960025205322e-02
8.317759832946686194e-02,1.665076351755457955e-08,-1.092210468576813263e-05,3.358204070474844066e-02,-2.463235757619573058e-02
7.647819021275080453e-02,4.667351159851684273e-07,-9.065713856159011291e-03,4.728189498937698798e-02,-1.914462714429462226e-02
6.607735439669867872e-02,2.571462141804522035e-05,-1.617740842780187802e-02,4.760330154727135388e-02,-4.823554378253189917e-03
5.742664645450939326e-02,1.834927894582070291e-04,-9.520288677602973745e-03,4.236143539795100138e-02,-1.449585699200734400e-02
5.041556080615587632e-02,5.715988717232681204e-03,-4.640388740331926470e-03,4.502773062399554466e-02,-2.410963104781746816e-02
4.679733584494755877e-02,9.670303586211285995e-03,-1.570638166103743849e-02,6.019096861657059067e-02,-2.106712213297899650e-02
4.564156681468493210e-02,1.812369844398483906e-02,-2.403071833423991305e-02,6.432716666150205265e-02,-5.969848294825583039e-03
3.344955485320533217e-02,2.044979901084566926e-02,-2.632854779822399807e-02,7.318913600589239954e-02,3.717343125149905879e-09
2.903978006586096713e-02,1.262510982625853449e-02,-2.030039759129676283e-02,7.044803176208168372e-02,1.240372719835338663e-08
2.485245947622885532e-02,8.800175925177532166e-03,-3.053361243561576385e-02,7.886657691607902587e-02,9.163005891934212577e-04
3.121371842342320069e-02,1.636222319747077103e-02,-2.424405213410786922e-02,7.961435413191442212e-02,1.139050746382129324e-02
1.665358275804030425e-02,1.435069600305323954e-02,-1.777597529430813283e-02,7.611706397158794768e-02,1.598721929605927475e-02
1.576021285809999298e-02,9.622961445200020267e-03,-2.954498270001500865e-02,7.158326548961557734e-02,6.670748940166167790e-03
9.240206998848270528e-03,2.857858263392810613e-03,-3.378341356069028412e-02,6.716904665487545556e-02,6.166910589455355460e-03
2.188487925280295029e-11,5.393779704975774393e-03,-2.802443807827545777e-02,5.905527249004126344e-02,8.178398827775735028e-03
-3.859192928122174083e-09,4.388965826118430610e-06,-1.478946181519487195e-02,5.908787906573845228e-02,2.351982451206925413e-03
-1.781563386004810909e-08,8.469456516795841657e-08,-1.339362000305731326e-02,4.795791045460432583e-02,1.181246585201284884e-05
-3.535513802318694448e-05,3.175531292062545689e-05,-2.420222014337411118e-02,5.009497652075486918e-02,1.072684100092230822e-02
-6.721406764286516101e-03,5.151768628700446098e-05,-3.173918802664417449e-02,4.761620501032236968e-02,1.421736253387236026e-02
-7.993749391710108440e-03,1.951388285468360759e-07,-2.232815315705627066e-02,4.382779385989438864e-02,1.063527564310001901e-02
-1.409093916980758317e-02,3.910861915636129836e-09,-3.247442411758842684e-02,3.613898812712235814e-02,1.817781315679799442e-03
-1.690877021158793472e-02,2.160870191543468506e-08,-3.603950746548611334e-02,4.596668861076895485e-02,9.696594373331503976e-09
-2.367051977981906447e-02,1.461722850533099724e-07,-2.533427998902836736e-02,5.037709192985580925e-02,1.279087073195389508e-05
-3.383395078788464794e-02,1.347838230563438285e-07,-2.342230521229462376e-02,5.231524724575246227e-02,1.798479059496827820e-09
-3.767776235069877910e-02,9.032100067266734722e-06,-2.032161681498750178e-02,4.868462138007720319e-02,-1.009425538814741928e-07
-3.424577369542448901e-02,7.481284957274735363e-06,-2.338629042288556392e-02,6.360844036813276259e-02,-9.436494911565348131e-05
-4.104046961424442919e-02,9.486745982188285226e-05,-4.687397233579150557e-02,6.342456197525599138e-02,-2.634595640045187219e-09
-3.421278908469526508e-02,2.747328960421670746e-06,-3.469273219906825190e-02,5.522239372559612641e-02,-5.581193985981947422e-07
-3.294355068384895863e-02,4.004285825663413272e-08,-2.695601362869759487e-02,5.418765461251141141e-02,-3.817042520064366055e-07
-4.254157710112502211e-02,5.116461601301391867e-08,-3.187245262610686330e-02,6.266792528977918608e-02,-6.831538419881977208e-09
-4.410354383160677155e-02,7.693547783188542247e-06,-4.458988356412251636e-02,6.078099726401723496e-02,-2.134951224293102546e-10
-3.714995011649796508e-02,6.752053132298654592e-08,-3.529253772727655725e-02,5.298735258883318505e-02,1.043423672841871995e-05
-3.917475793646635340e-02,3.307693669678487171e-07,-3.916978330353969306e-02,4.015916571304801314e-02,7.589274556693135232e-11
-4.573445823201378879e-02,3.615849895410478584e-08,-4.132410488221580774e-02,3.438883025301937846e-02,-3.198694192837895232e-08
-4.316006433606055931e-02,5.405091954416102013e-08,-3.402747891639312794e-02,2.590377855383509120e-02,-1.524361743041329486e-09
-3.616011991432649397e-02,-1.154149058725206957e-08,-1.661913825342682324e-02,2.627630674462715782e-02,-4.587265579272471095e-08
-3.426424493612477418e-02,-9.431588982218477857e-03,-7.150932347941526754e-03,1.195639793477862658e-02,-9.137345508507947398e-03
-2.579433791390518468e-02,-9.700197094214286359e-03,-4.590960395162340182e-03,1.785430861569612532e-02,-9.533750643751212617e-03
-3.490469891066034364e-02,-2.012829734905556286e-08,-9.563903593461335964e-03,2.031984568962103693e-02,-1.409828532939955541e-05
-3.701676712392575064e-02,-7.798599559013031854e-03,-6.122966623195575905e-05,7.844457299205267325e-03,-4.614243284589995744e-05
-3.800318126099800492e-02,-9.223309694329842601e-03,-2.237029397470867550e-05,9.954336792056407701e-03,-3.416511463753388236e-03
-4.414006087813240192e-02,-1.269068185790066944e-02,-5.514984414514262640e-06,2.244680383150955347e-02,-4.738522816558404446e-03
-4.345916407973376278e-02,-1.052643184824148676e-02,-2.544593402864269636e-05,2.605557984663930959e-02,-1.616101744666342067e-05
-4.525739695320200179e-02,-6.184332800478371316e-09,-1.408444494016266712e-03,3.690849561583477850e-02,-3.373144959745643864e-04
-4.395431504160644126e-02,-1.230219152210414169e-02,-1.366128654937729184e-02,3.198653721685194851e-02,-6.954531931555141960e-03
-2.811492512491126083e-02,-1.359819975938070594e-02,-9.630646684854417619e-03,4.478647290689764110e-02,-2.073045866238077198e-02
-3.152771174205831056e-02,-5.733703606427173818e-03,-1.359909682783665185e-03,4.558963951669616627e-02,-6.683724980823973517e-03
-3.966640083044908199e-02,2.080910931371340768e-09,-8.842447026766552323e-03,3.778466728891987508e-02,-2.078856638639790933e-07
-4.468719308949337110e-02,5.060120137900062118e-09,-4.170413874337902845e-03,3.671438820054326313e-02,-6.577875917687241473e-04
-4.586856516961665409e-02,-5.284784957016142384e-03,6.979091515854930005e-09,3.380967816587155533e-02,-3.932541507012187777e-03
-4.217416156064287408e-02,-5.804654991434404809e-05,3.587694967223470312e-09,2.798660686238213860e-02,1.864408579590688760e-10
-2.701407838293356373e-02,-4.919750704280147734e-03,3.091715504763493790e-06,2.303672792065839664e-02,-1.206287255089518074e-06
-4.540180531123710200e-02,-1.409446355402629164e-02,-2.265190649587053563e-09,3.089865762631776973e-03,-7.618579717654542724e-05
-3.917497996603360594e-02,-1.712987258624284331e-02,1.312470541251802887e-05,6.540416847263398614e-03,-4.737201844423603761e-04
-3.807471421640119119e-02,-2.088183989400478266e-02,6.191682438791910137e-09,5.192695003991674822e-03,-9.194198485383463692e-09
-4.071774128775010326e-02,-1.358906190113085520e-02,5.291554058725517901e-03,8.070628091426132836e-09,1.389827326018051667e-05
-4.008664901770975925e-02,-1.454469897887726224e-02,4.364531339960025028e-03,6.743700382620430244e-09,6.566872819654067111e-09
-3.986112191305379165e-02,-1.445217113210194027e-02,4.641531075688229944e-03,1.080095369577214678e-02,-1.500069225510705376e-09
-3.906240382588325316e-02,-1.345417835515082955e-02,1.936888311518407402e-02,1.017160942299843128e-02,4.383436682106122502e-05
-3.916674645319482423e-02,-1.485172682891425754e-02,1.515114313234081599e-02,1.820676879198240708e-03,2.463090513124195939e-04
-4.047181386428116978e-02,-8.722692078647752145e-03,9.683814249330058993e-03,1.465862953641595664e-03,6.644186985776314896e-09
-4.124956379534187173e-02,-1.875577591749513719e-05,2.230022405052215634e-03,1.621664070216161449e-02,3.917111004700635744e-03
-3.101574110967848102e-02,-1.456114792864258132e-04,4.642487320813211762e-03,1.334287551194533565e-02,3.690981279784441571e-03
-2.284191649451011719e-02,-1.140060720993354763e-07,7.723751259515076149e-03,2.269030578592083625e-02,1.250844782828228977e-03
-7.147730587797684366e-03,1.764354883776511528e-05,1.734058871236267936e-05,2.396562945868309369e-02,1.368029634190226996e-05
-2.730434158903699885e-04,3.382377218570158424e-09,3.828918531033547595e-03,2.865841462375235890e-02,5.855632835927840518e-11
-3.464210788451264141e-04,1.031271618863317383e-07,1.756479271280208393e-03,1.894926741060269995e-02,1.987660814809886643e-05
-3.050420972731955156e-07,2.404334288418550527e-05,3.442285511867157249e-08,1.192770662469747750e-02,2.368060091528833080e-03
-2.208346786544815093e-04,-9.951305196179337700e-09,2.183298736917688512e-02,5.161133738405990906e-03,-6.558654766625950788e-03
-2.846700340165967628e-03,-1.663365776538040639e-05,2.944539653182668207e-02,1.088587485883481948e-02,-4.323393431100126463e-05
-5.165700590106459882e-08,-8.607230227556906193e-09,2.001704591780235215e-02,8.523708137106872362e-03,1.044626385989029554e-04
-3.007304768634074809e-05,-2.795344999685504616e-09,3.344749413486340639e-02,8.946629475419414987e-03,1.978606408008054638e-04
1.907902854080883555e-07,-1.232600185999486507e-05,2.488424700110849000e-02,4.333993000695784676e-08,1.020110462446486557e-03
2.776065751823495283e-05,-4.916457473603572971e-03,2.901888088884229180e-02,-4.766905767309131018e-09,3.036000276455642392e-07
3.166071407850700299e-05,-2.503226045715304044e-04,4.105262164884451032e-02,-6.958138076973319515e-09,1.339838524200292814e-05
9.548206052279804468e-07,-9.865111769795910043e-05,2.557663716361123843e-02,-7.399297174598502842e-07,7.914395237591536790e-04
1.978866015312294994e-06,-8.227898454365016622e-05,2.259389545894371562e-02,-7.074102717619605625e-06,2.823958803238389947e-05
5.084883358642896465e-09,-2.267677219144558463e-03,3.257583033768377684e-02,1.562433287116589434e-06,2.560962000957538317e-05
9.076579174610335320e-09,-7.555015771881809332e-03,3.443276284949746413e-02,-2.464031042971991595e-09,1.546896193993138905e-03
1.012682047230053963e-08,-3.672332187471582035e-04,2.800960384126964867e-02,-1.356918398557939792e-05,9.944502898734441931e-03
9.504029103080381083e-06,-3.850699874124455317e-05,2.485103238240693110e-02,-1.843538922062085735e-05,1.180377381554256267e-04
3.659411251643312525e-03,-7.145831404664537072e-05,2.418449612250843025e-02,-3.321295526453407123e-09,3.123882254088529431e-03
6.530385981288095582e-03,-3.244121418739645047e-04,2.909935636066062273e-02,-3.278264442688080121e-03,9.119663502415492964e-03
9.751731631694914720e-03,-2.745396625325451784e-04,3.555327993053898628e-02,-3.566353136838467178e-03,8.563154786516693692e-03
1.423533065918115327e-02,-4.554239562840180298e-05,1.826046267945466775e-02,-1.716926140410794530e-05,2.816324630470651638e-03
2.259937127014978800e-02,-4.234927168625075773e-05,5.936135618490540538e-08,6.124123170557332790e-10,7.782049230156330710e-03
2.710248513880285023e-02,-1.120929545903918260e-06,1.293464392905168028e-09,-5.124026981382269127e-03,2.101331973860346564e-02
2.810229320915787199e-02,-2.804487240359727400e-05,2.782443448146778436e-02,-1.780645539703162514e-02,7.984115614968910935e-05
2.267250939270386637e-02,-7.537986830434381571e-05,2.338072051517632241e-02,-2.268742934697043703e-02,1.863641034635807000e-04
2.467976225381855043e-02,-1.914523037068812219e-03,1.984967580903215789e-02,-2.242914990968623498e-02,4.950427092673729233e-04
2.830735485457164594e-02,-4.483172207001535030e-05,1.552313587432460965e-02,-2.496701123280571644e-02,9.453013634596258916e-03
2.756990670554023554e-02,-3.039437884677971959e-08,-2.358049159124087821e-10,-2.311246057244499899e-02,1.564840117738474853e-02
2.836744288334954248e-02,-1.104275200373055917e-05,1.567949267067704703e-09,-2.894609086547881779e-02,8.153753538335660467e-03
-1.857878418042634030e-09,-3.482051783277331830e-09,-1.377216930187952909e-02,-1.863644734739033809e-05,-1.052321733362240953e-05
-1.221748339731086076e-03,-1.332420131489884339e-08,-1.291912420022121692e-02,-2.834628413452602971e-05,-1.372113355489432487e-03
-5.084007068528973924e-04,4.994557131055873375e-05,-3.073005783504364000e-02,3.620283579444456957e-08,-3.552646071206633921e-03
-2.014142957970139089e-08,1.229427229048835057e-02,-3.145570051713402621e-02,-6.038091513408237331e-09,-8.926776967244408269e-09
1.257322258742822216e-08,6.178314766751053996e-03,-1.721058399815914020e-02,-1.168994132483131346e-02,-5.792547415122416508e-09
3.219699838190964590e-08,2.971851328976267848e-03,-4.736949223476704003e-03,-1.044306073380552730e-02,-5.384194601189347569e-03
5.231093018470690479e-09,5.367619207613487722e-03,-1.719750555689934096e-02,-5.114867059216380435e-03,-2.368620770544710603e-03
2.729955628418673342e-07,2.934391854945480948e-07,-1.020369454873051689e-02,-1.425761400386144247e-02,-8.698813289916144595e-03
2.929453070720162754e-09,-1.035716969149746751e-05,-3.492877849500421097e-03,-3.234701613381908009e-02,-1.934394313488650707e-03
-1.208533471228982553e-08,-9.416143184157406421e-03,-1.744452021350238706e-07,-3.879615002546018404e-02,-8.603933268093076625e-03
-2.221893596001216161e-09,-1.058184245033335670e-02,-3.797373419805370281e-05,-3.450496782882458979e-02,-1.649348751516073117e-02
2.860385495569996265e-05,-7.260459823639225756e-03,-7.403144013976278859e-03,-3.576966433665264289e-02,-8.362846403442186077e-03
1.518313765077376454e-06,-7.240588122929723859e-05,-4.957894530591781465e-03,-4.917124831659846346e-02,-1.130358050553607668e-03
-1.442750306670222442e-03,-7.041046690999840839e-06,-7.396572245971126463e-05,-4.225744964912336865e-02,-4.818209069089909521e-03
-9.655616809621290694e-03,-2.804232043595456517e-05,-1.902064928967881476e-06,-4.188460735898066889e-02,-1.462110195150760975e-02
-1.360674919593382267e-04,-6.722257569589383034e-10,-3.247043897646904962e-03,-4.631815158344289307e-02,-1.802367900670160880e-02
2.731630206419402920e-03,9.952036598259499294e-08,-2.026808783172891551e-02,-4.703740370134502913e-02,-1.952226617390279834e-02
1.417558470305608539e-06,8.355608316672263376e-09,-1.667113549479583637e-02,-4.718142929553131165e-02,-1.585319160580759765e-02
1.782637164250205555e-07,-3.581894798487859563e-03,-1.440036132721947415e-02,-2.606091341362948288e-02,-2.754069525637406479e-02
7.276410269776252964e-07,-1.025809050409152816e-02,-2.528073874885999623e-03,-3.327324601600883253e-02,-1.884282417406603696e-02
5.534654197625802926e-08,-1.523112458136386370e-02,-1.438971180424243406e-04,-4.580556018971623095e-02,-2.170168671606028873e-02
-8.814271779050931663e-03,-1.065069421726303096e-02,-6.538068177248970887e-03,-4.561966357129110944e-02,-3.684141395739148200e-03
-2.309980602825968676e-02,-1.671009929269534633e-04,-1.771253553116518970e-02,-4.019240387865840453e-02,-2.770339390970977082e-06
-2.949211032776114481e-03,-1.876680272474859660e-03,-1.466162151598788405e-02,-5.045041140411004460e-02,-4.783078516860441993e-04
-1.568731138361375401e-09,-4.698531158853956322e-06,-1.648877354551072510e-02,-6.282972926581247008e-02,1.725816359167527479e-08
-3.285789130961682368e-03,-2.049516960144428152e-06,-3.992925448209326024e-03,-6.078164639209553827e-02,1.338652776663786720e-09
-2.732767206114100709e-03,-6.369068543317655054e-03,-6.787825048112755034e-03,-4.989003230873389344e-02,-1.133213263838025314e-02
-1.389505668333423481e-05,-1.194823085249432232e-02,-2.587924983183201213e-03,-5.485859710410236761e-02,-4.258535064768967891e-03
3.252132181449661537e-09,-1.369723386265045591e-02,-2.631903092540771160e-03,-6.652456907816509113e-02,-8.317397346352105661e-03
5.106422194778027105e-10,-1.642322154579926169e-02,-1.425748261792887835e-02,-7.257408273986895586e-02,-6.462540859651207115e-03
5.654100218474397600e-10,-9.926597567412114367e-03,-1.271164326603770392e-02,-5.853877471178312031e-02,-1.996395335427527187e-02
1.958470846970584441e-06,-1.861338217567424722e-02,-3.494735490134095020e-05,-7.778291678499503481e-02,-1.842840325901180451e-02
3.765892855129596294e-06,-1.405597278838414260e-02,-4.398289671276650493e-06,-9.416127869563833963e-02,-1.088935858691664205e-02
9.998709947906253954e-07,-5.099155202752424405e-03,-8.503486814429636931e-06,-9.130464565873873395e-02,-1.021558719109537036e-02
8.549744934062522266e-06,-1.558060122784275152e-03,-1.376758518756511854e-02,-8.432320544092226922e-02,-9.332939788380571061e-03
1.922826176353298160e-05,-8.458632157503528232e-03,-4.096511265260530067e-04,-9.624601393039840247e-02,2.260591991191907508e-07
8.121106149522631587e-03,-1.776354883920861633e-02,-9.088120050759918689e-08,-1.090206090123678612e-01,-4.986623283365027547e-03
9.195640420366435822e-03,-2.552961799198782272e-02,8.497109508959233002e-09,-1.052746378662252624e-01,-1.661917987250714421e-02
1.576945075631598161e-08,-1.494316636543047486e-02,-7.239586970147312765e-10,-9.605784166613977326e-02,-4.528063651531745795e-03
1.172257035900841141e-02,-1.848651774399331232e-02,-4.548456498656271925e-10,-9.330228308621124622e-02,-2.605617824064684288e-03
1.371228144610711457e-02,-2.623826778226662909e-02,8.087879485816278448e-10,-1.108181772057514197e-01,3.344694785315394943e-10
1.033972015514454853e-05,-1.569143473675948738e-02,3.014351617324037905e-02,-8.622506274359900691e-02,2.266625136239807891e-05
4.996538633292994455e-03,-8.065123309258548671e-05,2.867712574202215328e-02,-8.399383468222144933e-02,1.811295085629074887e-03
4.218849945511595444e-03,4.064769874551069084e-02,-2.220636008099585325e-09,-1.063076449673632518e-01,3.116295678913800007e-02
2.801816228964513697e-02,8.738109488609085984e-02,-6.212856660321145093e-03,-1.009987964580608549e-01,3.027616577796607075e-02
3.118688713294997389e-02,1.417450994880098403e-01,-1.228036974585079689e-09,-7.468187985856213074e-02,2.958683597301282886e-02
1.711864714571726190e-02,1.522971789862125891e-01,8.118129688361669253e-07,-5.125715697081550254e-02,9.906298070608159090e-03
-2.229007242788440095e-05,1.741502238441819950e-01,1.546464796555827386e-06,-2.646126063210488266e-02,1.824190825943617505e-02
-1.428833412007156009e-02,2.005770397802064398e-01,9.989442972628914327e-03,-3.346350295472882378e-04,1.599252844818844360e-02
-1.996881699359981041e-02,1.943574702692979772e-01,2.870587294360735925e-02,-1.190627542563040633e-06,4.944456194229266202e-03
-4.946759600050984820e-03,1.887342427695570812e-01,5.115007894972940783e-02,2.705832862578600242e-02,2.044898685427047304e-05
7.399960490011046194e-03,1.959852371168523399e-01,4.422680568374597054e-02,3.250448349236701590e-02,2.194206839174317849e-04
1.485978561178433015e-02,1.914547913582544669e-01,5.485218353337025649e-02,3.516576216235161451e-02,7.064733188158202034e-05
4.512356511098683694e-03,1.636540505506317300e-01,6.560864595088566897e-02,4.950721269339669606e-02,1.145937588759800956e-07
8.084654154224400757e-03,1.162102837077488432e-01,9.617272609729095312e-02,4.473350324349230356e-02,-2.269468743562750440e-02
2.284417040741825930e-02,8.259960976757570184e-02,1.268034375530017188e-01,1.818675095882494458e-02,2.169799100477923261e-09
2.757779689799651560e-02,3.864347332405404924e-10,1.644018735178321700e-01,-5.239675467571863143e-08,-1.176764039315946887e-08
2.088822242301499599e-02,-1.054257176822568828e-06,1.785496342266137959e-01,-1.293816632965918666e-06,1.187655506504396300e-06
7.848036585114627831e-03,-7.150199695638125160e-05,1.697003392075785710e-01,-6.548081455793413855e-07,4.705108969512556663e-04
1.249245319316798870e-03,-5.259275062045324495e-03,1.522073558765270063e-01,-4.926022814537504672e-03,2.297402341783646648e-02
-2.644240345162256592e-09,-2.063657948144175316e-02,1.366739912860497619e-01,-9.104921387646092504e-03,6.634872098626252990e-02
-1.642973556369823826e-02,-2.303265776832400663e-02,1.202986964874824538e-01,-4.967581895306731089e-03,8.451358861995743321e-02
-2.673381123268388226e-02,-1.665248288573896798e-02,9.319685585106850245e-02,-1.451866861612235125e-03,1.077012023874219793e-01
-1.354639476261468994e-02,-1.401013103052944561e-02,6.508296446069251895e-02,-4.092677905091089176e-03,1.387552319550041380e-01
-9.189009463289127483e-05,-1.948875533140347603e-04,3.430206113174343735e-02,-1.394650166061137640e-02,1.542050359876669385e-01
-6.569365737852146707e-08,-3.846344679081317019e-09,8.690768638354167894e-03,-6.588505535178964222e-03,1.719060938185210941e-01
-8.649652251362914557e-05,4.392857974365339119e-02,-1.623177011812563034e-03,7.899530588721066957e-11,1.700366927413159979e-01
-4.952216538032082490e-06,5.486186510691162116e-02,-4.227697833318636023e-02,-8.359829000475011942e-10,1.813784417913867353e-01
1.265891969490479269e-08,6.466653520234648400e-02,-6.326925518294437834e-02,-2.759122815687033996e-09,1.797730604051678838e-01
1.695916817637104987e-02,5.517675710855465127e-02,-6.191996067396932091e-02,-1.226977512993645745e-09,1.664739176419903210e-01
4.298527346320574205e-02,5.447736198323747253e-02,-6.647301183755906229e-02,3.000863079366825818e-04,1.400876456490786071e-01
7.499448210524192748e-02,5.859342913499834132e-02,-8.204243927992246888e-02,2.713033987635086848e-05,1.457652952614817421e-01
9.458730549085818395e-02,4.454141685142595092e-02,-7.311285741817775963e-02,4.169699108941257774e-09,1.200115165618859531e-01
1.086319365257596981e-01,3.343035883269345615e-02,-6.649609176588190673e-02,5.365100448117166682e-08,8.584351174234691739e-02
1.228992787849891299e-01,2.734984384508221816e-02,-6.358494165970710044e-02,4.441874745825932433e-03,5.527750637301814818e-02
1.359412976683595786e-01,1.732919775483439742e-02,-5.353592465185669919e-02,1.270987092251460102e-02,5.007086888432211308e-02
1.449345882684626163e-01,3.338828845418401366e-03,-3.960645678560905519e-02,6.739835205842789438e-03,2.646765004979453884e-02
1.496138947581906187e-01,2.088471462941588765e-04,-2.210624469578789317e-02,2.245134867563546369e-02,6.233134388219134341e-03
1.453759736083520271e-01,5.878813407516551414e-05,-1.949541358339483901e-02,4.166474083684041513e-02,-4.402673497157470750e-03
1.555856828274118364e-01,1.758608167395290817e-03,-1.302893617653340039e-02,4.040981708720311344e-02,-2.016773923206216686e-03
1.358532150117439663e-01,2.361045105765153979e-08,-2.697043648067674604e-09,4.097118569185174974e-02,-1.867150026031711568e-02
1.256669127083990534e-01,5.948231488254689835e-08,-1.245705647854833907e-05,5.892022418813579882e-02,-2.767701058815371859e-02
1.018691783287385827e-01,1.318233228503790437e-08,-7.113820881336444663e-03,7.740681827213548305e-02,-3.579486393040767767e-02
8.910399208434993668e-02,5.588883016744093083e-09,-1.052713125571785174e-02,7.801279704423642880e-02,-3.034605710420753416e-02
8.012422523018834786e-02,-2.320355442320250206e-02,-1.298241348756014844e-03,7.150575065705841449e-02,-3.964874478246269152e-02
5.360224677861830100e-02,-2.238309334750000421e-02,-6.408066346596953851e-03,8.857622314831202492e-02,-3.779757024464358572e-02
3.245140443748092268e-02,-2.882875871381404553e-02,-1.546185738938916747e-02,9.150232616776453332e-02,-3.094317193085853457e-02
3.001918413694392926e-02,-3.279129125589502758e-02,-7.921489511171051975e-03,7.385847441329664032e-02,-1.346603867166383181e-02
3.878752489018610222e-02,-3.976907740441053274e-02,-4.388020749103339543e-03,6.152405820863642710e-02,-8.423074824115832013e-03
2.226205728272960191e-02,-4.460370205093825563e-02,-4.457646644747699546e-08,6.664830449405921564e-02,-5.230972572365895964e-05
2.373554553256766730e-02,-3.234603813657440513e-02,-2.987280300870145348e-03,8.402227875165729776e-02,-2.227323945183729006e-05
3.853604419772335005e-02,-4.396490672041102749e-02,-5.196913246949460066e-03,7.502834979337742738e-02,-9.159737892537915810e-09
3.063980076632413785e-02,-4.283026341514519636e-02,-2.070627728251067259e-06,7.069006495582640104e-02,-1.075392770893575174e-09
2.337837832278299305e-02,-3.991968288957090799e-02,-1.407160677580401808e-08,7.435167985516949463e-02,-3.753808269204896121e-08
2.214507962371492500e-02,-4.205093062940089971e-02,-3.962602209102692574e-08,9.424885277975578179e-02,-5.318416506119034125e-03
2.463501122846371849e-02,-4.251024362685652119e-02,-1.247140390630183083e-04,9.103537069885712929e-02,-1.429777956805462445e-05
2.936031525380621010e-02,-3.763137990362138557e-02,-2.904064727084125533e-06,9.654749475591528629e-02,-3.056288764862886130e-04
2.401459310969351196e-02,-2.433650527361921889e-02,1.160630340359127119e-03,1.102138009924390205e-01,-1.233777314735853545e-05
7.310627674374525070e-03,-1.895755636486818468e-02,4.967897185418912627e-03,1.244637202549279814e-01,-1.064571088389921691e-02
3.074177837399256598e-09,-1.361232989487528259e-08,-3.969406090151739253e-09,1.167021135403770032e-01,-7.358507279776941999e-10
-1.569455352064954087e-06,-1.434724519768556579e-09,-9.950014509821556548e-09,1.084269991809709427e-01,2.211439136821707820e-04
-1.280016072700614765e-02,3.607258273867420664e-08,-8.875113609756318800e-03,1.077918490318374445e-01,1.187088291842898144e-02
-2.705535269857859554e-02,3.806856460944966071e-04,-2.754220322507688543e-02,1.072798566871251275e-01,4.283946247735292593e-07
-3.034919707475060291e-02,1.866413495312563596e-05,-1.817501475203836883e-02,9.455081315412662557e-02,5.648471707417813091e-03
-3.892842121323895205e-02,-1.517413859703868595e-04,-6.314767928315312038e-05,7.813538809716012723e-02,-1.777123140819656421e-08
-4.571032856738728445e-02,7.377919181643821412e-06,-1.787169083776368739e-02,9.038894851376105821e-02,-5.589572244383550207e-07
-4.582858569371676266e-02,1.241038087416778887e-02,-2.672044478192416028e-02,9.893139106415142769e-02,-6.122143511365626197e-06
-5.820022564804933074e-02,4.305235757592978940e-03,-1.074986296162380034e-02,8.622243113679753379e-02,-3.152105359622194854e-07
-6.583917720083841407e-02,1.118391339492290186e-02,-2.150992597084068134e-02,7.460752574350232313e-02,-4.525496888194228882e-09
-7.123544859067196255e-02,1.439143164695346269e-02,-1.388102106538662180e-02,7.996732192778797932e-02,-6.188730259200615045e-09
-5.554589116147934380e-02,9.774216625387093307e-03,-2.654218359199164712e-02,8.552271884143358704e-02,-5.880091504526288175e-06
-4.699930136257419316e-02,3.490931146830957184e-03,-2.205252367027599539e-02,7.297660599867372699e-02,-2.419214596080229443e-07
-3.759179904172067765e-02,2.990902746841218976e-08,-1.560860970691930680e-02,5.987361155809323154e-02,-2.439551108525438169e-05
-4.237884917380251026e-02,4.026827274422714332e-08,-8.082437808183219607e-03,6.643708967881499505e-02,-3.268888372767043971e-03
-4.285064654810468582e-02,1.337550722839661102e-08,-1.070016425708412815e-02,7.319968260845967356e-02,-1.158129849943074531e-02
-2.829981519529091785e-02,1.358453087104530522e-08,-2.190675721543542537e-02,5.727161443207728214e-02,-1.705981448593921771e-05
-3.500826984329830777e-02,3.474715999043248305e-08,-1.973455781194801209e-02,4.061576307890528426e-02,-4.316355155950306506e-03
-3.668379894668787056e-02,3.406442745838145561e-03,-2.654607725075355806e-02,4.561258736185200280e-02,-5.403536354187292504e-07
-3.954886206093612133e-02,5.152293974161179305e-03,-3.089455706525127271e-02,5.909746517101635566e-02,-1.315216207682238939e-03
-4.360776643192213614e-02,8.463072239680470218e-03,-4.069037496620069722e-02,4.955319664319769030e-02,-2.778558249044300374e-07
-4.004194783334182051e-02,5.405885250002109323e-03,-2.800890618432201606e-02,3.962881361771453809e-02,-3.294876952823038762e-08
-5.360367779373746699e-02,3.723115566998508406e-03,-1.615934177630545809e-02,3.999148988993423554e-02,-9.887386977895859519e-03
-6.370155567140024788e-02,2.922920866635714873e-03,-2.148462708070362701e-02,5.940099138544875645e-02,-1.181007385793392435e-02
-5.880658045628760211e-02,3.292548990378211041e-03,-2.077748860583577412e-02,3.857399844943135842e-02,-5.935791450246179690e-04
-5.912199933526944562e-02,1.266454390981062617e-05,-1.648074697821586346e-02,2.879631524431430778e-02,-4.444181214000325828e-08
-5.654766491085762986e-02,2.981117472282293467e-08,-1.165473687084963086e-02,3.662639949052673427e-02,-8.754285101063371443e-07
-6.255351995676516896e-02,2.815830438876182246e-08,-2.773908478809034364e-02,4.354191946997944956e-02,-3.781300103232205547e-08
-6.485123076326471114e-02,4.643207854168629836e-08,-2.884745393120817167e-02,3.993080186932519704e-02,6.648802897707939766e-03
-5.643208119132445827e-02,-5.990346603633011323e-03,-1.174574346891425584e-02,1.714847736242036333e-02,3.160741311116144030e-03
-5.366732043794113227e-02,-4.250575856543439834e-03,-1.069276668409402213e-02,2.313905820533129071e-02,1.169992940367615497e-03
-4.952146789026569407e-02,-4.026779925653587063e-03,-1.293659211097110580e-02,2.937434876132128878e-02,2.552828557999703858e-05
-3.269761996347893274e-02,-9.230133937109807896e-03,-5.074050647639786506e-03,1.559201497853483602e-02,5.464541341708878050e-03
-4.575565852766844133e-02,-1.672094755486462636e-02,-3.273383945770453933e-06,4.567177236653868358e-09,8.373144676971270865e-06
-4.147975592371037912e-02,-1.555875963676918786e-02,-4.396624055495672713e-09,-3.113116118036143630e-08,-2.057165694959974005e-08
-3.156389230575183669e-02,-7.777179875106605619e-03,-3.145278409318243439e-05,1.977286442992780020e-03,-6.609727171740976612e-03
-2.576986536991050444e-02,-1.825088518073454333e-02,-5.906528061199999035e-06,-1.047439819810994150e-08,-4.078747258981562512e-03
-9.847149685535535810e-03,-1.602495492985062803e-02,-2.388467445328375955e-08,-1.298289427331656555e-05,-9.311107836791035956e-09
-1.548106196818147158e-02,-3.919060665566370498e-03,4.976758770910634337e-03,1.615034654514706980e-08,-1.024540376073928813e-08
-9.133163014378289923e-03,-1.068514465810751005e-02,5.938629379867385499e-09,1.458782482964246652e-05,-6.207103278122486385e-08
-1.258763360882202644e-07,-5.794369480924907272e-03,-1.046143445733125762e-08,-2.362577273361532516e-09,8.662496829699799884e-06
3.516290653776151320e-09,-1.855284805983284683e-03,-2.285594730830812703e-08,-1.975147336973713291e-09,2.283469924329268122e-05
4.031107605183836064e-09,-2.525005775437381278e-03,-3.980366135145111701e-09,1.526956330032372392e-09,6.437670050588045626e-06
-1.900881377986343881e-09,-5.028766928967400483e-07,-1.001471195521840138e-06,5.324868265867747153e-06,9.584884229758281957e-03
7.431753659580098174e-10,-2.206223985764520652e-05,4.274967463663965536e-09,2.629294329819232520e-08,1.342419613508324255e-02
-1.501547016242143768e-07,-6.526637565498852669e-03,2.133202142816168975e-02,-7.792614796255031319e-03,1.344018888640807069e-02
-8.969216406995458510e-03,-7.157868795462645362e-04,2.813291111599597674e-02,-5.757246149348088322e-06,1.257130828459340419e-02
-1.602525224107472293e-02,-2.163857715433877872e-03,2.770078759774457014e-02,6.036535200101471510e-06,3.209502478271060704e-03
-4.856241291152562988e-05,-4.746838121132462320e-03,3.228153928304289960e-02,-4.454559600061689910e-06,9.165050164984254663e-03
-2.703383298310076319e-05,-1.678865034782760311e-03,3.188795173302940572e-02,-1.519606333918512584e-03,1.195693711536338459e-02
-8.038760581364812240e-04,-9.708848869393514819e-05,4.047930416693339140e-02,-4.794160110222036794e-03,1.717254587397926482e-02
-1.214946854408735554e-03,-4.269003069864643536e-07,3.443711616968173767e-02,-3.926094993313770458e-09,4.997808857092823215e-03
-6.992550023349479601e-08,-1.321071728010261609e-04,3.098143848509420789e-02,-4.216639385641104927e-08,3.568078344986444061e-03
4.086617356951418574e-06,-5.680483390100400827e-03,5.279266439743372091e-02,-2.260257116685792498e-05,1.061009387496501620e-04
5.130765448878602807e-06,-9.711314545605659960e-05,4.479951044315393094e-02,-7.828559368685919539e-06,4.715116381155282240e-04
3.733449568465218603e-09,-6.269154957555172525e-07,2.968597183097293826e-02,1.281507941669560646e-10,-4.032820588455242356e-09
2.628520909054618115e-03,4.078901149429955514e-09,1.489920955182065694e-02,5.926432964190613749e-09,1.310327434234166299e-08
3.255421850083295519e-03,-8.690298237015191853e-07,2.140002931559418370e-02,-2.943823891628074684e-03,5.037455450395001047e-08
1.885676725036727463e-03,-4.718032759146930899e-06,2.432910027912078138e-02,-7.839885493675814444e-06,1.664187230449873001e-07
1.123444340047858050e-07,-1.543065707444541085e-05,2.199873100300749063e-02,-8.097127672589185641e-09,1.140746718507848649e-08
3.238268935604182112e-03,-9.873310105141435214e-05,2.902796938515150860e-02,-2.024237186098853686e-03,5.512782190847573942e-07
1.432600432118100522e-02,-1.069179833356448780e-05,3.366199256260314632e-02,-7.895195869800386915e-03,2.180899326764772195e-08
2.563358157696454462e-02,-4.953792372515091931e-07,3.437006270848086409e-02,-3.628319353315036157e-03,5.016744989281472338e-08
2.284177963521076549e-02,-1.093633930815452854e-07,4.368564163412017032e-02,-9.278821452576575639e-06,6.271650210884890702e-08
3.235565599613421384e-02,1.288621263922639162e-02,2.849872896715842027e-02,-2.769364567808266838e-03,3.831258242547525179e-03
3.171558505455681493e-02,1.481981350733142452e-02,2.964040128691729920e-02,-1.995587162765531664e-02,6.770858945820978220e-03
3.141932050837557139e-02,1.610352660552461651e-02,4.376196441211697291e-02,-7.430935234956297097e-03,1.290729127957377958e-05
3.077217947890303548e-02,9.007517648766680610e-03,2.041392112471096185e-02,-2.026723425033925829e-03,4.177954627168991436e-03
3.104382747322404282e-02,6.917729768176124339e-03,1.586304098628850412e-02,-1.222938197485464763e-02,1.390976799558352010e-02
3.722242161219274648e-02,-3.815065767349880941e-09,1.892903948301958433e-02,-1.934062546603074889e-02,6.652144685551931655e-03
2.873684845565902674e-02,-3.955661131960208214e-06,2.178967863701596064e-02,-1.743893867677848847e-02,1.176929596025618922e-04
3.017156869266019587e-02,-2.550436587107413631e-08,1.000588717230390116e-08,-1.241130726362569409e-02,1.130692122928956492e-05
3.553860045091532943e-02,-9.482978524341630209e-09,1.202407198154419911e-02,-1.687161167198519829e-02,2.673985858940800477e-05
4.067685449003510811e-02,-1.552914887808236730e-09,-4.767355035121969307e-09,-1.795530769700879811e-02,2.502739984971414245e-03
3.694043879286871418e-02,3.679329340880359958e-09,1.368585242763942049e-02,-1.340478615314734563e-02,1.738413768984122310e-05
3.394953423771522594e-02,1.178581322137641982e-02,1.624853407743333950e-02,-7.809802824531163093e-05,6.660606065777359931e-06
3.713736998909776543e-02,1.079772442070962672e-02,9.731555397924710993e-11,-7.702622410649753899e-03,1.220937202066144610e-02
5.137843633863103249e-02,-6.264527301081497338e-09,-3.639034428722758772e-09,-1.292150028585959017e-02,2.283603924600575372e-05
4.271721519342955298e-02,-4.407203707584000506e-05,2.007337170204282276e-02,-8.586102221697080884e-09,1.034927929805599505e-05
4.336169188273129860e-02,-5.473493688633004661e-05,2.205988616416047071e-02,-3.274154841279471040e-03,4.467917137810444007e-05
4.484086028557829340e-02,-5.175204395523158863e-06,3.372818203192563119e-02,-6.078762941431961608e-03,4.362193528323137729e-05
1.412526229316447051e-05,-2.511940713583113438e-03,-6.260491115914344068e-03,-2.464262299722656813e-02,-6.276135781583417955e-04
-5.989013522430469790e-09,-1.164513044577402887e-02,-2.305652487828681145e-03,-1.912712240956073936e-02,-1.049187757339743436e-07
-5.573030712674465099e-03,-9.652779072692270826e-03,-1.490774635735317433e-02,-1.131251251840610129e-02,-3.887400071991766338e-05
-9.088156429383168356e-04,-3.513615703578830927e-03,-1.709172735561617640e-02,-4.000345346182333436e-03,-5.147563028104321786e-03
-6.974435627523214998e-03,-4.556355792274582525e-03,-2.105630258520006792e-02,-1.252323733895155042e-02,-5.843962888509563846e-05
-1.805554255081687209e-02,-9.311626434473883884e-04,-3.344250349932446909e-02,-1.750708680585797566e-02,2.503179624592594108e-07
-1.214014926172871274e-02,3.046364830956449114e-09,-3.220642509303969780e-02,-1.821755342022612911e-02,-5.339345587629250496e-04
-1.975769655926867471e-02,2.426037166239728046e-08,-2.612256113775423758e-02,-2.488644315889427389e-02,-6.796839906154766506e-03
-2.658719401762536447e-02,4.888909500826051254e-08,-4.178583292682829659e-02,-2.139894802438169902e-02,-8.719076299058790632e-06
-1.177479386946686177e-02,1.168741123327521561e-08,-3.838734575800930443e-02,-2.142821756128116678e-02,-9.620818213710448053e-08
-3.073743391545135165e-03,3.737068709950231110e-05,-2.505890015045859551e-02,-1.558209857875092474e-02,-8.975975601998214051e-03
-1.648993691665227770e-03,1.744789674134673398e-05,-2.601282678466813186e-02,-2.072411710979478461e-02,-6.285713341692126914e-03
-3.411675584164454954e-03,5.537446426059543752e-09,-1.954742054597714135e-02,-3.056225869799294309e-02,-1.894287525913972018e-03
-1.255474607902158299e-02,7.297782441806777890e-07,-7.535792403660896517e-05,-3.802521429988092727e-02,-6.946144398964425965e-04
-1.836336748771489474e-02,8.152981894856323164e-05,-2.046352547955427800e-02,-3.267146328594124766e-02,-9.292020087720154285e-09
-1.753888333516851264e-02,2.713492171432167581e-03,-1.657467621801530025e-02,-3.773610725503180607e-02,-1.495979533449873222e-02
-7.867567485977127253e-03,7.561685792753430890e-03,-1.865090338379734106e-02,-4.356500795423822597e-02,-9.016762025486357163e-03
1.794040702437000598e-09,4.278674894848278482e-03,-1.573482037624236024e-02,-4.465064903447028138e-02,-5.889059137142499054e-03
-4.330657597285123613e-05,2.807144998341851052e-04,-2.187916505486643681e-02,-4.148877179345535765e-02,-2.191512675251230599e-02
-2.208464085278727877e-08,1.177706525881620954e-03,-3.041443451085318328e-02,-4.759971970353425730e-02,-1.925292783939640609e-02
-1.301011902817864442e-03,1.435789724436440369e-06,-2.693928362677669094e-02,-4.628496412879989919e-02,-1.766971912779507006e-02
-7.103061923056518297e-03,-5.298666294935178980e-04,-1.981348987998769393e-02,-3.137229401961637992e-02,-1.694571538370792663e-02
-1.226023868106980268e-02,7.208230990020932736e-09,-2.339102650631182112e-02,-3.016952377561749402e-02,-3.074416439476205729e-02
-7.200307250406295934e-03,2.101357403744411578e-09,-2.356080359840794294e-02,-3.246265851144822939e-02,-3.073590556414751082e-02
-2.802844848391878533e-03,-7.656505639197319731e-09,-2.222050074142816953e-02,-4.183027190379389609e-02,-3.270320433892438122e-02
-5.393814355201657397e-03,-1.095325929195489478e-08,-3.077982068063483609e-02,-5.988731006395904555e-02,-2.031696563279661999e-02
-9.086090307938896396e-03,6.024434829671716187e-08,-3.532038781815650952e-02,-5.712446789297012661e-02,-1.703651546274522963e-02
2.139519057167872984e-09,4.330428549614246657e-09,-1.866408730986742620e-02,-6.218337115890906069e-02,-2.346411846909116777e-02
3.496852466193506027e-06,1.083478416842424303e-07,-2.190255592986383587e-02,-7.048064069689000122e-02,-7.824519083889916113e-03
2.144252052743919956e-09,-1.134096639399440702e-08,-1.866062504886644921e-02,-7.314056718441731830e-02,-2.496680377148642865e-03
-1.233196736597167234e-02,-1.828219488448961652e-06,-7.861980330261159750e-03,-7.140219842858351595e-02,-7.662721380750018262e-03
-9.772217184212731583e-03,1.475965178458026746e-06,-2.006998578483339471e-02,-8.472980695240209248e-02,-1.027810218111344966e-02
-1.794468190320229646e-09,-2.271536058614351727e-09,-1.672269634476377873e-02,-9.435687632258346613e-02,-1.005017745595212716e-02
-4.268302196039614027e-09,1.527996940500723293e-05,-1.187146137350763089e-02,-1.002982452888084158e-01,8.653725952652800080e-09
-4.054850659169318555e-03,-8.900192703816673886e-10,-7.882648792965707765e-03,-9.132173978986060647e-02,2.883792379180727110e-08
7.007667010795805833e-09,-1.412336654809070193e-06,-8.924085883082884761e-05,-9.360462669308711181e-02,8.014198147692027418e-08
3.297833671769716311e-05,-3.823536381162036387e-04,-5.933300878095041775e-07,-1.034873099394982843e-01,8.172391013515824378e-08
4.185634611053328305e-03,-4.012271647612146940e-04,-1.788080113238386289e-05,-9.782150147821844222e-02,8.622619500549619101e-05
2.718256369442696824e-09,-4.904425407079391074e-05,-1.353341578140515242e-02,-6.520500416682033229e-02,2.399612344862191195e-05
3.171136051884753808e-05,-2.646744201289367472e-04,-1.724797740370092800e-02,-7.552581639854473450e-02,4.232521515622111923e-05
1.494615277690923391e-05,-1.186007069843728924e-02,-1.541098586117822973e-02,-9.621478824563289844e-02,1.156384755518827336e-05
3.027168809522252403e-03,-2.895397424535435093e-03,-1.378530783665695043e-02,-7.852032821023337272e-02,1.031042599147472157e-02
8.245066451313813258e-03,1.856493191670901752e-02,-1.470387734883266996e-02,-6.165767082845453884e-02,2.339709385282235515e-02
1.078063313752618095e-02,6.462154247554699471e-02,-3.317252705790386252e-02,-5.423539193506605322e-02,1.109631306860433403e-02
2.422681491419399064e-02,1.038687889736724795e-01,-5.910561580684979555e-02,-6.093219718751189534e-02,1.054830547465164439e-03
3.351262210481692483e-02,1.469187262523526660e-01,-5.693843191762262834e-02,-4.195899119497487756e-02,1.166123859289939498e-04
2.327744027044195349e-02,1.667859075275860969e-01,-4.419865748227916336e-02,-2.815522600170407980e-02,1.558039458653380397e-07
1.015398678127457338e-08,1.936568804417991563e-01,1.485782267321051294e-09,-2.344332818578038005e-03,6.637553291480405597e-07
-7.310330197966191483e-03,2.115434068317309513e-01,9.920976895794253591e-07,-3.318211883956005284e-07,3.251231765499792368e-05
-2.690628702404872577e-02,2.217445913931586909e-01,7.939908217012530800e-05,-1.692731423279384756e-08,7.072665129175172843e-03
-2.426020257395565538e-02,2.055815181420523607e-01,2.718548018799196459e-04,3.826292251984221571e-02,2.015582484786463877e-04
-3.122716599523575522e-03,1.976884143510904135e-01,1.752730647595862265e-02,3.876474921016168779e-02,8.580945931246926346e-07
1.991499245454708065e-06,1.900033626353699323e-01,2.726249717036521858e-02,4.037409296492994876e-02,1.772912365911183055e-06
8.752388003819085507e-03,1.608813000098049117e-01,5.369810768937856998e-02,3.045309577486860972e-02,2.873641984663181950e-07
2.831315360874455539e-02,1.095925386890578695e-01,9.028195623112972301e-02,2.953654762108151241e-02,-2.823608127926072880e-02
4.572413019020660219e-02,5.597029557446322329e-02,1.434447468011011417e-01,1.454706430669351278e-02,-4.137197751641383259e-02
5.263349770180639209e-02,-7.372948717321368290e-06,1.932548386844455957e-01,7.803161465084882358e-09,-2.853377075631676960e-02
4.767546260309416667e-02,-1.577349309393801663e-02,2.231465088385082840e-01,-1.285727785452077496e-06,-2.639588331501139477e-03
2.658588798134827944e-02,-5.907566825930461035e-02,2.277054713732490632e-01,1.640148487530315281e-08,2.034511372815326865e-04
6.307280803432214165e-03,-8.580208795501978458e-02,2.275729578778065698e-01,-1.713036695979748471e-03,2.223635843506121396e-02
-1.483792299374065204e-09,-9.355463575665136366e-02,2.076435921443271493e-01,-7.432256588127675075e-09,6.386860127155297162e-02
-1.437090215124730425e-02,-9.447261656697918120e-02,1.728527668564154296e-01,-6.432027701683866611e-08,1.073305937429136769e-01
-2.538689796737887347e-02,-8.848124695948592078e-02,1.493098152718547733e-01,5.596787154158181918e-09,1.128237775888719652e-01
-2.265338512317743164e-02,-7.239514805782629181e-02,1.307671858032933843e-01,3.219473305427429753e-07,1.278900709581178297e-01
-8.032288987027239729e-03,-5.965375810562789649e-02,8.212231626344021485e-02,3.150453575359227727e-07,1.554580462616745873e-01
-1.194274503192447809e-02,-3.059836108103588040e-02,4.562490392758938862e-02,5.059414489379558070e-05,1.708519938615733758e-01
-9.604700222881443206e-03,-1.029963206317637860e-02,-5.802036810506868415e-08,5.552002779322185236e-03,1.649071530160536869e-01
-1.052566819205677900e-07,-1.930300013272927053e-06,-3.030003857351220697e-03,7.668494526593218341e-03,1.650954097607593152e-01
-1.034433689963057423e-08,1.691390235830220450e-04,-4.238527300835905759e-02,1.062619909806370062e-02,1.771084716123510761e-01
1.384913964834281509e-09,5.228134810140253877e-04,-5.376593972886611200e-02,8.378913432054333268e-03,1.646119612878812755e-01
2.162514162512399821e-02,6.484858857295114423e-06,-6.325392429039200515e-02,1.020969886667919685e-02,1.479940710576296281e-01
4.288908269397007089e-02,3.627859133942922278e-07,-6.199509688363489396e-02,1.412928975798707280e-04,1.252440376243910136e-01
7.316462467134494940e-02,-1.487648083779566832e-04,-4.630816258747356973e-02,8.293692413176049238e-07,1.137599911382511375e-01
9.438906517879033786e-02,2.984748461901314754e-07,-6.594864658963049686e-02,5.420390821298665796e-06,1.076229742411109330e-01
1.103923596628460929e-01,5.972995549497920778e-06,-6.866123903901570624e-02,2.769117923035972068e-03,8.188314465620226412e-02
1.331872333858614421e-01,1.216684646690245169e-07,-5.420366738268729556e-02,6.286891279007245819e-05,4.944694476351197548e-02
1.479849587243704245e-01,-1.320423011534273643e-05,-2.434106910909947588e-02,3.413618174164489950e-05,3.328881013651069365e-02
1.495744300506986757e-01,-2.495977820409631316e-05,-9.983457478075184743e-03,4.414126678402902670e-07,2.905401933637237824e-02
1.618389580256584526e-01,-1.736558157435943299e-09,-6.584760815941484457e-05,8.039905835295858423e-06,6.927311324443718651e-03
1.739697633690321377e-01,-2.351708784538413991e-09,-2.051745233513295922e-09,5.675148430884328035e-07,1.784038825777261929e-09
1.652476110069590332e-01,2.752060311332094184e-09,2.761961448432902494e-09,7.303788801566813896e-06,4.669141972370366856e-09
1.545835099471988827e-01,3.677735295780737261e-03,5.582106783721301525e-09,4.038033576409386227e-06,4.600547684672075130e-09
1.437509110884505059e-01,1.077292539347252994e-06,6.464016890634160369e-07,9.413695633886078528e-04,-2.368670702761402694e-02
1.370722493268872466e-01,7.429094291773644837e-07,4.797716809027861677e-03,3.023357528755256547e-03,-3.862867807805072523e-02
1.234780002416605293e-01,-6.787939112060580109e-09,8.330933959980735964e-03,3.088017798507208898e-03,-4.375168988538194470e-02
1.082447938478365290e-01,7.171262623636063456e-08,1.669093444453294880e-03,6.321939356258384282e-03,-3.133073014968037334e-02
9.127015063016682972e-02,2.336461919673931808e-03,-6.585889953308640431e-09,2.046058069203299246e-02,-4.002086250586537469e-02
9.146951556345737921e-02,6.460154646202033793e-03,-1.191054335775149043e-08,2.458545169130354341e-02,-4.299363123652932134e-02
7.629886448502029572e-02,3.381334969065042349e-03,-1.834897662446036400e-05,2.687650931545438812e-02,-2.659634327467340006e-02
6.086628589089736890e-02,3.322953396230825078e-06,-1.372684875163345756e-03,3.254856738888920603e-02,-2.118173344991449922e-02
5.852579886829641781e-02,1.819541074034019542e-05,-9.340305652283734106e-03,4.330033059326796746e-02,-2.057381282928159513e-02
6.432070248029590764e-02,7.401873753088353616e-03,-1.480926486208131859e-02,5.003480324415816860e-02,-1.280610145860199868e-02
6.127693887220678898e-02,9.187103883513568145e-03,-1.776078180276974283e-02,6.258417114889983091e-02,3.172853174840151521e-09
5.135829303545059316e-02,3.099220207987308986e-03,-7.721193259296621828e-03,5.461679177459159013e-02,-1.495600178940004007e-07
3.995320181287548289e-02,9.263574380981404524e-03,-1.070492205608787259e-02,6.921815117736046519e-02,-2.641116499181809515e-05
4.364497301964940373e-02,2.286010295399578188e-02,-1.491214316982745688e-02,7.546115093242615479e-02,1.643681962143479965e-08
2.935969651418625023e-02,3.237973843504395738e-02,-9.614199651392370954e-03,6.767473528418968542e-02,1.279912328610937093e-03
2.511635379788951239e-02,3.892481622400189439e-02,2.166903928372612685e-09,6.608022289942981631e-02,4.022160753306766243e-03
1.116033899344486859e-02,3.151773582353749326e-02,6.301208698642443749e-08,8.020201233969474763e-02,5.223708204291493691e-05
9.080603312111763109e-03,3.571491811394110483e-02,5.244744604882272277e-05,6.886667262992714200e-02,3.532964546507967336e-05
4.411172999998603551e-03,3.002623635527794377e-02,7.881516820439465583e-04,7.225948103059923189e-02,7.676153121614316503e-03
-1.740725308742138743e-09,2.312016431424001803e-02,2.961256796303878740e-08,6.615529779343670702e-02,1.155775174142721282e-02
-1.413633397349357623e-05,1.782355656087311960e-02,1.750710842810633065e-08,6.651955070151280291e-02,3.381881811075775329e-03
-7.183982794196454096e-05,6.689821441807307194e-03,2.720721149779996390e-08,5.929197346871015878e-02,-3.670568892933884532e-08
-9.530425103584541473e-04,1.959281040375711672e-03,-7.485727479676181767e-03,5.662114960363790611e-02,-2.737497984691112857e-08
-7.399232955097112888e-03,2.368874329814355927e-03,-7.981595982961756444e-03,4.823275797672336995e-02,8.206924069793697084e-06
-2.469850201646007354e-02,4.092861200434505815e-08,-2.329747937849548957e-03,4.815514331015652294e-02,-8.297860694580521369e-06
-3.396197118749286203e-02,1.124946316657964501e-06,-1.237634571693181640e-02,5.173532687544550590e-02,-1.825395328269537021e-07
-3.954518012918049885e-02,3.098699934781321149e-04,-2.160777017441926559e-02,4.861791953474390443e-02,1.726080932673062542e-03
-3.612710617241404742e-02,3.306653874565615783e-03,-1.691576932754546708e-02,5.348234236199062713e-02,1.459406944898094345e-03
-3.736052921214257083e-02,4.819059792439207076e-05,-1.321849941003488439e-02,7.032268001949293357e-02,-4.960138874333281104e-09
-3.759848836064379196e-02,1.908904404694682609e-03,-1.410135898163986101e-02,6.812486481097017321e-02,-3.597921566821809993e-03
-3.810330522848671964e-02,8.859955071712197899e-03,-1.429819258150651258e-02,5.823397303985696633e-02,-1.854408539923057851e-09
-5.751058103721232856e-02,1.023700109989931877e-02,-2.686553417476941069e-02,6.085463398228601467e-02,5.201903887867604867e-03
-6.416280506919555537e-02,3.444567897293343301e-03,-2.704500983591975188e-02,6.197651086142336174e-02,-3.516960258396162287e-09
-6.646614185970679822e-02,1.588755790710790915e-04,-1.991892035605223599e-02,4.376672367485505422e-02,-2.323696503196703863e-09
-7.004589785287076986e-02,2.500656283040187831e-04,-1.024640664942048397e-02,3.686155361308182665e-02,9.395143567108706030e-04
-6.858821937583395312e-02,6.579900687406445639e-03,-1.423750030020876425e-02,3.583356040076052240e-02,1.052580961571202706e-02
-6.648937863402701320e-02,8.147982331222569999e-03,-1.959800269844195336e-02,4.050294543829437849e-02,6.460710513479888534e-03
-5.630674802111038102e-02,8.954758298577704390e-03,-2.209926903355841771e-02,3.425106488356861878e-02,8.737874697274428159e-04
-4.587357240055708191e-02,6.460472273969600568e-05,-1.793989922023524197e-02,2.579608559337697934e-02,1.131327702337015266e-04
-5.493186390017511245e-02,4.521269145954584859e-03,-2.452190319855884065e-02,3.158041006183227861e-02,7.960099392730570389e-05
-5.930363223806166956e-02,4.085492830584080601e-05,-2.953353925186478351e-02,3.704829104012419966e-02,3.977098628264420079e-06
-5.100081240012816625e-02,2.481237848501982354e-05,-6.027459666179051795e-03,3.134516559083638798e-02,-1.483391150346972801e-04
-4.612633308766310447e-02,2.306006902516561470e-05,-7.933778668539432852e-03,2.768519584473299808e-02,-2.540153555823380422e-05
-3.948749085780834528e-02,1.044249509969169238e-07,-5.445863046602788908e-03,2.994651503108750751e-02,-1.039664078165534276e-06
-3.943425225281901175e-02,6.535657297469369334e-08,-1.141872081719246500e-02,4.243789108984971636e-02,-4.255531393073012404e-03
-3.195431493303545895e-02,9.434091373971449446e-08,-2.641613808011511466e-02,3.673403369917391248e-02,-6.380475998682095390e-03
-3.019585732523496699e-02,-2.652035919591886764e-09,-1.686430138564630130e-02,2.674524442210021030e-02,-6.129768402567068938e-03
-2.823230648243115620e-02,-7.735473501358763110e-09,-1.409472804615359738e-03,2.671240036375931853e-02,-6.225353159982528403e-03
-2.626097741828618132e-02,7.072024401004560296e-10,-3.075117151815862440e-03,3.762982857167138789e-02,-2.102263724520431545e-02
-1.941313582343099850e-02,2.762042409406309614e-08,-1.064346390596737461e-02,4.060744816949719838e-02,-2.657473447778022080e-02
-2.024426576992759130e-02,5.132712920333035665e-09,-8.717572051645101211e-03,3.999732708633879641e-02,-2.090885073468190872e-02
-2.733187265828557547e-02,-1.383949817502346739e-09,2.670825366938514619e-09,3.602418837825236558e-02,-1.833146411470153864e-02
-3.569057777022982547e-02,1.346901026783570029e-09,6.028636852756073784e-10,4.363804406903450117e-02,-2.286571149598565222e-02
-4.193117596347614023e-02,1.218675138808181667e-09,2.309176583712029813e-09,4.307781995918293083e-02,-2.080993360777450354e-02
-4.173736686531498430e-02,-6.683067540241609906e-09,-1.649864369846836985e-03,4.175386834664338714e-02,-2.202733710297203175e-04
-3.706105600884958967e-02,-7.587923418370581125e-03,8.653533858612561096e-10,3.442239728933012971e-02,-3.982369518424027893e-08
-4.822723099312052619e-02,-1.539065165154966663e-02,7.188470648685602141e-06,3.685338686399829838e-02,-1.034785778332948528e-03
-4.510023194244254519e-02,-1.760267612640498830e-02,6.854925375581405193e-09,2.421515227550396360e-02,-2.334605599834459297e-04
-3.667043366652420616e-02,-1.882943824860046009e-02,4.541501109137093331e-03,2.202568467230446234e-02,-3.547876695983628979e-08
-4.645898289373082829e-02,-9.908655526437352631e-03,5.279308609406190575e-04,2.207135333118497716e-02,-3.736427683587842156e-08
-4.807473568717618440e-02,-1.126059733441125629e-02,-2.925343612666655165e-08,2.248484035116467966e-02,-2.788268174363124562e-05
-3.996252505663346055e-02,-1.004687982982971697e-02,-3.884793737968064715e-08,1.928052342663673022e-02,-3.255049278819211519e-03
-3.281413783596208444e-02,-8.843001330263278170e-03,-5.001330862648268422e-05,1.945245243193485102e-02,-3.135875162132415866e-09
-2.997241037261188720e-02,-9.293163636991260204e-03,-7.713797203424661522e-06,2.201683120114174622e-02,3.264534164303871215e-04
-4.113497166969322383e-02,-1.637597250337354676e-02,-1.682753791975652995e-09,2.702058891976079000e-02,-1.218302600061860436e-08
-2.146767279002075035e-02,-8.479642173555065193e-03,8.385158933509682510e-04,1.791060075194040105e-02,-1.947215880856206498e-06
-2.271090776183634988e-02,-7.625948135655160297e-03,-5.566220565538279274e-09,1.359096149473626967e-02,9.325618378755902031e-06
-2.375688626398492209e-02,-3.557107775932371089e-04,-3.403793512580201492e-05,1.048198719284106593e-02,4.297494795690382299e-03
-1.690197525447498586e-02,2.970027009127147487e-09,-1.024120559862033016e-05,2.470377630009326989e-02,6.018595550741471061e-06
-1.294106516735194726e-03,-7.892683054678516219e-03,6.688117695392587800e-06,2.475016872650633373e-02,-2.652844473160816531e-04
-1.238481309714266614e-06,-9.559129649620946856e-03,1.166900821000055148e-02,8.517737894671955495e-03,1.036024381442267128e-09
-2.873279477676441329e-04,-1.128954438921651350e-03,7.103428801042040164e-03,1.766159576768358552e-02,6.285968891815140250e-03
-8.757370310233766192e-03,-2.510761713210161501e-05,4.677286683452530744e-05,2.029167625004912184e-02,1.130185641213462058e-02
-1.091214128691571882e-02,-5.816024390252611297e-09,4.022531426282062797e-03,1.818495746437994581e-02,2.850183126516869087e-03
-1.477806409286351770e-02,-8.642570914410196554e-09,7.953488211952262910e-03,2.025510784356120489e-02,1.794009172726599571e-02
-1.176062702750821191e-02,-1.924086200679983861e-07,5.003605594726931276e-03,5.765483899280964865e-03,2.107624604069016638e-02
-1.084412752907796748e-02,-2.330370091003184925e-04,9.491171312186134218e-03,1.337843811394775692e-02,4.926077437257316352e-03
-4.985764953497869370e-03,-3.297279428767447944e-03,2.883878121002775297e-02,3.855930508984074974e-03,1.990095819904995399e-05
-4.715895666023142929e-08,-6.390570390393892491e-03,1.106109013006972668e-02,2.162598534050510363e-03,7.853713735234389010e-03
-2.026462508009459447e-08,-1.043227968986655757e-03,-4.239317138836320118e-09,3.637954864342051158e-03,9.654189141685530148e-03
-3.880908021991261864e-03,-6.570787334001142524e-03,-2.543454911281536131e-10,9.496870333073604425e-03,3.669329476691421084e-06
-2.618432014761000316e-06,-5.156086525928856718e-03,8.038239180676852794e-03,3.221791242352388483e-03,8.218811927574419194e-10
-3.718324294495882884e-09,-5.513694004715254636e-03,1.328832566973269652e-02,-5.451583384183105782e-10,-1.009732839025767647e-06
2.966118453854961520e-09,-1.048829938679499661e-02,1.716897338759467220e-02,-2.898545306419477917e-06,-3.707444719583503090e-09
-3.372259707132930378e-08,-7.853752720379105629e-03,2.287918956201767315e-02,-1.408715782940910697e-06,1.194825984404163544e-04
8.262924080949951911e-06,-1.136062646117643946e-02,1.860228676016877413e-08,-4.191024255856356726e-03,1.294075019535608807e-03
3.309820201225624915e-03,-1.454398400294248765e-02,-8.080754107886044554e-09,-1.076030423858156601e-02,1.105835362203457829e-02
6.928117223821190877e-03,-5.043987532551690023e-03,2.473422104018227138e-02,-7.558570681164055415e-03,1.242277163304076996e-02
1.106401563594514199e-02,-2.879331762913693755e-03,1.612378313648117970e-02,-2.557156209564875968e-03,1.316103618211519714e-02
2.949739372844477001e-02,-2.321370842148636426e-04,2.306594912819408955e-02,-9.652612116297365485e-03,8.669623538035931345e-03
2.725244372812541879e-02,-1.278880659668552716e-02,2.942493965075047152e-02,-2.179198392930127223e-02,4.101763397997699491e-03
2.810316165868218322e-02,-3.086640571245723337e-03,3.503797136712903659e-02,-1.872748183457503129e-02,1.021326510762462191e-02
2.785764355951167101e-02,-7.185372187722725368e-04,3.263640355786175118e-02,-3.431414071703290693e-03,1.435105787302664269e-02
2.759638749965986210e-02,-1.930461495140823634e-05,1.404282172465252942e-02,-7.533615948966419784e-03,2.336817810971595147e-02
3.051987585191619917e-02,-1.857965196833978854e-03,2.038847927259337597e-02,-1.184887458334899987e-02,2.742762630486119887e-02
2.980055759704942214e-02,-8.552950027466156818e-05,2.611594811315475287e-02,-3.681860928303397167e-03,1.966470543830180218e-02
2.038023088288753656e-02,-5.043913182133142464e-03,3.239511567545835108e-02,3.823090041629145091e-09,1.786279203995872974e-04
3.045347175382599747e-02,-1.481910891960340135e-02,3.253076310044964586e-02,-8.437918013666913936e-03,9.473862785242021980e-10
