4.704672561496894519e-05,1.524751916054390036e-05,-2.679865908864472046e-09,-2.142003801057578913e-02,1.540273140462887621e-03
6.600809011457233453e-05,8.116439183674505487e-05,-2.606551347411650819e-09,-1.856860936293999037e-02,1.119858118101307864e-03
4.443613390583601233e-06,7.638371096129096898e-05,1.733386972501747682e-09,-1.985974703069885369e-02,1.968180356869347154e-04
1.255639215120779389e-05,2.660197196428157996e-05,4.816058114171021916e-09,-2.650947121009599242e-02,3.233708869012586677e-05
1.191005459545626676e-04,3.264876067541665682e-06,2.575815118663229476e-09,-2.570799373609253258e-02,1.521994059601648585e-05
2.324478108890273785e-05,8.104328146239567058e-06,1.157085161401874487e-08,-2.270896883130349084e-02,1.287163106017099256e-04
9.690529170364983649e-05,2.293934248915235262e-05,2.631488623581635921e-08,-2.887878549806092640e-02,8.954122543761584277e-04
9.752543309145877753e-04,1.256978398880199818e-05,1.806551851492130938e-07,-3.439060463998792894e-02,1.129241808934542844e-03
2.956550209141443051e-04,2.098623747712954969e-05,3.984241064677460564e-04,-3.141297616042908192e-02,3.259897511728643065e-04
3.892740081616298791e-03,6.411303693706039367e-04,8.628139158211013682e-03,-3.136114869871519523e-02,6.514532183067484744e-03
3.528229420666031979e-04,6.823455374568085721e-03,8.161685712327695214e-03,-2.276107536191645728e-02,6.234918291535137061e-03
3.336074279422275753e-03,2.015266169782769026e-02,1.006474574781998123e-02,-2.553122658485742699e-02,8.891282297414638408e-03
8.225628363281429697e-03,2.539586703558807668e-02,1.134069399150212931e-02,-2.495957529341235812e-02,7.848142037550869324e-03
1.072833279867063498e-02,2.742277180264597602e-02,3.506443442410488165e-03,-2.366194338290991336e-02,1.337302860458888971e-02
6.348660540506281987e-03,2.735548479093372412e-02,5.000247466013249022e-03,-1.898521795156276129e-02,1.360355414138905705e-02
4.742873934970009281e-03,2.763876102252812647e-02,7.432969969914966141e-08,-2.824838402611270019e-02,6.442368635210024737e-03
6.666537164828202459e-03,2.535077971900751015e-02,1.139293306983453296e-08,-3.321422025054843880e-02,5.771937086920245728e-03
1.239436587922312732e-04,2.859906486935227116e-02,9.686611921801168603e-09,-2.757311761733076405e-02,1.450337434915373140e-03
1.604635039975544773e-04,3.229765067924184746e-02,1.880814403066318659e-08,-3.258509479488141958e-02,3.401039771988439552e-03
2.994077563674383147e-04,4.150824768315072161e-02,2.941723323422762817e-08,-3.026754817933436509e-02,6.302688625680198491e-03
2.375821116466986845e-04,3.693933298114176339e-02,1.718371128427562660e-08,-3.407543391878965072e-02,5.269183483757856890e-03
8.117420171191734373e-04,4.249126427618610952e-02,1.169974925499569860e-08,-3.301141240411425981e-02,8.685245609272957898e-03
8.249238419123407088e-04,4.846658124953558827e-02,2.663723471819459785e-09,-3.541843457533103146e-02,4.842188659960466358e-03
4.369055503010341440e-04,5.482386121190856859e-02,6.782542467360801334e-09,-3.444735568063904407e-02,5.879120955527769588e-03
3.748245632238433249e-04,5.017716882125979744e-02,8.907261635312845554e-09,-3.441821048371389996e-02,7.173113292625135987e-03
1.696094375427945880e-03,5.486675430391273200e-02,5.297759950738908963e-09,-3.993905067459483510e-02,6.974830497763989320e-03
6.431375053966804575e-04,6.146358877096318868e-02,4.097011995503137566e-09,-3.381170674169923368e-02,8.361425373696704244e-03
5.642920681906328116e-04,6.388630510036164001e-02,1.795557016023133404e-08,-3.308846468408506436e-02,1.185630825037541254e-02
9.652786193624005723e-03,6.427295589630088735e-02,2.502086435798763993e-09,-4.098800452793102678e-02,1.640947661436508928e-02
4.859932631975293245e-03,6.244690406923904258e-02,3.250012408731443063e-09,-3.778271642978436873e-02,9.371697391858040821e-03
6.861653079525374677e-03,6.282580518607945586e-02,2.029789873805379555e-08,-4.112370566432039382e-02,1.340737189538411187e-02
9.594805005826982647e-03,6.834962412574713264e-02,2.690126974062961160e-08,-3.860874106903113695e-02,2.084925197362407986e-02
2.297431153430313112e-03,6.535736714658729740e-02,8.066027638011119431e-09,-3.499152389929297002e-02,1.196564513562568301e-02
5.559388128337030416e-03,6.886273760879139949e-02,5.066477602283333360e-10,-3.411236528586820971e-02,5.245853746862896155e-03
1.858534776149742401e-05,7.228950014674503932e-02,5.384406132027201665e-10,-2.523176963423643532e-02,1.393310021534787226e-03
9.507629094221661803e-03,7.203947956835637934e-02,-1.322494603980971998e-09,-3.895678956082215816e-02,2.167706005586543094e-03
1.444333987597169917e-02,7.137917454875403189e-02,-4.073159104327947670e-09,-5.159704273747740821e-02,5.502936773431632046e-04
1.293306907028224720e-02,8.341107454753657335e-02,-2.004583379585717634e-09,-4.634174857541115827e-02,9.730995102234832024e-04
6.861578669372021475e-03,7.445346534404941041e-02,-1.751025079047725178e-09,-4.742979896003455403e-02,6.205315945019372094e-03
2.309753011151196212e-08,7.261260954972356685e-02,-2.988978263020475499e-09,-4.927422682494942557e-02,3.624247366585489107e-03
-1.234214186857334671e-08,7.152595814680366704e-02,-6.827315004292648012e-09,-4.353680728232167674e-02,5.367035654441351840e-03
-4.308285661454363379e-07,6.468355341083055488e-02,-1.032884043725526829e-08,-4.244071585131414109e-02,4.879582948087136073e-03
-1.226217724631756874e-03,5.369506145670019381e-02,-3.367372567933847377e-09,-3.571239808252674869e-02,2.247173771104543638e-02
-3.622656475366841516e-02,6.543902580923359469e-02,1.527148225773493633e-05,-2.024069896350485023e-02,4.734612140937333874e-02
-7.333640662615388550e-02,6.696581406246283896e-02,2.722518811555955844e-04,-9.250572568547440339e-03,6.641023218621378010e-02
-1.142650145095953362e-01,7.040759407666359604e-02,3.148672943328671182e-03,2.211713634800590816e-07,6.391987711938193484e-02
-1.415289601690905008e-01,6.483621289239142882e-02,1.350977783008977182e-02,8.218919071545158483e-06,5.571913422126364979e-02
-1.552261550659647937e-01,5.567541725494534050e-02,3.260944688543580133e-02,1.173969816469623919e-04,4.554393003214383256e-02
-1.706738477663069797e-01,5.132656012110820599e-07,4.461604318915814160e-02,1.423915472537463575e-03,4.159842977665897945e-02
-1.829963008888856324e-01,-1.376567637492860899e-08,4.188936651712647091e-02,8.057220211016128536e-03,2.437010313506413062e-02
-1.804607927223984554e-01,-1.058821608885945307e-07,2.520875324722967117e-02,-9.618188024921191159e-08,1.694868104143446236e-03
-1.773349055539977237e-01,-6.232477769694500711e-07,4.257878374823283402e-04,-5.406952615428370630e-06,1.604844185267621175e-07
-1.811636875055471496e-01,-1.483565817026887641e-06,3.534834910404123362e-07,-1.691214651644010731e-05,-3.028931198680827330e-02
-1.704704135797712183e-01,-2.278465966698315850e-06,9.814733300940178341e-10,-8.237588716158284049e-05,-7.139789550002061114e-02
-1.425023397428386573e-01,-1.934896673470850365e-06,-1.816627338150169496e-02,-4.649357504185186994e-04,-1.225521969724039095e-01
-9.457763631376740754e-02,-5.280412544947987744e-08,-2.664937674354745170e-02,-3.164885891432551459e-04,-1.690240938838933060e-01
-4.743836843957898591e-02,6.618709522754457797e-09,-3.081871795250219065e-02,-1.711010218269911156e-04,-2.056010382618193577e-01
-3.540977910306395207e-03,3.290652020183093918e-06,-1.299666367153605624e-02,-2.167403293862934567e-05,-2.337826432218557682e-01
-9.391105187256139415e-06,5.270179741426374992e-04,-1.259567440014965802e-08,-1.058309752405791362e-06,-2.224100130473580239e-01
1.385967845933980258e-02,1.646764900419395508e-02,5.931003400388754851e-05,6.018335540882630702e-02,-1.960217588449209014e-01
4.144283718151916401e-02,2.221219860749264544e-02,9.337222265453977432e-03,9.547543845833274256e-02,-1.702459565429873534e-01
6.543041722357068046e-02,4.097052717933210436e-02,3.882319411329782088e-02,1.226357340737963680e-01,-1.227462234028923599e-01
7.535983378443542047e-02,4.830666481197373741e-02,5.079720257899435903e-02,1.377887670572185697e-01,-7.783819842377946718e-02
7.269410357607485051e-02,4.480840903424332389e-02,5.787829918124257067e-02,1.407363555974140146e-01,-3.339894222828235226e-02
5.288654911499757888e-02,4.662310244920386121e-02,4.827709044178615100e-02,1.495990684791616565e-01,-3.833760030301690703e-03
2.695004390001661670e-02,3.932644369777323068e-02,3.352309457004593041e-02,1.611370069330520793e-01,-3.160495500212898346e-05
4.247776579989859073e-03,3.092283862191257462e-02,9.676983743546219499e-03,1.679417808490588915e-01,-5.006724305578372342e-07
3.321562381327902184e-08,3.588359346293305829e-02,6.989936107302214619e-04,1.663161547908630633e-01,3.231823337177545941e-02
-6.010871837421725876e-08,2.701333080879953982e-02,3.910998342888116368e-05,1.596614520157817185e-01,5.435716706185864805e-02
-9.000764885847534460e-08,1.423522949993626750e-08,1.104789138196478111e-07,1.515185728057218406e-01,6.571174764340806385e-02
-2.603347016538515149e-08,4.802447603207019101e-09,-5.314750916980885682e-08,1.313593109688225569e-01,7.184503782652132409e-02
-9.229613577730425016e-09,3.719741850885447204e-09,-3.632815498434823626e-02,1.109622716533206765e-01,7.343187906299274148e-02
-8.685952822262951425e-09,-3.010460724231714014e-09,-7.322990231224131563e-02,9.687548373974563809e-02,6.136315546555782402e-02
-2.587064548269364617e-09,-2.968865869498893067e-09,-8.811225764880369071e-02,7.475147168270471210e-02,5.363219914071978844e-02
3.843644452266863185e-10,-7.109709656758303564e-09,-1.052116525011107251e-01,4.940076092089084464e-02,4.348468097190331949e-02
3.364090299864223477e-10,-1.086218766219526209e-08,-1.205712454016100998e-01,3.391970284362133548e-02,2.188942071811296464e-02
1.423539653096512283e-09,-1.975741688635207084e-08,-1.393339400382854198e-01,9.678429727652362521e-03,2.274610198578349771e-03
1.196950610875811921e-09,-3.114115971333685173e-08,-1.548674049452568313e-01,1.395455636404458518e-03,-2.516881452897608459e-10
-1.889559101834821388e-09,-1.126585451749521212e-07,-1.688768920965051379e-01,2.192900172952484271e-04,-5.149258382086763564e-08
2.415252329271314416e-09,-1.858711552504525187e-07,-1.794178236102989543e-01,1.855865195007739706e-05,-1.902254983737800860e-05
8.764067370558633511e-09,-8.274081062904857509e-03,-1.769099187867481104e-01,1.477335822858061651e-08,-5.886336807692553290e-03
3.902310692256507758e-08,-1.647076234095139202e-02,-1.738208145284289019e-01,-1.805148173245736981e-08,-9.835682268426522434e-03
1.725321615116044011e-02,-1.854403346095472374e-02,-1.608087540011137739e-01,-3.168667570796074317e-05,-1.138413473853510868e-02
1.704978391300932331e-02,-1.449616471280554611e-02,-1.450356200919476202e-01,-1.056221233141103888e-02,-5.059392143164470959e-03
2.117608091773129364e-02,-1.933482211161590553e-02,-1.296003246906016482e-01,-2.202390723804878783e-02,-1.380352707448559641e-03
2.511264054079967098e-02,-1.737523887503977793e-02,-1.128609170334240325e-01,-3.309112607007265450e-02,-1.722527189343575659e-05
2.158152307705550263e-02,-2.438057419684130922e-02,-9.963976040509646415e-02,-3.144300891345891413e-02,-6.599948437942325381e-06
2.196093526070665852e-02,-2.605632249708209405e-02,-7.628004272728508561e-02,-3.458715324236082134e-02,-1.918975684249659159e-07
2.177985137719200270e-02,-4.086802317874201063e-02,-7.597484634421783345e-02,-4.039357728429261024e-02,-1.471652292748902541e-08
1.508259632932752899e-02,-4.113436938922070130e-02,-6.849637412778468437e-02,-3.796595616663266115e-02,4.282028502165071516e-09
1.431970707684795258e-02,-3.650376207612016782e-02,-5.046967577445529707e-02,-3.656529451430542976e-02,2.905509297753870883e-09
5.743256368195258539e-03,-3.838835189340367160e-02,-4.427813392043983276e-02,-3.026164178584199796e-02,7.941805079318429958e-09
4.409785693842509485e-05,-4.100369879358838759e-02,-3.827773531198588874e-02,-1.675334780983880195e-02,2.515965206855529968e-08
5.064866825503260212e-05,-4.922444371148808340e-02,-3.744750280185895480e-02,-1.209289745559199991e-02,7.375192739393396456e-08
7.949634200902688574e-06,-4.957608734909563913e-02,-2.267335340005341773e-02,-1.330298765554135216e-03,4.660664700594340372e-05
3.413520202009217398e-05,-4.917844625520529506e-02,-5.085309484188778144e-03,-4.457550585177213798e-06,2.939736060556845214e-03
5.266109808988922052e-07,-5.508129243664251079e-02,-5.962747367225413068e-04,-2.305378292262870467e-08,7.367116992717910422e-03
7.714026910308876451e-07,-6.274965638438070870e-02,-2.060343692782689738e-04,-2.761914186722554697e-08,8.694007714430006598e-03
1.062755456127778099e-06,-6.588113312639036490e-02,-1.495602656408555183e-08,-1.544565763091819631e-08,1.107923947658616404e-02
2.809161046494633353e-05,-6.212350703481296643e-02,1.617955623713219140e-09,-3.983734724005233620e-08,1.091547131125610026e-02
1.853660848381059282e-04,-6.957569975226031433e-02,1.367334627086806098e-08,-8.746283244022986946e-08,1.034012304003571400e-02
2.868517983681562753e-04,-6.828860094500864564e-02,9.549674111485897086e-07,-5.145105942011611699e-08,5.642595935339903869e-03
6.112945668660573796e-03,-6.218320492517798864e-02,5.354533682479535421e-03,-2.909042176234635191e-05,7.637680781259566579e-03
9.853049378205462616e-03,-5.533352193285592802e-02,1.434240253270350693e-02,-6.623397807022424525e-05,5.496298793571607021e-03
5.476193431876576895e-03,-6.091342029586391260e-02,1.376922363073870663e-02,-2.409431302602573334e-04,4.819804291886113819e-03
8.687050889370807882e-03,-6.229146071334379364e-02,2.268732548948782651e-02,-7.207070668480140049e-04,1.544054373587308571e-02
1.744555422269778453e-03,-6.102815603689056706e-02,2.308821368082083700e-02,-3.731504606630540793e-04,1.185113293570239264e-02
3.091496928589347127e-04,-5.856028923789172169e-02,2.200599079019371906e-02,-3.729582263378485637e-03,1.010542942729586099e-02
2.029789353751334374e-03,-5.887567213031136976e-02,2.315230635516898894e-02,-2.254327654423091652e-03,1.543936064852098784e-02
1.612165479144077426e-04,-5.940569263100690250e-02,2.823103484041206146e-02,-4.737010376614090765e-04,1.196352148144267345e-02
6.915443176116681310e-05,-6.023243540633518855e-02,3.069798561118809374e-02,-2.583307441476300468e-04,1.420836309344877119e-02
9.482290152139118404e-05,-5.510503426767681540e-02,3.648094073754536842e-02,-2.465431525589207272e-03,1.162377746690571034e-02
4.066639799000630753e-05,-7.011830574044561337e-02,3.438280363003729662e-02,-8.866687061017107865e-03,5.732904129877628222e-03
2.107119180602020267e-05,-6.701169391594491431e-02,2.620779173762673511e-02,-5.339893287979840565e-03,6.358873707894023911e-03
3.402853558888458308e-05,-6.153918915181757349e-02,2.301144961513485951e-02,-1.102196587709549855e-02,2.891920164072007038e-04
3.006314643496246647e-05,-5.648795320311729429e-02,1.756030811491764501e-02,-1.005668670135546894e-02,2.109311234970432866e-03
2.800487289168411922e-04,-5.708145211862201973e-02,2.797643042465955410e-02,-7.658620204812182503e-03,1.142987379598002159e-02
1.519158267198564706e-04,-5.805564002820309821e-02,3.024444720189632674e-02,-6.433738571561907656e-03,1.750020843084799937e-02
1.928104808972794552e-04,-5.826784931269045342e-02,3.087384458155631797e-02,-6.682558228151097741e-03,1.281805824162775970e-02
1.778153031643725382e-03,-5.243911132529013169e-02,4.214686396628494064e-02,-6.054526368156960825e-03,1.953929820426817884e-02
5.899543009907440034e-04,-5.306501812900740050e-02,4.260582964808368872e-02,-7.472699746033404505e-03,9.097223667658128204e-03
5.472197595245891465e-03,-5.145133782824412583e-02,4.281132420581292702e-02,-8.846463400624874143e-03,9.658354594598720158e-03
1.231259893410660382e-02,-5.083180159252480984e-02,3.891493559143580083e-02,-8.233997498325722544e-03,8.070848332804238419e-05
1.920780563188707185e-02,-4.298857951260477012e-02,4.711823807539118614e-02,-8.006154491773479279e-03,8.345446344869126261e-06
1.238325351808125530e-02,-4.202099769283678538e-02,4.252632401426036796e-02,-1.409394969809830544e-03,5.300638297323291644e-08
9.590226240998502710e-03,-4.477057268316789879e-02,5.043111717219947443e-02,-3.430419266133286505e-03,3.020111946656628306e-08
1.034499990202379649e-03,-3.781756858379992092e-02,5.031891771900992572e-02,-2.114103924272781293e-04,2.698523009875028097e-08
5.038176502864978937e-03,-2.858005686494062558e-02,4.964487078071346676e-02,-4.914056121241579906e-04,1.919604730652582190e-08
3.849827476648459094e-03,-3.788758123937262245e-02,4.284288803664983852e-02,-1.171001747986806708e-04,8.375752087281410281e-09
3.054541596807087284e-03,-3.001529421423131810e-02,3.982296045481392016e-02,-3.369721707562133939e-05,1.007586556141641067e-08
1.884338893736026751e-03,-3.495023040744016374e-02,4.163784997044024661e-02,-1.030402685848313252e-06,2.193608702145409580e-07
1.031156601209700339e-02,-3.179871591197516723e-02,4.673378757964199298e-02,-8.636363097533079469e-05,1.990313468091928770e-07
1.341260410847735021e-02,-3.712127760071150251e-02,3.224673438798288105e-02,-2.281577136653033851e-04,1.314581848375562606e-08
2.156882457989667962e-02,-3.056140796051680028e-02,2.804327941300215066e-02,-6.116879436836937696e-04,9.243918322664443078e-09
1.649148629999026144e-02,-2.422259675213586649e-02,3.284742080586441210e-02,-2.252700784613793374e-04,8.740832740291534121e-09
1.535809434786843987e-02,-1.816296057666970387e-02,3.712720620702869567e-02,-8.240503204622180678e-04,1.511024943462835238e-08
1.417909456646251551e-02,-1.418555477952015108e-02,3.645148081590464384e-02,-1.385374083705552724e-04,4.705133408790230938e-09
6.763224119774991112e-03,-9.410550536323256804e-03,3.585380999889767328e-02,-2.099557146398411646e-06,-1.305719719003609573e-09
6.000777844396379748e-03,-5.764073662667270432e-04,3.386638188278710826e-02,-2.576430233856871918e-08,4.242435520830163821e-09
1.199209352443027406e-02,-1.207264007550683135e-04,4.510983374563185683e-02,-5.846308014440032180e-08,2.371579964998603246e-08
1.973173458770971847e-02,-6.254848372383030151e-08,4.562448616761372727e-02,-1.166765075860007043e-07,1.174984729931711472e-08
2.136376171992497228e-02,-4.341858890516073080e-05,4.108627880503033791e-02,-2.211419437136955296e-08,8.492535666508826388e-09
2.117578691268124855e-02,-6.150198910060256823e-09,3.930093350448883582e-02,-1.081930943803871292e-08,1.077853059430706777e-08
2.388356813265274034e-02,-4.307505398405676297e-09,4.402283355739127629e-02,-9.741281662696010375e-09,7.915755002759566371e-09
1.394616579818865575e-02,-2.124348122520551831e-08,3.734435973776024237e-02,-2.536849043424981699e-09,1.572597115792819322e-09
1.782180027015788093e-02,-1.982003214934981052e-09,4.314227149685490037e-02,1.117213814369229379e-08,-7.693054882237388981e-10
1.941736530179958425e-02,3.151836839022038560e-09,4.243645522945259374e-02,6.199737529171432841e-08,-1.547023799709161509e-09
1.968759770029924333e-02,5.507235032553183213e-09,4.694163485736186497e-02,8.168372662707256359e-08,-4.754507295679257144e-10
2.137158683195692840e-02,1.078045430650156233e-09,4.337621166184855992e-02,5.605131338411880135e-08,5.204897950299072791e-09
2.761056253201949959e-02,1.046381808354387220e-08,3.697127038185514525e-02,4.131408246652479807e-08,7.059047118959709880e-09
2.032852780176461899e-02,6.245005457502029287e-09,2.467032665925918480e-02,4.323268490250236814e-08,-8.499780952573188982e-09
1.592006848429744145e-02,1.087597118903692370e-08,1.522666788912481993e-02,1.043464585501328616e-08,-2.093273608515295155e-07
1.382469518504440657e-02,1.013015913521236877e-08,1.301691835093682185e-02,-1.222329400663686784e-09,-3.276012650248386372e-07
9.657761352438232194e-03,2.442051932011353326e-08,1.552406997490193147e-02,1.191049893903950104e-08,-1.350068607535770039e-07
1.371397763623456723e-02,3.756309391526627871e-08,1.267229255831153929e-02,8.658025607730630217e-10,-9.755384425402762849e-07
1.326235113339996677e-02,2.064039764844758547e-06,1.149667628197898785e-02,-1.154319262996767963e-08,-2.042117661324668819e-05
1.131084745488928137e-02,1.605740518514145615e-07,8.246521595839764393e-03,-4.470948313458846500e-09,-2.416245981687441269e-05
1.705659292988384590e-02,1.090474365616866410e-06,5.297036443308042811e-04,1.960278332428745776e-09,-1.797284095478633691e-06
8.862867127345106649e-03,3.746387032757339998e-06,2.872276769548943553e-04,1.235426664923843378e-08,-8.599187582976323030e-06
1.880322680300968233e-02,4.880468762899154225e-03,1.052664631029623984e-03,4.220594778780120829e-07,-3.564129287463857199e-07
1.402436516817649921e-02,7.046519299466332160e-03,1.986277411000613314e-04,6.238942431280372317e-07,-1.313929289704432067e-06
9.146623431633962506e-03,1.095426166330213183e-02,1.075967776847398252e-04,3.401620080642590284e-06,-7.917911332636002584e-07
2.032760528859573618e-02,2.252002587995067043e-02,6.699251353102656306e-04,3.351975036580996331e-06,-1.841401470959022452e-08
1.681108344898338963e-02,2.521255814232518239e-02,1.259813423616222051e-04,9.687777836301613063e-07,-6.418669497333057178e-09
1.753504746576005011e-02,1.841137386913427668e-02,2.255523268998679248e-05,7.051913407171363889e-07,-1.439731081293080625e-08
1.595024877520285003e-02,1.808099660162221581e-02,1.410908373638643805e-05,8.471361467997363445e-08,-1.163874195273869789e-10
9.803412878835583363e-03,1.996601935508231576e-02,4.001186908028520722e-06,4.311822339353398862e-06,3.929349539020225968e-09
1.001461125230240778e-02,2.219100594528358381e-02,2.282808447224574238e-07,1.384233674298608960e-06,2.792142492406735309e-09
4.621735202256520639e-03,2.301716314942816449e-02,-7.129842139444447592e-11,3.522882358028762203e-06,-3.117978442894724447e-09
5.197143906761863934e-03,3.010864745865135875e-02,-4.993754452809654835e-09,6.905655843008224716e-07,-2.466908914395214360e-08
3.227562114264874264e-03,3.230779087940888888e-02,-1.212892642462342841e-08,9.541987631091067897e-06,-3.680081065044951623e-08
6.919595547919798681e-03,3.356021306020966904e-02,-5.148816841549279339e-08,2.412666932124415275e-06,-8.415289252350420445e-09
6.699112536693281952e-03,3.392708349354436187e-02,-1.736707322519351599e-06,1.521186606696607574e-06,-2.964101983768735809e-08
5.574120765832523382e-03,4.246131044476764843e-02,-2.750928968276695428e-05,3.482442634187735714e-06,-5.632149398959598747e-09
3.074118578950887481e-03,4.740118099593045725e-02,-9.611603730156562809e-07,3.908076501686952030e-08,-7.584774905496298330e-09
8.785602387289859899e-03,5.205199691584168342e-02,-4.096438308625147834e-05,9.850999811994619759e-08,1.631011402527177565e-09
1.488005291338464348e-02,4.399726505575731611e-02,-1.319603947821429066e-04,3.428980809893677318e-08,2.654824184765594457e-09
2.123166413471402544e-02,4.661801991955091123e-02,-1.267957857429129762e-04,5.420889047099130934e-09,3.306104304669740733e-10
1.386802581415035387e-02,4.466894808294667729e-02,-2.172779957577844825e-05,3.376831923893257657e-08,7.010282617400220965e-09
1.848856241777269149e-02,4.455610629510464715e-02,-3.166751679974373992e-05,1.802736895946088243e-08,3.621800063083991439e-09
6.663316309296312269e-05,2.724374793013149398e-06,-1.198172391659396177e-09,-1.254528292531258311e-03,1.145285579134043709e-04
8.212191429724914702e-04,2.830183174472798625e-07,5.142920187213772469e-09,-8.440783707652525433e-03,1.355253478345715308e-03
1.763063290670897551e-04,3.906579218414622046e-08,7.770938248748372076e-07,-9.490170432207831186e-03,1.018936273272525936e-02
1.657511327417526001e-05,7.926560898075872112e-08,3.045148517375780259e-08,-9.440585219189156444e-04,1.734171299587051671e-02
3.650578498939624234e-03,1.207145181825137808e-04,1.732355354226126143e-08,-1.258460344311846182e-02,1.137081064904397337e-02
4.341089052484768500e-03,3.050291685014815493e-04,8.550587423538132829e-08,-1.706263166131370690e-02,1.742507357508352368e-04
4.238670781969036227e-04,1.908928048312256732e-06,3.794614110495441293e-08,-1.483053017794560766e-02,3.292530516177672166e-05
4.740664914414728301e-03,8.702007087875775768e-04,1.990350379711078855e-08,-2.241628244270791465e-02,1.831322471718120647e-04
1.395988878885431363e-02,1.100055117639306065e-02,9.776672538015829925e-09,-2.773910389095895351e-02,8.239189326558588012e-06
2.017241788418992765e-02,1.838541445584436149e-02,1.338875944779896196e-08,-3.391458172968481177e-02,8.975789752702775388e-06
1.478375889541963355e-02,1.401329804668760733e-02,8.343644371398557041e-09,-3.391805759266075526e-02,5.172267016460705335e-05
1.898262465408281571e-02,2.511231933257655063e-02,6.015722891256150932e-09,-3.541343748279660031e-02,2.391036067468226348e-03
1.748024391700949559e-02,3.870859933712197942e-02,1.236563049345678896e-09,-4.206340503975242173e-02,1.892328104732796633e-03
2.580015572996705725e-02,4.830724882579152946e-02,4.793826770653181995e-09,-4.044283216725590852e-02,4.775358785553776055e-03
2.633375717336908575e-02,4.259545971906907730e-02,1.752546126664740230e-08,-5.135448158546934705e-02,1.040741119264542922e-02
2.026497760637539780e-02,4.565266699821203533e-02,1.859597145271368996e-08,-4.532527385433086919e-02,1.352161554661098289e-02
2.336903278869453121e-02,4.504093772617644154e-02,2.472376565806237638e-09,-4.866431992915427884e-02,7.410635454887203044e-03
1.755612995004138602e-02,4.772498973300114827e-02,1.043243765212047263e-08,-4.881780783330172402e-02,6.672329578746576985e-03
2.377017750839254678e-02,3.986456246768241979e-02,1.404906659046771818e-08,-3.958892829661846829e-02,8.873272734707379761e-03
1.876956499262426997e-02,4.797840412557992373e-02,1.454055662650531056e-08,-2.984380614491303346e-02,1.922393340846940621e-02
1.463669628997712503e-02,4.194625730957304149e-02,1.733430381205224566e-08,-3.560774064405447525e-02,1.031865793953413123e-02
1.739998882843143968e-02,4.372318027892738157e-02,9.044722641654394379e-03,-2.747233745963277921e-02,5.361608162355012593e-03
1.330025674735955434e-02,4.009246281225366942e-02,9.817153989658509994e-03,-2.478168849506223043e-02,1.093475367787079787e-02
1.794886049830040839e-02,4.623051544585467937e-02,1.125056038042025849e-07,-2.330531749041106146e-02,1.488498063307702041e-02
2.085162516789094284e-02,5.721101384274022289e-02,3.429612084001274817e-08,-3.101280690877994753e-02,1.019932572537834113e-02
1.305720779560444120e-02,5.884680069674801117e-02,4.933970408970893854e-07,-1.993021951378163084e-02,2.192255793444017190e-04
1.716017051428569626e-02,5.385492441574264016e-02,1.522902325429152407e-08,-2.873669624330635330e-02,2.979533148808652496e-04
1.547490838850066469e-02,5.697698726488593240e-02,6.891616396691972299e-09,-2.628953598005370068e-02,7.735492881185142278e-03
1.793933101279849077e-02,6.144414326968084678e-02,2.942432492883112248e-09,-3.464072412375845955e-02,3.358174976895667778e-04
2.256294541919512397e-02,6.428861035547231428e-02,2.342207029617439436e-09,-4.165153660973717337e-02,1.030807522931006127e-03
2.055414376543059432e-02,5.652973919108948003e-02,-2.984007673921620352e-09,-4.002247923831282750e-02,2.783643246185916304e-04
1.655120984267005255e-02,5.735627371834230853e-02,-9.334502635383650739e-09,-4.177711156702114403e-02,3.371237232622413212e-04
2.178196038604513288e-02,6.162989948520627287e-02,-1.190611420770111987e-07,-4.670263164143828583e-02,7.586441688390834063e-06
1.990387325048603023e-02,6.561714289299945546e-02,-1.022096826313586633e-07,-5.140265473211433345e-02,2.321421099347554460e-06
1.719726696103673555e-02,6.504155976720317478e-02,-9.714206840521991918e-08,-5.122275012545065426e-02,3.808252942112872437e-06
8.352511525065128492e-03,7.340640905904213809e-02,-9.107468176182155930e-08,-4.303097460424020609e-02,1.638167513935453234e-05
2.486870489187090541e-02,8.555174222868368317e-02,-2.998992733578607151e-07,-5.353035965976297994e-02,1.974682300624110983e-05
2.817834366462455831e-02,9.719546564644873654e-02,-6.976649652483094814e-08,-4.245304458100070122e-02,2.463642053803376855e-06
1.648562539544589853e-02,9.222498386156204042e-02,-3.076125293234638617e-09,-3.096483509832918465e-02,6.952880788836648604e-04
1.430832561790176816e-02,9.067338043225271760e-02,-6.105106567902793206e-09,-2.083162715397269757e-02,5.757468056156019032e-03
6.815282482282577353e-03,8.689934550755848419e-02,-5.789644356800380874e-09,-1.765324034398801228e-02,8.196799897430778400e-03
-1.169230514043879986e-08,8.032088026194475483e-02,2.458303892978785580e-09,-5.788480970219646304e-03,5.618033048251129362e-03
-6.792227158505931002e-05,7.217540120720013219e-02,9.265749434009988724e-09,-1.076796131551687112e-08,7.953733998155503720e-03
-2.848803343079938169e-02,7.812128919504364444e-02,2.126488826811153343e-04,1.192058141083124744e-07,4.026831844355902718e-02
-6.275325620040249353e-02,7.685163141347171878e-02,2.208276985709772605e-04,9.500541501623156861e-07,4.570037886069069216e-02
-1.037829963688655793e-01,7.273877638250979272e-02,2.069072413506311148e-03,2.619012895248186282e-05,3.613698317594449261e-02
-1.354822520346161407e-01,5.246328790097252309e-02,4.905389883118742647e-03,6.871377405708740656e-05,2.699322503207237864e-02
-1.617479996207269177e-01,3.398079778402646189e-02,2.492182436265457518e-02,9.061276686853931422e-03,2.563189547132196933e-02
-1.761712107678399253e-01,-4.413165248600905169e-09,3.389035470428698044e-02,2.504519487468236799e-02,1.070135200173623520e-02
-1.798068302969803856e-01,-4.739726220590127693e-08,2.414908526182444823e-02,3.232173509253414428e-02,1.989261093732335676e-03
-1.729635572608005933e-01,-8.068518676860773626e-07,3.783753055068212520e-04,-3.374018202398324836e-07,4.328183784012398826e-06
-1.752065074402066325e-01,-1.458695470588394598e-06,8.232428158975286038e-08,-1.355301008595632533e-06,-1.028954202128385537e-02
-1.686882798813041096e-01,-2.712595752969089045e-06,2.574695316948884804e-09,-2.334989156022299045e-05,-5.623515147581576584e-02
-1.471357506032731355e-01,-3.180526194012878948e-06,-9.699008345517937460e-03,-1.798886858525446889e-04,-8.295765960864930066e-02
-1.202411206131193261e-01,-2.420725827140409000e-06,-3.627850370810141445e-02,-1.995294101618260460e-04,-1.185897864886328174e-01
-9.002089852005248916e-02,-1.479672822919749317e-08,-5.160028131726661360e-02,-1.604673762469203792e-05,-1.507815625551780780e-01
-3.500324448095736701e-02,4.365162304544054973e-06,-4.880797205178180609e-02,-8.773477399843851291e-05,-1.763083140633100176e-01
-1.830927269653567259e-03,1.819822124509858606e-04,-3.398783241613000800e-02,-1.485638675048702465e-05,-1.932724588591789028e-01
-8.190314353796450549e-05,1.249663492984544495e-03,-9.598471472254455072e-03,-5.421171139056831987e-07,-1.885618865331762928e-01
-1.234147452044925508e-06,9.844261782870263391e-03,-3.994077859103747061e-08,5.369830268605208651e-02,-1.729022725512696923e-01
1.543538201166648645e-02,3.577138688497629587e-02,1.544392052998890900e-09,7.771557960504857365e-02,-1.559876292006633358e-01
3.277598403515583070e-02,3.186287397932441312e-02,2.077896493826050339e-04,8.867781427515225579e-02,-1.370545955737887955e-01
3.377579429073460787e-02,3.026288757333300133e-02,1.558117190487309789e-02,1.064727800940729607e-01,-9.846641883427977027e-02
2.073577110090081208e-02,3.366840642680404144e-02,2.011742270702913601e-02,1.320722058222181250e-01,-4.514136728148031297e-02
4.673516349621074234e-03,3.776161665443042437e-02,6.739641075516982632e-03,1.458733009885517240e-01,-3.646131051329026904e-03
-4.982354787628288737e-07,3.789353419253269767e-02,1.455833340793823193e-03,1.643623150652927245e-01,-3.432332238881325326e-05
-3.056401315538358936e-05,2.643422943671402958e-02,3.482788379628164741e-04,1.697751718392649933e-01,-4.190293526343764247e-07
-4.828983266917205586e-03,2.907859961751555603e-08,8.687724999720471575e-05,1.719643231064306721e-01,3.366588778486632322e-02
-2.569704249580702371e-02,-3.100026606913795432e-09,3.724480606764144670e-06,1.654568415267807791e-01,5.331648648652245748e-02
-3.751095794419919555e-02,-7.173223043961979309e-09,3.528818230392684634e-08,1.609205724007766458e-01,6.646755694715836271e-02
-4.166299716689735727e-02,-1.284874795139245831e-07,-1.836407932808020380e-02,1.461116087159302357e-01,7.763985107304759159e-02
-4.468547999497501227e-02,-6.235750245121578145e-07,-4.693491831047044011e-02,1.421323251949115907e-01,8.826634622706591715e-02
-3.719530748898338540e-02,-1.592898103399531072e-06,-6.656445078405404114e-02,1.152552529447924551e-01,8.565524444551811389e-02
-3.069424426597991418e-02,-5.111446983148375386e-04,-8.368566715150727031e-02,9.835289082075872324e-02,7.611078833558254653e-02
-2.327130660001197615e-02,-1.690181975336545531e-02,-9.608265357848318200e-02,8.679536689892290713e-02,6.868066175242107385e-02
-1.066195605484574101e-02,-2.905919894577226395e-02,-1.080780886766884857e-01,6.993503896778974216e-02,5.532233423860235394e-02
-6.262530097567293964e-04,-3.565688736942128345e-02,-1.207890891396784933e-01,3.457305611784571020e-02,3.897795329625146354e-02
-1.001619887687703705e-04,-3.395485757304027991e-02,-1.213917652901090327e-01,1.559945972805582004e-02,2.772532968956589738e-02
-8.923506407604986758e-06,-5.083652091453928767e-02,-1.146194846695175046e-01,4.223478638059498919e-04,1.123464338255438129e-02
-3.239944907701204895e-08,-4.579282106475806441e-02,-1.212402699940615947e-01,1.704911129169291346e-04,7.022377036374976601e-03
2.702947786526932826e-09,-4.762175263796917385e-02,-1.144386111327201500e-01,8.843767719588157904e-06,5.485711098717681268e-05
6.226403339907614012e-08,-4.720694921272333699e-02,-1.069206476516603166e-01,5.489974156304119993e-07,1.052729472438949170e-08
5.619193387766813809e-07,-6.215178845910789701e-02,-9.335710328273016945e-02,5.280578817098495768e-08,1.625971492745232272e-09
8.079711557739475969e-03,-6.027538407122728231e-02,-7.468837967468404393e-02,2.717170270911826625e-08,8.557942473300604460e-09
2.880828497951539585e-02,-6.319728819080444593e-02,-7.341723203655690921e-02,-3.705604055463339867e-06,7.920897944217238224e-09
3.192233700219725828e-02,-7.452423197750085437e-02,-6.196471275251588112e-02,-1.273120593783657294e-02,1.879443395358323187e-08
2.865761319349242886e-02,-8.651179671500285051e-02,-5.033011117719238953e-02,-6.176116761420141071e-03,2.040141759001708404e-08
2.938180429411224245e-02,-7.443794515952256718e-02,-4.233337766278672670e-02,-5.127438860363032341e-03,5.574058737840856346e-04
3.827184702613484896e-02,-6.447146146208530826e-02,-3.676207142488666785e-02,-1.164848716833764494e-02,3.254663775655495649e-03
2.884322634769026852e-02,-7.215416621238013306e-02,-3.216845411864983906e-02,-2.426294874451416939e-03,8.665375037791799674e-06
2.451407860387140591e-02,-8.533339815758222979e-02,-2.784803674240369023e-02,-7.446037378875758860e-03,3.765460538392770067e-08
2.369274678800903366e-02,-7.890487561483149059e-02,-2.799882242080982755e-02,-3.395166389974397202e-03,3.120451740833193183e-04
1.724732667051707274e-02,-7.980268607378433743e-02,-3.644690402564536302e-02,-5.666815387919388845e-03,2.593086552270865970e-08
1.962782602294136508e-02,-8.006375781318249285e-02,-2.020593645807553657e-02,-1.134544090693738461e-02,1.427268136509341673e-07
1.653690650392946812e-02,-9.011946134526951924e-02,-1.829720201771158766e-02,-1.342064273683125572e-02,3.397734883858651225e-08
1.836548293408872198e-02,-8.938888609834522159e-02,-5.456911693766654421e-03,-9.726921129206967526e-03,2.509650593461747488e-08
1.480041470275999735e-02,-8.980070371698355147e-02,-1.659093960089959296e-03,-8.269576324644775309e-03,-2.920468225747253252e-10
4.462675293141583205e-03,-9.126973011369189648e-02,-1.933962660296629013e-04,-9.449385052560183235e-04,-1.734445439275205050e-08
6.896007132170314628e-03,-9.468646556385680590e-02,-1.176062776040491784e-08,-7.312038529823511324e-04,-1.042003821959816817e-07
5.243743815549340012e-04,-9.272248644375293003e-02,2.641267924359653928e-09,-1.905219032057154811e-05,-1.038742083670056856e-08
1.420011413817964590e-03,-8.751370400558762530e-02,2.306466256242638944e-08,-1.077017852307484021e-04,-7.178537109590161430e-09
1.203601186100342274e-03,-8.851625766865474365e-02,6.865461804407139209e-04,-1.110798995532932213e-04,-1.194923905776346155e-08
1.506809256954812909e-03,-8.470465812151846408e-02,1.620497970432143234e-02,-4.086152828931222613e-05,-8.545478771419862806e-09
5.616338420593308678e-03,-6.646344329113226812e-02,1.926869440914231318e-02,-1.221142340112959791e-06,2.970093596072380537e-09
8.153809916751289175e-03,-6.240888641927747060e-02,2.702073448675907166e-02,-3.195493342976533880e-05,2.811237241518867399e-09
3.915309591572235272e-03,-6.785500972457240987e-02,3.421138767447345908e-02,-5.028980437219086977e-05,2.215844152471330036e-09
5.938028065612003387e-03,-7.155822619641102889e-02,3.131840288354038881e-02,-2.406835831341228569e-04,-4.731236646420293655e-09
9.466137274387660281e-04,-6.632631233719481212e-02,3.469657017056095721e-02,-6.370737804061858993e-05,-9.306303717936769639e-10
3.128977675823580058e-03,-5.874461386387056644e-02,3.961676915270050114e-02,-4.799341589268189736e-04,3.101502467174626616e-10
4.742752252132619722e-03,-6.007657928355774474e-02,4.106928692645645668e-02,-9.558324367170181399e-03,1.350036234369995156e-09
6.499117396913036727e-03,-6.717544824546996252e-02,3.469168751937208584e-02,-1.033256827439602531e-02,4.636411343110649805e-09
3.216579732085569476e-03,-6.179366855922380913e-02,3.099268797265277223e-02,-7.868091768875999995e-03,5.091483962229299873e-09
6.922770276967992777e-03,-5.865520878653986137e-02,2.326531087802454975e-02,-1.803684383000564787e-02,2.667470821254142319e-08
1.332279282695709522e-03,-6.046780157314802367e-02,2.470694350823497698e-02,-1.870943322649048710e-02,9.886721171709585868e-09
2.684593423295343205e-04,-7.596695418446464121e-02,2.507158480746774984e-02,-1.395994649785270089e-02,1.309394396854098459e-09
5.299964570950263520e-04,-6.705505187863795846e-02,2.394312374435551144e-02,-1.116755202866350979e-02,3.310176339920590155e-08
1.936956987808838944e-03,-5.225675316028396272e-02,2.706216536032964720e-02,-1.706944688111847186e-02,5.025715996572840111e-08
1.707133152096304302e-03,-4.776694983765456676e-02,3.306890219297393269e-02,-8.676351237968242883e-03,6.486140385681975817e-08
6.463506345818597703e-06,-5.931993384097456606e-02,3.819162428933304404e-02,-1.724940024443461254e-03,2.708596597514687962e-07
3.089150054754929899e-04,-4.861498934392863985e-02,4.720270737239244674e-02,-3.365894155306426924e-03,2.147668981813354017e-04
2.470602504957238911e-03,-4.715474806187611168e-02,4.436952020606482056e-02,-1.010990891074071973e-02,2.049401494198804666e-05
1.711222994634150306e-03,-4.841638925870904442e-02,4.959392325812358310e-02,-1.424114554871313242e-02,1.055352274580597226e-06
2.742588785023348207e-03,-5.361443970102398177e-02,5.067248318971636495e-02,-8.372835681470866195e-03,6.108915184959821676e-08
7.438939124877016161e-03,-4.488106176519567753e-02,5.621543465405767770e-02,-3.540611663679113334e-03,1.098267220136305628e-06
1.226148116729035460e-02,-3.265460794131625627e-02,5.392145487020998801e-02,-7.586043696254772366e-03,7.545632259027234054e-08
1.752961671420440529e-02,-2.882809399562849192e-02,4.246094663691873244e-02,-1.407902188117764013e-02,1.015823060895357311e-08
2.072393443783674891e-02,-3.369677101350860432e-02,4.770653615229902139e-02,-1.541804424842476914e-02,1.984027743348658075e-08
1.878312314896128654e-02,-3.145436581646356144e-02,5.394880081662495330e-02,-6.438321115561548499e-03,6.957880746789251904e-07
1.798326297222072739e-02,-2.094427405423772426e-02,5.430761938362007463e-02,-5.362081260446756488e-03,3.984498556189839652e-07
1.797818836148322788e-02,-1.200681850272232280e-02,5.743990964273630595e-02,-2.536109821548277691e-03,1.606311458715504225e-07
1.950402676931638907e-02,-1.260060753727565430e-02,5.064348849826964122e-02,-5.544512474299921091e-03,1.015592592050647471e-07
2.074829876713556870e-02,-1.641421423607796522e-03,4.616333720477797803e-02,-1.427459104459550122e-04,3.124952456429412937e-07
2.397185533238157390e-02,-3.524700121880731272e-08,4.634599288017478974e-02,-5.432834963531437897e-03,2.987964746673200545e-08
1.763189925674687325e-02,-8.057078122001817155e-09,4.598351327328515509e-02,-4.454965531932630722e-03,1.454357283131311784e-08
1.412197740437933988e-02,-1.594886730641313638e-08,3.583714141208030335e-02,-3.430056114962633934e-03,8.608139765658164143e-09
1.768300588012359023e-02,1.096265250712281622e-09,4.265932851030677236e-02,-1.043098867260132206e-04,2.342859180282031511e-08
2.027959776338532014e-02,5.861641697913949508e-09,3.003466103105301155e-02,-9.723453697860778453e-04,7.060440321016769841e-09
1.482729638608026521e-02,1.316518280334850104e-08,3.565009458368448986e-02,-7.170676541057055780e-05,7.858743979316546199e-09
2.279764256981579515e-02,1.093997611966912480e-07,3.740048907369825093e-02,-7.487259149189804223e-06,6.318069387453807227e-09
2.077843082284255155e-02,2.339298335693362733e-06,2.926549255270674554e-02,-3.855949161834415209e-08,1.344314512480329019e-08
2.152907369592125392e-02,2.169875511570035692e-05,1.737893963057447755e-02,-9.499554135643024828e-08,8.495233273288270952e-09
1.845295843011145881e-02,1.224163204176195762e-04,1.589848629931829918e-02,-2.120537840689702382e-08,1.043024472250826111e-08
1.537541300661543313e-02,3.828763274360849037e-04,1.083376079035348709e-02,3.266622081317775848e-09,3.092746392132206482e-07
1.078516832632519379e-02,7.785271951440993557e-03,7.274595995627690555e-03,1.660224245462163086e-08,1.129833998458022359e-05
2.128869258208768503e-02,2.300877400891566948e-02,1.714549081488503032e-02,1.045606855534252033e-08,2.163763397649398935e-05
1.762296013239056380e-02,2.379031881627844888e-02,2.072083060661204443e-02,2.216684334068298311e-08,5.156405999182784349e-06
1.362120275565307896e-02,1.514126127029848112e-02,1.246342860368441011e-02,1.287568640112255018e-08,2.798040939452430894e-06
2.438069577167874952e-02,2.414675860695134763e-02,1.458405079502501922e-02,5.291591753548020904e-09,1.601733773670219754e-06
2.955413401004031507e-02,2.376924625126053750e-02,1.357503413114152834e-03,-1.724451117262029485e-09,1.797154739493691520e-08
2.867469719513211085e-02,2.831981106825713981e-02,7.659514050813417789e-03,3.422797853815838290e-09,1.050424309406086209e-08
2.348372356493606816e-02,1.753961690537700346e-02,6.583662622527786806e-03,3.260801426900411257e-09,8.153299445603065816e-09
2.890453334803504137e-02,2.599635708975593998e-02,5.836499832739465259e-04,2.973109461196494295e-08,4.338842208988312619e-08
2.764204326560416869e-02,2.894455395653062341e-02,9.886858189358021176e-05,5.623654544072989683e-08,9.081715920990075602e-09
2.244639642515845399e-02,2.261906744730687521e-02,3.384754087944442870e-04,8.800631869704976577e-08,1.136428788010621280e-08
1.319401221800678252e-02,2.450801103671210873e-02,1.843448953766332540e-03,1.068231596002527013e-07,1.222845047240413647e-08
1.791289577095682428e-02,2.247449255063252091e-02,3.792130538956219499e-04,3.988093890242983340e-08,5.903826437411589130e-08
1.806903110573221741e-02,3.133353007004787555e-02,4.343508814990079025e-05,8.414322091060062104e-09,8.825726954004711125e-09
2.310616021739217429e-02,3.760829965226274163e-02,5.137127025122632984e-08,4.609969938777011082e-11,2.983193295939722474e-09
3.081733405729573938e-02,3.539009460854015965e-02,1.831846754413094011e-08,-6.692247508213885237e-09,1.045317741604069438e-08
3.169188683472713708e-02,3.526611779796304941e-02,1.349250355879789153e-08,-4.188840120301029532e-09,1.834550483970919104e-08
3.270223230524287039e-02,3.654913678751459810e-02,-8.760897534988585415e-10,-5.732844787482202016e-07,3.586337572250027607e-09
2.654381948629566321e-02,3.502194917045602096e-02,-6.627855741359341830e-09,-2.011094977077666958e-08,8.273366742100077050e-09
2.784971233167976568e-02,3.393309125997596293e-02,-5.272324504924987908e-09,-1.016802482093422086e-08,3.459501867813729952e-09
2.000485940943948562e-02,4.106787642912885367e-02,-1.468701065304915021e-08,6.049565364515417495e-09,1.152873933990001123e-08
1.925306656779721820e-02,4.314737042794607180e-02,-6.944322226614131864e-08,6.010526279523202237e-09,1.271881855998894755e-08
8.408718147909763352e-03,4.279325923025674439e-02,-4.208750918311020849e-07,-7.814944353764676442e-10,2.822725380667346496e-09
7.099518841816073421e-03,3.209029468668635893e-02,-1.001866490176974368e-05,-3.656028531733464616e-09,5.513135694804253294e-10
1.186861010195299111e-02,4.045229498442883681e-02,-6.984260014689393204e-05,3.263508322418727805e-09,9.514713736111124738e-09
1.446096412310607024e-02,3.635846208884659092e-02,-6.433917931472527300e-04,-2.122643276201440376e-08,3.027480400740404916e-09
2.567840740972579874e-02,4.228995246213684833e-02,-1.021827536482890555e-03,-1.076900921215717236e-07,8.259622990442040297e-09
1.108049940905026821e-02,2.956241077929356448e-02,-4.129471184666813101e-03,-2.029667806777375036e-05,4.120883314685746561e-09
1.517632040296283680e-02,3.226987899735121734e-02,-1.135761782845007268e-04,-1.701053623903968533e-03,1.431707372765595867e-08
1.151798531317490756e-02,3.137544479089247190e-02,-1.995575868388456116e-04,-4.456289628284132778e-08,1.432606077366886900e-08
2.119966287559846285e-02,3.312822745366333227e-02,-2.786306612157558480e-04,-6.318477431624289456e-07,1.542900615099350333e-08
2.588683770355290972e-02,3.736616664749137923e-02,-9.681694694858614353e-05,-4.921730971333243033e-03,1.805845779057726700e-08
2.335935808780916986e-02,5.199449785534333845e-02,-4.546877894365349471e-05,-1.516092973620318574e-09,3.808746895270145934e-07
3.461905091657136585e-02,4.397292899800332028e-02,-6.140944737172130590e-04,-7.292223192195899125e-07,3.676244012411683282e-08
3.209967931505579991e-02,3.333206806374201803e-02,-2.927010604705048802e-04,-1.225949734971934664e-02,7.481293358321022704e-09
2.470347487267545578e-02,3.230664952913798321e-02,-1.739140068776238253e-04,-2.511986536936045662e-04,1.169435257980422844e-09
1.994143171264858502e-02,3.639826822795902417e-02,-1.855133086262137075e-05,-1.748891756118711882e-07,2.796231355428515858e-09
1.266778685686814719e-06,2.422301601268538100e-05,-2.730100975072000088e-09,-7.699960784276668399e-03,1.022137078005997456e-05
3.133088929752219135e-06,7.308913630152851031e-07,1.253171616037245180e-09,-1.655028076978263749e-02,3.079438699089716958e-05
6.383474737525488338e-06,1.180673339514878836e-07,9.080801580965129854e-09,-1.263464550850442944e-02,8.505012325777857056e-05
1.828795843020312062e-04,4.895430056554079125e-07,1.275623461023395518e-08,-2.261701444130273519e-02,9.644282393476768535e-05
1.625106291468246316e-03,2.379533487607854593e-05,4.458288995651448746e-08,-2.777718061196083124e-02,1.170666623303146377e-04
9.634888706668622580e-04,4.249204060238241177e-04,2.371896579597649029e-03,-2.429075835311575102e-02,5.308786643865399599e-03
1.755149582755704705e-03,2.354394459627821585e-03,5.088718498687932849e-03,-2.725081630840019142e-02,1.557945227139357919e-03
1.745973881145984250e-04,5.165006265863576577e-03,9.553837958937749439e-03,-3.099640302417515370e-02,4.950317516528446185e-04
2.367316756551265814e-04,2.875245363593731824e-05,1.150330032851180212e-02,-3.740183671463612886e-02,9.207782612180643493e-04
1.768186434624611299e-04,1.591810991535349412e-03,3.200514494674391950e-04,-3.536406054460683457e-02,1.980586199736079401e-04
8.443952622454124266e-06,1.585063161257131833e-03,7.025100915393626002e-09,-2.885035475236343711e-02,1.342565608918149238e-05
1.076928922683660975e-04,2.918932037736929851e-03,1.070216283976272533e-08,-3.184432685928025725e-02,1.271118739590153561e-04
1.364522392848896735e-05,6.612160933340742973e-03,7.826914532460187270e-09,-2.889275795776182973e-02,3.100758472461578440e-03
1.288357010069767063e-08,1.999885018447151303e-02,1.403367437003892817e-08,-2.470863968325057169e-02,4.246082618905715721e-03
1.083174388018829619e-05,1.838126532414717518e-02,1.244954259852226707e-08,-3.162869580548104131e-02,1.045450876821649513e-02
9.988664946225228722e-05,2.154188046279387203e-02,9.526340687605515591e-09,-3.689919878099857248e-02,8.413939005966809132e-03
2.023182691205074510e-04,3.238337721824551679e-02,5.941372774414396848e-09,-2.933329434214168932e-02,1.045609729523505442e-02
2.949650219821593170e-04,3.346628987448869302e-02,4.960573958138383115e-09,-3.002188341951511630e-02,1.718013219399661812e-02
5.605951985661867740e-03,3.277989459918156240e-02,1.098235151552420468e-08,-3.132341199586081981e-02,1.628055137844651445e-02
9.428611978437825489e-03,4.481730727929795349e-02,6.777547079104819278e-08,-2.952174787153106703e-02,2.358287824927495988e-02
1.167956682396878096e-02,3.642498428217808698e-02,8.937157822556026157e-03,-4.061664514092942074e-02,2.579766422555164820e-02
1.141175875581836203e-02,2.464569274663623924e-02,4.784051175702150847e-03,-3.791973791987584413e-02,1.701486600723399814e-02
8.454218172499869746e-03,2.143645125369031401e-02,7.417528530702542437e-08,-5.214525275393581960e-02,9.134721888750937588e-03
1.277462651595897593e-02,1.788145851113696200e-02,4.262338781430344017e-08,-6.101715134669589286e-02,4.725465881410304859e-03
1.314195771731617446e-02,2.996103944154253351e-02,1.044533036292328142e-07,-5.462278861147491782e-02,5.631372695754418428e-03
5.571795710142555050e-03,3.573064792659991912e-02,3.529938627936297499e-08,-5.188640104194905400e-02,5.999686409299076137e-03
9.547042767749402623e-03,3.875407257146612494e-02,1.378029806890442022e-02,-4.764896661815236356e-02,5.103161679153032579e-03
7.662119038507810009e-03,4.774210206069445794e-02,1.899294791104894758e-08,-4.257557434218488951e-02,8.215120702155633350e-03
8.041279542727751764e-03,5.368715551383357321e-02,1.510469344041537319e-08,-3.835066688867173890e-02,7.677899853061526982e-03
7.743001136370528809e-03,5.111313508736777672e-02,2.092344132505633129e-08,-4.155026573120928352e-02,8.114835919500771461e-03
3.324185825117083500e-03,4.910726970188779988e-02,1.045702979605526185e-08,-4.213253898074337950e-02,5.396988315734291275e-03
1.001813801712900641e-07,5.846491196052882450e-02,7.608996783125379331e-09,-3.959100355900504326e-02,5.064499848975193182e-03
2.700533593389716550e-08,6.483163544250258870e-02,1.645233096619986854e-09,-4.127099267977103747e-02,8.110566924641763806e-03
8.524945385079391586e-09,7.114521651455077422e-02,-3.685048854722917009e-09,-4.300697885118381220e-02,1.641091340254046890e-02
9.275763135547286512e-09,7.477616126441674615e-02,-5.093703206285465562e-09,-4.407912484919308815e-02,1.165939779678804716e-02
2.379320955044010955e-08,8.285079414383558771e-02,-9.357300284949786690e-09,-3.973631769911072087e-02,4.936912193257948604e-03
8.966745438525908968e-09,9.009238382398082612e-02,-1.531443762842837575e-08,-3.461386314344402221e-02,7.848966561008346304e-03
-1.931305372832152717e-08,1.021507891763859255e-01,-3.553317798061393223e-08,-2.956332403069527465e-02,7.139530822472562981e-03
-2.209059075863895536e-08,8.341940977272047086e-02,-1.482624228108665362e-08,-2.588205592911504635e-02,8.969428867545590697e-03
-2.486638793578619773e-08,8.431523215196563836e-02,-1.271358318915087118e-08,-2.690335779198177457e-02,1.445839203865248099e-02
-1.571961447787177612e-08,8.858663647961607934e-02,-4.634738471018729660e-09,-2.320804274478945398e-02,2.791171904507664531e-02
-1.455143356214492661e-06,7.494291638331954108e-02,-8.398363130439983597e-10,-1.542385964546454970e-02,2.509286237352157875e-02
-1.394852088889817193e-03,6.201409568280646240e-02,1.118656034091893578e-08,-1.904004427654027928e-02,2.793184224755175873e-02
-3.398988591899446132e-02,5.456719998285818746e-02,1.826303568962313231e-04,-1.454000018078363717e-02,4.159083657128388734e-02
-6.860197215939367599e-02,5.984229264891340744e-02,1.078142973739097329e-02,-4.860277561377896863e-07,5.952568099122296230e-02
-1.110926781159588539e-01,5.226453058865399709e-02,1.380026878942128277e-02,2.022665582864701215e-07,6.145969098095285105e-02
-1.438221322944745473e-01,3.776108553094130460e-02,1.535878121546321341e-02,-3.579264800114766537e-08,5.088031865282759136e-02
-1.638648532041119821e-01,-4.780714215092922560e-09,3.274274173724753267e-02,-4.177032916277782058e-08,4.442844588769660763e-02
-1.895171012920554288e-01,-1.934989525003144254e-07,3.471187114980286981e-02,3.271893032349587095e-03,2.720908108995271496e-02
-2.009003390245814868e-01,-1.597134573316928892e-06,3.338367063785804140e-02,1.672711662827132753e-02,2.586443637745463459e-02
-1.999009804656455003e-01,-4.864907331788578078e-05,6.604922788131220059e-03,-4.771125050795326845e-07,9.943480767013351037e-04
-1.972065415361595186e-01,-5.929414845530151575e-04,1.127674855353780939e-05,-1.133190180446525578e-05,-9.522960780817490403e-08
-1.840245298688678588e-01,-6.147224329677313838e-03,9.251059852342881195e-09,-1.047678226913129773e-04,-3.949931441247406250e-02
-1.678015117407078705e-01,-1.190041464217710121e-02,-1.397695863193505023e-04,-4.959869195001138714e-04,-8.669959028908769127e-02
-1.332737187242805099e-01,-1.457459034902107778e-02,-4.706461898051394338e-02,-4.810918732125165687e-04,-1.383276730215476369e-01
-8.422177203982705862e-02,-4.561308209397683114e-05,-6.144766685825125974e-02,-1.571195352236502826e-04,-1.885768184631696487e-01
-2.619827258764880623e-02,4.990493463696727550e-09,-4.955082256746742159e-02,-6.072352552792887383e-05,-2.237345421762093611e-01
-2.659511480290652446e-04,6.085012772890606707e-05,-2.127980896838498059e-02,-7.448258828319957858e-06,-2.306006508033831282e-01
5.189838749327405033e-05,5.330548592108038004e-03,-3.775395010991610297e-08,-5.296560334672749919e-07,-2.254599521795869754e-01
3.494756062272021124e-02,2.887038231467203495e-02,3.789419676517340933e-05,7.834722592685439135e-02,-2.025306989549722492e-01
6.357214387739812400e-02,4.209375970788142157e-02,6.546635278465360447e-03,9.764899692949224885e-02,-1.671594777790874342e-01
7.781782880568668959e-02,6.045246287198685620e-02,3.529615458866426636e-02,1.191214395391870101e-01,-1.185465729668698787e-01
7.901443580523177801e-02,5.531657654519369499e-02,4.584180630135858275e-02,1.257588890538455795e-01,-8.204401140007565318e-02
7.271114870555481224e-02,5.474679295459553008e-02,4.905692181038436711e-02,1.354479510813365872e-01,-4.017220526455032859e-02
5.939497355447042465e-02,6.219966940832365870e-02,3.706101466512178727e-02,1.410677674332527498e-01,-2.040254471501378331e-03
3.112831956938550554e-02,5.997988753011578716e-02,2.279145929774204632e-02,1.521025852557647551e-01,-1.868575745797613775e-05
8.884461762409484251e-03,4.813758598309900855e-02,1.359538490301612657e-03,1.484001016558197106e-01,-3.689972741425418212e-07
1.782786803954419493e-03,4.150942116456909914e-02,1.175595813958332548e-04,1.467934749978442588e-01,2.191791350649376427e-02
-1.278417528372083258e-08,3.065087035720200428e-02,7.280160285122049842e-06,1.453258545395373080e-01,5.285180001368593866e-02
-5.507113357843690376e-08,2.215670940957058591e-02,1.237742612064597224e-08,1.434456529735565478e-01,7.004697512259262793e-02
-8.073322341765954584e-08,5.807243959021335484e-09,-2.308483306608664562e-02,1.394895698612876600e-01,7.364900380754070552e-02
-5.208481696274496056e-08,9.763486736968570116e-10,-4.567673933898287048e-02,1.220689602765882287e-01,7.318653026880549139e-02
-2.585166935496523943e-08,-1.573622735533313609e-09,-7.497812936844823473e-02,1.058532699392533277e-01,7.040138010486050868e-02
-1.599678393784864139e-08,-5.108450188059561558e-09,-9.892009959384405471e-02,8.789605490110991015e-02,6.198057830234719040e-02
-1.067169116567481240e-08,-1.983545604430737534e-08,-1.158867117277826431e-01,6.209332021919937439e-02,4.829957769101669851e-02
-1.001798364492024715e-08,-3.654554152074034244e-08,-1.311236899696962555e-01,3.768242140854349137e-02,2.552036011378763791e-02
-1.060656034462582073e-08,-1.685831389514687670e-07,-1.436357567268530533e-01,9.622174769950404480e-03,6.729108454159197584e-04
-8.890782727726106700e-09,-4.325140071814112465e-08,-1.474713665021223918e-01,1.588907289419861420e-03,5.890317565557569007e-06
-7.821456195772939178e-09,-4.497661493354229726e-08,-1.559271530644641968e-01,1.036995543659007977e-04,-4.972967393469905828e-09
4.246905866358355733e-09,-4.729365264238826659e-08,-1.587549217996677142e-01,2.056916590227303081e-07,-1.733808990803035807e-07
1.970141526620092096e-08,-3.802059294463493491e-08,-1.520325327211089206e-01,-1.511288555316162011e-11,-1.105227811873972200e-06
1.237150487657180905e-08,-3.829935132004511958e-08,-1.437696804466022382e-01,-1.334802217133716635e-08,-6.761621488932710969e-06
1.095303772937774450e-02,-6.126959665476058338e-03,-1.399959970980076129e-01,-1.156497231078413256e-02,-8.496851988974688419e-05
1.259949547581678056e-02,-1.563499911581473292e-02,-1.326760603559274387e-01,-2.000518767651284988e-02,-4.680592034666723289e-04
1.627207568797836915e-02,-1.368906000760904303e-02,-1.185369088833501533e-01,-3.049905747012762042e-02,-4.923056490303404683e-05
1.881858218767089308e-02,-6.935970798962576289e-03,-1.089375533952811614e-01,-3.403708616688752575e-02,-1.429914323174542186e-05
2.436329822486668975e-02,-2.258067431921684243e-02,-9.210470489687343221e-02,-4.122746436908723139e-02,-9.202105931924188306e-06
2.877166510491478701e-02,-2.241945129805910167e-02,-8.075229549088602798e-02,-4.342127620690738182e-02,-1.100200563078368066e-07
2.567000477599408123e-02,-3.044382210437153111e-02,-6.735026626939502603e-02,-3.793437276416157522e-02,-7.594728780641385340e-09
1.482394068739900130e-02,-3.318674346352409876e-02,-5.760068084572535912e-02,-3.511671334016292639e-02,5.939400842388471614e-09
1.328620877853204166e-02,-3.777756746829832174e-02,-4.829973560063272053e-02,-2.377724203674037515e-02,1.646670615095242166e-08
3.624235155364302543e-03,-4.718582359792899972e-02,-4.305203504257787417e-02,-1.116018135463484051e-02,4.548731958646598010e-08
1.248549051761450922e-04,-5.442210677841494149e-02,-4.063508493090440404e-02,-8.853910998975222414e-04,2.285747499743019336e-07
3.825498842084531114e-07,-5.117578169099701313e-02,-2.824636632131108382e-02,-5.713517662107320478e-07,8.455083887964236818e-04
3.635146783419121213e-08,-5.934405999419477967e-02,-2.059139022839484578e-02,-2.082197843306507509e-08,3.523466888532737702e-05
8.417706851088710998e-08,-5.680818779027636822e-02,-1.250610670255433363e-02,-1.017140450123478755e-08,1.868461200767890267e-05
3.957321184144276553e-08,-5.011803508031102694e-02,-1.790623309834170937e-04,-1.547915748474825006e-09,4.248343244453149474e-03
1.710312445296636413e-08,-4.322544088113702831e-02,-7.891692873837016895e-08,1.503016464769467737e-08,4.584985024210584681e-03
2.949482459736080490e-08,-5.326134854211447833e-02,2.139131698201496720e-09,4.527287671807895199e-09,1.900580215444529371e-04
2.335468311607434169e-07,-5.121509668869157067e-02,1.525956199954298437e-08,-1.455728119424445039e-10,6.692187716915234637e-08
5.837899349393521672e-07,-5.333006802703928184e-02,4.965022059693594309e-08,4.266006940101135912e-09,4.613822377866926970e-08
1.835773181741378430e-07,-5.042269749499406206e-02,8.857542059863529444e-06,2.325506894106873581e-08,2.564506467133704365e-04
5.411055561133350732e-06,-5.372976212365489918e-02,6.930144375493878239e-03,4.071434424639353012e-09,2.252618283141934026e-05
2.313514523267587864e-04,-5.830261796015643455e-02,1.829636940519717078e-02,-7.666883337117727504e-09,1.014176631598502165e-04
1.576416630316945528e-03,-5.099195086006552691e-02,2.136346031497809647e-02,-3.623508684330679720e-08,1.058939961668378671e-03
2.967510656271684050e-04,-4.448978722173489719e-02,1.905226101760393309e-02,-1.986995861890992170e-06,6.621900548561174792e-03
7.601597956210610560e-03,-4.912862454686106606e-02,3.406999223993004838e-02,-5.387445406552040551e-04,1.089392710943353805e-02
1.103651434543013662e-02,-5.658982174539848448e-02,3.619982649644429284e-02,-8.950737188079491494e-03,5.741281250098577253e-03
2.710220832948354551e-03,-5.565316579277789638e-02,3.631128462886262093e-02,-1.376108021177230561e-03,1.474715574938764186e-02
3.013169987731141673e-04,-5.943384497838404001e-02,3.411262271523684414e-02,-5.774046589747190879e-04,7.118280412825577809e-03
3.718003584329475321e-04,-7.321327573909526543e-02,2.884111741783798588e-02,-3.218380307160632718e-03,3.684824653773886979e-05
1.198198147348358269e-03,-7.051917427363516011e-02,3.686751534360042243e-02,-2.253445194682747975e-03,4.785148630774264012e-04
8.230955479563103507e-04,-6.492140920131174442e-02,4.008483825629657882e-02,-9.686779844528867591e-04,6.188225648268853851e-03
3.498356932752654837e-04,-6.251976817746797421e-02,4.089583701332416554e-02,-3.638923539998412593e-04,9.333887782287468224e-03
1.298525255147240601e-03,-6.336814510498670061e-02,4.641791241009685792e-02,-2.951438078595721316e-03,7.798978358209683950e-03
8.496284953134605744e-03,-6.019435936130260179e-02,5.068561668489032085e-02,-4.444041570295599944e-03,1.068614727761371674e-02
8.755864593030415061e-03,-5.492253361816454987e-02,4.813357631600734959e-02,-1.962498497569328208e-03,9.816508790689749617e-03
7.999534067487660194e-04,-5.166868142336086822e-02,5.235510022124130469e-02,-6.764447609440712127e-05,1.154835812484655486e-02
1.925539867386009789e-03,-4.958856083398831965e-02,5.370130977674381773e-02,-1.806841247314714826e-04,8.664291689882442152e-03
4.942399242290120573e-04,-4.831392886204548265e-02,4.914337247114637652e-02,-3.539723081873185793e-05,9.710214585243454391e-03
6.745622598884217338e-04,-4.242099810421283423e-02,4.640701186267862793e-02,-6.438084534712076291e-06,1.017433109039975062e-03
1.325493383130476959e-04,-4.054086364222131422e-02,4.614955825692294150e-02,-3.807971806759162650e-05,4.433660781930656367e-03
1.687750833414950781e-04,-4.477295117059892915e-02,4.682129043183241857e-02,-1.499697953574980260e-05,3.835958930680884345e-03
3.331631765305436907e-03,-4.139694132491727324e-02,4.819425197075448419e-02,-2.187649065822669641e-03,4.092800908448291345e-05
4.077002044641696299e-03,-3.895280485765902773e-02,5.011581479306893849e-02,-2.062017394251114584e-03,2.554060807032382686e-03
1.530892356396838317e-03,-4.179152057150643806e-02,4.046923686020981181e-02,-1.157364883683443613e-03,3.355751001254723889e-03
5.157712990703648519e-03,-4.720214270615282620e-02,4.759437717395662015e-02,-2.870837450774695564e-03,3.456850242349137530e-04
9.704773302969782814e-03,-4.440085851768801883e-02,4.337166692044978206e-02,-7.432227844240652881e-04,4.051192935980361910e-04
1.454397780105098903e-02,-3.742311881494286840e-02,4.288060283335485418e-02,-2.293289504975896227e-04,2.664791877697988195e-03
9.031067400368323825e-03,-3.607599507041599207e-02,4.534395019935127252e-02,-9.621650430165912260e-04,8.370530922623986049e-04
6.613532447243097682e-03,-3.847636494568493909e-02,4.073957827681642940e-02,-4.160751617709293297e-03,4.514775813711840021e-07
1.592855068934778337e-02,-3.432086574540234303e-02,3.924132580255258740e-02,-1.023628550722727182e-02,2.536983346069521458e-06
9.211816283473487146e-03,-3.260894273914188152e-02,3.437169465580607042e-02,-1.843471780891789338e-03,2.634850378652647310e-07
4.024729615062568912e-03,-2.838251530895427588e-02,3.315592289204163240e-02,-4.163936518043239300e-04,4.700337768519812278e-07
4.353718367248105535e-03,-2.339310694985767547e-02,3.352499441068671621e-02,-2.393478345200003351e-05,2.136837576731488505e-07
5.610402436496875547e-03,-2.258721517734110437e-02,3.116522122569102132e-02,-2.560995131753175280e-06,3.672736639451828028e-08
8.438314112489955429e-03,-2.316651329180313343e-02,3.438576739184649039e-02,-2.981357463429607400e-06,3.308475474397135404e-08
2.704088117470245661e-03,-8.896272953858594748e-03,3.054637647759097380e-02,-4.824442394796007440e-07,1.350570366537650769e-08
7.594611736957367770e-03,-1.340652626579920750e-02,3.139269598794545979e-02,-9.408018090349368632e-06,-2.891708952998203203e-09
1.870459994142641830e-02,-6.273298262955913406e-04,3.053134650503228770e-02,-1.873801006614358636e-05,-3.808266666482548010e-09
1.913362683405392742e-02,-1.293767213933766539e-08,2.916821974162278966e-02,-5.240163554854026013e-06,-7.908412371170756699e-09
1.519531308806462699e-02,-8.954610036467383466e-09,3.835866216873436846e-02,-1.028923590672167685e-06,-2.990632018185870436e-09
2.125366780313220350e-02,-6.530253168192194003e-09,4.015221131874033289e-02,-2.700773091097848091e-05,1.094386178684092052e-09
2.126593056972417642e-02,-2.151238056109848316e-10,4.094921494803283740e-02,-1.290143411397342701e-06,-7.306763760352309772e-09
2.831508524560603229e-02,2.760994938622147137e-09,3.158233746733645625e-02,-2.070484595008201522e-05,-4.517385797827240296e-09
2.084869164577628220e-02,6.313884790509701408e-09,2.718918137966966006e-02,-2.538449220438633840e-06,-3.507036648646281380e-09
1.981671403226654277e-02,8.907362538851190764e-10,2.694441168595869407e-02,-8.793550781600139140e-08,-8.636567830015080059e-10
2.519711493427767568e-02,7.503231308127787726e-09,1.990781735737650812e-02,-1.197809678001489963e-05,-3.223602592697542345e-10
2.997751432291086149e-02,7.179812498961869528e-09,2.151024806869040323e-02,-2.162899238814371762e-05,4.359964234072721695e-09
2.884825256291497983e-02,1.327654641737206477e-08,1.875833719372026198e-02,-2.638201243926713875e-08,1.492070137753675160e-08
2.472151810985990725e-02,1.132505239146120710e-08,1.636410573426450368e-02,-4.192851144559283634e-09,7.463520924523422966e-09
2.456820802683126401e-02,9.264697026398699913e-09,3.191746690554946204e-03,-3.887875951174946337e-09,-8.761818261105862669e-09
2.252060470050516738e-02,1.556540441044367862e-08,9.174297331706073293e-04,-1.536773450471003798e-09,-5.519428193829676165e-08
1.418404977212693770e-02,2.060289956178874268e-08,3.849988498234785395e-03,8.495541186809853824e-09,-2.414085675620513911e-08
1.070972767487925539e-02,1.592839515993304104e-08,9.334597043478399733e-03,1.338540121883555826e-07,-7.294456806486827488e-08
1.531742948204030917e-02,5.236940249476591364e-08,1.557470974485872413e-02,2.427278121315262778e-07,-2.198468974852349008e-08
1.590718437088875156e-02,1.097681263067582213e-06,1.120551144857439771e-02,1.974326597684957549e-06,-8.032338372188466012e-08
1.480179019925458375e-02,2.874895679514142361e-04,9.582725718151958311e-03,3.872527442925604465e-07,-2.109337006108729602e-08
2.065959937862593687e-02,9.689356815108638072e-05,1.020763729989369352e-02,1.337771199331478081e-08,-1.491431088199099949e-07
2.476683902551121003e-02,8.037128244879011211e-05,1.233750597332599220e-03,1.512172779367529492e-08,-1.159364617038589464e-07
2.559551956481263824e-02,2.418148035168514703e-04,5.399461852254343492e-06,6.720474219048969188e-09,-2.113608249903899112e-08
1.875915139620012648e-02,3.772153799547867462e-03,1.643559157477825467e-06,2.201688417669641370e-08,-4.845969877959901139e-09
2.177147876442057581e-02,1.000338949794094641e-03,8.930927431749090096e-06,1.726387602428935975e-08,3.952507499733276503e-10
2.656603650233996250e-02,8.243461007875006741e-03,2.990421035573483189e-05,1.284431360987048464e-08,-2.220628129167595490e-09
3.120135963373385155e-02,2.209951754832343782e-02,3.883950583049572171e-06,1.147312047801649559e-08,4.475575026102398939e-09
2.747949031900430786e-02,2.816098808009692006e-02,4.822845461986429520e-08,2.652789642023794424e-08,7.836465321779707797e-09
2.127083052072813174e-02,2.714823752435132839e-02,1.474887095204950571e-06,4.990009189734150835e-07,5.284869156199091180e-10
2.634276255916928600e-02,2.557979678980947316e-02,9.634469416448730850e-09,1.569046885936666464e-07,-1.681616904821042282e-08
2.776045632918398842e-02,3.083874012056342373e-02,2.541157672326205283e-09,3.652206411716590948e-07,-1.484056948150820743e-08
9.496021305358781986e-03,2.664345827789128124e-02,-3.382366627186780094e-09,1.257649917251211290e-06,-2.766374377687395226e-08
1.234418763735361906e-02,2.214817180251053841e-02,-4.199953145517781571e-09,5.487040465825901041e-07,-6.508095121407851797e-08
1.542187873141840845e-02,2.845848195955567178e-02,-1.241491120268118897e-08,5.130434149716361319e-06,-1.456730027400548739e-08
1.358046673521637847e-02,2.873369459539980991e-02,-1.894886404937827813e-08,2.048952351908677721e-06,-3.379892078146336389e-09
1.556322725389952012e-02,3.800314795813079100e-02,-2.085816901481321609e-07,6.337585895980019739e-07,3.470954642238127278e-09
1.539814050788436764e-02,3.080760187630037991e-02,-2.008588755057291465e-05,2.826133334279128338e-08,-2.686685540985546842e-08
1.719912806955108814e-02,2.827283931921189403e-02,-1.815697092719875466e-05,1.659633491240129794e-08,-1.696227799271879483e-08
1.632914544250540015e-02,2.822623912938175550e-02,-1.678485572186901714e-04,1.645121984505223337e-08,-7.397825764717793504e-07
1.025603591015186895e-02,2.929597684857702250e-02,-1.497879433290178397e-04,4.044572899306867642e-09,-8.602479965494878225e-07
1.239894897064786582e-02,2.591484945099841938e-02,-1.183895901292752881e-04,-2.467250185761367757e-08,-1.766224114773449015e-06
1.360963646937745838e-02,2.981332800591833532e-02,-4.458939569170091815e-05,-1.385058425134078904e-07,-2.062298909679158108e-06
