4.356608852205844978e-11,-8.385676840578158091e-07,-3.400429836752690005e-02,1.552636361785992083e-02,-7.024834109685502634e-04
-3.847799309821842167e-10,-6.770314843578026829e-09,-3.299615756419815166e-02,2.370027095669432343e-02,-6.524597168639749553e-04
-1.710671266975213002e-09,-1.833907663385547518e-09,-1.885803340186697694e-02,3.174122455029863149e-02,-7.062962371210428890e-10
1.820253682804887412e-09,2.287970189285475729e-09,-2.290869731437052831e-02,2.964858613914637953e-02,-3.124762284168970585e-04
1.073674206511617685e-02,2.716745122036471291e-06,-2.326973045004437218e-02,1.392716399408828153e-02,-8.194525232373310944e-03
7.722902804943936397e-03,8.076944444378609395e-03,-1.771022554356032827e-02,9.490903713417306320e-03,-9.296679679218829424e-07
5.129213861944374204e-10,1.051837394480446510e-04,-1.480202718709869650e-02,2.187374959981586153e-02,-3.652315367194839882e-05
1.758188276059052119e-02,9.650994616706404239e-03,-2.036610478249284775e-02,2.487301813718958976e-02,-9.645626688247872999e-04
1.732556718709199885e-09,1.668276847951125769e-03,-1.268761045934763479e-02,1.663357938155796481e-02,-1.046927935427457469e-02
1.592424148318741890e-03,1.304230818188581616e-02,-1.889191759753186192e-02,9.350997392030272609e-03,-9.809741336257353853e-04
6.461338305689789084e-03,1.788245593989823412e-02,-1.185130329559415559e-02,1.040018913150193500e-02,-1.156682278331539029e-06
8.440717411588521813e-11,1.168452403575750455e-02,3.973565986858078194e-09,3.329395037003641394e-02,-3.319504059135468688e-03
2.924732031244868603e-09,2.529359424318496693e-03,4.673624364334511838e-09,2.786425934169447366e-02,-1.226324030794677909e-02
1.003534365151517206e-02,4.552083025569081745e-03,4.015666343167323660e-10,2.897052278318146615e-02,-1.755206508831226403e-07
2.447450777686821881e-07,8.814812435959639911e-03,4.425099042346747454e-07,3.460537322404683147e-02,-6.763273582107900402e-10
-8.184660427802984921e-10,5.355945702395984234e-03,1.702854428480558068e-08,3.987554578288509538e-02,-2.142528126700709348e-05
-5.766688394224890048e-10,4.654822108433698694e-06,-7.703289692402555747e-03,3.263153353745957413e-02,-1.001023674552054508e-02
-7.654186867718807222e-07,3.486224867192039593e-06,-3.079027295132602338e-09,3.766425806833147150e-02,-1.050982517996701046e-02
-9.533011337690968373e-08,1.103837763290271289e-05,-1.011560100877468421e-02,4.517779192301587393e-02,-9.207826117589761397e-03
-2.077999539896715414e-09,1.687160748970602492e-04,-1.691536767705665439e-02,5.482632476286723039e-02,-3.317150660703410312e-09
-3.081811229867211122e-07,6.560923666890068388e-06,-3.252611678019990628e-09,5.872782515601596837e-02,-9.351754113598046217e-03
-1.784966811076805468e-08,2.643811630866469125e-03,4.054593942152002522e-09,6.259673355712840059e-02,7.757860201564356520e-09
-2.800434752311867125e-06,7.172929755918200473e-10,6.643948861641778034e-09,7.561319675778986615e-02,3.951929962869768892e-08
-1.030723369474724194e-08,4.534439109826965582e-03,1.220591506036498713e-08,8.270289375980052760e-02,6.591110961414489328e-09
-2.334757615545138302e-08,4.060236405491305517e-03,1.907756206251096187e-09,7.941308922380897750e-02,4.446170723882751120e-09
-5.922208944040528902e-06,1.875904759569029908e-05,3.314930488352807700e-09,7.723477741747741820e-02,-4.534638772766475851e-09
-1.131936507868544479e-07,1.993109256468249606e-08,-4.301552227842840458e-10,8.248887629545294253e-02,1.119726877399622133e-06
-5.454787128709322146e-09,5.975879621946931369e-03,-5.013847082873749349e-09,8.206529716639786309e-02,2.229631158032227439e-06
-5.674525076929717170e-09,6.297601106097853703e-05,4.405590634840693616e-09,8.152219566480950474e-02,1.817917239372177953e-09
-3.154565476227906772e-07,8.975188640840116008e-07,1.040009778418346981e-08,8.148518844221666613e-02,2.000777644192339140e-09
-4.514902197665885394e-09,6.084406308834232162e-03,7.754443885851125622e-09,8.129669463361510751e-02,1.825471912540495841e-08
-1.794345330462513482e-09,1.014112109894114294e-02,1.467483355170066160e-08,8.425058416146095908e-02,1.611478238797000050e-08
-8.803815748691281770e-09,1.111450657470810043e-09,5.484186755949207848e-07,7.885585434897227075e-02,-3.991733572257024775e-04
-1.009487371471596460e-06,-3.080477479382014421e-03,8.119011638525128213e-07,8.292535403777807901e-02,1.437505533057083431e-09
-4.462405550187344052e-06,-5.501765590680567933e-09,4.959517775320733458e-08,8.032368429151015565e-02,2.264077910006212746e-06
-2.818009761765875861e-06,-1.884635486244972030e-09,5.386678943731709393e-06,9.654341816005976296e-02,-2.232181989326390444e-08
-1.101962678460145193e-05,-1.398357694211894292e-02,1.682700592472847107e-08,9.985205305684109744e-02,-6.616802482566791835e-03
-1.142448244886459102e-03,-7.036815156844550452e-03,3.186340912060677823e-08,1.014219625052667217e-01,2.309131271867084371e-07
-4.403419081156676428e-03,-1.442604574093641137e-02,5.977811900323691246e-07,1.078006871969205832e-01,2.663277415122254908e-09
-2.608281546737587665e-07,-1.462371383329823551e-09,1.070915867228637115e-06,1.120185961736474972e-01,3.660374877576040575e-03
-5.461322738070372366e-07,-2.336765601223490527e-09,5.641396440492092792e-06,1.046195144976244107e-01,1.150288056503900869e-02
-4.186697326466755180e-03,-9.791726090425046149e-10,5.302927474832890703e-03,9.480946257719449766e-02,2.184127504331181968e-02
-1.728457317299641333e-02,2.254929426672180881e-02,7.408306088910440236e-05,7.523565730911452309e-02,5.995371908186764714e-02
-3.045026879788476082e-02,3.392578696825690465e-02,5.643413889793219171e-06,8.079923336535728418e-02,8.393582048278416807e-02
-6.086754033596705749e-02,3.874324141969594237e-02,-5.637935937936060932e-02,8.569454853683734774e-02,9.390218239633035813e-02
-9.513836303137372663e-02,3.422040897011395522e-02,-6.664698385282345761e-02,6.414031683408220885e-02,9.889007884680912908e-02
-1.173009855147778280e-01,4.640744767518964475e-02,-7.726599416392744557e-02,4.146724859930465273e-02,1.119067838465494236e-01
-1.408250543234143559e-01,4.168802875910009031e-02,-7.880895094359047226e-02,1.021775207137500495e-02,7.709476231289302817e-02
-1.549551864887222519e-01,3.481372121366922701e-02,-7.460666123350254142e-02,-1.039812744998266567e-04,5.650699692212561576e-02
-1.865558813449862130e-01,2.965395870513269985e-02,-6.638463236724945205e-02,-2.071861687419537454e-02,4.634121431124277324e-02
-1.923084012924713704e-01,7.729604407459833397e-03,-6.010028123784359744e-02,-2.048205716327087048e-02,2.421063465353654603e-02
-2.014648159152464257e-01,5.571111174863495194e-05,-4.934289817321915739e-02,-1.460337356717623936e-02,1.227600026738237711e-02
-2.001288866399096311e-01,2.111832734047641407e-05,-4.672504650276894378e-02,-2.740862643957706762e-02,9.051875793619365562e-03
-1.976181232889219763e-01,9.325176883969100761e-06,-2.395721254163526645e-02,-2.873495874961723429e-02,2.708568223724814455e-03
-1.849206161564792839e-01,1.925141932764909459e-09,-7.593980943361169575e-05,-8.074194357751822773e-03,9.116033419252864579e-05
-1.701232320390997088e-01,-5.457757788994917203e-02,-1.314812016285564730e-06,-3.512664113077366296e-05,1.775000162820279564e-05
-1.438703472381623605e-01,-6.405782615266794600e-02,1.061618317081611945e-01,-4.281718388981623933e-04,7.055280307147323228e-07
-1.298987556524364984e-01,-5.491312368496473195e-02,1.573349273179998342e-01,-3.353626820178313029e-03,2.621154168576098627e-06
-9.167482074822906613e-02,-3.929007085245651149e-02,1.956599049656318479e-01,-1.643190599670927600e-03,-2.715407941791308719e-02
-4.328025923977060069e-02,-1.307008093808635987e-02,2.065839341644114535e-01,-1.197572887602674566e-03,-1.651781950189794290e-02
-1.951333233596219685e-02,4.251107323252900445e-10,2.020551464920838369e-01,-2.079080080736349020e-02,-1.524716339422625168e-02
-1.673025105250503051e-03,1.807198988506207946e-09,2.090008766504776183e-01,-1.079860828760375452e-02,-1.236420638988292410e-03
-6.433930745076968578e-05,1.389213792774948546e-02,1.997863976187316815e-01,-1.957911112593605993e-02,-4.105025800709591975e-07
-1.042944307958002077e-05,1.525724132078302636e-09,1.885010376557192391e-01,-1.493390402501151848e-02,-2.963993145390962106e-08
-4.653603886648239948e-06,-1.094237170005954113e-08,1.718737300848966199e-01,-1.659632497815559729e-02,3.186857257516538533e-02
1.513147757959554598e-02,6.033690277568639573e-09,1.347700530393337870e-01,-2.796833518498539548e-02,6.398249234264689889e-02
2.718897670901261263e-02,3.561239436303493405e-02,1.073436854047012390e-01,-4.182669577061722682e-02,8.673931894216263538e-02
3.528685147568192543e-02,3.673226610229526901e-02,7.956340406011286337e-02,-3.970365803038271302e-02,9.785608092037313688e-02
3.683690584042415006e-02,2.919763836201583890e-02,4.414766531087240681e-02,-5.752951092984996684e-02,1.016747591701930853e-01
3.407900590837519700e-02,-5.259824387036696509e-06,1.240183113886052235e-02,-6.023681081112898517e-02,1.100589218814835152e-01
3.464645192424266329e-02,-2.578814552220832883e-05,4.045397562795997469e-04,-4.983986447537222531e-02,1.063587339297299705e-01
2.920884045914449306e-02,-2.817390929624574280e-03,2.612612559713390663e-05,-3.151794708011283752e-02,8.834342193375081809e-02
2.777875955856101350e-02,-3.627790289782996391e-02,7.517698789634802687e-06,-2.822750624817058421e-02,7.853282981504820792e-02
2.791441131900314690e-02,-5.154003182541699174e-02,6.235594672220222009e-06,-1.078397449164211069e-02,7.776257493364223394e-02
2.535977134868896629e-02,-7.412225719156219361e-02,-9.295165857751459468e-03,2.137469804197048254e-09,7.208525069108552563e-02
1.931104804115547219e-02,-1.033245823985817768e-01,-2.562995537143250568e-02,2.640865408080787754e-06,5.896001583553246717e-02
-4.286519290346387404e-10,-1.429363851588291434e-01,-1.996936434261100193e-02,4.231904131867410122e-05,4.030199794776415101e-02
-2.100732794527009727e-06,-1.691779206086892196e-01,-1.238702185782842961e-02,3.232820455065131483e-04,2.938307628068553140e-02
-1.405706295815494958e-05,-1.817440109429558082e-01,-9.817424570401234868e-03,1.777264203910241178e-09,3.552769395776218114e-02
-1.958549183177486113e-05,-1.950268454598261259e-01,-1.612991624313614078e-02,-3.312588712549403607e-09,2.224011823935294341e-02
-1.031453778537063000e-02,-2.059593893216815907e-01,-2.326335542725386265e-05,-3.281705644296345803e-07,9.114823559777093253e-08
-1.330688191302160407e-02,-1.977693763255863879e-01,-4.813593760165900065e-06,-2.884242778916269225e-06,1.159413373616526369e-02
-5.679024256436496568e-03,-1.887671275513926328e-01,-7.406575898902525439e-06,-6.020531808654910178e-06,1.391287132272572488e-02
-2.994742557090862480e-03,-1.748307546920276900e-01,-3.240584906451192231e-03,-1.981033128831894228e-09,1.602090506489051694e-08
-6.721009325225248219e-04,-1.669312627690737183e-01,-6.076289921779070950e-03,-5.018097866644392977e-06,1.304789391832982577e-09
-7.183494332801954301e-05,-1.439498436618047161e-01,-6.537726920068170737e-03,-3.150341492088497040e-06,4.475114726712951383e-09
-2.023091412137708808e-03,-1.127402836436535993e-01,-6.673344798353108122e-04,-2.798778015821139133e-03,2.517505409269196630e-09
-1.032344684691917476e-05,-8.591807598073109009e-02,-4.289389327772853353e-03,-1.209138668438466090e-02,-2.841130782632681643e-09
-5.773520315721928488e-10,-8.133225492671750101e-02,-1.700469250737418961e-02,-1.678073459100460491e-02,-8.049702352355725052e-03
4.192430832786670641e-07,-5.800513642844315476e-02,-2.241706161632368854e-02,-2.760076289364652574e-02,-2.383563346519938481e-10
3.162993449746964951e-09,-4.058856674359851563e-02,-2.207013695965782257e-02,-2.449757801685191125e-02,-1.064944224575130205e-10
5.476344573791476658e-09,-3.886767996262627256e-02,-2.323712297438980737e-02,-2.953957658391202432e-02,-9.951974115909324389e-03
1.132031522389416848e-08,-4.512788879445191192e-02,-3.118517423906113847e-02,-4.116133914505617358e-02,-1.944143198847683024e-02
1.182192730930283557e-06,-3.769792272295584279e-02,-3.968204486735752573e-02,-4.497668454309845798e-02,-1.171333387300449273e-02
1.434185512265239611e-06,-3.122012706651459621e-02,-3.798747829000059806e-02,-5.240426571873067069e-02,-1.071952155835739079e-02
8.154761214511653874e-09,-4.491735385844882605e-02,-2.762528652876665783e-02,-4.323715564365807063e-02,-2.336425857972865283e-02
6.393239205571330778e-07,-4.889878528945606345e-02,-2.839014410857990112e-02,-5.850580745117658216e-02,-2.653412748260196297e-02
1.857956227974077123e-09,-6.200620732916320432e-02,-2.605169191878090387e-02,-5.608989108712284649e-02,-1.949082533789989885e-02
2.898653451242536926e-10,-4.834049025886842654e-02,-2.102311255329111089e-02,-4.835447949274886831e-02,-2.411965871279453735e-02
1.375309292810533302e-09,-4.714512989552487043e-02,-2.651962994318883549e-02,-4.258727975731977505e-02,-3.373651623556815637e-02
1.959336223125430655e-08,-4.428364668698837880e-02,-3.072486017617657300e-02,-4.225622411321162952e-02,-2.861183816541997688e-02
3.372786401339925951e-08,-3.131702549276230846e-02,-2.388607148267932537e-02,-4.001503001200948373e-02,-1.993334098988560829e-02
-9.128273269551892525e-10,-3.403943830577541713e-02,-8.585119784233803328e-03,-2.920127976429894717e-02,-3.626388346849178379e-02
-3.604747920565472893e-09,-2.496879420219476342e-02,-6.603124704214482880e-03,-1.769363324975675028e-02,-4.171154318992405935e-02
8.900774650101981338e-09,-9.310006690739074456e-03,-9.447794565366643069e-03,-2.621652934475795713e-02,-3.405385112850268375e-02
1.704361702816150261e-06,-9.663324046507172097e-09,-1.610672439870408298e-02,-2.219904771367365096e-02,-3.800874804218149633e-02
6.827605830398209291e-09,-5.742180980030082427e-09,-2.966608773174294472e-03,-1.811174271607225716e-02,-4.098282901704406594e-02
6.029483237156615938e-03,2.658747076077430394e-06,-1.102400397645948195e-02,-1.064425040334676838e-02,-4.602492441251986033e-02
8.959091571640671187e-03,2.550443804932500525e-06,-2.071518129371690414e-02,-2.091112749548370425e-02,-4.922818733159552151e-02
9.721234947060618782e-06,6.070610132398190894e-06,-1.267050349141161589e-02,-2.427933819342906197e-02,-5.415020670259194230e-02
7.893430406189422102e-08,2.315333142115067556e-05,-1.262204311597460438e-02,-2.188667626304875366e-02,-5.845887717497556813e-02
9.107721992752194126e-09,2.718751065192586455e-05,-1.321040528970738974e-02,-1.969034527569470810e-02,-6.575220407300419456e-02
4.481964272105036412e-09,1.053178085238420663e-05,-1.747727162005373661e-02,-3.200297749672430248e-02,-7.476835439449813769e-02
5.780537126070777604e-03,4.032965457465505915e-03,-3.175053629141521422e-02,-3.811528020828396784e-02,-5.700045043081621021e-02
1.632068682852660159e-05,3.364277959101241261e-05,-2.532108251773950228e-02,-2.418170918039862921e-02,-6.060686109852120307e-02
4.167794200893317119e-07,1.671231622671100057e-05,-2.009944871943174921e-02,-2.006515704445948137e-02,-6.489950396708073221e-02
2.418403231594926789e-03,5.969602403232453572e-04,-2.248708752868262481e-02,-2.864567765358057641e-02,-7.045754513815839781e-02
1.375120907369888427e-05,3.191787780573997115e-03,-3.120287912260657354e-02,-2.728750452876108762e-02,-6.543066630677117634e-02
7.225712278740415772e-09,2.544015965617137779e-05,-2.012373519329584484e-02,-1.552970272884105288e-02,-6.335572363482720737e-02
2.679459850092436320e-08,2.053342555961013818e-04,-2.540327169204744523e-02,-1.024885960522901354e-11,-6.567138039676093109e-02
2.234639438723027595e-03,5.074057676349029607e-03,-2.683603592757165604e-02,1.241549326253468049e-09,-6.368512943216235456e-02
2.424638040707745627e-10,4.920701570000457839e-03,-1.937061013342647811e-02,6.397822077870076407e-09,-5.941509707519296996e-02
-2.193870933290857337e-06,3.727547812716921431e-03,-4.017732453933229100e-03,4.828776655497417240e-09,-6.082837278511622758e-02
-6.027129767726049273e-07,5.441894241370322238e-03,-7.878931406491943446e-04,4.637220992438928838e-03,-5.952349902510561952e-02
-9.466424163667668420e-07,1.003987480958861247e-04,-2.310125114544266654e-05,6.197490220814542088e-07,-5.984245982954602278e-02
-1.426049318013383917e-06,7.680249732499809176e-03,-2.292937625644891694e-05,3.745364422394806803e-09,-5.730895377704095517e-02
-8.651457880627914609e-07,1.746714427816675741e-02,-7.475770416606298884e-07,1.910000498528248958e-06,-4.746810723566798063e-02
-7.850329442559871950e-07,1.741889727088474088e-02,-5.924481657367873230e-07,1.148005713532195970e-08,-5.584619041840494652e-02
-2.816829773072365494e-07,1.448411784457696340e-02,-1.560786658531314375e-06,-7.166831368331092479e-06,-6.434058747237583753e-02
7.192461848774269672e-10,1.138747741763088475e-02,-3.269869484475102975e-06,-2.759798418576036292e-04,-5.853223642732135329e-02
-2.232044018446868945e-06,1.003986502858378663e-02,-1.051816095194452968e-05,-8.797965572462190104e-03,-6.418063409665740460e-02
1.383694153772386264e-08,1.200589152333118859e-02,-4.618218105911721556e-05,-2.279185477684609294e-03,-6.799305672180469551e-02
-6.838661090330502883e-07,8.776678723602359194e-06,-1.175065930199129405e-03,-7.238940588217418481e-03,-7.841187380144060137e-02
-3.078915101400366118e-06,1.083417756756048849e-05,-1.140542322983884949e-04,-4.417968807660700888e-03,-7.453319528149975060e-02
-5.412884424444241168e-07,4.901521542226319229e-03,-1.506389645449302851e-03,-1.998188102244152515e-03,-5.930712405518413777e-02
-4.152117937568606203e-06,3.087056679371294379e-03,-4.430678390077167277e-05,-1.183471572653199687e-05,-7.238716419940555147e-02
-5.516083415425790848e-06,1.962399104453428579e-04,-3.010535351987394175e-06,-7.534877454715089155e-06,-7.147032528994372302e-02
-1.321923693512925113e-06,5.784722496706460639e-03,-1.295467164737638670e-06,-4.313725006561255145e-04,-4.729925036185978621e-02
-4.323113180348405097e-06,1.982780211240782367e-05,-8.834146537617714428e-07,-6.854554495462690244e-07,-4.601483257645755387e-02
-8.218222775324177370e-07,6.270270135890981290e-03,1.844662504971191956e-08,5.465642876144131794e-03,-4.920692577613314939e-02
-3.733023949018520835e-06,6.631442754258037517e-05,8.947640674633087002e-03,4.058075397609967917e-03,-5.421002327363293877e-02
-1.928309906958579103e-06,4.543506741170925088e-03,1.327362501057494440e-02,1.632292956903229252e-09,-4.273686483024950744e-02
-2.614561569733457431e-06,1.815662401107516824e-02,1.863009844858075706e-02,3.649344705476476051e-07,-3.325978082212028425e-02
-2.046394493993789706e-06,1.171639770761998336e-02,1.946158765944843924e-02,7.173559583026016713e-03,-3.776712439178993991e-02
-1.872587880690928746e-06,6.831885062312410654e-03,1.725793257237548742e-02,-2.943391759110122564e-07,-4.034537100947997029e-02
-1.253475256257726175e-05,3.694914694864756544e-03,3.155816462647922926e-02,-4.707049909203443854e-08,-4.168637516545738164e-02
-2.384504026366377951e-06,4.645484625416013320e-03,2.847445828998596690e-02,-4.312201452543916741e-09,-2.801839929832921142e-02
-3.139962281795236330e-06,2.155844306122416554e-03,2.582559651046660923e-02,-2.091261787115386683e-09,-3.522455184467226247e-02
-5.016358775633116481e-06,1.565265781333354404e-05,1.992992057906916095e-02,-1.404490038067169849e-06,-3.788939388683543186e-02
-7.409554449720408726e-06,1.199395070535811671e-06,1.713647051622978201e-02,-7.967883274034563472e-07,-3.142218560639944980e-02
-7.156965917814872981e-05,6.995175942780392618e-10,-1.687200905658708038e-09,-3.637404500209246697e-06,-3.154771796716605153e-02
-1.544918321484305414e-05,-9.274056468599093446e-10,-3.464502929430657349e-06,-9.479774736337493612e-06,-2.175031855523559821e-02
-3.425992849456518084e-05,-1.098706109108528971e-02,-1.873661941957293619e-06,-2.474758581872725659e-05,-2.776608790197885451e-02
-4.510987753296953943e-05,-3.582066183605114255e-03,-1.333092049409932450e-07,-3.796948548663291539e-06,-1.566890639551924563e-02
-1.343213895488639840e-03,-4.685144425786416135e-03,-5.037141978659603020e-07,-1.810564612531652917e-08,-4.462879648816938868e-03
-6.642981261772050276e-03,-1.108452351940924889e-02,-1.741866695567697451e-08,-3.170546993658246799e-09,-2.727456222663144150e-02
-9.511538012852800358e-03,-1.567938968350402959e-02,-1.142985866172096197e-09,-3.111149878226923664e-07,-3.413208145913679270e-02
-1.177776340773289791e-02,-8.464354848882403928e-03,8.589371712934821150e-10,-2.825151390591353646e-06,-1.254207732211739916e-02
-1.972160475579423297e-02,6.181183549087584055e-09,2.370267073250306375e-02,-1.046269345400451127e-05,-9.778339548059566955e-03
-3.928918441929267480e-03,-6.516975366941667418e-09,2.146440203230123855e-02,-2.334604172682346082e-09,-7.485775007621673326e-03
-8.511993254157444472e-04,-2.583022947412451798e-03,2.707045519992635346e-02,-1.436352052176070386e-09,-9.395541616865012505e-03
-9.572430617424510652e-03,-4.140009128952899471e-09,3.087327696159751153e-02,-2.778124552565844488e-09,-8.705957238514902552e-03
-4.833247818547717171e-03,-2.926385717424858358e-09,1.992119669000909019e-02,1.219681078391669782e-02,-2.721311167191368084e-03
-1.747557560026958461e-03,-3.727895519202800196e-08,1.680007062131363624e-02,1.990008232058150875e-02,-9.541005229323433479e-03
-2.483021878005582054e-03,-1.596027546286609561e-02,2.490973982257215294e-02,1.419690532029234070e-09,-2.426105039115731068e-02
-3.162030603161227697e-03,-7.626204442964294727e-03,2.833288501383907435e-02,1.956895300935578702e-02,-1.700372022195420149e-02
-1.868252275015826235e-03,-1.477346046445326203e-08,2.401757100029286787e-02,2.013508399417603470e-02,-6.040088850052216215e-04
-3.941205011490074225e-03,-4.563917526957921543e-03,1.560743506110265875e-02,2.485788445815892422e-02,-4.786663072597239880e-03
-7.532407678599357828e-05,-1.217767768970237988e-02,1.854247644427759606e-02,1.395838484236340722e-02,-7.363793017908341627e-05
-2.595666462931858808e-05,-1.523238108900824145e-02,2.175119719966135332e-02,2.194049216454680915e-02,-5.148946322300982204e-06
-3.883120024016351295e-04,-2.160569369549160401e-02,2.673850563405816977e-02,2.330840068682853150e-02,-2.614491633600008654e-06
-2.371199543170937165e-05,-2.581404607408472815e-02,1.496518225755641765e-02,1.994035413257455244e-02,-8.244872746496429219e-04
-4.560301510139289443e-06,-2.512725423050392662e-02,5.932019544366512118e-03,1.435574906939959816e-02,-1.324801684400213299e-06
-2.608639942242000853e-05,-2.311116375795883165e-02,4.862514051797470899e-03,2.169149222217129497e-02,5.792603216656378703e-09
-4.331650959214269035e-03,-2.630629571594225724e-02,1.012055925452459704e-02,3.851082328030138585e-02,1.172794094813291669e-09
-1.604649714183771148e-05,-2.184662403821974533e-02,1.064576873063084045e-02,4.271950495803484432e-02,-4.968823932472790249e-07
-1.080789800479565813e-05,-2.879390803656210404e-02,9.021067991951989967e-03,4.484650991461857500e-02,-1.677728070006437890e-06
-2.102956121162308359e-05,-2.842662806813321327e-02,7.515969529935249277e-03,4.690938501636984781e-02,4.404868676618892859e-09
-4.010669367883590823e-06,-2.472741066417707967e-02,1.663990849725386799e-05,4.010390235573046969e-02,1.312764314894361573e-02
-2.140708672361489319e-06,-2.481008370986318226e-02,5.732402156375011621e-04,4.343535273748854592e-02,8.251854267802220810e-03
5.330011829190221644e-03,-2.109588411077755232e-09,-9.754147852698400942e-03,4.038119366164223678e-03,-1.623535667990030211e-06
8.460423629778838356e-03,2.682879471109420073e-06,-1.234979805445929682e-02,7.131923934151849706e-03,-6.479245640949660330e-03
5.143819099934338578e-03,1.035557208863933319e-07,-2.459377505792202656e-02,7.257232482096220864e-06,-6.816532090977538150e-03
5.013092100474629883e-06,1.021868874230015082e-08,-3.208790692560088698e-02,1.182099966535698875e-05,1.832404108562202835e-11
-2.090156526974340200e-09,-1.368702485392751812e-09,-2.364509098243979326e-02,1.937337026519728167e-02,6.038815033134602198e-09
-3.248872904978904620e-03,3.162337571386780876e-06,-1.558452674088799637e-02,2.296301505113896788e-02,-2.758192980140171549e-09
-2.636159959880631997e-09,7.736095664104309267e-05,-1.843924588325899019e-02,1.488494309090349597e-02,-3.631472826720273141e-03
-2.724939664277643973e-08,3.396326302878522902e-03,-1.521624040914675187e-02,2.552037274495906963e-02,-8.085779208566522805e-08
-6.719143519279641329e-07,3.620857966075231996e-09,-3.262790033110498945e-09,4.499704735819572837e-02,-1.573172889157547572e-03
-7.354582130542984370e-07,-2.138345156124841752e-09,7.091110029490605076e-09,5.503382870965444623e-02,-1.649911065214483899e-02
-6.425744952453724378e-07,-6.268283549521516221e-09,3.298946102359455837e-09,5.394851312885906580e-02,-2.398447550554890645e-02
-6.133472079983162637e-07,-2.352654422966187712e-03,1.412570552336804445e-09,6.016380868556844841e-02,-1.185205419505987873e-02
-2.701187133505705549e-07,-2.363518263103266386e-03,3.015306111072431230e-09,6.470796815680124325e-02,-9.403327936237446105e-09
-2.848953017609168721e-07,-2.642966136227593800e-09,2.454270876452677546e-09,5.539983034590334476e-02,-7.312192077919778613e-03
-1.061938891395141180e-06,-5.682155879280421110e-09,5.825175534803151697e-09,5.947961141080952696e-02,-2.109250088754238001e-02
-1.720798168552941230e-06,-3.871391561827632535e-09,-9.167219139498570529e-07,6.394680707655775453e-02,-1.095955293997694958e-02
-2.258196182892759894e-08,-7.475149109878093980e-03,-1.731974627101811465e-02,5.768749478909634965e-02,8.326698907433217722e-10
-8.513854539496710518e-09,-1.841355375051606340e-03,-1.387236072300673112e-02,6.655572350664851200e-02,-1.664992342480456767e-04
-3.854070615384614396e-08,-1.117555213933747044e-02,-1.481353280783465586e-02,5.799872758714449267e-02,-2.403532412450471584e-02
-4.794862158905713890e-07,-5.961781721505850923e-03,-8.931163707259006784e-08,6.294794386673661923e-02,-1.740973492166783543e-02
-5.540071685794816755e-07,-2.188372475369907994e-03,2.454930824759186397e-09,6.941574855451795867e-02,-1.169315439154990609e-02
-7.329679282948152232e-08,3.684748566821541702e-09,6.832817114088661263e-09,7.246526580609649604e-02,-1.813022261938041294e-02
-1.558702585428985959e-08,3.646942625234942694e-09,1.859927897524078399e-09,7.199342940501712862e-02,-2.674545203040050098e-02
-1.618310885286214006e-08,-1.357329921616021364e-09,3.476852728219526824e-09,7.884044390156849658e-02,-1.207661558488448521e-02
-8.769779137226697254e-07,-1.126691320396355610e-05,3.188888277070174584e-09,9.340218448562902231e-02,-7.069454584115572073e-03
-4.016295869204639912e-06,-4.931688817461791011e-03,8.659368167595394610e-09,9.593466456747938576e-02,-1.430476638594387929e-02
-1.091576239316459503e-06,-5.892841269930287548e-03,2.263877462575330988e-09,8.823119104547322289e-02,-3.082385245009331559e-02
-1.637721539432362357e-06,-9.301067354021513084e-09,1.297447046462012896e-07,9.071213450402591805e-02,-1.988367468370799696e-02
-1.683678858710298152e-06,-4.201734797272801102e-03,5.463610933537052467e-08,9.681043699618152587e-02,-1.381601066777713577e-02
-1.173004151550700090e-08,-3.127550333840826274e-08,1.268741207372457382e-07,1.028726614554870827e-01,-1.348705436134863163e-02
-8.173015644537584435e-09,-5.373729851783949629e-03,2.182027537292755277e-09,8.647557086043787533e-02,-1.899483328360336912e-02
-1.426579756525155314e-07,-5.993177411616921677e-03,2.975262086201246794e-07,1.011106177595133548e-01,-6.825910563310492139e-03
-1.284039377997288246e-06,-7.605782834959796783e-03,2.247930112417341678e-06,1.159457104666884592e-01,-6.848023522584932052e-06
-2.732496221495503521e-06,-5.790398460579263516e-03,1.553360901591675404e-07,1.170315816407880016e-01,-2.193695037384140383e-09
-1.136225559742492605e-07,-8.693683369606972425e-03,2.820905901729765632e-09,1.082446294047668678e-01,5.094725453777228906e-09
-1.543110924272865015e-06,-1.118916156514499806e-02,6.540660145957184991e-06,1.175542197109131909e-01,1.871792877684986798e-08
-4.671551414511382192e-06,-1.864631415133310988e-02,1.603654490967796080e-04,1.304492136913128209e-01,1.185670440199957179e-08
-7.853722562659938802e-06,-2.286569029621571963e-02,1.229213235393270681e-02,1.243759770146089239e-01,-5.124062436792321708e-06
-1.771782816292467611e-06,-1.551620393062692408e-05,1.604640802850607756e-02,1.072418339101460227e-01,4.666432061001073477e-09
-2.828844431113673354e-06,-6.534234049459115498e-03,1.250944320777671974e-02,1.075702741465186935e-01,7.094704761091323066e-03
-4.656882773385650204e-06,-1.177416599821824606e-05,2.040012357482054450e-02,1.170141137095787459e-01,1.568054950798626959e-02
-3.616825578888666385e-05,-8.235555357391386731e-10,3.526845056660307676e-02,8.771418012876917858e-02,4.626984964633201226e-03
-1.020370630079721515e-02,2.415235975481954287e-09,2.946844980978128095e-02,7.006061107400611554e-02,2.289324459574261506e-02
-3.942810386893066260e-02,2.767757626624775535e-02,1.374984065495776168e-04,7.501405436492529499e-02,7.002140200562050054e-02
-6.857912046255673633e-02,2.966754484056377886e-02,-4.457204259992148637e-09,5.963758430547452111e-02,1.014444193804348859e-01
-1.071429034313240158e-01,2.614574386988300497e-02,-5.230875686722170209e-02,4.087700733713613838e-02,1.010427418602601463e-01
-1.230398419736993543e-01,1.650613496713529069e-02,-5.402718888989887364e-02,2.878650286914534451e-02,7.230465847574901739e-02
-1.422794869130083184e-01,3.400609137351763567e-02,-6.030609434550798093e-02,6.344953815082683170e-03,5.914060383713248825e-02
-1.765090138794698782e-01,2.157847819487280355e-02,-5.619544121559520711e-02,-3.115250487375322626e-05,3.870324009416503674e-02
-1.760722735290252416e-01,9.934508628213158457e-03,-5.051779537961535033e-02,-1.903319247970554698e-02,2.094315089988111819e-02
-1.831861821348046149e-01,3.297652134030252294e-05,-3.420933732243072040e-02,-2.761547645648974175e-02,2.506229445824434670e-03
-1.881254730471803305e-01,6.865562260020409115e-06,-3.572428725746153860e-02,-2.431493683983283402e-02,1.827395126653068649e-02
-1.928688986335844735e-01,1.172862370058673869e-06,-2.278261676940928834e-02,-2.377261450386587011e-02,1.111070672858645997e-02
-1.759358843650104809e-01,4.468938598910515912e-09,-5.828266985298390102e-03,-2.616663484943836451e-02,1.987854424235167556e-04
-1.582762031423129712e-01,-5.681582377905083914e-02,-3.598527010066387603e-05,-1.385324918900592353e-02,2.072864482758148317e-05
-1.415544747442335216e-01,-7.042868741846243508e-02,-1.796782878083846187e-07,-4.140241475038920712e-06,7.482091660319398904e-06
-1.292339763110276207e-01,-7.897342815362237700e-02,1.039024573142088986e-01,-1.654732535054741971e-07,5.311535154762704205e-08
-1.104557546980227956e-01,-7.514399956820429216e-02,1.315308242162605834e-01,-9.088859312058579024e-07,-3.539840310804884260e-02
-8.436755211731425397e-02,-6.125943458968036853e-02,1.453327771798731960e-01,-3.514273856242346708e-06,-3.572110798307392282e-02
-5.340335958188620336e-02,-4.095737462776651711e-02,1.481192290952332846e-01,-2.294203745138226376e-06,-1.257692072712641128e-02
-2.490083834551152023e-02,-1.768060915281702977e-02,1.549147838259194443e-01,-1.016219253245776233e-05,1.001813595857315506e-05
-6.432370073021284954e-03,-4.696111098341945174e-10,1.527158335000404765e-01,-3.775066470795275883e-05,6.371760527404936314e-03
-1.404824915513567998e-03,2.757499726768937627e-03,1.448015051049026392e-01,-1.083374752511875281e-04,1.665834449219761454e-02
-6.340822019430548530e-09,2.136598098199497808e-02,1.271069869393313956e-01,-5.371649803691337698e-04,5.497856575188809353e-02
4.320281277491106008e-06,2.034039927611065030e-02,9.661958996372722874e-02,-4.511706897817795679e-03,8.800673431126597446e-02
5.178798606845588436e-06,2.586015030712562196e-02,7.024946103121917917e-02,-1.938512877712336366e-02,1.126828776021087525e-01
1.577984194681362131e-05,3.348595616646592860e-02,4.004191698365392599e-02,-4.125513002656038680e-02,1.190171642455311873e-01
8.754226695884236020e-04,4.624766260954771280e-02,4.050221788209596233e-03,-4.333960644446403082e-02,1.395359414817939347e-01
2.733211523160638656e-03,4.701481054968680712e-02,3.490119915531491679e-05,-4.996078514601805243e-02,1.614220865658131387e-01
1.022868000701711994e-02,3.410122360940486680e-02,9.474995521579144457e-06,-3.849720617727792754e-02,1.541744504187212983e-01
9.851226261250522337e-03,-2.485637321530479514e-05,5.985967466354570889e-08,-4.368516600472822226e-02,1.368300345163233900e-01
1.186076444875511574e-02,-8.035556966162227819e-04,-4.281180703529433029e-02,-4.059690606624810627e-02,1.533905433029482124e-01
1.132211516243349959e-02,-2.798896722482076618e-02,-3.790706218055626964e-02,-1.752454852316637155e-09,1.419903567600066807e-01
1.778784195132557602e-02,-5.573739045949166471e-02,-4.343122401612273253e-02,8.136273767931329762e-10,1.223997737374125788e-01
1.922051735416153637e-02,-8.902584455418804943e-02,-4.971430295834126240e-02,-3.054870488109874202e-02,1.041952563258805170e-01
1.696300284903210984e-02,-1.011388043521960489e-01,-4.576175375075747925e-02,-3.384882643525841811e-02,1.039253524967196501e-01
1.574354586140241236e-02,-1.274451118212211742e-01,-4.386151117021212104e-02,-1.906782332815568429e-02,8.541543026908364478e-02
1.073476535330037361e-02,-1.512796637588223192e-01,-3.635475468807459337e-02,-2.780581127325474147e-02,6.218551043572650289e-02
5.864510478313683661e-03,-1.596072577946127669e-01,-3.658280629151862418e-02,-3.630463053657627392e-02,2.709161483749499347e-02
5.027765956485547737e-08,-1.544465184069819530e-01,-3.910119305593087041e-02,-3.205923460089635940e-02,3.645161100105192425e-02
2.055226512917240727e-09,-1.447913150319808939e-01,-2.573876577555754899e-02,-3.379043901467282396e-02,1.569525437530436968e-02
1.669847082837371402e-08,-1.304951409916591254e-01,-2.980106306485051648e-02,-4.387576714889676599e-02,5.937906661524561524e-09
8.865198953587220820e-03,-1.086278265054327619e-01,-3.434642976743108173e-02,-6.090827973154400860e-02,-7.245629385612285287e-06
1.006425424660849915e-02,-8.842204974979729626e-02,-3.309646992861663140e-02,-5.909289260678017575e-02,-1.045310039388819929e-03
1.821014935981610239e-02,-8.011048381131720408e-02,-2.219677389009541008e-02,-4.899322571123732040e-02,-1.424450606850062237e-02
2.025873999560613009e-02,-5.270776210023168235e-02,-2.007090700117562798e-02,-7.043553140161645798e-02,-2.904358003634274418e-02
3.390999745268811344e-02,-3.889332135847171218e-02,-1.186554148887326507e-02,-7.571959821995771778e-02,-3.540108021833898028e-02
3.181290911324342885e-02,-2.622272625522344136e-02,-9.859442088200390513e-04,-6.282809490526612695e-02,-2.215785944502429369e-02
4.079298421266145530e-02,-1.863970219781416193e-02,-2.114143473027346223e-08,-5.804140808676076096e-02,-1.140141353542871439e-02
3.975971890835587608e-02,-3.265313725578936500e-03,5.074350910642281425e-10,-6.384334178358444523e-02,-1.609689990862573153e-02
3.548823233660279575e-02,-1.057799179491037377e-03,-3.155865057736234703e-07,-8.264268356993340059e-02,-2.032688609155389528e-02
4.022156308104671979e-02,-1.302685354061947858e-05,-1.357899036540460086e-09,-8.299369211735085905e-02,-2.039966610638851811e-04
3.854389959121269638e-02,-9.106687747282498984e-05,8.933910692215543767e-04,-7.746693966003516396e-02,-2.617774355145801885e-03
3.920288119511370489e-02,-2.609749077204209965e-05,2.261454799272720226e-10,-7.796223718931274971e-02,-1.173369887241518771e-02
3.974983242934145705e-02,-1.191133087715579887e-02,-9.893572415149644307e-09,-9.229948460930061105e-02,-2.921925176984167469e-02
4.275181254212546966e-02,-1.031757083395950549e-02,-1.508310170509825074e-07,-8.849129450328770130e-02,-2.239966320780446135e-02
3.101437657394944328e-02,-2.199146331144396019e-02,-4.805515275273938521e-06,-8.626070096685024835e-02,-2.870054083210509324e-02
1.152924501656837387e-02,-2.556737096189237377e-02,-4.908922042901875620e-06,-9.081020508508196032e-02,-4.036577870465621332e-02
9.495559573876884878e-09,-3.180041391163453135e-02,-1.363289537065456789e-05,-9.967291878049949760e-02,-6.708753847419084149e-02
1.912247396939844959e-08,-2.091433270963595492e-02,-1.974692585669519940e-03,-9.824232501297074094e-02,-4.327737713332073521e-02
4.150354170377711357e-09,-1.035900659962042322e-02,-1.968702213327780100e-04,-8.923288974960762177e-02,-4.695436181591153973e-02
2.772527100862431623e-08,1.012978045727048020e-05,-7.097592977251316769e-04,-9.376720899597223990e-02,-4.657938060625257948e-02
6.749116455329889235e-05,3.270281131794610264e-03,-2.101157143313638759e-02,-9.132934206008572198e-02,-5.105899834961367956e-02
2.951564276576843698e-08,4.360446840461951364e-03,-1.469847474242288315e-02,-7.060107067543734682e-02,-5.362730694940843340e-02
9.803885232646413610e-10,1.370817349685568391e-02,-3.677127507390387171e-05,-5.684385216312581868e-02,-6.432980846138576514e-02
3.111286256887320392e-09,2.279341170255990215e-02,-9.572628286051539787e-03,-6.409013580900704832e-02,-6.725357201960456555e-02
1.804716932064792035e-09,2.441857714222432293e-02,-1.654540742752783414e-02,-6.863083030241419469e-02,-7.443168443634202991e-02
-8.079666217628003543e-10,2.912552660354476158e-02,-8.280082871023372593e-03,-5.917574682593316343e-02,-7.440529155920333482e-02
8.294497570796490536e-09,3.777651398365916569e-02,-1.453699459095670991e-02,-5.805503720722484523e-02,-6.030892884366746004e-02
5.652676515292040511e-09,3.489425665226962570e-02,-8.963965976542890776e-03,-5.895875903297165266e-02,-6.832857781241051531e-02
1.195362504821908291e-08,1.530721057391251465e-02,-1.883139332808432195e-02,-5.885135543883970866e-02,-7.219120783288800192e-02
2.167032395102415550e-07,2.207666648068060816e-02,-1.548567178439682474e-02,-5.439249733331002340e-02,-6.123472820611676470e-02
7.040549337419617945e-09,1.752071532871508908e-02,-9.842819633940354251e-03,-3.839156796677601485e-02,-5.617622278127974017e-02
2.587362347392466118e-09,1.494542018011163660e-02,-8.359168058262689965e-03,-4.380179840631760746e-02,-6.563751132598855120e-02
4.054536137217495228e-09,1.195304656042963558e-03,-8.849697504235837231e-03,-4.925448025582132572e-02,-7.472850350882853654e-02
1.653416984444235650e-06,5.120036572581659721e-03,-1.455173103844286699e-02,-4.101240839420252499e-02,-5.045946847428092047e-02
3.425281438465318356e-09,3.276852301800203988e-03,-1.931011044861068518e-02,-1.988225284284154265e-02,-5.231140665281618779e-02
2.854593560870939605e-09,1.570724336296745564e-04,-2.586787549745396195e-02,-1.663164088503405261e-02,-5.614799235731351285e-02
4.941964883776400016e-09,1.805608690576114301e-04,-2.506485976272115890e-02,-3.141083787632839575e-02,-6.502245207787769876e-02
8.602001489907243782e-09,1.712290428178782353e-02,-3.072811665504486187e-02,-2.011338996679994801e-02,-5.924541317612808111e-02
-3.748816399577124153e-09,1.556437943829680308e-02,-2.245499867508634478e-02,-1.021033871502630488e-02,-5.733459774873915504e-02
-7.347091932692525681e-03,1.183035315898053712e-02,-1.429014667071696124e-02,-6.581584332173270359e-03,-7.081585926942482456e-02
-1.833142239978272992e-03,1.594842901756611531e-02,-1.732209496957395900e-02,-2.161123198322134967e-02,-8.423916167312238412e-02
-2.297045531061854811e-03,1.853087649188100636e-02,-1.209686270676233605e-02,-4.653312850937806056e-03,-7.363908452032792706e-02
-4.455181743351992706e-03,1.705792665113702727e-02,-5.624724419935988977e-03,-8.881878703538470149e-10,-7.497820913835821777e-02
-4.073027082260378345e-06,1.761824881670166765e-02,-5.359206896284148501e-03,-7.956767506800061017e-06,-7.594408298343813257e-02
9.674483538470748938e-09,1.812197036655400356e-02,-1.073190968299330209e-02,-1.432099921865669567e-03,-7.882244222073309103e-02
5.352762939960954799e-06,3.000736961416792387e-02,-5.736031451957568535e-03,-3.489049991221532081e-03,-6.158737449310276724e-02
1.065106225417866925e-09,2.526951189302419770e-02,-3.434719473495374654e-06,7.886909116410827155e-09,-5.432368650460930870e-02
9.276564613071717966e-09,1.924333946758366790e-02,-4.777186696954886284e-06,1.042504303123377366e-08,-5.795126286761195095e-02
1.134066063562986830e-09,9.802533494222305868e-03,-7.569688161057866182e-06,2.965847110949029072e-09,-6.603040256087230886e-02
-7.205088730505578341e-07,1.321621042401203496e-05,-6.241225274605303984e-07,6.408163098310921610e-03,-5.701344251974679866e-02
-3.076009906550689580e-06,1.171336480498917118e-05,1.265617431183365359e-02,2.580485936898696889e-02,-7.436303821863318730e-02
-4.198394320643479121e-06,4.365474436838643912e-06,1.265920536085846267e-02,3.444371224699564749e-02,-6.822899832073713033e-02
-2.243205117544769454e-06,-1.073354122600316853e-02,-2.741531404848376259e-06,2.734261372088017325e-02,-7.250315215564739901e-02
-2.560908858314959527e-06,-9.909249856621249811e-03,8.090573919757268820e-03,3.937216442529410665e-02,-6.678733751258393581e-02
-3.547396339337745400e-05,-1.809426815754684725e-02,1.332449101414887212e-02,4.229830597136647469e-02,-5.195131339884141719e-02
-2.628546919839175149e-03,-1.465124859672922719e-02,-8.873810452189248516e-08,2.791078495090130313e-02,-5.364236778076707235e-02
-1.430448143729906140e-05,-1.906023870341002485e-02,5.867576417820290054e-09,2.001206204884007842e-02,-5.273936712922369652e-02
-1.439624858630585616e-05,-2.415875542669181780e-02,1.766747693123156073e-08,2.744650445547092144e-02,-3.519751634880124297e-02
-2.183503120893473450e-03,-2.211840923655476396e-02,-3.045610093970012879e-08,2.625961661505804220e-02,-2.833742262520553765e-02
-9.356282604045090801e-05,-1.556648403639260443e-02,-1.605291429667822698e-08,2.306559441068090771e-02,-2.983205952477642128e-02
-5.304749544477826901e-06,-9.954243751897535325e-03,-5.689340933491263054e-07,1.441793179114100876e-02,-2.042619425814406683e-02
-1.683832544784669757e-03,-1.218961325724271343e-02,8.633024622008893603e-03,2.100765560434866147e-02,-1.964519597754979183e-02
-4.609093019765292572e-03,-1.004929956737187630e-02,2.563627292581869416e-02,3.663755728767587039e-02,-2.120155302976027903e-02
-4.438240062556228840e-03,-4.265923833913663444e-08,2.990617895843495494e-02,2.945216271492439100e-02,-3.371669696331525828e-02
-7.204631831156851213e-03,-1.569277018903059151e-02,3.511612360276977762e-02,2.234438404356508048e-02,-5.037528465950650430e-02
-1.357116820029500952e-02,-2.047234439663164762e-02,4.076869870694838777e-02,3.815283825145181912e-02,-3.944753588820960888e-02
-1.401578267803434662e-02,-1.513619207787558936e-02,3.835912465508223984e-02,3.797889453626729361e-02,-2.662193700831214094e-02
-1.189625004907930543e-02,-1.476842559621063464e-02,4.675826866403604010e-02,3.810546331073257076e-02,-2.057463899399598548e-02
-1.197048637862723267e-02,-2.320019033054400784e-02,3.837923368634021254e-02,2.628795163217791456e-02,-3.114423090187866394e-02
-4.558164485566146501e-04,-2.248567198899548841e-02,3.178657685022526214e-02,3.096177452544009168e-02,-2.396443484682342015e-02
-1.043808642292833044e-02,-2.391010272132991499e-02,4.478252127859366771e-02,2.899515739873035139e-02,-1.975528310618948624e-02
-6.860297448620493628e-03,-1.416591221426835231e-02,3.595625287691298078e-02,2.057209136285752249e-02,-1.083703283225230171e-02
-1.045717366949641723e-03,-2.101839889920849302e-02,2.011456474172276798e-02,1.413592873753214026e-02,-1.742463962673822600e-02
-3.915963962538635337e-03,-2.366071530402095655e-02,-9.334546658393572858e-09,1.642891091071625731e-02,-8.081048834803291128e-03
-4.424769742115914131e-03,-2.809882256830354905e-02,1.291913446539612147e-02,3.219269980492082267e-02,-6.662330770283902796e-03
-3.206288291913932543e-03,-3.791877358862091874e-02,6.743303430973823860e-09,3.557300503140040093e-02,-1.645222161582596265e-02
-1.944679227994251455e-03,-4.403241306440518893e-02,-4.940887281134549851e-08,3.847906172627600652e-02,-3.188028568391720885e-02
-1.242227020057948619e-02,-4.628473229043559428e-02,4.847568877426787542e-09,5.040061457659172905e-02,-2.995132597986394085e-02
-2.261944070914106639e-02,-4.546069348199261589e-02,-1.163267964056256103e-08,5.114031818167409649e-02,-2.290119193008625931e-02
-2.359010147444842026e-02,-4.957036757085365314e-02,-4.753338208941421094e-07,4.312067291614046782e-02,-1.442410804949529300e-02
-2.975274914157342160e-02,-4.827238614256065125e-02,-9.837029901220230313e-08,4.128120634676564482e-02,-1.750335499874587641e-02
-3.355140889057436904e-02,-3.835544661874240591e-02,-3.700973153356982812e-07,3.796595431871416237e-02,2.370543345871689005e-09
-3.444153363155837144e-02,-3.336721385502892240e-02,4.088864016211061983e-10,4.749818638505305668e-02,4.453852122190149688e-07
-4.064669509574942580e-02,-4.333237317496341917e-02,-1.749214993540004453e-07,4.148354134718781894e-02,1.930815685341996446e-10
-2.207543315475815268e-02,-4.125486991260505359e-02,5.841865182797838586e-10,3.303638748037734246e-02,1.697499795904672958e-10
-2.178792202189434868e-02,-3.700330958418464322e-02,9.257807066745355612e-03,4.821084234277877439e-02,6.417684067759854948e-09
-2.575224191556324191e-02,-4.954973351210733429e-02,1.969827144859052074e-08,5.799931451959073475e-02,-1.768560784237519825e-10
-1.591337291960281605e-02,-5.042586541879486711e-02,1.296202350592614780e-02,5.867878351914922880e-02,-4.259241981201922320e-04
-5.906837046125767120e-03,-6.107656725541692894e-02,6.037948776136088154e-10,5.301197476095388661e-02,-5.254273800947513451e-03
-1.690081521950990984e-02,-6.337247894185489561e-02,4.740124817902355509e-10,6.027945256028130472e-02,-6.025651053061333029e-03
-1.456535653338601570e-02,-5.808115436784046237e-02,-2.390166322742391232e-08,5.441730143774579920e-02,-6.225773025425441975e-09
-2.198653112565747414e-02,-6.502817577073580213e-02,-8.886828689532707463e-07,5.451215698056316450e-02,-7.940539406016602214e-03
-3.143243044126769331e-02,-7.529268188795150418e-02,-2.522627468533046626e-06,4.793615351712745415e-02,-2.223508315424891843e-02
-2.140333391984849953e-02,-6.426049665452800153e-02,-3.229372794344861566e-06,5.180696580385350108e-02,-1.724694561357125921e-08
-1.607440756702530754e-02,-7.196845083394588782e-02,-3.389805353443894785e-06,5.488345761693463193e-02,-5.132385259615948256e-03
-1.247473918647950750e-02,-7.012617840438972738e-02,-5.011112011532855748e-07,4.408704263211132152e-02,-1.881389711941677118e-02
-1.076253091039798028e-02,-6.338295257934266347e-02,5.498043092741908601e-10,3.471561885816664556e-02,-7.845311093560326798e-03
-2.155668008198191946e-02,-6.156798216062223106e-02,4.827010733928009007e-09,3.952536595645401302e-02,-8.786242797611365507e-03
1.535472681550053772e-03,3.151869291883255062e-10,4.476081053698463111e-10,1.541738230999164204e-02,8.088725553446047535e-09
6.221104268150996300e-09,-2.540553505099468139e-09,3.910980150908749760e-08,1.972181049365938701e-02,-1.732131211727054898e-06
1.332499055895295173e-02,-1.127693889829912579e-08,-4.165984176195605004e-10,2.110542762212322052e-02,-6.224284999985558835e-03
1.383510427043651084e-02,-2.697550235787832012e-09,-9.144089501928355859e-03,1.217792768302296096e-02,-4.935271992266596769e-03
1.313915978541158221e-02,3.647424926994088717e-04,-9.163282790698496286e-03,2.205978559949825155e-02,-3.780443659896362898e-03
1.650835531786957328e-02,9.916876489052364393e-03,-4.151046401574659211e-09,3.032601201208263986e-02,-5.448059574750792854e-03
1.294708256525061059e-02,2.625129052167384913e-03,-1.540640262273848884e-02,3.186652514864962010e-02,-1.889408841442484456e-03
7.438721505133719276e-03,1.053055288454690826e-02,-1.462193059901750053e-02,3.096411934132459187e-02,-4.592871420461884166e-03
1.122539523813998602e-02,1.789380558294147508e-02,-2.132764906669074728e-02,3.142476215292994840e-02,-1.178214760768765863e-02
1.107287534474855721e-02,4.048319350039364557e-03,-2.221027620748292075e-02,3.548674205681223021e-02,-8.597729012877971394e-03
7.977208271470813515e-10,7.304878267296105118e-06,-2.353492824241338807e-02,2.744716850391069538e-02,-5.599281812490973162e-03
3.112318037467343588e-10,1.810683120038062820e-03,-2.629297958690722178e-02,2.746478129852895911e-02,-9.181240608106631613e-09
-2.649899457750266630e-09,5.483337177990105747e-03,-1.960103702885842084e-02,4.127105505109802952e-02,-1.341058403142188273e-05
-2.464912753447119891e-03,5.659874031381095273e-03,6.834936011898132783e-10,5.026977197328633129e-02,-1.850701802273050121e-09
-1.940434166275781682e-09,1.227524490742452033e-02,-1.793460278875232128e-02,4.320151866353885706e-02,6.415468184817058725e-10
-9.500331549786196650e-09,1.303178260623732813e-02,-2.103607143025362433e-02,4.700305683686449576e-02,-1.440121610432306842e-09
-5.582016604439462088e-09,1.230892011574597975e-02,-2.555337776482443160e-02,4.717596435365212226e-02,1.197777785446679206e-06
-9.397299035709258063e-08,7.566171393428873075e-07,-2.085579943654946450e-02,5.739583172553928275e-02,1.069989821182330777e-06
-5.509585684217971771e-09,2.424582213204100189e-08,-3.012946500187891480e-02,5.732574218413350603e-02,1.126516929885350624e-09
-1.457292084550306489e-09,2.137808013366451700e-06,-3.636672254153543865e-02,5.896358212753774475e-02,3.881067383080225005e-09
-3.215448205818038057e-09,1.011143836737966549e-08,-3.200205556682349239e-02,5.817343202990976625e-02,-1.693921243116867491e-03
-1.595899620840665521e-09,9.024435500954083896e-10,-2.282825468531768376e-02,5.008785490005875779e-02,-1.335988287457759612e-02
-2.656988005242779214e-09,2.608071917005704501e-06,-2.566266837710315732e-02,5.168968292454295677e-02,-2.022500530275440564e-02
-3.720232911436044295e-09,7.301740003770525036e-10,-2.656653964086980527e-02,5.314636841005985352e-02,-2.177792678278811164e-02
-2.567807689827881159e-07,-7.691370279729993783e-08,-2.186926511746542859e-02,6.409048935248322365e-02,-2.473405865302383960e-02
-1.256701612290150886e-08,-5.635431410346402464e-03,-2.135571011230042587e-02,8.720314545630447611e-02,-1.519822736752212203e-02
-3.212353069776417426e-09,-3.349209849396480551e-05,-2.567333214471102104e-02,8.439738111525302289e-02,-1.029509605972757195e-02
-1.196820262554108880e-07,-1.125536913558918689e-02,-1.579467434322968239e-02,8.266659710192818256e-02,-7.241594526579163589e-03
-2.515194810997325791e-08,-2.176445826900173276e-03,-1.892570277840407988e-02,9.030855958263449279e-02,2.922482169757272093e-09
-2.592622285474951399e-07,-2.664270320106265538e-10,4.121067493585763749e-10,9.349567049989160328e-02,3.354571447859089458e-09
-5.183913453563068779e-07,4.547393652449537455e-06,8.531892524698366078e-09,8.642797504415934695e-02,-1.702806719407940208e-09
-4.349360395930362051e-09,5.125015787386940497e-03,3.517301105084321658e-09,8.756202965753151490e-02,5.138013597754993355e-06
-1.888640961286564899e-08,2.414809370931481206e-09,1.498592671485900015e-08,1.004933323108232329e-01,2.846602780325304858e-05
-1.611795594764084359e-06,-9.377546946964302166e-10,2.261983513894651678e-07,1.099101901490966982e-01,2.836187046675298171e-03
-1.170984383485294622e-07,-1.073211539557811262e-09,4.000969856771074658e-06,9.906812076114109022e-02,2.662057112692742516e-03
-3.734045491877766807e-06,-4.652699431824671122e-04,6.072834620385512985e-06,1.085968454049249937e-01,1.546829509292862656e-03
-3.152782943086864702e-04,-3.348641577064806821e-03,2.596168890925838261e-05,1.175850647581264258e-01,6.453528387375517122e-03
-4.972860714029909372e-04,-1.464369790047758031e-02,4.628394220375541603e-05,1.210020850645356361e-01,5.938259600080050306e-03
-4.156343518669160306e-08,-1.012942150660080080e-02,1.531354019047647329e-06,8.951837954870407732e-02,2.108148608360122749e-07
-6.016672775806289879e-10,-8.278339343369608689e-05,3.085559974212500252e-06,8.317161728930851095e-02,2.165640214309101988e-02
-1.566850615709167759e-09,-1.025814732860713102e-05,5.337666590851916816e-06,1.038465473231454522e-01,2.078460675700175009e-02
-4.965981560688262008e-10,-1.960614227710161784e-05,1.601374637657800192e-05,7.899056596903150651e-02,2.210590895673650649e-02
-1.643181659558636337e-09,-9.289173043545219311e-07,4.957623704674769093e-07,5.166651879918958412e-02,4.047862406262239116e-02
-3.361497166508886636e-02,1.145419114634426035e-02,-4.525771073664801997e-02,3.037914147674939530e-02,5.206357034332039641e-02
-6.011019446867658933e-02,2.831293341448595444e-02,-8.843828201947030732e-02,3.292304281638838009e-02,6.647096635822083432e-02
-9.544818992414966230e-02,2.400814226045707572e-02,-1.076194721884979610e-01,2.675036168785490873e-02,6.677422804819820035e-02
-1.178812679673736374e-01,2.207256540678719653e-02,-1.160844036582982242e-01,1.379899748524083744e-02,6.294653354356943842e-02
-1.391180362311429941e-01,2.272818218358476500e-02,-1.217739095059540283e-01,1.822436759952154555e-05,4.442127391486695026e-02
-1.642340717318603316e-01,1.890683095158466817e-02,-1.064362231811181586e-01,-1.354956030941832645e-02,2.635306160778853532e-02
-1.803771483372007267e-01,1.908552052507388880e-02,-8.910693853569066902e-02,-2.522109576084394233e-02,2.042984510143944915e-02
-1.762466895630649955e-01,8.281692658581090924e-04,-7.954358459229134148e-02,-3.309173273188027037e-02,5.109923201546696589e-03
-1.857585092629286116e-01,4.890270590824770213e-05,-5.829557509766349066e-02,-3.335433151694922049e-02,5.147298319307728499e-03
-1.851577268971670853e-01,1.951508662694501276e-05,-4.476262225055663291e-02,-3.419246842399954051e-02,1.105459784974918182e-02
-1.791708949574885579e-01,4.626458782279300081e-06,-1.057663394363162271e-02,-1.536749546320110085e-02,2.975381971939499402e-03
-1.551898343581286643e-01,-8.123072632682911185e-09,-2.778256054150547082e-05,-1.746685534648687033e-02,1.292240174357834703e-04
-1.362845522075279148e-01,-5.408621338798514505e-02,7.141613032618031320e-02,-5.603734222142034774e-03,9.322163756952152810e-06
-1.200074516382191731e-01,-5.723551111465384478e-02,1.389956179335823105e-01,-1.121834066939448715e-04,1.765531492503241935e-06
-9.600108049903501028e-02,-6.090532394924189769e-02,1.937810424334056036e-01,-4.232024200449759251e-05,-2.414710784750882105e-02
-5.223756864089677820e-02,-4.088488178832888620e-02,2.182867781134089913e-01,-3.016242754931219784e-04,-2.231969507095541219e-02
-2.492261611246809894e-02,-1.483677387597828225e-02,2.402196623964262256e-01,-8.480029977687517789e-04,-1.267019882268315481e-02
-1.157989523044660254e-02,-1.683851810719759556e-09,2.417282128491721749e-01,-5.242731404696359364e-03,-1.585155384211953252e-03
-1.200820094546987764e-04,2.032694429401475708e-09,2.315988447549020279e-01,-6.577748103931895874e-04,-3.215709030001536682e-05
-2.531636735996975135e-05,2.628483658571962601e-09,2.129246632414303064e-01,-1.986200573242548513e-03,-2.602101433502867163e-05
-1.815519896173729833e-05,3.230334352509439012e-09,1.972812455716156654e-01,-1.053140562436058122e-02,-6.212681493620319231e-09
1.626039423636895814e-09,-1.516355003964887795e-09,1.638378036056214182e-01,-6.337024490714101427e-03,2.776990320933715728e-02
1.710540696153074053e-02,1.893585054698000703e-02,1.319666309384717462e-01,-1.462258301169788548e-02,4.452686766737923296e-02
2.239624997696867265e-02,1.812135834645791404e-09,9.232244789818401520e-02,-2.909160389069617367e-02,5.818777090853117367e-02
3.070710529934679231e-02,-3.985314703642153740e-06,4.840776626027498003e-02,-3.485072942173562949e-02,8.247592539268501499e-02
4.078264222018194995e-02,-7.705574436314272500e-06,1.760375719531348179e-02,-3.341598876015291347e-02,9.404210796253771598e-02
3.988333900358615597e-02,-2.558733866257180618e-05,6.634906832754770833e-04,-2.784001256393198870e-02,9.345768976899399005e-02
5.416400515108561742e-02,-5.083428555839673412e-04,3.688949576891081334e-05,-3.176993535199137270e-02,9.717724468919093639e-02
4.702784050818997752e-02,-1.619746200744606041e-02,8.277996376232338351e-06,-2.444788632050722693e-08,9.595217164301517165e-02
3.576737160334556020e-02,-4.812584610828988391e-02,7.901760043024240701e-06,8.859970050123526066e-07,8.704001980658429560e-02
3.702177893545928467e-02,-7.055548959659119213e-02,-2.312611210139399812e-02,8.414231047146124531e-06,9.008960555990169761e-02
3.962992777531419708e-02,-9.506506112680636333e-02,-3.936712594917322894e-02,8.778272838168539678e-07,8.363752161543584751e-02
2.867868368185690076e-02,-1.188485968114567082e-01,-4.004069405140587429e-02,6.770544273193627283e-06,7.280304495239434126e-02
9.748356606675973035e-03,-1.451983696513186872e-01,-2.005802237094674034e-02,9.098266317745250557e-05,5.680494201174669799e-02
1.458183908885037534e-09,-1.514571236972682422e-01,-9.943917377913875574e-03,1.034815847570519538e-02,5.383212505855756308e-02
-1.373531664293414694e-06,-1.674522377521769911e-01,-1.367686371121202421e-02,4.916325335436567447e-03,5.144808288880456382e-02
-9.768486774409491230e-03,-1.878572648193930494e-01,-6.167839745162158153e-03,1.320108547302078876e-02,3.483569919574195511e-02
-2.136724457745088623e-02,-1.905597369518836348e-01,-2.905015968580120997e-04,1.814357618081200579e-02,2.403176856581042825e-02
-2.268521806701519206e-02,-1.856033389159875424e-01,-8.827914907593989240e-05,2.199000716220301035e-02,1.805145403650107797e-02
-1.310659910260199811e-02,-1.806321566068147810e-01,-5.901107627197575180e-03,1.469397250251486920e-08,3.460367894905689442e-08
-1.401681965319740743e-02,-1.666816683237480334e-01,-7.886236066076062617e-03,-6.615319970416726079e-10,1.192213620385111261e-08
-1.700410189624204996e-02,-1.547964541250980708e-01,-3.109522720580952960e-03,8.782983921106333689e-09,-2.257421437154329173e-09
-1.684132198639713696e-02,-1.291744556912281239e-01,-2.979986505794360394e-03,8.699880364674996910e-03,1.015960293741081820e-09
-9.809680883599557547e-03,-1.138544012689882839e-01,-1.810420482493771757e-02,-1.128496731399304223e-06,-1.003567444892864365e-09
-8.818337396189821278e-03,-9.848129046747669535e-02,-2.760783141615654607e-02,-3.442178828542137543e-05,-3.097612120916845700e-10
-6.642909875311384799e-03,-7.225611542836601897e-02,-1.909750436604049084e-02,-5.642090640744473751e-03,3.653336130361134697e-10
-1.068245157939279532e-09,-5.894212838517814967e-02,-1.576892739513100980e-02,-9.892374531213330921e-03,-6.163333102568556952e-03
2.299101688765581328e-06,-5.658792634020140544e-02,-2.683704731617751055e-02,-2.601597893994007926e-02,-5.677861255593941170e-03
1.363686381336149562e-05,-4.189761854542786712e-02,-3.647643886845951949e-02,-4.657060994055196856e-02,1.892131625473447433e-09
5.057479114245518968e-06,-3.847164308618895162e-02,-3.298973137861255234e-02,-5.354400480602989482e-02,2.303220926014245563e-09
5.439102479640911641e-09,-4.227773016888977664e-02,-2.489963576686640701e-02,-3.677658680046407697e-02,-3.396944428322343570e-03
7.599708912213328437e-09,-4.197088388477214493e-02,-2.841062171900577207e-02,-5.244101794715617243e-02,-9.400862611297208446e-03
2.992922455737596370e-08,-4.119814638520617051e-02,-3.785344232812487553e-02,-6.334168879774229599e-02,-1.678375848902559080e-09
3.817119091008492427e-10,-3.320099420621027558e-02,-2.951848944463507027e-02,-5.528242418034200883e-02,-5.881094390571623079e-10
-3.377306052984058791e-09,-3.064572959543376135e-02,-2.228039359827838767e-02,-5.652006035380544025e-02,2.779177633815269607e-07
-4.620141599779911543e-08,-2.448086902656800359e-02,-1.698737283264267761e-02,-7.069875234681267939e-02,-9.431997071038776548e-03
-3.094858647222910666e-02,-1.935529140230882530e-02,-9.627812906459589162e-03,-6.257296411298945982e-02,-7.942071620148649647e-03
-3.256875507850102297e-02,-2.035362275608422131e-02,-9.244534959172058400e-04,-5.756008790264173502e-02,-1.551611128018519879e-02
-2.223319589176455530e-02,-1.727373407734128508e-02,-3.458671965111900521e-04,-4.856631608069716943e-02,-1.324582425856885362e-02
-1.598570826251464669e-02,-1.886679695117374787e-09,-8.045230386344097125e-04,-4.822719600138357376e-02,-2.498525484067462207e-02
-6.426278160186474006e-03,-7.099615883292599237e-10,-2.393388213212406263e-03,-4.374237575249828591e-02,-3.358625557282641366e-02
1.668154473281606986e-09,8.212292902353448430e-07,-1.078083623209391377e-02,-3.683192990091093549e-02,-3.242350766650578531e-02
5.464067177064261129e-10,2.474610962622612147e-06,-3.759693920287437985e-03,-2.636112813861127280e-02,-3.195102097651010553e-02
5.856053514793101347e-10,7.269579591626726463e-06,-1.747129181368571273e-05,-2.904850604419681112e-02,-5.173010125796356079e-02
1.216286820601306730e-06,9.853541359369598698e-03,-7.465678705209350232e-04,-4.268018399350442110e-02,-4.384993299728761479e-02
4.416836705810423609e-05,2.676348828124303775e-02,-7.824260093184662659e-03,-4.083189980742042702e-02,-3.645183104841940441e-02
1.058679388307792825e-06,2.484113743681405292e-02,-8.484773269697074710e-03,-4.267699404878623481e-02,-3.661773857132236132e-02
6.869353879932298554e-09,1.323452521162310144e-02,-8.271877335151214469e-03,-5.536084185921710116e-02,-5.096910378595290170e-02
8.302309679971823195e-09,1.230929940843444349e-02,-1.731112825604906244e-02,-5.453104278678541639e-02,-5.436787390056672942e-02
2.128694698954816213e-10,1.131708818211244957e-02,-1.583026400323660210e-02,-4.058078116268643010e-02,-5.019084963306950919e-02
4.946460095771132930e-09,2.339322047969568177e-02,-1.660733810164767912e-02,-3.849157024850220071e-02,-5.270920753950763399e-02
7.467222840711255409e-09,2.138615384695603111e-02,-1.745746370359552158e-02,-4.064974084440764468e-02,-6.200408139155950960e-02
9.456062866064833284e-09,3.273739673038726650e-02,-1.507823847555279755e-02,-3.038808373356395587e-02,-5.211732829260163485e-02
-5.373157704830612238e-05,3.435285366910197091e-02,-5.727352369768951360e-04,-2.118064131774913608e-02,-5.398207331522308222e-02
-1.181330442109797306e-03,3.413580434890012977e-02,-1.232769562521550052e-03,-1.344509563993825582e-02,-5.260740570648667069e-02
7.102102065379164814e-10,3.242680992249201422e-02,-4.974806185102486310e-03,-2.033597299234070691e-02,-4.777877082189325303e-02
3.494547315552514283e-09,3.009674406968189733e-02,-1.138458861705199734e-02,-1.893448809622810466e-02,-4.099622684512883170e-02
-2.175564393155428714e-10,2.231476386991531821e-02,-5.495808649417233127e-03,-6.958994267265655384e-03,-4.153065721649605579e-02
8.744633908032318133e-09,2.909222269622850979e-02,-7.856799178501018902e-03,-9.344861996179872413e-03,-4.415734403011520315e-02
2.521361082683580847e-05,3.055219424082561072e-02,-7.786055522685470485e-03,-2.025390917748464553e-02,-4.572214064147220314e-02
1.639443232795311082e-09,3.004597450516199170e-02,-3.704612557858472446e-04,-1.659059614978270619e-02,-4.545384280009822503e-02
-3.738209833023390858e-06,2.448005796852252905e-02,-5.118567390123971404e-03,-6.018506266250459903e-03,-4.745360994698907819e-02
-1.677565491547461013e-06,1.874702924759987649e-02,-1.651657483945235942e-04,-2.984191432899675929e-03,-4.608056489377521797e-02
6.630246494991962835e-09,1.962997560474261799e-02,-2.629616969691469033e-03,-1.619381291704041423e-02,-4.954843562715910421e-02
4.630539419926495842e-03,2.313616927208406171e-02,-1.413779422932964942e-02,-1.627119765153786993e-02,-3.792753855251408679e-02
6.292298117971711381e-03,1.770945328187025977e-02,-1.073318863382083724e-02,3.134904175380442788e-11,-4.315255990556005755e-02
-1.246914551461383007e-07,1.081357377958555403e-02,-2.282646470586274529e-03,-4.123921308151800094e-04,-4.609128165977206121e-02
-1.194693547742578077e-06,9.734518438959998072e-05,-7.744880375116071011e-03,-8.844500090072369633e-03,-5.581504705402242500e-02
1.215593785156001656e-09,8.419502673871635996e-05,-1.555673827385887359e-02,-1.339787784210075446e-02,-5.497409983653114146e-02
-2.324685685399868595e-06,1.081442077008492937e-05,-1.153640661119641544e-02,-1.361055927140753137e-02,-5.790196349031011963e-02
-2.432415765606930555e-03,5.587214309059582601e-06,-2.547559416213620150e-05,-7.447901917246278758e-04,-6.937589439557806381e-02
-1.148191271646210400e-05,6.278376330945438909e-06,-2.374667852270845731e-05,-9.966376041190215182e-03,-7.367767599394164924e-02
-2.665129856033094421e-06,7.480314636466234384e-06,-2.079450176343735303e-05,-1.252599050057582111e-02,-7.046723670758874014e-02
-2.275084760101169003e-06,2.061660911345886360e-05,-4.609873401958031613e-06,-9.798028530866436173e-03,-6.435098319718331183e-02
-1.908696498649567203e-05,2.587130815042124481e-06,-2.725856554336716003e-07,-1.483712313409180742e-05,-6.627132844961519664e-02
-5.825911603514717615e-06,5.373591651035891318e-06,-2.898745702845653527e-09,-1.181062968933650059e-04,-7.312877471912392069e-02
-2.255457236651774205e-06,4.524895618502736735e-05,7.371132219510719282e-09,-2.097174476556037917e-06,-6.399044573059643748e-02
-2.409696283586468493e-05,5.487418410583589443e-06,2.611009621360467492e-02,-6.608373239953458327e-07,-6.449086345723906155e-02
-1.519040562875666126e-05,1.194857541698225076e-05,2.131605095697791663e-02,-2.855003046182516294e-09,-6.957448047749997810e-02
-1.721491699677428589e-06,1.189624199988876384e-05,1.333527150739745106e-09,-1.228254750789422255e-08,-6.214030572306049327e-02
-1.303550687160210406e-06,6.138147566581760553e-06,-1.504069909862919805e-09,-2.602047269234841873e-07,-5.619896075120678347e-02
-4.216713182031142403e-06,7.787182151355463491e-10,-1.782376507475627937e-06,3.752314236160824519e-09,-6.144845491541083699e-02
-7.909202815562458845e-06,4.697362141927731054e-07,1.371128479580673869e-09,-1.016187124864665080e-09,-5.541237251092553245e-02
-3.635165652538987674e-06,4.841820645047236164e-10,1.315685857749072391e-09,-1.239480028422834110e-06,-6.232838154303474432e-02
-1.657029588369430441e-05,-1.104309521629267933e-08,-1.233698409982631105e-07,-4.519512859796418610e-09,-5.322197529544157868e-02
-2.779514204183253725e-05,-3.772831459525553994e-09,-4.565612264936943250e-07,5.705297323320658449e-09,-5.044497682756084178e-02
-1.601716879421262075e-06,2.851690217341754031e-11,-7.853471745295458813e-07,1.373493444168362833e-03,-3.136462621093365211e-02
-2.386352615787377569e-06,-9.519532714631680909e-03,-5.852029868410512370e-06,-1.217546218240787683e-06,-3.519947832490774586e-02
-2.696513981344918737e-06,-1.882402474509240267e-02,-4.904307175168790879e-06,-2.781741281804253668e-06,-3.655045110185472373e-02
-4.239392736667033882e-05,-1.454495794125247946e-02,-2.876955580784267844e-10,2.688655748908867696e-10,-2.998408967777023426e-02
-4.742828387393835393e-05,-5.912386026661898761e-03,2.756625888049380642e-09,-4.869360823685839185e-07,-2.338291039415946182e-02
-1.623998961923229464e-06,-2.316798904342275695e-09,9.518114512015425979e-03,-7.074062365999373922e-03,-1.308103251525305488e-02
-3.123712012167442959e-06,-2.458192482351190221e-10,-4.341271175555990074e-10,-5.832832015629767913e-03,-1.304191583473555439e-02
-7.732688627508210310e-05,3.730665165814021504e-07,1.874253736909939350e-02,-2.650218410583333583e-03,-1.616554407028085796e-02
-2.120305655858592623e-05,1.507339629496780616e-06,2.167282554575293910e-02,-8.667749255998809062e-07,-5.953869809148209027e-03
-6.872152696383390538e-05,-4.531002025651913854e-10,2.050389175191616106e-02,-1.498931064227330710e-06,-2.118836699478660393e-02
-2.440989950579294278e-03,-3.248502651727221235e-08,3.067387094200456354e-02,-5.799247695030827343e-09,-2.644315489777515626e-02
-7.621685528480948942e-06,-1.977895065843298850e-09,2.050510699884062690e-02,7.769443120393182360e-10,-1.525667941093229035e-02
-1.265287965250584797e-06,3.999872881192523718e-14,1.064059601440028868e-02,3.896556278707640538e-03,-5.947965581526067254e-03
-9.654816973075719588e-07,2.025719594569738143e-10,4.719514002672607102e-03,7.098951462126960009e-03,-2.371932215756304349e-02
-4.985296675126546142e-06,-2.443426159776568140e-09,8.477779518674890755e-03,5.803021247480662920e-03,-2.253397000233091016e-02
-2.519501063992577770e-05,-1.368199410415761944e-02,2.539421621407335817e-09,2.328723008504062983e-02,-3.242874378078944991e-02
-2.938346740631470207e-05,-2.259610095198315641e-02,1.611536443123216117e-02,3.250160188999716426e-02,-3.085834769732178143e-02
-7.605175554492555430e-05,-1.661167494043396670e-02,2.358072892401840565e-02,3.064170283920003568e-02,-2.989382335506585858e-02
-1.631822121424270625e-05,-1.720994825129583752e-02,1.581619281955603737e-02,3.872122172622662062e-02,-1.897409162594619267e-02
-1.244883116774670636e-05,-2.028181518175223991e-02,1.613824206338423245e-02,4.247683701662816058e-02,-9.947389394100017435e-03
-3.038660636951874810e-03,-3.159905259733081229e-02,2.914743394899711390e-02,4.265728799714851166e-02,-1.498213488646868603e-02
-1.176873459012568344e-03,-3.246465441216282027e-02,1.821106342211514101e-02,3.149802380330929408e-02,-2.307688098427153594e-03
-6.878425669760674516e-03,-3.483938792284063668e-02,1.588833190491158870e-02,3.118708797084345646e-02,-2.289320934880748420e-06
-1.750305126673758031e-03,-3.977723050683429351e-02,2.425539998300624972e-02,4.435200463945443428e-02,-3.839192031073783364e-05
-1.044994435046647970e-02,-4.028039149749523817e-02,2.933217104395411182e-02,4.478263345690344094e-02,-6.618396851688217377e-06
-8.346988390885639458e-03,-4.469786676098500694e-02,2.685896725528744491e-02,2.885548190437096927e-02,-7.790701911163689598e-06
-4.020519699904457158e-04,-3.139787992095257468e-02,1.350267394353289394e-02,2.220878880002480002e-02,3.313529733040373551e-09
-1.027350480697658851e-04,-2.697626043290492909e-02,2.092387631047358532e-02,2.461762995447740188e-02,5.456772547596909577e-09
-2.789509239076233549e-03,-3.794870961392660114e-02,2.332886789308049116e-02,2.058324696442914367e-02,1.247144126761607641e-09
-1.648017045164584197e-03,-3.809644911438342385e-02,2.523721612459578142e-02,1.508929889479981336e-02,-5.160104735309283507e-03
-3.119132845470803223e-05,-3.156490238069622339e-02,2.224528791078201478e-02,2.400969383337894086e-02,-4.124786955781038674e-05
