1.360753970462370868e-08,3.345880668907143364e-08,-3.544147525485435209e-03,-3.436432935909591174e-02,-1.480952548989288367e-02
1.907400142735232810e-08,3.547393786197550873e-08,-2.745943450601519027e-03,-3.381653944452787941e-02,-2.350761447543554469e-02
1.210036073994926505e-08,1.586475418914383135e-08,-2.209309314939083698e-06,-1.995410965597236436e-02,-3.173501385977678391e-02
4.922016079031176783e-06,-9.247604023961682607e-09,-1.235353515095719403e-05,-2.628902628455654505e-02,-2.887149966656627972e-02
1.432252681667618526e-04,-1.726790853448807034e-03,-7.847788005772803749e-03,-2.714082314424092271e-02,-1.239655735365383094e-02
8.638940756744319452e-03,-1.897768234365036080e-05,-1.121171424567779979e-08,-2.105957934337713763e-02,-8.205982553565192503e-03
2.258644321908240271e-03,-1.077864945356030351e-07,-2.140500442110485578e-05,-1.756352870979444730e-02,-2.127600150252005606e-02
1.182202881745671001e-02,-7.559407707441829702e-03,-7.059580388940165636e-06,-2.708104775861570890e-02,-2.305922349414710193e-02
3.690348298684317276e-03,-3.660091439878254455e-05,-8.444399304686354274e-03,-1.588446268641048251e-02,-1.588485159841348388e-02
1.388055399825749610e-02,-2.248111874576843125e-09,-1.564714568926379879e-05,-2.068934346950209932e-02,-8.090622887086116807e-03
1.858891670422229553e-02,-1.725024124663812703e-05,-2.051123366747226811e-08,-1.492078184715395391e-02,-9.134908678875298602e-03
1.441334590372092203e-02,-4.494768197014911010e-03,-6.826582602930150289e-05,-2.180116738397526977e-08,-3.259218991114015002e-02
6.703489354544929849e-03,-1.650874497449679457e-02,-8.060080638989778473e-03,-2.700113680939396094e-03,-2.736727797691878780e-02
6.526874979707711875e-03,-3.841281715678950773e-03,-2.460145352033438036e-09,-1.147132251435512354e-02,-2.814659971858943927e-02
1.070973096059132067e-02,-7.257347365205582719e-03,5.990213136749686048e-07,-8.009959290465058164e-09,-3.382757680288372287e-02
8.254112523045899208e-03,-3.028467433445095319e-03,-4.532276878993233356e-06,-2.200642849166977053e-09,-3.932071633871986327e-02
5.499707459505026559e-05,-5.177243504105019656e-03,-8.438673994526408109e-03,-1.179504909518066386e-02,-3.154204024070765555e-02
8.696220360130993659e-06,-1.258752613775065151e-08,-9.606215233906114509e-03,-2.379703759573131763e-03,-3.791568594881774418e-02
8.268350593598410112e-05,-1.566637986964120407e-08,-8.163295695359304091e-03,-1.155468187166519382e-02,-4.409758392113985459e-02
2.674624799621250302e-03,-6.875511721107421319e-09,-1.235600888466370536e-06,-1.960314404529576310e-02,-5.290192364747521581e-02
3.404362958093141414e-05,-7.910418565375408502e-08,-7.468197910320416473e-03,-8.851814853738716390e-03,-5.765013531184652595e-02
4.169684417090848728e-03,-3.677817761991748316e-09,-5.382656332126071816e-09,-7.852750875541053208e-03,-6.068548989940961147e-02
1.071231677395714764e-09,6.528881177577281842e-06,-1.538449482355559327e-06,-1.262926057466281477e-08,-7.474757441173007777e-02
6.638476363489752979e-03,-1.594821270736284538e-07,-4.680106435957640875e-09,-1.112100584047981226e-02,-8.073373966994062956e-02
5.742758168390740305e-03,-3.453878015916757259e-09,-4.027434315240964318e-08,-1.396264298863438696e-02,-7.741577577739196248e-02
6.676435105018542135e-05,3.818007495190596615e-05,-2.230288987695794377e-04,-2.052486990652733851e-09,-7.685844448499422332e-02
2.485558562109159467e-06,6.498310835735233457e-09,-6.821706350324436454e-10,-1.733949685509237476e-02,-8.149414094073401116e-02
6.848143128433267605e-03,9.128589083585710750e-09,1.729575019844395211e-09,-2.291024717061342086e-02,-8.037691466767048210e-02
1.773800076234595098e-03,-2.194959353188440311e-07,-7.993055570614916986e-09,-1.310324541566590915e-02,-8.031969890162379833e-02
6.934748281376739059e-06,-3.498251985035639866e-08,-9.257212031205278418e-07,-5.595417602729116716e-03,-8.112582361723320867e-02
7.782391263630046227e-03,-1.139159955412100680e-07,1.404776473353145745e-09,-1.402808134987462881e-02,-8.005942809858589138e-02
1.290044191129286269e-02,-1.750271599596018690e-04,1.248119397887963821e-06,-1.658626175690889118e-02,-8.241901347868067773e-02
1.641229901086618858e-05,-6.244390486475834279e-03,-1.618720307511324326e-05,-6.093930326360205425e-08,-7.840262415568724497e-02
-1.580178379531326242e-04,-1.125430586011955579e-05,-4.811307429019838940e-06,-3.981077556748384399e-09,-8.326673781569128574e-02
-1.458211053163606572e-06,6.648725328734814157e-09,-2.822735486082953298e-09,-2.053408111445988951e-10,-8.057539945799137293e-02
-5.942512641841423654e-08,-9.094168540044610542e-08,-1.051828945027613821e-04,1.750603513739875554e-08,-9.713081685396986187e-02
-1.000861946707575986e-02,-6.912087104000749783e-09,-5.581732072626683153e-03,-1.285702321451477945e-08,-1.003476765590340242e-01
-4.505308514782341289e-03,6.259528168780293170e-05,-7.114584589283389625e-06,-1.980401557840648968e-10,-1.021314636384715313e-01
-1.060560064795337473e-02,7.861368457437705858e-05,-4.117973074740211665e-04,4.715171584882228394e-09,-1.091572819459339233e-01
2.558984742192458973e-09,-3.610299122582055492e-08,6.168685995309016769e-03,-8.237481637437857329e-03,-1.099460736488358931e-01
-9.729482710453809963e-09,-3.693668008620835221e-08,1.361755692309364954e-02,2.140098214873990296e-09,-1.029204982393662343e-01
-1.309478409870255675e-07,-3.506857075880131674e-10,2.468432781620491512e-02,2.323028777373098604e-03,-9.513464979148587852e-02
1.941975959647564837e-02,2.153582095891941328e-02,6.141256078036579080e-02,1.304031928609120734e-04,-7.401469423211910759e-02
2.830235292043322554e-02,4.390237667884661771e-02,8.381285225130691297e-02,2.246046312257497686e-07,-7.798348109292402297e-02
3.007693852993180775e-02,8.438895889908043513e-02,8.996075224024091543e-02,-4.427972262016961758e-02,-8.155113693050125567e-02
2.325582320745250842e-02,1.201120516509917718e-01,9.163068872582325053e-02,-4.478201041706951491e-02,-6.070481104871901928e-02
3.286283545371044418e-02,1.456961798548110643e-01,1.021995810525006265e-01,-4.883632918089426261e-02,-3.682082383751457411e-02
2.871410799163875635e-02,1.658914559398184663e-01,6.543740655379053084e-02,-4.192507060383971612e-02,-6.603916179706407347e-03
2.127242796962912699e-02,1.769628795906666441e-01,4.304190908524813813e-02,-3.187807248521693643e-02,-1.301721461331303217e-07
1.418690576463790820e-02,2.050083778447102378e-01,3.070178562826007818e-02,-1.529169326870587035e-02,2.004066924213474682e-02
9.927843781637845822e-06,2.062924338314656436e-01,7.472925152984031746e-03,-7.832290518300489765e-03,1.801302843947288554e-02
-4.858634302720506344e-03,2.110256361902355937e-01,3.094109264705321083e-05,-2.128905233398236828e-04,1.045875201038395062e-02
-1.106259656176180294e-02,2.099050496733792515e-01,-3.771012697990664370e-09,-8.180207919783757887e-05,2.289885617391894390e-02
-1.526486880339608318e-02,2.014499716692570441e-01,-4.243932665814957703e-05,3.454293897508269734e-03,2.251900240944905082e-02
-4.520003783467346770e-02,1.728526898697087810e-01,-2.061758696114801559e-02,4.740146624379545232e-02,8.831644143205625891e-05
-6.062786616627248437e-02,1.454826113229530371e-01,-2.937612118427647759e-02,8.495244055070759470e-02,4.076608740456488120e-09
-6.681315770308743351e-02,1.043475287894781167e-01,-3.410093692548804567e-02,1.342713542857524311e-01,5.628640718817092548e-07
-5.616570029796725400e-02,7.781545265156754321e-02,-2.371745908692354105e-02,1.809717410954599093e-01,1.843404809434204313e-05
-3.780117219789375094e-02,3.095425173125477755e-02,-1.893458674438189965e-02,2.104967016566897664e-01,1.698447598862668612e-05
-9.830974178935832433e-03,-2.161237088467772051e-04,-4.176480206878904408e-03,2.104974648257912639e-01,2.873315445226425901e-05
-2.235683171641512094e-05,-1.755252665372178736e-02,-2.474421576216975262e-03,2.034107093896516671e-01,1.106467324812300188e-02
-2.953433156649840670e-06,-4.002619523881528057e-02,-7.173747616209949019e-05,2.049203741320466954e-01,9.976611603390340977e-04
-6.126021519776447267e-07,-4.585168888268599530e-02,2.264012199922412275e-02,1.925887780263427218e-01,1.150392478978821617e-02
-5.740424878853848976e-07,-5.299777579015253759e-02,2.780402290700946868e-02,1.787574664561683291e-01,7.457744904302345337e-03
-3.185314152920646364e-06,-4.465575502228433941e-02,4.439208580408578880e-02,1.631426176456049759e-01,1.022280467874116770e-02
-1.198014054935836894e-07,-4.187003834141819064e-02,7.490432578169528566e-02,1.249971799583598775e-01,2.488352907360035643e-02
-7.086708803950936229e-09,-4.331141211105454802e-02,9.680169077717552806e-02,9.540989612229251737e-02,4.067109793295328041e-02
3.230548837221053349e-02,-4.244709532544004016e-02,1.068890061445942896e-01,6.600131480444426657e-02,4.021733070382944863e-02
2.260044635710473093e-02,-3.517068233662375143e-02,1.073429301733838243e-01,3.161783946914147048e-02,5.914633335867119923e-02
1.290098109196337502e-02,-2.453556181390442043e-02,1.124692572507441507e-01,1.951890032237989800e-03,6.229004123255179465e-02
-1.318207775308739225e-05,-2.330029729797472929e-02,1.066907587689811532e-01,2.904029209897186480e-05,5.207389934621228789e-02
-9.941588798163650958e-03,-1.923962923359552948e-02,8.701753767969669373e-02,-7.065330315481616047e-06,3.302273072066887888e-02
-4.308161622576485439e-02,-1.996361071660001166e-02,7.508809801822764751e-02,-6.724941563596465409e-03,2.868776955881094728e-02
-5.811470437269559280e-02,-2.182109042266381846e-02,7.368651136831577686e-02,-8.508340315476623644e-03,1.067117390304725411e-02
-7.986565500473577495e-02,-1.868470739819443061e-02,6.599864955843760816e-02,-2.011521458480643523e-02,6.408135214804825954e-09
-1.080202684736663449e-01,-1.252092903067208475e-02,5.030214152691851737e-02,-3.506542735413288592e-02,-8.393657390111168836e-09
-1.461512695895232083e-01,-7.587947494721244274e-03,2.923901601413411711e-02,-2.689641721620678397e-02,-8.080260276368038885e-05
-1.714895306074394055e-01,-1.579968851108175482e-04,1.658920449230040159e-02,-1.629402497567041322e-02,-3.124657578361394669e-03
-1.848103990434021571e-01,-2.964426357054457181e-09,2.066934846481867025e-02,-1.103325618101010965e-02,-2.788628544857262527e-07
-1.968613664592917811e-01,-3.727242605575273890e-09,6.214109210849310880e-03,-1.639428211674260130e-02,-7.321946288245137724e-10
-2.066516206027503022e-01,1.631895494014961078e-09,-4.804860367738994167e-05,-2.148132810382278032e-05,-9.337130951149097685e-10
-1.987103366156031947e-01,2.328134954944670459e-09,5.188563708476210954e-08,-5.386284687273650546e-06,3.514351905658442645e-07
-1.894357466016593494e-01,-1.709877870031418343e-08,2.463810648410534852e-07,-1.184975824499438129e-05,9.884149222776590285e-06
-1.742460881934301264e-01,-9.106652550897501891e-09,-3.659098387571492406e-09,-2.501496200147426165e-03,-6.724092289660780837e-08
-1.657346346791383762e-01,-5.306290211858468238e-09,-1.082068683337185930e-03,-5.008870768220109390e-03,1.598266181652569900e-05
-1.432230975450487498e-01,1.791288707476932214e-09,7.994248929034000041e-09,-6.409339522562426499e-03,1.118309199450383308e-05
-1.120833075991059524e-01,6.676107127260215759e-06,1.434214708423130135e-09,-1.787508111888026069e-04,9.000801499036419507e-04
-8.480686623943699265e-02,3.279224902831919549e-06,-1.088807181510603392e-02,-3.413798317212936046e-03,9.869972980088969478e-03
-8.059293439261809577e-02,2.500630185220773263e-07,-1.684490741737728475e-02,-1.646174456409284920e-02,1.550624562817028325e-02
-5.861399113515572412e-02,2.079367446245469106e-06,-9.077746615726801753e-11,-2.275408772232647911e-02,2.692606749845335642e-02
-4.158759343385518004e-02,4.027013176679810832e-03,-6.767788340804078810e-03,-1.989103002084582211e-02,2.353374660459665868e-02
-3.905070263900611849e-02,3.457912410984737180e-03,-1.633135382275745923e-02,-2.086064004138654324e-02,2.829231160136468776e-02
-4.528904057082133727e-02,2.754179678611052163e-03,-2.695993594511355770e-02,-2.773593487648690070e-02,3.982417615118227783e-02
-3.962303449509902570e-02,6.594487184056767662e-03,-2.016790195924554954e-02,-3.535956399451992138e-02,4.421372222990983814e-02
-3.337039986512126133e-02,7.308090324036603698e-03,-1.932574788445568306e-02,-3.316164706275535889e-02,5.205934500531905068e-02
-4.590843492548137700e-02,1.423945657124588062e-03,-3.142845810098410242e-02,-2.297900393885969964e-02,4.215721467158169145e-02
-4.942537596085586071e-02,1.638624680256779812e-08,-3.492555336107060204e-02,-2.411838144222185065e-02,5.759361678573683696e-02
-6.340399650433951872e-02,4.619092879066430749e-03,-2.977413602908216342e-02,-1.871537949456610062e-02,5.419942744516819538e-02
-4.944414353086348107e-02,6.035477093748759653e-03,-3.324766801973837171e-02,-1.262981518798081404e-02,4.674630900512449783e-02
-4.663093021595469262e-02,2.010893384893556405e-03,-4.190662010360408224e-02,-1.935183139780962541e-02,4.145872607893993228e-02
-4.364369711427204535e-02,3.984779000064757962e-09,-3.646568483127241717e-02,-2.563311243592502481e-02,4.204589361501877287e-02
-3.188440425229616820e-02,5.250584416981964741e-08,-2.689126049813232375e-02,-1.817069873803731084e-02,3.969418620880500043e-02
-3.239692643768594255e-02,1.351551428083687541e-09,-4.167638512750385105e-02,-3.528640475460469595e-03,2.770174918425497360e-02
-2.235860555651569131e-02,-1.264311679544187695e-09,-4.523520864954001797e-02,-2.921730957865680857e-03,1.628618508431713477e-02
-7.469401184132023509e-03,-4.259193163534487819e-09,-3.714621445261819671e-02,-6.088284571121657142e-03,2.597963730582424080e-02
1.745426050660856162e-08,-9.718975650353218254e-09,-4.036302143432060618e-02,-1.302701109788355002e-02,2.227002212517394109e-02
7.320185693553320751e-09,-4.336686688120801629e-06,-4.189058527143343924e-02,-7.446985689590527408e-04,1.726231446493214916e-02
3.793091993863580472e-05,-4.891074816675872357e-03,-4.520451730655842409e-02,-1.219807404535981632e-02,1.103263195960879975e-02
3.419447098154580159e-05,-5.313916506252462819e-03,-4.924844387136576712e-02,-2.066689846875379225e-02,2.182690246793345806e-02
4.673383472305590202e-05,-1.694591583242758612e-05,-5.454328283179286224e-02,-9.896795343331890593e-03,2.407394507812705628e-02
2.857804573707461125e-04,-4.455555437490191711e-06,-5.854127994165696236e-02,-9.031434525234784128e-03,2.159991336461623140e-02
2.708640881986438642e-04,-5.363087619453983125e-09,-6.610233729209301357e-02,-9.772101037959704875e-03,1.927116828066399029e-02
5.303899550512246487e-05,-4.740556245923552260e-10,-7.652504330144369038e-02,-1.239378286219613989e-02,3.142725460666361686e-02
8.512345057546827701e-03,-1.667766463361507756e-05,-5.787405487603061033e-02,-2.954079580830074048e-02,3.926931668670252673e-02
5.590572353268085607e-04,-5.522955952549588630e-06,-6.194294807014305571e-02,-2.242269885561246762e-02,2.432485022492734961e-02
1.682020119590688805e-04,-2.347321695860087913e-05,-6.579681217670571569e-02,-1.796473730303178515e-02,2.010939752347149292e-02
5.672566885376105310e-03,-1.014002917104570576e-04,-7.086594898950422661e-02,-1.974250434770556673e-02,2.906963021070160455e-02
7.284089228578242807e-03,-2.225028778013139943e-08,-6.670184996408820566e-02,-2.697224019412533882e-02,2.739396514556058371e-02
3.090024604327200612e-04,-5.583633699114171891e-08,-6.435111964342743462e-02,-1.639718213997201635e-02,1.533898786058651709e-02
3.906240617376411772e-03,-6.424713771095331927e-08,-6.560341860062994523e-02,-2.262885779319929666e-02,1.793941806747238743e-03
1.071453204660969757e-02,-4.367417685697285557e-05,-6.267035550227598173e-02,-2.533260903325399924e-02,4.214367595409846540e-04
1.012847702942503043e-02,-6.262564862079678958e-09,-5.827824962694155148e-02,-1.669178712272506929e-02,5.327099580285183885e-09
8.966930236977869312e-03,-2.195092354049635297e-07,-5.929902040434748695e-02,-7.651237564895275274e-04,2.129780951248299456e-09
1.155953713708619650e-02,-6.661999316810348346e-05,-5.666061781833836575e-02,-1.888750531044713920e-04,-4.261834814813987050e-03
4.385558070544260008e-03,-7.108027904865682001e-04,-5.738134944548654859e-02,-2.001801005295153062e-05,-4.320650888803564142e-08
1.325929714386701007e-02,-1.876638390735102875e-07,-5.525209272434932622e-02,-1.062150987187446643e-05,3.854023875999250609e-09
2.293169989286837629e-02,-1.035346315859854782e-05,-4.405034109181807378e-02,1.901894156849773728e-08,-2.485192001303028195e-06
2.360946120238510693e-02,-5.363445209372919064e-04,-5.151294279608987364e-02,4.469755432033670800e-08,-3.245950941783173920e-09
2.117024148702521813e-02,-5.521107374480616579e-03,-6.031570705889571782e-02,1.821473698452991286e-08,4.297663356533101370e-05
1.730998091193405169e-02,-5.421695125141379711e-03,-5.588417811214110853e-02,1.750088550240073513e-09,4.077373509719951490e-04
1.592152357349558081e-02,-2.120044765916683127e-08,-6.248597869952399186e-02,-3.672238115836132114e-06,7.648544846475157505e-03
1.892293365367042277e-02,-7.275535018799269942e-03,-6.511971329692946286e-02,-8.088541221202938489e-05,1.873654450511119283e-03
7.532110912215261779e-05,-6.244494811048933482e-03,-7.776749129861583454e-02,-6.316083113939461929e-04,6.146747760773940521e-03
6.570297957474155524e-05,-4.511762009858441428e-05,-7.456568283377711104e-02,-3.850690115092035115e-05,2.836471380784081914e-03
1.007006741582507255e-02,-3.785584748935317287e-05,-5.822029910141517106e-02,-2.318213793430503548e-04,1.524216299631507218e-03
9.272746832376735360e-03,-4.094752589099773040e-09,-7.066127346229277018e-02,-1.670258691107103687e-05,5.330500098157536115e-05
5.621238499817426786e-03,-1.647368775605684394e-05,-6.955615950693455618e-02,4.310536722224784225e-08,2.532528956105731041e-05
1.092161752207168254e-02,-1.469143612892928010e-06,-4.555868963767041591e-02,6.892423966420059018e-08,7.583053928577527560e-04
3.713707921554070153e-04,-2.580133036472308282e-07,-4.483919546263431116e-02,1.337068301497298098e-06,1.299738458515542350e-06
1.325619242075743755e-02,-6.581538801246092536e-03,-4.547162940797040698e-02,1.971063039148029948e-06,-5.356850123981730070e-03
4.216488197080094438e-03,-1.743840032661145029e-03,-5.140020382561143880e-02,9.539090345823718689e-03,-4.754744301827747675e-03
1.039852118485042054e-02,-4.464630970063192782e-03,-3.974225718073966934e-02,1.294413082914345342e-02,-5.870910201768411214e-05
2.350213573251723823e-02,-9.174175686885396343e-04,-2.910050470676539894e-02,1.837316801706492114e-02,-5.194157504150684335e-03
1.792575993944536469e-02,-4.614463571346945521e-03,-3.341964489589838161e-02,1.773341408382128961e-02,-7.534691730124385908e-03
1.249533520201542326e-02,-5.181433767619278083e-03,-3.696021520468968646e-02,1.659176065671552625e-02,1.126477976428204790e-08
9.635385639736034763e-03,-1.106492918053786573e-03,-3.809027079307348435e-02,3.254846092111580297e-02,1.377976956787147715e-09
9.934351138949970572e-03,-5.889303363303130014e-03,-2.441441947941722784e-02,2.754805381627564720e-02,-3.492921023016273949e-09
7.897252459339075895e-03,-4.054261342552737020e-03,-3.146634703727878291e-02,2.501991169330130063e-02,-1.032340038734526270e-08
1.624330832674071242e-04,-9.661815893284459453e-04,-3.570590818083169832e-02,2.073932613923274923e-02,2.756374236824830670e-08
-9.330510137665047465e-09,-5.907773999967914443e-08,-3.061703736521964939e-02,1.816004767619418953e-02,9.616992135516106519e-09
-1.830004973720631004e-07,1.597984124507229452e-08,-3.210059396137716209e-02,1.401887145090695286e-02,1.686679303352647635e-06
-4.427269252877931655e-06,2.488319230234848616e-07,-2.344686040068739291e-02,-2.307017587593265873e-09,1.229141954767509758e-05
-8.090871031075627662e-03,4.092566848117243342e-09,-3.017698980072597292e-02,-4.164658838102389122e-10,1.540158696018233589e-05
-1.316541110710286924e-03,3.270054380223970033e-08,-1.730138367540719896e-02,3.564272812363667928e-03,2.823738096596026890e-06
-3.971656148419494201e-03,1.136394937752934945e-05,-7.059009604862568656e-03,3.151740156217852312e-09,5.124738134827229982e-09
-7.842002728540369352e-03,2.195012654993888835e-05,-2.825621405533205663e-02,1.429255598202310885e-02,-7.586950098200117209e-09
-1.190958997057077993e-02,2.607368848912249365e-05,-3.478358922544085019e-02,2.448109643024229051e-02,2.584528570258715219e-09
-7.063938992113169037e-03,1.223524813967010903e-03,-1.433656412455898595e-02,1.982999298313841557e-02,9.168961020836801116e-08
-5.522191410859559940e-06,8.587595236792283648e-03,-1.073917647866671522e-02,2.895534820294677625e-02,3.676770396632856718e-06
-9.557805226944602990e-06,5.351172839189162734e-06,-6.744928165143972143e-03,2.218553751889491138e-02,-5.313100855689117724e-04
-2.018788551239391140e-04,-6.227157728236308091e-09,-8.356021670071203319e-03,2.645870403904333062e-02,-3.870948872849125366e-03
-2.997752331636833906e-05,3.324655363882717262e-05,-7.827732218108880355e-03,3.276720371742219973e-02,-4.113476416753394406e-03
-6.044350590309353174e-06,1.155049464062787146e-05,-1.777586695241741835e-03,2.033582042093907277e-02,-1.340276667874963461e-02
-3.912147523266253394e-04,7.240145142723549993e-08,-8.395658433196865819e-03,1.612808044814777186e-02,-2.094914824423825539e-02
-1.204564590645050559e-02,2.279091210895941705e-09,-2.404570880778910888e-02,2.556735548854445483e-02,-1.285488062662258450e-02
-4.547671299946681733e-03,-2.752652034719003922e-09,-1.645004728183213291e-02,2.879589451913706563e-02,-2.197108788576017380e-02
-2.574570087187648781e-05,5.471173172387723939e-11,-5.354346656304646975e-04,2.381750669881473742e-02,-2.162431778216439282e-02
-2.784936827824984352e-03,1.084752000413714527e-06,-4.699284149257836746e-03,1.598831945837228194e-02,-2.629586957730412414e-02
-1.025401563790324586e-02,-3.432252103801904343e-09,-3.355146375191532721e-04,1.727259834657248264e-02,-1.544798622811931720e-02
-1.285537320164828641e-02,-7.289040968400570528e-07,-1.693005460525627605e-05,1.915698925770374997e-02,-2.366217684142568264e-02
-1.963552380930736613e-02,-2.109988807147900711e-08,-1.157522033619598290e-05,2.565606678963085543e-02,-2.545844839501693394e-02
-2.284342004542634294e-02,-3.298972763411919398e-08,-9.484084413603359508e-04,1.318152168562247012e-02,-2.152874482883791393e-02
-2.295884925519221104e-02,-2.916610581282651999e-05,-4.187797729455564467e-06,5.886654957803243113e-09,-1.514395987631370760e-02
-2.242663230792793505e-02,6.170759679112330275e-10,-3.614781176852083617e-09,3.125973130986808846e-03,-2.290001436621551950e-02
-2.517704777567171537e-02,2.898913676517451954e-06,-4.006078155964083710e-06,9.761969443086285225e-03,-4.056160278038051931e-02
-2.015804808820408772e-02,-4.671484093766479138e-08,-3.258528757373669683e-06,7.330782224663556085e-03,-4.435532140734702727e-02
-2.678434404523106355e-02,-1.376427256219147759e-05,-6.346957453386011651e-06,5.187211409024244761e-03,-4.664038391282018109e-02
-2.715299954033243562e-02,-1.672546193284841337e-08,-3.748379581400223657e-09,3.699003723577113344e-03,-4.854419031654142597e-02
-2.478841205866206751e-02,-2.776034928262261676e-09,1.220737741766306228e-02,-1.056470074926547722e-08,-4.063594252795991318e-02
-2.416897160244761353e-02,-9.225481792691163410e-08,8.339060603425705806e-03,-5.532289302148608997e-09,-4.366502145256215273e-02
1.988785706971987404e-08,-6.772853542935799520e-04,-1.740245185096909356e-08,-1.207607751724786189e-02,-2.361908542955246538e-03
1.735913217661423560e-03,-3.639143458900536126e-03,-5.305712824856138876e-03,-1.503225796541780152e-02,-5.632439900778309951e-03
2.987986353984519402e-05,-4.525160982357770218e-06,-6.912788787486146176e-03,-2.617320927455101670e-02,-4.884062938752184617e-08
9.436123517948957090e-06,8.028336520372621849e-06,-1.803478185630396972e-09,-3.068810805805144426e-02,-2.200202456257795044e-06
9.847845397730305990e-09,1.302006710710492494e-03,-3.885687217137570517e-10,-2.227691155346739685e-02,-1.836730684532250288e-02
5.352117728833500651e-06,7.617175871380966849e-03,-2.209988935455904115e-03,-1.204929150647547284e-02,-2.259468512389890826e-02
9.852062441858108668e-04,6.425274077480553139e-05,-3.775747418616914874e-03,-1.726202117758375218e-02,-1.348467788628198230e-02
4.299449605321145965e-03,1.120235494216132412e-05,-1.201943131099379963e-04,-1.496902082084856749e-02,-2.443999373485485418e-02
3.936060842114711488e-06,-4.366578735245398308e-09,-6.712257304870997490e-04,-8.274632909172954451e-03,-4.404698848983779058e-02
-1.104151905308143994e-08,-2.948001402195198160e-03,-1.346076605554954661e-02,1.035339114335356398e-09,-5.552944470563352802e-02
-1.932037640095628812e-08,-7.423115442657474139e-03,-2.048568380816160814e-02,-3.957418808505244559e-09,-5.435970151722654270e-02
-1.391712025495580395e-06,-9.098893106812247673e-04,-9.674952697729350543e-03,-3.274962046741371050e-04,-6.033181835228778461e-02
-5.480760693152780745e-06,-8.099434347997459314e-06,-1.767165448038084103e-05,-2.648966798770197983e-03,-6.432221065845675212e-02
-1.238664183528659383e-10,-1.345584061782696869e-05,-5.518018690742779349e-03,-3.677436018844342934e-04,-5.539620729135182747e-02
-4.802411957447132579e-08,-1.884381037743321051e-05,-1.845851828934664401e-02,-1.164473847143598312e-10,-6.002220378255810479e-02
-3.179399137466194964e-08,-9.649972764864247807e-10,-9.631974461790395597e-03,-7.258942203630133587e-03,-6.410065697928318817e-02
-5.957946660531574304e-03,-3.102337154710155194e-09,-2.787998633892154652e-06,-1.892404649533609498e-02,-5.728816589207742782e-02
-1.911223977606916704e-05,-6.180832863024388263e-06,-4.050325877345484151e-05,-1.741997388772062449e-02,-6.543162874359416403e-02
-6.990979017036696302e-03,-5.248948246490313862e-04,-2.336475692438679322e-02,-1.812635311094746779e-02,-5.745314746584689880e-02
-2.307749663641069180e-03,-1.304232581953754884e-04,-1.595300917707960509e-02,-8.730911051546642876e-03,-6.309252573608763182e-02
-6.787112379126443115e-05,-1.225623151353380416e-04,-9.804811707249623531e-03,-4.380260532441605965e-03,-6.930405238288675496e-02
1.538911719192173004e-04,-1.559903626569121961e-03,-1.475231084745740572e-02,-2.010288878607957504e-08,-7.200469938954237592e-02
4.078812049038713430e-05,-5.929197037200372757e-03,-2.279769302004825554e-02,-4.944360482793327960e-03,-7.140605589839911505e-02
1.406278827496803594e-08,-1.392580729968250159e-03,-8.876212880638566921e-03,-4.812954762745677746e-03,-7.845279972192464868e-02
-3.984151934558974226e-06,-6.637868828779048823e-06,-4.948159591063414076e-03,-3.529689800862133905e-03,-9.285805304955871420e-02
-4.538811232485893943e-04,-5.030205195480596359e-06,-1.208323667836533506e-02,-9.430510656280600967e-09,-9.614766541336122740e-02
-4.293435214475865115e-05,-2.500047266232206886e-03,-2.795897175988096978e-02,-1.400718810870747678e-04,-8.824726439524889499e-02
-6.521821233052531570e-08,-5.712540966586167145e-05,-1.659430330918866894e-02,-5.973039885022089536e-11,-9.080302221967680165e-02
-6.580255544209843445e-05,-1.229156331889101020e-04,-1.063205250119016350e-02,-5.241822582493883218e-06,-9.734793473291639132e-02
1.600789369009935631e-09,-1.406466996024764021e-02,-8.561419882117757979e-03,-4.722531768386574284e-03,-1.025323948350780334e-01
9.195629023023577365e-10,-1.162644644789440768e-02,-1.500548892082239315e-02,-1.056168339921303122e-02,-8.633815774938151388e-02
-8.696861993182182287e-04,-9.711820965078339640e-03,-2.527164303183350967e-03,-3.649037825813867316e-03,-1.011686260344962646e-01
-2.975403986281159770e-03,-2.971834925579145033e-03,-8.108618531349517296e-06,-6.963704415718265921e-09,-1.158985820023350488e-01
-1.572745254105546676e-03,-1.071494721772439461e-05,-1.163250182451814769e-05,-1.885319112311500695e-03,-1.167158707715038185e-01
-5.195433332911134593e-03,-2.152020605991991788e-05,-4.170271340589267014e-09,-1.492236856274597491e-02,-1.067174033452897852e-01
-7.571816279730908018e-03,-1.229631151357505432e-03,7.439720276626915904e-10,-7.850090026617022434e-10,-1.165419351459062308e-01
-1.457675894562435875e-02,-1.291356896416523273e-03,-1.457948214382456036e-09,7.857547434588505637e-09,-1.300459602080389077e-01
-1.847805349686229559e-02,-5.665857516669517771e-03,-4.142105638587416532e-06,3.948443657111341300e-03,-1.251620231524826765e-01
-8.773090351735237470e-06,-9.604045643440349903e-03,-1.241075918087426531e-09,6.992749486267807631e-03,-1.069535255978716071e-01
-3.538119591145931844e-03,-2.433318272356402041e-03,1.151804032742897825e-02,4.420442277668536722e-03,-1.068088551721779605e-01
-1.796025608748610063e-05,-1.257344742313816889e-04,2.077488201870983028e-02,1.259631328058549021e-02,-1.164635553080682201e-01
-5.239811644670541769e-08,-3.362474440036509517e-05,7.696575895243636872e-09,3.017720602736920568e-02,-8.936942287757188019e-02
-2.889577806283944026e-08,1.891970163871253989e-09,2.695544009356374074e-02,2.856671634126057777e-02,-7.205867510348648586e-02
2.233085359425688796e-02,4.148154048841476427e-02,7.084086525752286700e-02,2.408270802190733660e-03,-7.530891808794204501e-02
1.929077091975037531e-02,8.335362363118922757e-02,9.635947002500554193e-02,7.599654366428407886e-08,-5.760486192077958478e-02
1.305369198140330853e-02,1.262298046979085653e-01,9.134809830037571299e-02,-2.787527898825058192e-02,-3.892818674944468343e-02
5.219704856819184537e-03,1.402090789653387959e-01,6.156514968167532686e-02,-2.419030308479536151e-02,-2.682019807331810848e-02
2.236647338764553156e-02,1.610529687073754546e-01,4.801980807158309772e-02,-2.309267905522327871e-02,-4.394630953393718203e-03
8.918305095696091311e-03,1.908722647382178061e-01,2.435353407256490160e-02,9.201129670296547173e-08,-2.305533216505548801e-07
9.486884936652595173e-05,1.874243143879982254e-01,5.649868576016564906e-03,5.596484477342788362e-09,1.738032992730974974e-02
-8.717000003940685374e-03,1.882139901632311763e-01,6.144749742848194176e-10,9.422325680045481553e-09,2.318530271596653050e-02
-2.083289810392670999e-02,1.949198214365336357e-01,8.399946943467727269e-04,-4.985765683333546864e-07,1.915114471395672549e-02
-2.987317397666767668e-02,1.951087318482238320e-01,-1.837738623096930174e-08,3.221305199613859124e-03,1.696687040335243327e-02
-4.297684872042038112e-02,1.709341337411227624e-01,-1.384829611867652473e-02,1.680003582858332831e-02,1.831285367178948909e-02
-6.364287758534427353e-02,1.403355943947798556e-01,-4.090122872308882274e-02,5.289703494732009986e-02,4.367208805263984861e-03
-7.604658408102983602e-02,1.145705625612103429e-01,-2.996870378931183049e-02,8.516563524228215609e-02,-5.745177723117355674e-03
-8.166350515851454606e-02,8.911969976871406129e-02,-3.458164583176510931e-02,1.270584904677105886e-01,-3.574239302748583730e-02
-7.606637314851097398e-02,6.295616486266970846e-02,-3.349426956179932247e-02,1.501051187131286491e-01,-3.704900565806678453e-02
-6.007105669737954762e-02,3.453969320811386967e-02,-3.036616327461174117e-02,1.582351883408910920e-01,-3.198585122183194435e-02
-3.966059424549706058e-02,6.006824775583004088e-03,-4.813641201119211142e-03,1.535458173860762554e-01,-3.027811652561322037e-02
-1.641454761750823360e-02,-2.964027049739969568e-04,2.988703208665022989e-10,1.540499550493030223e-01,-1.585983357289473886e-02
-1.481854106432601405e-05,-1.336962617004628165e-02,1.875693863748461448e-02,1.486228953555429333e-01,1.566617484011578901e-07
-6.706647371624221437e-07,-1.642072491879680712e-02,2.952171028487860296e-02,1.396037718382898973e-01,2.421845865357252325e-06
-9.667573374931063289e-08,-1.493734594772003731e-02,6.669768101906298208e-02,1.204873654558220736e-01,9.191551149462591738e-06
-6.589001415656627231e-08,-7.742738293780578734e-03,9.745804300857398295e-02,9.073783129614171328e-02,1.843441997892964141e-03
1.980205567289079760e-02,6.651855273375977822e-08,1.192568160177195080e-01,6.674576143346440393e-02,1.936950917437546549e-02
2.559456250622410209e-02,6.817904705215966634e-05,1.233182246236994156e-01,3.849257671461540908e-02,4.250024182921987442e-02
3.627508526055568672e-02,2.569878453547940777e-05,1.425439882327036445e-01,1.962968547876242902e-03,4.662982697998902665e-02
3.495519176069623174e-02,9.737138919153080687e-04,1.624157074126632294e-01,2.040380407267459033e-05,5.504982234231888677e-02
2.354197976865017930e-02,4.813795856208064089e-06,1.550895325574782047e-01,-1.229137974377560995e-09,4.368105793051617336e-02
1.198995605483087528e-07,1.457784499686131028e-05,1.346178126714542844e-01,-3.042922449424058373e-02,4.884161210265569597e-02
-1.018254158087995853e-02,4.126351697634761672e-05,1.483784482008428940e-01,-4.768632096208134941e-02,4.624724726715596923e-02
-3.833601659479773938e-02,4.378561688153839642e-06,1.359578181796220475e-01,-4.374856185545996506e-02,2.253269427667063327e-02
-6.430827404594056940e-02,-1.219336929976959528e-09,1.152133706570945548e-01,-5.018649938605478089e-02,1.649772232860318225e-02
-9.694048449947161028e-02,-1.508658617653911735e-05,9.427089408831142159e-02,-5.556232206502337290e-02,3.337808864643815321e-02
-1.095826137588434279e-01,-3.603332359369071445e-05,9.255141626092106000e-02,-5.145092605634227906e-02,3.668285573403364669e-02
-1.339991850304654841e-01,-2.230442396301254415e-03,7.288616218661242430e-02,-4.912281996356212405e-02,2.086387889200315079e-02
-1.561188172292468646e-01,-2.717878822467895399e-03,4.817755678141411729e-02,-3.964096519421667075e-02,2.781056018320878995e-02
-1.619906414849645315e-01,-1.146268711081397306e-03,1.270193431530240898e-02,-3.760384376091686215e-02,3.552285081605240785e-02
-1.578159770321386213e-01,3.603667987439417504e-09,2.129430461933606508e-02,-3.852667206827230933e-02,3.205954050335549366e-02
-1.464291272936574517e-01,-4.892827044579927821e-09,2.072905557333619680e-03,-2.397640161205064069e-02,3.244233597546331005e-02
-1.309481069504209727e-01,-3.452717049897042943e-06,9.607211843871186701e-08,-2.875680082248585623e-02,4.290093574283999900e-02
-1.075585551464685319e-01,-5.441978658672635624e-03,-8.100417606865922194e-09,-3.438355573190933490e-02,6.085102840884062947e-02
-8.697472151349261438e-02,-6.782961839992670584e-03,-1.110064476442824098e-02,-3.297719535344369873e-02,5.880038443310632579e-02
-7.685758223717910342e-02,-1.811600357077891923e-02,-2.207632152813810908e-02,-2.446090183566208137e-02,4.822686762320561871e-02
-4.891361454326168673e-02,-1.931378188642856458e-02,-3.561564715417753213e-02,-2.192323965022846891e-02,6.952239837114969345e-02
-3.432380466835147081e-02,-3.318668307835362374e-02,-3.937494549549960809e-02,-1.734339657589678216e-02,7.527970066786268677e-02
-2.286319949466135773e-02,-3.122098679454057488e-02,-2.428778212530554106e-02,-7.193035223615216155e-03,6.200317413615544226e-02
-1.568530955026112977e-02,-3.919192258410686414e-02,-1.182150532727156700e-02,-4.577426506161424297e-03,5.753586800323630401e-02
-1.329172912504521793e-08,-4.063191337273142772e-02,-1.518859845071409385e-02,-3.936706285105255300e-08,6.281514606428453829e-02
5.459926966750163845e-09,-3.391226322293281609e-02,-2.050000083515994900e-02,-3.158528719677054623e-05,8.173169696989555921e-02
7.167269040715433132e-09,-3.724000420376687853e-02,1.809539014212959355e-08,-2.826007967276991972e-06,8.271653459529362817e-02
-3.863076807443918696e-06,-3.841480780151682733e-02,-2.173035606571373027e-10,-9.614082343281667065e-09,7.680288396893442115e-02
9.793294181400422783e-10,-3.886390096272247796e-02,-1.122176860974087760e-02,-3.104151463766923773e-08,7.741893843221687999e-02
-8.725704975050671205e-03,-4.103274855286470624e-02,-3.000584930205054193e-02,-2.843736276040456269e-06,9.112120967607395539e-02
-7.833720913773940808e-03,-4.145797487353578004e-02,-2.365777537415339818e-02,-9.586589243707245318e-04,8.796284457454793537e-02
-1.926342720487508875e-02,-3.145257454409055436e-02,-3.202735327316084957e-02,-2.851569147477460344e-04,8.529954096999639579e-02
-2.339322414204117462e-02,-1.568514471751985065e-02,-4.548757817896349059e-02,-3.991920641173517740e-06,8.902048559506758885e-02
-2.860235635727289769e-02,-7.813600386979089804e-03,-7.284121202212937018e-02,-3.550308022394669288e-06,9.665910979210882992e-02
-1.993212725151697132e-02,-3.812194968165693942e-05,-4.943928967276768616e-02,-3.794835260300255129e-05,9.630119091687447397e-02
-9.039862952657365391e-03,7.105706987538876592e-09,-5.275931272645702219e-02,-9.492096740438274926e-06,8.722267681174718235e-02
4.775369345819730665e-05,3.107621905324647064e-09,-5.068310838605013385e-02,-8.317633307035790960e-06,9.298453441287006516e-02
4.720355113897531027e-03,4.115032218411105954e-09,-5.470555639299030937e-02,-1.416452376691828587e-02,9.115150403171674853e-02
6.576151201106154864e-03,1.994993768324531604e-08,-5.626098480836421584e-02,-6.848376769559268509e-03,6.926452223788576168e-02
1.690486810780053237e-02,9.286506505254748117e-09,-6.491178332497188341e-02,-2.720509918089750248e-09,5.433555498510507509e-02
2.526755910868807090e-02,3.529083675171194829e-05,-6.906048236042344746e-02,-2.627197111022902412e-04,6.229065954431038665e-02
2.665154030117615480e-02,5.648012776382826082e-03,-7.690301567056927190e-02,-5.009903572574345154e-03,6.700781753970438959e-02
3.162948486983067908e-02,3.996589311379938371e-03,-7.570945607155685209e-02,-2.684386375076337126e-05,5.687026636636408755e-02
3.977490111723160776e-02,1.498648608585964441e-04,-6.111673588836463028e-02,-4.938624750058261993e-03,5.701153865585381619e-02
3.798942876723596790e-02,1.729444227682290988e-05,-6.902654663771620736e-02,-2.694681419696388740e-04,5.774293917529369630e-02
1.924755837894904370e-02,7.975563275357270243e-07,-7.411797207901274498e-02,-1.141128753606671618e-02,5.807422079516828817e-02
2.558573122572163627e-02,2.153453444598564411e-07,-6.233050979908085626e-02,-8.837862695074839847e-03,5.375274713924596548e-02
2.133189469739283847e-02,1.349950481285897038e-08,-5.700895712367484020e-02,-3.947219309727746997e-03,3.776603664282734973e-02
1.883276507155080132e-02,1.448149418831379421e-06,-6.665503225212676686e-02,-9.173301137099974193e-04,4.308657776897104053e-02
6.163210806047493204e-03,3.526787234270801584e-09,-7.651890724534821109e-02,-2.020265374865203804e-03,4.855823685240025916e-02
8.255325229887306229e-03,-1.430548771801123216e-09,-5.230193485262172454e-02,-9.633891418610509433e-03,4.100911634221554580e-02
6.547904083455106765e-03,4.059240239531642033e-09,-5.457215744933826412e-02,-1.368865657370128830e-02,2.026472957991035106e-02
2.090994801558257368e-03,1.377599081432584420e-08,-5.902554069909193152e-02,-2.053232924043871949e-02,1.723692667397182243e-02
2.277073212175629181e-03,2.085117856518387265e-06,-6.786415136911161383e-02,-1.862307826527395682e-02,3.178778110503489157e-02
2.011837024414820166e-02,1.177713138800837514e-03,-6.100432810639527109e-02,-2.335445145547632162e-02,2.069974745741606434e-02
1.866559835442336765e-02,4.177436356726108371e-03,-5.902481346621273051e-02,-1.500497888185877218e-02,1.045765134810602501e-02
1.585948384034475619e-02,6.585906243904830239e-03,-7.237377288221481797e-02,-5.191121351597468951e-03,6.000275993434388798e-03
2.114182385871687248e-02,1.932722746695114159e-03,-8.533008585568212234e-02,-7.970057277374587718e-03,2.131220601948460164e-02
2.332185665358451482e-02,1.780463753227526499e-03,-7.312361545029547050e-02,-3.827111504285422242e-03,4.018672083476847873e-03
2.256374556948204449e-02,1.682888074794325253e-03,-7.382828545521356867e-02,-7.226341214297409574e-05,8.703878336596432302e-06
2.333406987355120948e-02,3.552049803732849270e-09,-7.492930541839813718e-02,-2.303510019019616110e-04,5.958901402243179041e-05
2.497713239155614426e-02,-3.341743234471070590e-04,-7.619123357546186970e-02,-8.300864575312533536e-03,2.488569786316373062e-03
3.509943206803941423e-02,-1.217151025347130565e-04,-5.847732075800273627e-02,-3.260192556818522578e-03,4.509765767548604316e-03
3.038161502269659531e-02,-2.503034668059235003e-03,-5.034137573503890545e-02,4.931029548656372421e-09,8.251419135927509764e-12
2.557490281349033417e-02,-7.005326813909593456e-03,-5.393548457592017842e-02,-1.269898670337845790e-09,5.963020295279307586e-10
1.676556169651419181e-02,-7.128501981950256111e-03,-6.237125647816158663e-02,-1.388830379667906153e-05,1.733910167040843575e-08
1.428882162408055671e-04,-6.053400274561121681e-03,-5.349815815692793297e-02,7.020800359965007306e-09,-7.256578029345562078e-03
5.609131975748836603e-05,-6.046204823363789810e-03,-6.960739934569591669e-02,1.210223703475153852e-02,-2.781436995273216251e-02
-3.567813347701874028e-09,-5.043828191926031691e-03,-6.379538667796970375e-02,1.172069340387058012e-02,-3.599147233460956580e-02
-1.622398689373870211e-03,-5.204434147463686197e-03,-6.980109350736470042e-02,-4.947181302052873468e-06,-2.808619531098427088e-02
-1.032784062120023234e-03,-9.181381119612256475e-03,-6.268150218605800239e-02,1.643002631795176713e-08,-4.046832263073920494e-02
-1.119142452935835072e-02,-8.242648115200699012e-05,-4.943933777417750669e-02,1.187214626060118308e-02,-4.411536407257662940e-02
-8.454120854953848033e-03,-6.483487633904542613e-09,-5.233833214420759161e-02,1.215668312847369668e-02,-2.976024916729764699e-02
-1.224178783033930996e-02,-1.861669925894756088e-03,-5.078617461298082225e-02,1.523505965405913369e-02,-2.173929157524615713e-02
-1.890608751320173656e-02,-3.436358630992715902e-05,-3.380650370411769634e-02,1.006216185972749755e-02,-2.923966567024004204e-02
-1.844596399326764793e-02,-3.590056456186152116e-09,-2.869911590543856514e-02,-3.052847286706084480e-10,-2.801670193034270367e-02
-1.189587313796149591e-02,-3.239181392456437407e-08,-2.944675463396103157e-02,-9.964133417007907332e-10,-2.484319060450979055e-02
-6.783119992780837354e-03,-1.003478028502340198e-07,-2.044824737266619577e-02,-2.069000197701915171e-08,-1.498452597679692314e-02
-9.566550410775394656e-03,-4.132072233286273170e-09,-1.960598034468533438e-02,9.060249729324532444e-03,-2.269240612050104147e-02
-6.571343759963846516e-03,-2.622878414357365962e-08,-1.979029381757855047e-02,2.573158719708881423e-02,-3.917427414162860666e-02
-6.881010817684711078e-04,-2.211054175296419570e-08,-3.191294373927720807e-02,3.113585261430615661e-02,-3.243890006075803023e-02
-9.864060239122616688e-03,-4.624178768643687822e-09,-4.857957480411334572e-02,3.728939311360673220e-02,-2.647494369318131174e-02
-1.556784604779639161e-02,6.723100949973801504e-09,-3.763157965073292421e-02,4.314850646509528487e-02,-4.209752675726888271e-02
-1.172004421230347405e-02,5.814691154615968594e-06,-2.531834109221291207e-02,4.005963616870468480e-02,-4.155379541952113759e-02
-1.103225969986606700e-02,5.051971071566276301e-09,-1.871975726205281354e-02,4.722433189670979803e-02,-4.190564014964661549e-02
-1.875905449439912651e-02,8.895594506250371276e-06,-3.041976932177934898e-02,3.970165381772425284e-02,-2.992154693681371713e-02
-1.776772017592763084e-02,-6.264916384038875766e-08,-2.271704569710717228e-02,3.013877679334609275e-02,-3.371162264529683344e-02
-2.037341337765542076e-02,8.645437855862243493e-10,-1.919010409856402449e-02,4.588604030342775114e-02,-3.304677158782146074e-02
-1.083078583189718731e-02,1.792267205108322272e-08,-1.035934948906117557e-02,3.606130884571202150e-02,-2.355671396391903136e-02
-1.726436696469601378e-02,9.227002049821218472e-09,-1.815559569397259473e-02,1.981202488122025748e-02,-1.629634084501122016e-02
-2.155256735604762011e-02,1.054408101233991234e-05,-1.037325705414000702e-02,5.248002528948294762e-03,-1.818346960282493999e-02
-2.566491816603483703e-02,2.301256412975215881e-06,-8.344720564705893073e-03,1.210708955900925352e-02,-3.396098433545557266e-02
-3.453067264764276417e-02,3.385627111803382125e-09,-1.861670125903241643e-02,1.284595298822464871e-02,-3.773949266557619087e-02
-3.921547378827105329e-02,-3.212121832820448025e-10,-3.403931413464521966e-02,3.191663530375557707e-08,-4.083231867081593691e-02
-4.220169476880656495e-02,1.343815567201950089e-05,-3.231354104229183094e-02,1.957833766110111604e-02,-5.390337938652207950e-02
-4.273792250143590432e-02,7.862035942759275017e-03,-2.609472576992101500e-02,1.724001214907655913e-02,-5.466076700738982386e-02
-4.798990801089052238e-02,1.053769849796974689e-02,-1.913488841066065399e-02,1.378528018052936795e-02,-4.648051140980458129e-02
-4.617774510548289940e-02,1.541016116772739482e-02,-2.181381745770751696e-02,1.993235957503167871e-02,-4.468516135318771620e-02
-3.858026601345125595e-02,2.421586150960841968e-02,-4.966352988005014494e-05,1.038275163732731154e-02,-4.000991338737020647e-02
-3.456335395973453989e-02,2.597535629990071690e-02,-6.185225233313889271e-06,8.471155653088972837e-03,-4.956398045069616148e-02
-4.356099671941879997e-02,2.889920063885418472e-02,-4.644459197981311988e-03,1.666910830597705812e-02,-4.472499673750499755e-02
-4.075994575557580907e-02,1.166929257541942516e-02,-1.376737864605175814e-04,1.251692289741050332e-02,-3.559277314028798378e-02
-3.697262924803591810e-02,1.208102505326138706e-02,-6.933587191380647929e-06,1.050486514861162859e-02,-5.059017538824776838e-02
-4.942214646214076329e-02,1.330908029959872521e-02,-1.099429583439636739e-04,1.241661398850892745e-02,-6.129600166928559496e-02
-4.867777197691297575e-02,1.994805040276129756e-03,-3.914432317049977225e-03,1.258318093195197850e-02,-6.209162197981139830e-02
-5.890971924519881886e-02,-2.905450648668221773e-09,-8.897949667180568220e-03,-9.987211367759786855e-09,-5.595240513097272245e-02
-6.165748564656852587e-02,3.168944069740932575e-03,-1.021843599382828149e-02,-4.057266684018438956e-09,-6.418008826549173595e-02
-5.759742849516018975e-02,3.418244584792248016e-03,-4.650107707878290927e-04,-1.439231099667608288e-08,-5.746427846928867100e-02
-6.350444236504224071e-02,8.485068077169317935e-03,-1.275025404977752838e-02,-1.154206739200418437e-08,-5.827412215087769687e-02
-7.289674717962281447e-02,1.599337281054711776e-02,-2.795639692319816169e-02,-1.160949658809281886e-08,-5.254673656283093131e-02
-6.275970952292335425e-02,1.059459858183102454e-02,-8.468489755898953725e-03,-5.293130121015429320e-08,-5.497674216991144808e-02
-7.040292921365617906e-02,4.596652712029043047e-03,-1.004388005675582556e-02,-6.027097881887390580e-07,-5.828635018988562178e-02
-6.684600359246520296e-02,-4.538432345919668933e-10,-2.273330144644773732e-02,-1.696202945428240691e-08,-4.737956293865382834e-02
-6.084827764758646285e-02,-7.779654243256051704e-11,-1.100700377513776779e-02,-5.805073419499303882e-09,-3.748565901424794761e-02
-5.966324454264009675e-02,5.313322756122630316e-03,-1.214716618783552582e-02,2.252118877163356708e-02,-4.326693383980651647e-02
7.300835861936715956e-06,-9.131685769988329588e-06,5.089266108802083287e-05,-8.712653196835269329e-03,-1.387055576553162563e-02
7.397804507246971554e-09,-5.891414691798926503e-03,-1.692250550494602217e-08,-1.941840096651027190e-05,-1.905712839892404961e-02
1.341007826954917625e-08,-1.111276409659054873e-02,-3.995883716833497495e-03,-6.525013870309071852e-03,-2.008685451520568141e-02
4.714437347205811827e-07,-9.697379286134767684e-03,-3.251633911417788764e-03,-1.384431962681765584e-02,-1.044834829989653609e-02
4.138661958913010704e-03,-8.253346199624485291e-03,-1.297100219287747064e-03,-1.388132263992635645e-02,-1.973118586550974551e-02
1.380669846154674620e-02,-1.035014079888998614e-02,-1.713622108484588649e-03,-1.695975164988400632e-02,-2.794379508952044358e-02
6.141316360439333724e-03,-6.128433210614259510e-03,-1.222919443664039598e-08,-2.076027206279594875e-02,-2.969115159039477370e-02
1.384137755080394779e-02,-2.226151510829159352e-04,-1.503039805529570849e-03,-1.828006316508280424e-02,-2.885442465946677984e-02
2.225279095785414815e-02,-2.093443987033879496e-03,-7.939662330064397797e-03,-2.532136971365515216e-02,-2.888162904961584163e-02
8.408728504517355706e-03,-2.594400965610098569e-03,-5.615170535876701577e-03,-2.692338275964196656e-02,-3.334618963711631634e-02
9.337718621473714944e-05,-7.197174262839961500e-10,-4.678214172809251267e-03,-2.435231946803765452e-02,-2.583795818895992524e-02
2.876743197431790282e-03,3.527312706138035755e-09,-3.421504009394687935e-06,-2.664948598010424136e-02,-2.538960397625064647e-02
7.045591826975386961e-03,2.043378950317643255e-09,-1.937976904736946941e-05,-1.950393633378175867e-02,-3.916432949067014807e-02
6.976324788325515870e-03,5.083214674477313372e-03,-1.141503698164401086e-04,5.099708221980065548e-09,-4.987979050238712520e-02
1.273372581848340040e-02,1.849184804217669628e-06,-8.295059575741365136e-09,-1.809978511050915409e-02,-4.137697702850893361e-02
1.340670654932303411e-02,4.032849174184134806e-03,-9.033675835103264010e-04,-1.951228083445424866e-02,-4.516496806426700816e-02
1.134466103417047268e-02,6.463344675342001279e-03,-2.928419209312146487e-09,-2.381829037674091862e-02,-4.509734966849627408e-02
2.554379970243104839e-06,5.392511765929699011e-03,-5.590496423411481294e-09,-1.929683541481564887e-02,-5.599392641014570848e-02
1.529402901273120439e-06,1.046820730410790833e-04,-2.772811354981131402e-05,-2.950294049959134926e-02,-5.565752009548572549e-02
2.929659621325806355e-05,5.859470717123600687e-06,-9.588838860025167421e-09,-3.722536419677240083e-02,-5.661584325243530780e-02
1.833608188709112775e-05,3.842276188386634960e-09,-1.150762786839787171e-03,-3.229704380157910615e-02,-5.580902167944102460e-02
1.002387994471889376e-05,-1.433385346525212122e-05,-1.199323553773041715e-02,-2.504223909571020451e-02,-4.783929822064258292e-02
2.567248491459258125e-05,-4.655042027022483212e-06,-1.904121100961320839e-02,-2.811967128086410514e-02,-4.970770335340748275e-02
7.042753642432709229e-06,-3.233670973038688766e-06,-2.075724034264546380e-02,-2.900740697064702750e-02,-5.123658670544408572e-02
5.105689972553861045e-09,-3.799334553056099912e-07,-2.350052052273125455e-02,-2.367698218243720690e-02,-6.296122388899640099e-02
-2.839474895799697937e-08,-6.624588954022328198e-04,-1.331848418591717598e-02,-2.663391449695302893e-02,-8.594930636076379693e-02
1.597070211534000875e-08,-1.896401911570065450e-04,-8.925486889094471493e-03,-3.085556193097298977e-02,-8.254093151561829600e-02
-7.415781524867685534e-03,-2.076579104448050104e-05,-6.391171108698905090e-03,-2.000986032881160379e-02,-8.190865215848229519e-02
-1.487221829207757522e-04,-1.474896275967758051e-08,-7.889941497655257612e-07,-2.227916446394451536e-02,-8.851862307877030045e-02
1.103350721340005442e-07,-2.122975771942249877e-09,-1.921280956972512074e-06,-1.392894652206211337e-02,-9.178712106078773525e-02
4.280253856078865867e-05,-1.177536698904475619e-08,-1.103845499909324751e-05,-4.921436988965635466e-03,-8.529397040333168423e-02
6.838343724540791278e-03,-9.899987672130935560e-09,6.465147833528705604e-06,-1.768714410502216644e-02,-8.525551849523765879e-02
6.926840669953425391e-05,-1.268934024049350813e-08,8.543864125429131626e-05,-1.380838298349715450e-02,-9.839638721820792577e-02
-2.481655706105660153e-09,2.361734396905941701e-09,5.009746515497698165e-03,-1.636617833321067098e-08,-1.086349363342328095e-01
-1.924279674065413084e-09,-2.586435688045064052e-08,5.315430735064606733e-03,3.763843356637199974e-09,-9.796913052409425560e-02
-6.886647967734759379e-05,-4.781086128238903448e-08,4.018221089061862691e-03,3.820247504619446323e-09,-1.078379695777951786e-01
-1.941403761534666672e-03,-8.471431029881087632e-09,9.292936039277860383e-03,1.220497009633968857e-07,-1.176195817009477868e-01
-1.340716668738611492e-02,-1.825194462185917988e-08,8.038109717034542731e-03,5.485876149579719804e-08,-1.221081402009561723e-01
-8.154265932235411213e-03,-1.155442098904018019e-04,5.618208061785548329e-08,-1.173692926827522116e-03,-8.921141780045918623e-02
-5.634997748421361250e-05,-1.871415824895349697e-03,2.371499388166154257e-02,-1.000122357112253127e-02,-8.078572423259684776e-02
-6.254597354465023358e-06,-6.261935881252526405e-03,2.447678865734403617e-02,-1.158109898903520764e-02,-1.014155273907908356e-01
-1.239474825122255865e-05,-3.699795261953618599e-03,2.523766665249860264e-02,-5.852666288190757791e-04,-7.847610632707305300e-02
1.660263606360016991e-08,6.444303841643752272e-03,4.052411660719555664e-02,-1.033434823530499612e-02,-5.089208209009570688e-02
4.910743508730819155e-03,5.024450377625428593e-02,4.729456906363779106e-02,-3.707089451167910193e-02,-2.887282888352550939e-02
1.892257120713083593e-02,8.906750162622775746e-02,5.819861908713351573e-02,-7.256264868103814991e-02,-2.957502020040543925e-02
1.296904730961389619e-02,1.275753767885783874e-01,5.479624304078613284e-02,-8.188232411577826830e-02,-2.346917090314570506e-02
1.020343162794145296e-02,1.504007962163217138e-01,4.830731126869015901e-02,-8.338144964233308587e-02,-1.047594133769333760e-02
1.022022505917002770e-02,1.708921342071727523e-01,2.754175605656700512e-02,-8.155830465333235857e-02,-1.163464583504365004e-05
6.095250631592791929e-03,1.903458378008076601e-01,8.302401447434494888e-03,-5.888460476937449478e-02,1.509124335395744046e-02
5.785879409464848161e-03,2.018754811022831774e-01,2.921522708506981997e-03,-3.756172714459614370e-02,2.495052294992361128e-02
2.854722248139065218e-06,1.936665313677882749e-01,2.332905275196042291e-05,-2.977949489513158354e-02,3.126340051112984353e-02
-3.990221584357771765e-03,1.982169519443406080e-01,-3.823939399999475305e-09,-8.743314378619386137e-03,3.005920619409060968e-02
-7.343496276699484210e-03,1.956871930701048756e-01,1.469397504439703446e-07,-1.706232407994706505e-04,3.047598499816266474e-02
-1.300331287128535587e-02,1.801821591915645226e-01,-2.042471267590929729e-05,1.171718711357233426e-02,1.020898933709844456e-02
-4.047416332723369897e-02,1.441770264204385310e-01,-4.151794343965066816e-03,4.552093240303553556e-02,1.017765909391360121e-02
-5.838792911506657940e-02,1.081951242165612032e-01,-1.634340740889147353e-02,9.929860327274332710e-02,2.933414067656182406e-05
-5.771447440066781315e-02,7.402966982258958606e-02,-1.954935362967095275e-02,1.602226590214222701e-01,1.679828116896555810e-07
-5.867397215395241117e-02,3.583690463946630211e-02,-1.592873917193051922e-02,2.075339403586762554e-01,3.808822183811068365e-08
-3.654402904202172508e-02,-4.446634279126879882e-06,-9.820675843831649585e-03,2.228684695057101817e-01,9.219494469275547167e-06
-9.704564468565081425e-03,-2.230708934732928209e-02,-9.053676506770807044e-04,2.389410942825808126e-01,2.917807692995323971e-05
-4.214521980026183053e-05,-3.423089390575483754e-02,-1.155052431438457686e-04,2.383098158275431810e-01,1.138061448239329848e-04
-1.596755033845393244e-06,-5.644984612775615085e-02,1.131506167614486878e-02,2.222760320186894512e-01,2.577762440424549251e-05
-8.116530349859797948e-07,-6.209659828351472149e-02,1.040679100257228817e-02,2.026036832365325502e-01,6.406085061787022820e-05
-6.844262986430479974e-07,-5.157749102912542044e-02,2.069584576591442654e-02,1.884478482776448527e-01,2.698926667411736917e-03
-5.293971244489663317e-07,-5.426819408892781527e-02,4.115975298067652000e-02,1.519281172947043734e-01,5.398408439932981910e-04
-5.403541547258674371e-08,-4.570188692628764093e-02,5.619791325148927597e-02,1.208260949191722194e-01,1.086677425660757292e-02
-3.982985568959380515e-08,-3.908838583895420798e-02,6.654844851753201340e-02,8.165415726085568926e-02,2.662528759056432409e-02
-1.963780261806179324e-08,-3.425461374925901914e-02,8.685358987988153756e-02,3.637310997270900431e-02,3.486709972898687643e-02
6.448845048230136823e-03,-3.508503828356766135e-02,9.727660412573681248e-02,3.905478301669506637e-03,3.511736600325850860e-02
-2.671144850870573428e-08,-3.040637267445417749e-02,9.474787350207958259e-02,3.219452864748883606e-10,2.965735332545759231e-02
-4.542628164749826572e-03,-4.123423241176125964e-02,9.695348648230310562e-02,-1.285412056020815257e-02,3.445688004177602237e-02
-2.373838911541887794e-02,-3.309515546747318626e-02,9.377234587568443469e-02,-2.293902768077775434e-02,2.180135852807456656e-02
-5.481098775280580926e-02,-2.709604930357098138e-02,8.346667689947274982e-02,-1.499446377731333303e-02,-4.355013324752580832e-09
-7.707029764477504874e-02,-2.479223927765408786e-02,8.431016414736132447e-02,-3.680453788085643468e-02,-7.420301621377729872e-06
-1.011572349440882368e-01,-2.543503199775605170e-02,7.528628458539136925e-02,-5.271526498349252132e-02,-2.630676371182560171e-10
-1.238430055552944831e-01,-1.734458491962154875e-02,6.282987380694229906e-02,-5.173600896351796680e-02,-4.461215117974873720e-08
-1.485147535300271326e-01,-7.001605329330022609e-03,4.618907911061199273e-02,-2.832422365179737556e-02,-9.285554188322940041e-05
-1.539993878653972414e-01,-6.662207809585006524e-03,4.323829930169318519e-02,-1.766591534350609935e-02,-1.102615485882216945e-02
-1.707912487383436151e-01,-2.300749645014302404e-06,3.787899784342832477e-02,-1.752676552940810040e-02,-6.268727839820951477e-03
-1.907132733599001817e-01,1.182845727007754639e-03,1.942137811340075015e-02,-5.548831500042526212e-03,-1.625846369841097219e-02
-1.924871963119423601e-01,9.745029378346000901e-03,8.002978627249602087e-03,-8.001928906674223008e-05,-2.187847880420028604e-02
-1.869337493004449569e-01,1.067783767917382561e-02,1.151966139729088599e-05,-6.331975730100386989e-05,-2.607025997903837308e-02
-1.805738025502134081e-01,2.172801539686594272e-03,-4.643174767348337724e-05,-2.790428269212374360e-03,-1.260068947137696696e-02
-1.668134314623367087e-01,4.437134157052657901e-03,-1.139865025326088446e-04,-4.312931253545941070e-03,-4.716622989544938353e-03
-1.536036257047133369e-01,6.329555546867083465e-03,-1.436459943570482511e-02,-2.562877252591345490e-04,-1.328231678322160797e-02
-1.281877397323881451e-01,8.151460783591659570e-03,-9.835714815083043336e-03,-2.419175686143416415e-04,-1.272184933999367940e-02
-1.131053900173038945e-01,5.914533791871122090e-03,-1.587913934233355084e-02,-1.459617332968682346e-02,6.214671449380688011e-06
-9.837027367331398209e-02,8.879129146303572917e-03,-1.696343609988445328e-02,-2.447322750864515048e-02,1.002261969202749122e-04
-7.211856602392088811e-02,7.557278474940845071e-03,-1.211611165633328692e-02,-1.649197969389541718e-02,3.678588466457255197e-03
-5.812339089323046576e-02,3.102106948353858560e-05,-1.316666071590313902e-02,-1.462582414170931350e-02,7.872447792839154870e-03
-5.602132560084311513e-02,2.868414949249378209e-09,-1.263081028621325028e-02,-2.745150026629376155e-02,2.513318972594537695e-02
-4.402065736875884761e-02,2.442059456978802663e-06,1.678475404622532406e-06,-3.639281255594192799e-02,4.689572577752595256e-02
-4.112542343330319317e-02,1.551990102200344703e-04,1.103292108724332018e-06,-3.195014452582986553e-02,5.397940509120192909e-02
-4.379419370349696417e-02,1.513836415784518752e-04,-1.107345933889565190e-02,-2.211296071843800101e-02,3.567622187394289129e-02
-4.368433380692986201e-02,2.302680634690815620e-03,-1.786431241231801678e-02,-2.398872822552761824e-02,5.118307177696483634e-02
-4.479350977426341945e-02,1.026657541011893188e-02,-8.711912985154054295e-03,-3.149454049568561897e-02,6.342877111556437242e-02
-3.702235741331477009e-02,1.901979117361526916e-02,-1.027924966231634658e-02,-1.969070651283423221e-02,5.482539101724157732e-02
-3.439536655082350847e-02,2.315665590796948600e-02,-6.802067742456095051e-03,-1.087251445949058946e-02,5.540981789318778772e-02
-2.792618682504025354e-02,2.324747493785794469e-02,-1.883177867333275801e-02,-3.951646983623993518e-03,6.940376259683429805e-02
-2.322664816765965257e-02,3.093379187866725222e-02,-1.661822802800213758e-02,-1.137896583733462998e-05,6.139448731520326386e-02
-2.266603184071016436e-02,2.966421431509008722e-02,-2.295639454795913789e-02,-2.909713731645039050e-08,5.637038303315267118e-02
-1.878197078883317439e-02,1.998732040317601974e-02,-1.909752646406287849e-02,-5.586696836856006575e-08,4.751343278907078221e-02
-9.542407007650976353e-03,1.349509117350124708e-02,-3.027553120640135917e-02,-3.322651678895050732e-07,4.695198190770628888e-02
-4.612385636536957788e-03,4.950157859356863616e-03,-3.751938220094824111e-02,-1.027751373481747353e-05,4.284474594776290640e-02
4.232170670685037651e-08,9.192504078694930654e-06,-3.541244231740094811e-02,-5.344843498141359922e-03,3.685206864571991675e-02
6.060107048913354944e-07,2.725046958368597666e-08,-3.385176985075882827e-02,-2.769571414636283935e-04,2.580136388664793640e-02
1.575143595201265430e-05,-1.473066597781882440e-07,-5.193395016644630768e-02,-5.701828977908798337e-06,2.739237702601372490e-02
1.341014278952375877e-02,-9.511092380270419689e-06,-4.364654609210193853e-02,-1.180138681681664224e-04,4.266571643458529073e-02
2.982292418627322667e-02,-5.890663742833509791e-10,-3.543884566370086170e-02,-5.357080971793218120e-03,4.165419364002764108e-02
2.733022467283512461e-02,3.224487924425629533e-07,-3.623885756616528064e-02,-4.114908615309998720e-03,4.322731330430816532e-02
1.588705660499189695e-02,7.393998984814886964e-07,-5.217283874714423453e-02,-2.569900857263984154e-03,5.460567973831662730e-02
1.496957160526370297e-02,1.534129436381453734e-05,-5.588023133635910272e-02,-1.104210992730779092e-02,5.398717630674512713e-02
1.339301314115140182e-02,3.909488747832432290e-03,-5.153462836514866030e-02,-7.736648107179520950e-03,4.000511018177142081e-02
2.587896065422938194e-02,6.699535916385661967e-05,-5.318669304268584114e-02,-9.420632698611727460e-03,3.852316476448386373e-02
2.480339763966270608e-02,6.696844263415921484e-07,-6.223751283961870967e-02,-1.095492474725655654e-02,4.086958780436479588e-02
3.575008038434830671e-02,3.591092254485465606e-08,-5.134136220728535704e-02,-9.879845655871889731e-03,3.109988374298745806e-02
3.780139363554715221e-02,1.924075167169328211e-04,-5.220372444474356832e-02,5.491208661428017654e-09,2.112063778444738318e-02
3.712975557976243290e-02,2.209165823220447019e-03,-5.107908739853704583e-02,6.435773605559700417e-09,1.319098836176900262e-02
3.520515120969869988e-02,5.810541577375249702e-05,-4.640282336236094957e-02,-2.658184006093592297e-09,2.021736309181495703e-02
3.226748117875014726e-02,5.159834056188242912e-05,-3.983744671247915065e-02,-5.427288534862671245e-03,1.948758748070653427e-02
2.506014426472864473e-02,1.180132413857112646e-05,-4.028457416750232806e-02,-6.717828268813210097e-04,7.057130061948858370e-03
3.240241798797498934e-02,8.627140604505298635e-06,-4.194908814599337260e-02,-3.159559006611803271e-03,9.951786837012753170e-03
3.433204134576967048e-02,-4.453258692485471919e-09,-4.316069012282985895e-02,-5.729854200189276117e-03,2.087147013097254145e-02
3.328860413041419275e-02,8.210128856138645772e-06,-4.361010919836581790e-02,1.719653485620094774e-09,1.657708646683084611e-02
2.756668645862427394e-02,3.699056032851560466e-05,-4.573869356963682076e-02,-1.287819817737948425e-04,5.815876831877927859e-03
2.248752970718577437e-02,3.288264625433924848e-07,-4.413085161599368533e-02,-6.548479421430380169e-10,2.319318152412582022e-03
2.348405550054486271e-02,1.469969972752928746e-09,-4.777072676105530158e-02,-2.137754779807268628e-04,1.574328699922882685e-02
2.653183819967257911e-02,-4.557738616940152157e-04,-3.643093583757648496e-02,-1.454026075649762773e-02,1.707541300765889544e-02
2.225931618198428996e-02,-3.907641917912787338e-03,-4.110079808617037034e-02,-1.182110421886875713e-02,2.235565058029589935e-03
1.489755485597432476e-02,-2.102747295171054797e-09,-4.490475627181073071e-02,-2.658540929305456841e-04,3.169023381722815011e-04
2.515264799281745518e-03,-3.521667751290374051e-09,-5.614057691199602490e-02,-5.111773725167735767e-03,7.359922140290511491e-03
2.222927220484206823e-03,2.026080429965675882e-09,-5.610401580591323906e-02,-1.308941840246191472e-02,1.292470075510251948e-02
6.028765237457268478e-05,1.128398107619579595e-08,-5.898867630834998127e-02,-7.927566406781027739e-03,1.283892995158492957e-02
2.297276716344438920e-08,7.022853823074477934e-06,-7.009280555981504957e-02,-3.611253561395669042e-06,2.491710917890680083e-04
8.765535305234656749e-06,-2.709758536926742853e-09,-7.406488094532648336e-02,-6.174926260427929433e-06,8.246833529627923404e-03
2.059549661987390858e-05,-4.665717243505661705e-04,-7.060349641394846054e-02,-1.080529320677565077e-05,1.187383071649929581e-02
2.879960496198019724e-04,-7.934026895225716530e-04,-6.329596331435080603e-02,-8.631656618673248814e-09,9.745406488630673977e-03
-1.645139608021123090e-08,-1.257389623717186025e-05,-6.520915739887511720e-02,1.351946851170958419e-02,2.833679840723310616e-05
2.733589690040289002e-09,-5.056642305939055421e-03,-7.134024555664206235e-02,1.807536121028023926e-02,1.058767840930554855e-04
3.264670257655404289e-03,-6.552513067829035184e-03,-6.145744210916012640e-02,1.499459513323486183e-02,3.638833781463138383e-06
-1.433022182196278959e-09,-3.291974995137240435e-04,-6.180385256108392178e-02,2.695516021042151239e-02,7.569552094150999718e-09
4.326858722735099411e-05,-9.647734413932950023e-04,-6.675044284990810928e-02,2.243605207839874383e-02,-2.015017034474612162e-10
7.266934224552231911e-05,-7.825746039400057613e-03,-5.980963219349253596e-02,9.512188625210476686e-03,3.607243211549938021e-09
2.209641931856438132e-05,-8.399388185792252062e-03,-5.404256566911500720e-02,5.579640635159328205e-03,1.511808042572410202e-08
-1.531154104382704905e-09,-2.167597330328121467e-03,-6.031261483295845965e-02,5.508675505464895130e-09,-9.959436754778128870e-09
-9.928825592733363667e-09,-1.971897792809427716e-03,-5.389776998613697578e-02,1.356721112875596165e-02,-1.514230115103704303e-09
-1.298954660691441291e-08,-9.197362769811022812e-03,-6.104959705239800666e-02,1.443423201791503227e-02,1.108785846640965273e-06
-3.073434843569880585e-05,-2.496293699960035192e-05,-5.318013662920478141e-02,1.128648662251510552e-02,1.152302012883534556e-09
-8.086500816589188486e-06,-1.515283139727547943e-07,-5.041940376078691416e-02,8.202013163552674194e-03,-8.662354648490825856e-03
-4.059285601870554177e-09,-7.223797332680182619e-05,-3.127299261913331352e-02,2.247773345369790157e-09,-3.609816248438074433e-03
-5.179534644363302694e-03,-6.609909578490702853e-09,-3.651771321592946901e-02,-1.401255845206104138e-06,3.087542193215295168e-06
-1.479774447625342715e-02,-1.191636838408483955e-03,-3.833494122023238526e-02,-3.218966536225847530e-07,5.236747153011039837e-06
-1.100155131670536163e-02,-2.431610972368752755e-07,-3.091666584998371825e-02,1.173118416961228989e-02,-3.573933287756410771e-03
-3.127950936960052081e-03,-7.948812768212637345e-09,-2.450913264630254565e-02,1.372353717857461609e-02,8.423870259552244350e-09
-1.110404425766708523e-07,-2.614953843328083520e-04,-1.384565550350411872e-02,8.183175529286478359e-03,4.657205974511604424e-03
-2.215197595091185434e-08,-2.481134416901296407e-08,-1.392594069709512071e-02,4.895191174596081642e-03,3.877038642106046037e-03
-1.837583207664881008e-08,4.235126606566616499e-09,-1.570341173425704798e-02,1.997955244114827528e-02,3.443738255206257935e-04
-3.157625764012317850e-09,1.909616008554659952e-09,-4.688583005975287613e-03,2.189902752753663043e-02,1.078716444163802413e-08
-4.556708200237577521e-07,-8.281256325416365567e-09,-2.038346598051574143e-02,2.164069098761986151e-02,5.174390163091159760e-07
-3.036704181629055858e-04,-1.811013537925212137e-08,-2.509991814659073839e-02,3.216950766337294682e-02,-1.093108400450485611e-08
-9.266022977877656482e-08,-2.849005038876819049e-05,-1.356328851241562182e-02,1.884539072763457418e-02,-4.420110108132789713e-03
-7.586700286262663288e-09,-4.197009455528588943e-04,-4.634402264726375509e-03,8.394348609060291178e-03,-3.464834265419705281e-03
3.859811906445061203e-10,-6.236801168672301970e-03,-2.240203163758923768e-02,1.823559845511012970e-03,-6.916842229912595341e-03
-7.641428128549159339e-08,-3.885650918646025041e-05,-2.152952740334989484e-02,7.247815641367221819e-03,-5.895563206134959294e-03
-8.046395494773872503e-03,-1.331285178395041221e-06,-3.158254969714112403e-02,7.615597579745460831e-03,-2.377264072021503458e-02
-1.674973538598422892e-02,-1.084093802278469952e-04,-2.973620739531099635e-02,1.561206582165060829e-02,-3.387203831582975833e-02
-1.156765969458761235e-02,-3.639530109686423795e-05,-2.829374740212874453e-02,2.380738476369731460e-02,-3.255897139296124593e-02
-1.299163431815134571e-02,-2.205418203610442530e-03,-1.795292590163514307e-02,1.327393139347611203e-02,-3.965625091379890166e-02
-1.655711920577872601e-02,-3.200467685664860201e-03,-8.828474059046893460e-03,1.246572426180672828e-02,-4.355905466808789733e-02
-2.737380547517177798e-02,-1.656676399255310232e-07,-1.444381886671717088e-02,2.888292527181314170e-02,-4.527049501970425299e-02
-3.008348406282701504e-02,-1.756418266845801637e-07,-3.590400132762102195e-03,1.706117350113230124e-02,-3.341031538021998343e-02
-3.381870550202577957e-02,1.311749858857428180e-09,-1.262777260773381332e-05,1.587158702541709154e-02,-3.323039544712155097e-02
-3.722934133764879694e-02,-2.207564716225737838e-06,-1.300578252819300530e-04,2.302582213194580285e-02,-4.705831895171910806e-02
-3.829854742561521891e-02,4.843799903864171059e-10,-6.156673992409527425e-05,3.022228818100372236e-02,-4.834417869064767947e-02
-4.348264705033234173e-02,-2.529362817052272600e-09,-9.078744459628042848e-05,2.757235703054520051e-02,-3.253880563781135632e-02
-3.136533178467627164e-02,-6.481239202817217106e-09,-1.244663888580039478e-06,1.188259879649282251e-02,-2.410508824598232847e-02
-2.692738302980879350e-02,-2.011135604752116112e-07,-2.553058082811320549e-09,1.863684239513956412e-02,-2.626953550325751563e-02
-3.728661780839414436e-02,-3.186180010911992781e-09,-3.143966796796697729e-06,2.233030156737429717e-02,-2.282743263666022968e-02
-3.632344485526453615e-02,-5.106422673688701859e-07,-6.305617775017898288e-03,2.525558238081412193e-02,-1.845969792523161762e-02
-2.988416201889717086e-02,-3.281800646879370464e-05,-1.257108373818913811e-04,1.946029176833948340e-02,-2.607939060059109512e-02
