3.581706575707615558e-09,-1.102181105914475165e-06,1.923791265974875207e-05,-2.091315620115891116e-02,1.645817571366585495e-03
6.507641563143422811e-09,-4.993708303794570570e-06,1.189831798738776562e-04,-1.829641765558880084e-02,7.808367876072283813e-04
2.052123864727290767e-08,-4.558266895322314379e-07,1.128007298119952922e-04,-1.931409159460679981e-02,1.021618155552589597e-04
4.992807533322474293e-08,-9.653976814784934193e-07,3.837831861126560971e-05,-2.569562736913404838e-02,1.960763929978391845e-05
5.012200663958265948e-08,-4.333046452258015771e-05,4.765606111694827469e-06,-2.495749650837296787e-02,2.081230160884371818e-05
2.227399071580258827e-07,-1.709752195064831732e-06,9.595416249392825541e-06,-2.246719631652747615e-02,7.527742012736248281e-05
5.700449231885224195e-05,-8.055570664466763325e-06,2.643336204857974791e-05,-2.918245785453195407e-02,3.366632087203819731e-04
6.451292177967575536e-04,-1.506374036682046175e-04,1.824709897367510447e-05,-3.404590847414183663e-02,5.647171475769305555e-04
7.052181574802087469e-04,-4.311465031589804993e-05,2.110437072442551633e-05,-3.112505062919446175e-02,2.335422224351751182e-04
1.038569619955911037e-02,-3.621186299703994457e-04,1.657671056039195737e-03,-3.108497505027155508e-02,6.089508888115206797e-03
9.751935022367824377e-03,-1.303189572696146590e-05,8.599540893801296132e-03,-2.209060157690476839e-02,5.970029858296348885e-03
1.190795090068400355e-02,-6.589898854679359687e-04,2.231651416302153287e-02,-2.492473859527865807e-02,8.126336603098608877e-03
1.444523616156798661e-02,-6.089780271521660557e-03,2.692925896077751069e-02,-2.413408155772591573e-02,8.051736337081649361e-03
7.001366980121012315e-03,-8.815559697647542756e-03,2.878052496809583097e-02,-2.323813128066849407e-02,1.374038908964622489e-02
6.800100847200107705e-03,-4.399749953262119088e-03,2.845127094412915059e-02,-1.897790958774205755e-02,1.283160971494818649e-02
6.813515747439081137e-03,-1.783962225291297384e-03,2.841852499962528242e-02,-2.773919407972293139e-02,5.873080952414407030e-03
2.902255391099198452e-03,-3.797322321385286550e-03,2.575008980195232430e-02,-3.243638860520128842e-02,6.521217364777225946e-03
5.383348510515944310e-05,-4.217339736138987928e-07,2.844801969984988091e-02,-2.659812387988446866e-02,1.474678803387855256e-03
2.387623708286209807e-03,-1.264191771841209819e-06,3.232063970102939249e-02,-3.162551881392254571e-02,2.565589690623515037e-03
5.050246513877478319e-03,-7.223618312366765854e-08,4.165345910233438087e-02,-2.937977960009336906e-02,5.363632028462602189e-03
1.998410493101533507e-03,-9.577647359649503282e-08,3.713418967058643855e-02,-3.294686159717110513e-02,4.980411264457125162e-03
1.252881564334903204e-03,-4.858549902811818520e-06,4.275409079711408461e-02,-3.225939977625345845e-02,8.505618597274939088e-03
6.309056022791918424e-05,-6.199023487207025983e-05,4.901336243669835585e-02,-3.498016756054634496e-02,3.671672126661132060e-03
1.463840055603002127e-03,-1.982353658649048752e-05,5.621878136392089581e-02,-3.334290450245665921e-02,3.845853022893455566e-03
2.984533373134733332e-03,-6.869654765530580355e-06,5.154245734592827199e-02,-3.297767316019144246e-02,5.471144186258746975e-03
1.540255088204481402e-03,-5.520018807189282228e-04,5.667500538724683234e-02,-3.855697792426468484e-02,5.803961274475145579e-03
6.857514690530482884e-05,-1.004326762846182347e-04,6.385501833974428776e-02,-3.326554858054084352e-02,6.045168292906356357e-03
2.897458782942001921e-03,-1.055924373034586099e-04,6.745279548457759622e-02,-3.244018946674935566e-02,9.869669469499943448e-03
9.425517327808653875e-05,-9.819499513721978781e-03,6.716430673765166892e-02,-4.011637929013778248e-02,1.633902747548305820e-02
2.402960007828211053e-04,-4.542909043063779462e-03,6.339912929699058342e-02,-3.717698822010935544e-02,9.819424888312819344e-03
7.725934331215943834e-03,-5.316967969634421934e-03,6.426825959169969738e-02,-3.997602425381164420e-02,1.291950433865931940e-02
9.613708469492823414e-03,-7.889560158491629865e-03,7.027818917461706172e-02,-3.715142566596971868e-02,1.930766369016386277e-02
3.756232896528993812e-03,-9.985618684695987766e-04,6.627759842802977142e-02,-3.398724107299530561e-02,1.050186136181304776e-02
3.849114674925967054e-05,-5.624016287879008737e-03,6.887776188068484018e-02,-3.301146434309802646e-02,4.580937878030764618e-03
1.703064165378951713e-05,-2.308365403429429776e-03,7.326598748415137641e-02,-2.434103627702082634e-02,8.375854945452470505e-04
1.231296612154064835e-05,-9.455850097922229372e-03,7.327614486280338568e-02,-3.713106764912764424e-02,1.637631891905150065e-03
5.008874569940556385e-06,-1.481305546736528395e-02,7.245797581978805080e-02,-4.900018186960926336e-02,6.525384345865640340e-04
2.485088451118464947e-03,-1.288368228585159460e-02,8.345463066212267800e-02,-4.411764614382390759e-02,9.058701142380595761e-04
3.095316089072227324e-03,-7.073458366726710980e-03,7.344992446594011959e-02,-4.619066177907969750e-02,5.294396848322100758e-03
2.511875171231966189e-06,-7.341750482783671179e-07,7.332196495786121038e-02,-4.712008668357622887e-02,3.355790384534021367e-03
5.459207084634304477e-08,-1.477899343874616964e-08,7.252675484328484357e-02,-4.131713087845328980e-02,4.813089356217929715e-03
2.049917215137159937e-08,2.482146163610105635e-07,6.636640824194314781e-02,-4.049309772001787044e-02,4.492696086331409919e-03
1.700586775628257596e-08,1.754887555905060162e-03,5.631327923075307024e-02,-3.439374737609583732e-02,2.052042662062252693e-02
7.726392356878755554e-08,3.865693397987353397e-02,6.777792363445442336e-02,-1.962014724214295250e-02,4.369455574579926560e-02
9.839227711914510771e-08,7.676723820337469362e-02,6.858108551293243260e-02,-8.904623779871891423e-03,6.085034212315547364e-02
2.868435737326132324e-07,1.165325005542792586e-01,6.993674407983872798e-02,1.805574279867439769e-06,5.781352269477862266e-02
3.621934208736033497e-03,1.443665353508793714e-01,6.195040906204405534e-02,5.723670116797496463e-05,4.867288152012554797e-02
1.897876612787352882e-02,1.589498696225326579e-01,4.434240926830546048e-02,3.763838116155580633e-04,3.837302202691034170e-02
2.538826481129601714e-02,1.757917749109570438e-01,2.740868086476318938e-02,1.829007748884819940e-03,3.215699623677288621e-02
1.490428034445969059e-02,1.878322125321349456e-01,1.334043417321357367e-02,7.120812029720994564e-03,9.758802268989974657e-08
1.265201275296765789e-05,1.827538472135068481e-01,2.383825488199400684e-08,1.314478817379755460e-03,-1.167891822678736450e-05
-3.431774910636213171e-07,1.769206808107558759e-01,-1.927540342782121249e-08,-6.537714600448559128e-07,-2.101478269602223298e-03
-1.351877969334913361e-03,1.779062767416862978e-01,-1.843494271729355329e-07,-2.721089729652941692e-06,-4.158389616456273363e-02
-1.750257690824037066e-02,1.654046288795378572e-01,-1.578002950289814099e-06,-1.722454902442609057e-05,-7.967097097674347150e-02
-3.527503081921923994e-02,1.325295632481102992e-01,-5.388123755225726669e-06,-1.298782324234993570e-04,-1.291269073941626599e-01
-3.938765692741190427e-02,8.104762968263176659e-02,-8.994649093780196890e-07,-1.279621820515708321e-04,-1.733609496433046737e-01
-4.071023264668931219e-02,2.990214514226545092e-02,-2.509914311478905256e-07,-9.988993513594627703e-05,-2.069571733672311842e-01
3.240254174132548369e-08,-1.681435853105239992e-05,-1.821513834896952643e-08,-1.976185462609576215e-05,-2.328901357998066635e-01
9.059717680060241433e-06,-2.548158629112965302e-03,4.071746348069450821e-09,2.084982172047620055e-02,-2.211305896073822996e-01
5.471621943024441602e-04,-2.703014255201173499e-02,1.050103506937210239e-02,5.999597030049236279e-02,-1.944104454343959787e-01
1.448887007488886339e-02,-4.869336363857013766e-02,1.613373238463061687e-02,9.555103296862292594e-02,-1.669606026475302096e-01
4.637240774311132685e-02,-6.824802273435644218e-02,3.568800072040805710e-02,1.232007542806307365e-01,-1.179712950807768335e-01
5.854505170984530826e-02,-7.561858177589401986e-02,4.413401073711496758e-02,1.389905975165012519e-01,-7.163414906221050871e-02
6.391585325359107339e-02,-6.950590672380282942e-02,4.100718413035584625e-02,1.420432109312760316e-01,-2.624710492258347169e-02
5.138112767657279645e-02,-4.885850404089196741e-02,4.132253036976230032e-02,1.509278402708581768e-01,-7.521704620029860287e-04
3.496482242174803190e-02,-2.052890281905046452e-02,3.443283653770917024e-02,1.618418143756412686e-01,-2.023594103908672684e-06
9.264275139295235703e-03,-1.381477659477298604e-03,2.641543276981363556e-02,1.684268683915625120e-01,3.186123042844570246e-03
9.409106210063713691e-05,6.024001738207858710e-08,3.119238049283734951e-02,1.669200850027998950e-01,3.577639435859979872e-02
-5.817703562451945334e-09,1.973380898855115052e-07,2.207437659978951291e-02,1.596387206453437069e-01,5.803049690055391008e-02
-2.663112953653749605e-06,4.103782230894058219e-07,1.203725283637882906e-02,1.505333732418383530e-01,6.909975589320811740e-02
-5.881771390617028354e-03,5.863782169217192312e-08,5.650811595135249617e-03,1.302454070531305352e-01,7.508274175498606817e-02
-3.460685164635694117e-02,-6.262282440815418230e-10,2.274744235769736781e-04,1.100708738924325858e-01,7.642912207147893600e-02
-7.192542479769559183e-02,-3.935026049532935144e-08,2.091707511512152600e-06,9.622258508483387540e-02,6.480439075547908545e-02
-8.581347152924839738e-02,-5.148220773599568312e-04,1.934445201270157793e-06,7.416449947859024561e-02,5.592225488519905058e-02
-1.021074497262976499e-01,-3.236269597190456326e-03,1.005645691464525648e-07,4.873590650105631694e-02,4.574573793021864676e-02
-1.194353940753467846e-01,-1.173823541424500946e-02,4.518171898091851188e-08,3.325160480672122165e-02,2.559007125890095519e-02
-1.369880280242475878e-01,-1.942628397613039432e-02,1.595751114529489927e-08,7.455823603418984362e-03,7.925217443458138388e-09
-1.528275947309230554e-01,-2.019051216480828581e-02,9.829381576661797901e-09,4.583122501767603291e-04,-4.801118844891114933e-08
-1.669751060618910043e-01,-1.458459776641639338e-02,5.381867871642035790e-09,6.642958529520304572e-09,-8.908948842553822209e-07
-1.774799819109631194e-01,-2.120540491363583774e-02,4.564262850500100777e-09,-7.549495617694187520e-08,-3.123822120953538448e-05
-1.748997438345639976e-01,-2.323061379292483755e-02,1.932231602139391553e-09,-8.002810288386174925e-06,-1.625389895448485847e-03
-1.709532553911308483e-01,-2.770401691205292075e-02,-1.835809237263166669e-09,-2.490731789776418352e-04,-5.773789324108771596e-03
-1.574497597005362626e-01,-2.965365763616300762e-02,-4.662844203149582097e-09,-3.568617145421210720e-03,-7.542950353108878597e-03
-1.416566782768420019e-01,-2.896505846912444948e-02,-6.730104423357800312e-09,-1.275105421283958228e-02,-6.651413005657694916e-04
-1.277028984959452662e-01,-3.281397722429631875e-02,-4.211510975553684063e-08,-2.389139846090336874e-02,-1.172457623704076138e-04
-1.101812414774175075e-01,-3.601617848715840675e-02,-3.489380720910152936e-06,-3.481184921514247910e-02,-2.093680035653456338e-06
-9.672626804372622122e-02,-3.133153811685333856e-02,-3.196286566367490672e-02,-3.257885821284126071e-02,-2.253145217168577334e-07
-7.600995063654755746e-02,-2.993526041652681130e-02,-3.024905633110250985e-02,-3.568149269549394237e-02,-1.492010780032420373e-08
-7.487632978938918438e-02,-2.923591847462346169e-02,-4.232570217524198042e-02,-4.101582277986649816e-02,-6.930807214064144065e-09
-6.676340966545497857e-02,-2.191595478939657379e-02,-4.101049342348252885e-02,-3.814966703009773502e-02,4.347365308819676593e-09
-4.855226274282594540e-02,-2.008734117968736035e-02,-3.434563735743530188e-02,-3.728213068274748021e-02,7.797934346488204210e-09
-4.493290584857510123e-02,-1.120327302700627366e-02,-3.654937935399675542e-02,-3.141865081490015366e-02,1.382248560033007375e-08
-4.172501638992326400e-02,-2.164662019818734250e-03,-3.945751637891169866e-02,-1.836222977893774491e-02,3.720692063659397540e-08
-3.917600382896790912e-02,-6.319433119233284655e-04,-4.599153673617903393e-02,-1.461985580272909778e-02,2.278924191535212257e-06
-2.378280211354854429e-02,-3.330469430461067634e-05,-4.699545311588640417e-02,-4.713002989736377914e-03,1.483594266072872474e-03
-8.171608092647972971e-03,-5.753240445663676550e-05,-4.727726990167006871e-02,-4.493113521184352615e-05,5.319720167048267584e-03
-1.194506943966810661e-03,-5.374816629125726110e-08,-5.374307054915198473e-02,-4.435004669777533091e-08,8.805094601866136211e-03
-2.206164501883048508e-04,-5.923064707871162132e-08,-6.230650753987351104e-02,-6.642004135065164060e-08,1.067870060815073394e-02
-1.197901523278730927e-06,-3.175942555769930370e-08,-6.519969510543807689e-02,-3.313638015331788858e-08,1.198049800217947103e-02
-1.918020185043466953e-08,-6.254130343346658749e-08,-6.171116652828253363e-02,-1.266519568444130883e-07,1.252286938936873241e-02
-4.193216065786214357e-09,-5.697432406061270019e-07,-6.977662816667727641e-02,-2.129111194050022109e-05,1.271989212152391593e-02
8.921752761182178427e-09,-5.097060899267412127e-07,-6.910361830649021375e-02,-1.082251464215856933e-07,7.531175705518679264e-03
2.678474657516972935e-07,-2.594074573948183284e-04,-6.369093629273496482e-02,-2.913852418080187202e-04,1.007639338522478209e-02
1.424776688987747057e-02,-1.476411394129032535e-03,-5.551192551817430570e-02,-6.787530646737440464e-04,7.801314051007923744e-03
1.377982848585576278e-02,-1.422568773956368589e-04,-6.075481864197835452e-02,-2.437923974970648746e-03,6.765420249408017964e-03
2.153533469688222526e-02,-1.122378697523023682e-04,-6.243255845770040446e-02,-4.049948191100740530e-03,1.771265692710977460e-02
2.150477224061217094e-02,-1.075903847455640223e-06,-6.104099706733142477e-02,-1.734645377494954070e-03,1.406710866159513636e-02
1.961742058045407369e-02,-3.921017608391721000e-08,-5.873585842828266124e-02,-6.643295149761503995e-03,1.093221070935442539e-02
2.181623889775760952e-02,-3.995799495043143465e-08,-6.078527453462013314e-02,-5.073842586285835267e-03,1.580131311240363240e-02
2.604036992171376158e-02,-1.305375256903159484e-08,-6.094835852656527858e-02,-8.083421267782564925e-04,1.248172295522241224e-02
2.979829511251487831e-02,-8.343206091025495855e-09,-6.153292495441223947e-02,-3.153020573032626643e-04,1.455723048528297786e-02
3.531996736261377307e-02,-6.553209443246855900e-09,-5.672003813004219269e-02,-4.357369810213715389e-03,1.238173315019281025e-02
3.170518563273896223e-02,-6.049345207609170061e-09,-7.102423013444150723e-02,-1.030660534864636518e-02,6.989120427884108928e-03
2.542304024016753261e-02,-2.809648821890562884e-09,-6.661059616084510915e-02,-6.713337612422448468e-03,6.969771316295326341e-03
2.238667520987700638e-02,-4.692962629011320051e-09,-6.082662795322667931e-02,-1.208479997209812966e-02,7.496502983634442284e-04
1.697211090083444729e-02,-4.859737054936789984e-09,-5.613679961404827862e-02,-1.100744983530410788e-02,2.901286635169206176e-03
2.670522203313183476e-02,-6.834659551859520539e-09,-5.638605126095772024e-02,-8.882474545432785321e-03,1.313786473058007470e-02
2.949393387131203637e-02,-4.705065207142163497e-09,-5.720586182621465593e-02,-7.897777485815450291e-03,1.850038209193997224e-02
3.106626511600889609e-02,-8.613523900557012517e-09,-5.781193128371992646e-02,-8.430430500463402532e-03,1.421897456024518933e-02
4.167940767906016392e-02,-1.510699085007662880e-08,-5.218388990693804269e-02,-7.845473978028649764e-03,2.099542980111308507e-02
4.141923102002506574e-02,-1.526853974034332542e-08,-5.414703930094853096e-02,-8.902377414973985242e-03,1.050952212574683860e-02
4.214154770909927378e-02,-9.946055381603453197e-08,-5.097632795589670390e-02,-1.081096120411509896e-02,1.118854304249288466e-02
3.879451702526887091e-02,-2.850801332529009132e-03,-4.920624177160277252e-02,-9.966483394223971115e-03,9.505295721742891557e-04
4.451138420245891181e-02,-1.093877554238605748e-02,-4.313111792788770771e-02,-9.796624384905252073e-03,1.052745468083264102e-04
4.045118836027733478e-02,-5.615495655593430967e-03,-4.199023912489752153e-02,-1.923529822093405063e-03,4.384760091389870739e-06
4.952340273439167356e-02,-1.938960843586287836e-03,-4.497476809895528671e-02,-4.567386269412153713e-03,8.621992463653591873e-06
4.919631572003511921e-02,-1.734172390376537422e-05,-3.676809567274588741e-02,-1.066850910979375965e-04,1.825912474155911129e-06
4.946392653612806389e-02,-4.694268081988990822e-04,-2.796337415987742298e-02,-3.173931940591556418e-04,2.856142794499335321e-06
4.150037070268677852e-02,-5.113627386533087802e-04,-3.787485779263675273e-02,-5.836268246458693303e-05,1.282976461269655789e-06
3.972851604068232401e-02,-3.729813236576825087e-04,-3.009320884478939445e-02,-9.143214848663566084e-06,1.382332455487074837e-06
3.881510381258324038e-02,-1.543196779883291723e-04,-3.508957478384554934e-02,-2.093902916977693052e-08,1.321968160154850243e-05
4.594615951512326379e-02,-5.214329837386601219e-03,-3.153248549363473624e-02,-3.931151152802702536e-05,2.311697987625406772e-05
3.231769494212313742e-02,-9.712247009096940456e-03,-3.746112731967306264e-02,-1.569188639247981595e-04,1.326224718695296851e-05
2.985109792202246884e-02,-1.786644223585613991e-02,-3.109032755424433192e-02,-6.610907694415334114e-04,1.282369565024565886e-05
3.393288762279400572e-02,-1.191455544535261618e-02,-2.391273246839142885e-02,-1.396917610545081521e-04,1.019093228424459424e-05
3.868918103473409364e-02,-1.006766810654826684e-02,-1.799079493633493065e-02,-5.485638139400912834e-04,2.875762543352082616e-05
3.729442746188747770e-02,-1.011632758611583083e-02,-1.655309021976923700e-02,-6.732090587969958076e-05,6.466297905319765688e-06
3.689663634817594989e-02,-1.503939332698630508e-03,-1.360671718301121637e-02,-4.587615742890281610e-08,1.589028209725569161e-07
3.595309465282867101e-02,-1.962116531970426771e-03,-1.158139365799763397e-03,-6.891248617238937925e-09,1.058316844153864808e-06
4.647754954675244882e-02,-7.548583487340721800e-03,-1.759983858446212998e-04,-6.630229121648352972e-09,2.427995436719749568e-05
4.789292983389505792e-02,-1.596924377292064517e-02,-5.605728160347487520e-05,-9.457169155946432745e-09,4.478167138614883507e-05
4.419872311538439874e-02,-1.780585141160374515e-02,-6.480214316036048605e-05,-4.446258434858739540e-09,6.131223276627250935e-05
4.179104192924644467e-02,-1.747879357928225352e-02,-6.104099904345881882e-07,4.744427789275593479e-10,5.297786805588658898e-05
4.624049228306294224e-02,-1.934252366893340208e-02,-4.150429127609818821e-07,1.460444440490114339e-09,4.452531497562220859e-05
4.032213617344445472e-02,-9.578674878268782916e-03,-1.252222574049167629e-05,8.211379055214271065e-09,3.209220609206620033e-05
4.535939514002402390e-02,-1.386761512046796006e-02,-3.527650888924435194e-07,4.195967242414064545e-08,5.202648161587482555e-05
4.567310190567669403e-02,-1.556322160027281964e-02,-7.774889704435953946e-08,3.725162889794657390e-07,3.357987230954706255e-05
4.906102659402698102e-02,-1.496661207541850717e-02,-2.988661685265259882e-08,2.924962638491615429e-07,4.701800867726796596e-05
4.453748936763785027e-02,-1.730523583376164173e-02,-7.920396196105143340e-08,1.808502819449961143e-07,1.071717197668775769e-04
3.873081906514024703e-02,-2.422074259663461321e-02,-8.417287621893023244e-09,1.340381005805738432e-07,6.785842854127401339e-05
2.740823623547945440e-02,-1.730268185827948599e-02,-1.357504452766355351e-08,1.590460925978131925e-07,4.455318045556058134e-06
1.858576397173078085e-02,-1.410841227764906940e-02,-7.036477507483997773e-09,2.207088207733452665e-08,7.251816265785263168e-08
1.590709075600251279e-02,-1.259520994297165346e-02,-7.448695682458168527e-09,5.893823052586326971e-09,3.091130918275905194e-08
1.736797156561439501e-02,-9.319995770322633127e-03,1.365482987688191907e-09,2.159434238164261687e-08,2.946320851773809660e-08
1.670056646710143047e-02,-1.360129102853670051e-02,5.234784171213787208e-09,7.657903789000334779e-09,1.226791093150669159e-08
1.330532709609137144e-02,-1.266927552590026151e-02,3.504026275438063104e-08,-3.616758423209200031e-09,1.537789520938015218e-09
8.792509771145866349e-03,-1.041599056186528864e-02,1.426828841472273136e-08,2.133369608549606796e-09,-2.303085371037784527e-09
3.084792938128635802e-03,-1.531396979107372755e-02,8.880545668465518929e-08,5.132896539063563532e-09,5.647323696683316594e-09
1.094196416277025191e-03,-7.754052469137410336e-03,2.297023376998592581e-07,1.838637663431556217e-08,1.430034779765236285e-09
5.397223882198288851e-03,-1.737805723303166919e-02,4.191929333466517041e-03,3.462914586007156677e-07,1.366197028806058817e-08
1.883605253433423771e-03,-1.330128201523474510e-02,5.829013349849920811e-03,6.371879574499372882e-07,8.918967260562504798e-09
8.942129794765551164e-04,-9.876536659129945064e-03,1.063948600982771858e-02,2.659049628949363743e-06,6.933624737621934229e-09
6.959200491491261339e-03,-2.007072600347704211e-02,2.305886865938468894e-02,2.696035711917372415e-06,2.276525346916952416e-07
1.742764294559524287e-03,-1.710688472636868324e-02,2.560170709658446744e-02,8.460397465325303577e-07,1.392549687268400854e-07
2.394799458749943388e-04,-1.766390628705197599e-02,1.769524322890929369e-02,4.768925380059645669e-07,8.542176915984860815e-08
7.460551291135745665e-04,-1.637563304057864863e-02,1.779481287377646798e-02,1.040411952315801488e-07,3.355025951845830024e-06
9.021818130290709073e-05,-9.746037243351782231e-03,2.078929566337976015e-02,3.819308768104119457e-06,1.199582531867161256e-05
5.131871508053974983e-06,-9.894661040599246962e-03,2.364237429009761679e-02,8.699481076227780561e-07,3.454642584201416626e-06
2.226360528036673742e-08,-5.737039325411264976e-03,2.377242441161690756e-02,2.315455821480015944e-06,1.757647118430342335e-08
1.572132063091773349e-08,-4.771428806964270880e-03,2.896712844648400426e-02,3.698915180830918009e-07,4.936154467041979400e-09
7.591280375780970567e-09,-3.537324248124656782e-03,3.174276075934368696e-02,6.667544576574052893e-06,4.116529247680234238e-10
-5.051178890526613930e-11,-7.555071818505241024e-03,3.377692143625483229e-02,7.675432632584880723e-07,1.910086423504235836e-09
-7.933676758392796640e-09,-7.859212048300557099e-03,3.391348417351238570e-02,3.569195814933613923e-07,-1.175527032005136446e-09
-1.122163374596683712e-08,-6.246935538872852058e-03,4.265517378177161034e-02,1.201119217179758778e-06,1.601064197555118337e-09
-3.648834184625156108e-09,-4.650772300748562404e-03,4.837109777044912989e-02,1.816123812243183235e-08,-7.836820769436310069e-10
-1.133253287119618600e-08,-1.061397674491851816e-02,5.364777190049940109e-02,2.138443237724927105e-08,5.545627137798347219e-09
-1.322137731869950632e-05,-1.698954003405752505e-02,4.434914460100211619e-02,1.176672759494074957e-08,6.755566031378051018e-09
-5.659752970213385256e-06,-2.364590474309549370e-02,4.763894075100699038e-02,-2.424340578433479177e-09,3.174211503789753210e-09
-9.272778450333852812e-09,-1.660314371183268384e-02,4.721446389411972089e-02,1.279544001146991242e-08,1.438611587390757635e-08
-1.441741053616704902e-08,-2.026674333072559300e-02,4.693505724879422358e-02,7.863477843053557203e-09,6.654776124902525920e-09
6.844300923029686714e-09,-2.257618147694749538e-05,4.806225568079036044e-06,-1.145547919878418461e-03,1.404943297137261975e-04
2.340875394212881219e-08,-2.539264976017910108e-04,6.799479006464936117e-07,-8.032878532681007183e-03,1.391226158837910237e-03
2.104606982025288706e-07,-5.312112374953978190e-06,6.465134306132779382e-08,-9.617676125132599077e-03,1.031631546968844043e-02
2.376271493079826938e-08,-2.419710307402213775e-08,1.356090664806204519e-07,-9.901815446608608177e-04,1.691323234119697025e-02
5.492967104252690431e-08,-8.234528524655831657e-04,1.520296142728456198e-04,-1.285105315972702444e-02,1.110859301984514283e-02
2.273526550805196427e-04,-1.770262893942650684e-03,4.148296527215344508e-04,-1.643416387992684830e-02,3.224514363662068063e-04
3.406295288132122908e-06,-4.832301232855415045e-05,3.154466397509304403e-06,-1.436187298797829241e-02,5.676372496661754560e-05
3.314398166446200331e-06,-2.948120897846471036e-03,1.247079729458232212e-03,-2.153617742236144106e-02,2.920907624671121834e-04
1.692538773550264259e-04,-1.288285066827368069e-02,1.038077527926378057e-02,-2.726247117971486444e-02,3.222897512755200562e-05
5.090999914470049729e-03,-2.000591005455858162e-02,1.909427033469253063e-02,-3.312226348273041715e-02,4.594202645399416855e-05
2.297869745672106653e-03,-1.345145114258363209e-02,1.502933388909731549e-02,-3.270477648986933050e-02,5.769288775611328005e-05
2.678060275934485666e-03,-1.890430412412775346e-02,2.632047415114830216e-02,-3.473232348196324260e-02,3.782961653024835644e-03
1.093215595845219174e-05,-1.744554731808520276e-02,3.940888375700601909e-02,-4.116947246868082194e-02,2.030200306162673572e-03
4.868731316425907452e-03,-2.503857874122313726e-02,4.962715818140549240e-02,-3.953469986597310526e-02,5.308455832258707381e-03
1.666362885816473349e-02,-2.445227135803580004e-02,4.236704100778446169e-02,-5.068965175923126343e-02,1.072003854037963284e-02
1.413352112322285338e-02,-1.814224375522341046e-02,4.455078922367356614e-02,-4.431834085662304801e-02,1.374817928682642472e-02
4.285251309499554795e-03,-2.193735451420885177e-02,4.560454695264012231e-02,-4.814177520478200162e-02,7.551267236158062252e-03
6.166024699404607130e-03,-1.483722321226204482e-02,4.780797553896731084e-02,-4.749412496471560469e-02,6.099786127321159095e-03
6.076616899413938254e-03,-2.167151549462149884e-02,4.130602504058357438e-02,-3.883728723054097332e-02,9.853246405519528947e-03
6.692626021683563929e-03,-1.873451320182487750e-02,4.853387110381808534e-02,-2.884497809273552094e-02,1.987076744522317528e-02
6.977578015387057853e-03,-1.507631530767407357e-02,4.088564676041148149e-02,-3.414085400040103163e-02,9.723422376546072762e-03
1.291909953512995930e-02,-1.644049255401034901e-02,4.433085593756525694e-02,-2.534717914268809838e-02,5.929674142124456530e-03
1.157171709836239855e-02,-1.090315132762430771e-02,4.075424477491410707e-02,-2.337491119623815589e-02,9.884723905126208132e-03
7.653744439474343721e-03,-1.736583866772254889e-02,4.635513943707754436e-02,-2.284241135956414925e-02,1.460755882200205635e-02
9.009810170115995984e-03,-2.108472467655608459e-02,5.758159250095457038e-02,-2.983256406925011844e-02,1.054614385277146023e-02
9.474270163755106611e-03,-1.339269549593838544e-02,5.815251337169547591e-02,-1.975711802016716367e-02,2.980863561993978635e-04
4.776152853010797936e-03,-1.730298032138124706e-02,5.445149681344629150e-02,-2.780623147139685974e-02,4.224030069233581145e-04
3.437805893145765620e-03,-1.530414882250463737e-02,5.729454565364438395e-02,-2.524270214507902052e-02,6.824561778418910749e-03
1.673105697815345473e-03,-1.702408623575887500e-02,6.233041505506958097e-02,-3.301720609859733896e-02,1.573937339367013195e-04
5.055085309486772975e-03,-2.252722351130428263e-02,6.560854711620173196e-02,-4.014883794942404605e-02,6.039570530039419655e-04
5.393419982727258847e-06,-2.184078561686441169e-02,5.795544568391027690e-02,-3.955483614896096456e-02,9.999917357503371618e-05
8.144660089302565132e-08,-1.835196145665876979e-02,5.795411430062113317e-02,-4.074211179986904352e-02,1.150025671427989591e-04
3.043645043364598832e-08,-2.461414817987011422e-02,6.250748400204529653e-02,-4.506174134849542934e-02,3.104809923782134982e-06
5.747074815008927979e-08,-2.202864576802638502e-02,6.598084503795559330e-02,-4.958252985807310581e-02,6.598837480551479268e-07
3.681568417268922141e-08,-1.840448355305257522e-02,6.563782028451874140e-02,-5.025719563697039760e-02,5.614664947829266865e-07
4.123264694205281444e-08,-9.163935974730462800e-03,7.417046731248205793e-02,-4.131217081487763981e-02,1.629485138729431217e-06
3.468399170988510652e-08,-2.742570741024535907e-02,8.676695988236486634e-02,-5.179548673141638054e-02,3.308450595279734110e-06
2.379511278285791650e-07,-2.997811547495308343e-02,9.862967364015831628e-02,-4.135567832530246540e-02,1.208062103302834592e-06
4.001789004930455845e-04,-1.571535526222685164e-02,9.267128510303618283e-02,-3.058967804995955941e-02,2.209843416661040432e-04
2.017166714636799470e-06,-1.547893960581427780e-02,9.151731228636338089e-02,-1.986380721255594575e-02,4.624072714518899681e-03
1.338300132799304562e-06,-7.263793766931997235e-03,8.825523069846862023e-02,-1.593895509114097789e-02,6.294765718055857738e-03
8.085250518777161816e-06,-2.497122549841554528e-09,8.129187487504707654e-02,-2.747826739156742845e-03,3.546434470023856426e-03
5.499383543452554578e-08,2.346606908743477274e-04,7.327075564001866992e-02,-2.123269484314453068e-08,5.714728443871776656e-03
3.859123085949579650e-06,3.396724865564459267e-02,7.984865828470043281e-02,3.563708893105651625e-07,3.592205958294414359e-02
3.252576543625648848e-07,6.686889541726713515e-02,7.832907367148557454e-02,3.191207640979165655e-06,4.019823732192120969e-02
5.955757041440421056e-07,1.063699144433272181e-01,7.279417333999717299e-02,6.637355874788772997e-05,2.963936125166877558e-02
5.746856077649238685e-07,1.377117710169760145e-01,5.005507039568344446e-02,1.826431596957202633e-04,1.939807597311388188e-02
9.953695519736056527e-03,1.672519637522276725e-01,2.370262423198083931e-02,8.990174954904863597e-03,1.552270082149918157e-02
1.389291777156835550e-02,1.812165066668687541e-01,1.835681503645349199e-03,2.373892334986210662e-02,-1.387887319687979732e-07
1.662776796411559834e-04,1.835805497907484485e-01,1.324520798141210089e-05,3.097102695445379597e-02,-4.228771282891947583e-06
-2.197896058056232878e-07,1.736595593384648029e-01,-3.561342519589539667e-08,4.481495923982325817e-03,-1.499068881530020957e-03
-1.412999947202093955e-03,1.729778349297217965e-01,-1.755917080371036706e-07,-1.904607282388894895e-07,-2.426692795246443435e-02
-1.634244884056432201e-02,1.639363741708881883e-01,-1.077769487675257247e-06,-4.634225175398753446e-06,-6.688610429051079775e-02
-3.010491880037605150e-02,1.403572051659956466e-01,-3.114865998902525179e-06,-4.368076135376864022e-05,-9.101205767660591750e-02
-5.087985764538412864e-02,1.094852372201221835e-01,-5.842651665395365633e-06,-5.455876813359449988e-05,-1.250984028286615535e-01
-6.317303338523704015e-02,7.541012900993288026e-02,-2.406770348913368957e-08,-6.387053245923287856e-06,-1.560010407969565915e-01
-5.445964723925389439e-02,1.817342063694072848e-02,2.414352664797343049e-09,-4.433625233575147300e-05,-1.806894318434126567e-01
-3.732759967736973272e-02,-2.641032922327977924e-06,1.648851383238372738e-08,-1.287121457849553360e-05,-1.954477438142533385e-01
3.955752280878826396e-09,-5.036450167428348137e-04,2.402599792992863486e-04,-2.443045789826244138e-07,-1.893465284786190195e-01
5.826260902626314866e-07,-6.860186586367022533e-03,5.153232361600973768e-03,5.774392281902558655e-02,-1.723802603898509367e-01
1.721427411504053973e-05,-2.869182300922271459e-02,3.075582549070347491e-02,8.076682693162283433e-02,-1.536329163765519645e-01
1.630101343205019645e-03,-4.091636570421802732e-02,2.759210199860094928e-02,9.203273176225451602e-02,-1.332381327020323858e-01
1.843256417545150946e-02,-3.732496176760776579e-02,2.602729360966785782e-02,1.094513933154507429e-01,-9.365095274372968459e-02
2.242175395934333654e-02,-2.079395682480942448e-02,2.942672226202253452e-02,1.343024216384126335e-01,-3.874334168901730907e-02
7.213588723413280612e-03,-4.765495037068109667e-03,3.325760971184135023e-02,1.471357141397500456e-01,-1.728874688122001039e-03
1.805405976639821368e-04,-1.706032528516010324e-08,3.251308089465382994e-02,1.648916545918858723e-01,-1.581610286497214086e-05
1.384224155237938200e-05,3.712020176300006913e-05,2.074679821066372637e-02,1.692915626397432649e-01,-2.541630673601219891e-07
-1.055190284775601493e-08,1.123938311136675125e-02,6.585372147090528920e-03,1.714434520854526411e-01,3.526806547323560470e-02
-2.009695321531831100e-06,3.071614036509007564e-02,2.614831879655742914e-08,1.642703392366188508e-01,5.272890817325934232e-02
-5.572841847876479782e-04,4.162051372071599170e-02,1.472119238994184776e-08,1.598061664441443042e-01,6.529157633070190037e-02
-2.535953159461023024e-02,4.266797319833280644e-02,-1.938635266022621200e-09,1.443637281403296335e-01,7.730461685572868891e-02
-5.442335192925869258e-02,4.121065886533056138e-02,-3.642014854987954737e-09,1.397118588205514544e-01,8.828806492305445175e-02
-7.208347780982750364e-02,3.119026477578912618e-02,-3.619166593690401299e-09,1.130631887268743890e-01,8.541946067262344566e-02
-8.754437980112252105e-02,2.055083276663973238e-02,-1.780571402021204411e-04,9.598597949462150947e-02,7.711353106206762786e-02
-1.015199926791979096e-01,8.544045527898698825e-03,-1.477754677484786547e-02,8.391712386650536371e-02,6.997772322658021849e-02
-1.121231769258726196e-01,1.342729166435281218e-04,-2.641926877056170742e-02,6.693979654200490903e-02,5.840111374509253384e-02
-1.225008771086504161e-01,1.171967189060358197e-08,-3.239629355253682147e-02,3.079179396084642459e-02,4.299627085653125874e-02
-1.242831694212309518e-01,-3.023702550668654548e-08,-3.118305089727369667e-02,1.081772350915486888e-02,3.374699142323971113e-02
-1.194914581081779337e-01,-5.092367838565317363e-07,-4.828763158875668676e-02,6.420235260713432011e-05,7.371243050020641645e-08
-1.220523274191885194e-01,-1.209567717257333105e-05,-4.483840387458392501e-02,1.318759659948585512e-08,2.632655675414644623e-08
-1.150685197792568754e-01,-5.973550280378306723e-04,-4.874787063052352099e-02,-1.131199975835229550e-08,5.592553850234338690e-09
-1.066812260696695658e-01,-4.541918043539355104e-03,-4.747112244915455831e-02,-3.389978232843310361e-08,1.380862188447881774e-09
-9.457142512779677379e-02,-7.294331405643417546e-03,-6.207896438025477942e-02,-8.387372985202376809e-08,-3.594281491348452815e-10
-7.605959096947477460e-02,-1.972778763667835944e-02,-6.254631127951294778e-02,-1.487995189028994363e-07,1.254336528991290883e-08
-7.143617317770874220e-02,-3.855881956333978566e-02,-6.409506397900534280e-02,-2.546556323005406443e-03,2.709535385553047653e-08
-6.079353654748755748e-02,-3.813243790308822739e-02,-7.428423987229440528e-02,-1.657209446084854931e-02,8.436193136430222405e-05
-5.014806513023849915e-02,-3.244051481890345562e-02,-8.650000143861846791e-02,-9.389530319273316217e-03,6.726218434668369123e-05
-4.032566505229891879e-02,-3.213108516632704609e-02,-7.474739117425699408e-02,-7.777064173354586961e-03,8.442183158680564153e-03
-3.427755188074339820e-02,-4.192811335434339093e-02,-6.304166334969345253e-02,-1.363466558012559580e-02,9.829936008977550529e-03
-2.963323278398662455e-02,-3.094572233793953936e-02,-7.058170650001109603e-02,-3.666291432721588070e-03,1.283010698429231560e-03
-2.737507233921103802e-02,-2.500892909924239821e-02,-8.293915840556363717e-02,-9.031671508884498573e-03,3.278249079083216003e-04
-2.732835579373467036e-02,-2.484944879170601292e-02,-7.678744048478866602e-02,-5.311633605776883149e-03,5.783617949953512999e-03
-3.558551060283229178e-02,-1.802110329757532561e-02,-7.868192329192159884e-02,-7.196790174911846943e-03,1.423428160267124298e-04
-2.038742550297921799e-02,-2.063027011579148667e-02,-7.931639704202704533e-02,-1.315007198257080873e-02,1.559313536587605400e-03
-2.097593375847807418e-02,-1.778749314615267821e-02,-8.875801553148891798e-02,-1.591060125344908802e-02,9.597770217302706687e-04
-7.384852547734142673e-03,-1.870664665189147521e-02,-8.912747022042594169e-02,-1.300775675074755840e-02,1.079584313091252546e-03
-1.271199804946719506e-03,-1.518451511201587313e-02,-8.921240656502384125e-02,-1.192553404423459841e-02,3.140812166489643430e-06
-5.072800068545609947e-05,-5.247993064042701106e-03,-9.056892278405409558e-02,-4.213311920688593039e-03,8.573027856808426195e-08
-2.657375246261857896e-08,-6.548232896707104587e-03,-9.509096928089587342e-02,-4.964889626232823518e-03,2.286565415126281943e-08
-1.189770534402712031e-08,-4.051030245592360203e-04,-9.380893770188764025e-02,-7.390876730975011911e-05,2.211090804732012001e-07
-1.790017163853342459e-09,-3.239874138920217027e-04,-8.865494091127242016e-02,-4.368227814941625276e-04,6.333050226776085097e-07
7.880820227717580054e-08,-5.598233268725852021e-05,-8.877406303242167673e-02,-2.834227679986940163e-04,3.463862411647653680e-07
1.048569241089086952e-02,-7.240694504042800438e-05,-8.442098178564437505e-02,-6.137386571420122311e-05,4.712939797849036775e-07
1.549402890337592438e-02,-5.639894327832958376e-04,-6.642733196727512723e-02,-4.839740882404782303e-07,1.827437839306054906e-05
2.442157367116689140e-02,-1.628648363617959645e-03,-6.191672511706652893e-02,-2.636601047777545809e-05,7.496358013105398823e-06
3.148042914811328974e-02,-3.142802733108952438e-05,-6.662778774365903101e-02,-2.859054106460499412e-05,6.933798666876541493e-06
2.773826386941069533e-02,-2.167849615071781877e-05,-6.978833683864643644e-02,-3.617369622501987185e-04,4.591308614753593988e-07
3.265388331462210775e-02,-6.853930191724979068e-08,-6.721534684930566272e-02,-4.437990300655109507e-05,1.134057827365738329e-06
3.846855786908275066e-02,-8.302728157771565175e-08,-6.045312801570293382e-02,-6.136420332377276379e-04,1.060567566673267459e-06
4.080135605564380596e-02,-4.885761921188759939e-07,-6.121728815835134757e-02,-1.150058246395220182e-02,2.127169112613447853e-06
3.422834307561298944e-02,-1.399590470417655812e-07,-6.864249707295369540e-02,-1.223965557535355159e-02,7.333372638316393078e-06
2.888457195222055365e-02,-7.377145455263710252e-08,-6.275719439798721488e-02,-9.519013400438510256e-03,3.112428250275866597e-06
2.474878176451338757e-02,-4.914589543104998840e-07,-6.005806283468280438e-02,-1.920022666284038754e-02,2.425606227994829469e-05
2.336607887133566180e-02,-5.193611118405184367e-08,-6.131023230415645620e-02,-2.000166855870415955e-02,2.922672797817530670e-06
2.336193644484014717e-02,-3.401272895512240563e-08,-7.593648548839478096e-02,-1.534936835183641456e-02,3.852443577134573899e-07
2.272478916588930101e-02,-2.559581377714321618e-08,-6.731315975140156338e-02,-1.277935254011353453e-02,5.727481642686620060e-06
2.744251686031251927e-02,-2.631478141125806464e-08,-5.265934776126755812e-02,-1.813934700747397988e-02,1.243506164924646188e-05
3.341257290668939173e-02,-2.390485185011000963e-08,-4.783020367208516005e-02,-9.483246182360210996e-03,3.908482909078935680e-05
3.415247545232508175e-02,-5.033596382108274594e-09,-5.908790298492049009e-02,-2.224600725503591420e-03,2.551708460421683077e-05
4.423854685313943075e-02,-4.875078032484350317e-09,-4.914443384510486929e-02,-4.711408179426247560e-03,2.295045590147320666e-03
4.233291959031137280e-02,-1.256652487561270059e-08,-4.798884985012812771e-02,-1.106803216876742907e-02,3.840294884990275571e-04
4.828477783905314041e-02,-2.389031368347533673e-08,-4.994870727780710562e-02,-1.531476439282496160e-02,6.082242795648963753e-05
4.825328876561991304e-02,-5.087824481587208651e-08,-5.580335665584529314e-02,-1.012882345134741291e-02,2.353993071671365550e-05
5.278434541051982287e-02,-1.678131204547212539e-07,-4.796793743734689003e-02,-5.095590957155695516e-03,6.432555887896698179e-05
5.191163654384712417e-02,-2.940559758483912971e-03,-3.504668389415156043e-02,-8.320506441361912378e-03,2.207617419095779716e-05
4.182345257275820599e-02,-1.054061392460951471e-02,-3.062022560141749311e-02,-1.434893527911832584e-02,6.976481056393460918e-07
4.799983613912145453e-02,-1.335371149633707462e-02,-3.547750512095380199e-02,-1.646660219323179894e-02,3.166556219015404561e-06
5.486528796742516645e-02,-9.590859091045253124e-03,-3.395724081890262591e-02,-8.009142256055201692e-03,2.597029591732278445e-05
5.589578156425608485e-02,-1.095874778027851500e-02,-2.302214808141003766e-02,-6.092051633854461343e-03,1.540884810407369332e-05
5.747262505988540854e-02,-1.186045501978093795e-02,-1.398985293755956177e-02,-2.786422617362135576e-03,1.115153522645573122e-05
5.062132547220357659e-02,-1.348086028882495430e-02,-1.427668285936795241e-02,-5.348398511519022319e-03,2.124316192185651082e-05
4.675796059258096465e-02,-1.615627404838786835e-02,-2.647619293379239666e-03,-3.898667352031481278e-05,2.747571606187628431e-05
4.816677158803308462e-02,-1.888073053634846399e-02,-8.131158088562940060e-05,-4.214867142304038958e-03,2.935247001810824409e-06
4.871142674807457662e-02,-1.258500817348931836e-02,-4.055762488390796088e-06,-3.155963474529172811e-03,7.935545821535621038e-07
3.771167510945465373e-02,-1.004442311031111812e-02,-1.365295715467031031e-05,-1.845884465245880776e-03,3.344007495304063080e-07
4.474180548170647587e-02,-1.285963500183827553e-02,-2.677630237127875203e-08,-2.826615473429663095e-05,4.410579657016715314e-06
3.359364174939363790e-02,-1.553036295153803134e-02,-1.139274166570239542e-08,-2.131939818006786560e-04,2.143129893481159908e-07
3.865020545695139337e-02,-9.939426674343870144e-03,-3.646753651229064215e-09,-3.113002760919599812e-05,2.544978220626090191e-07
3.977516238331277321e-02,-1.839975096358244938e-02,7.783482134502498204e-09,-3.482943796860554754e-06,2.815819922180802630e-07
3.167364752132507261e-02,-1.765421864567455479e-02,2.301284421864112222e-07,-1.492261379479781149e-08,1.165102206173859897e-06
2.010509226912374561e-02,-1.936454929634345845e-02,5.129750057388183329e-06,-2.430728815280377062e-08,1.302905479287990854e-07
1.996491762290027866e-02,-1.602586995685481575e-02,6.242564724857926320e-05,-1.029314285845215628e-08,2.933655299046864764e-07
1.351352937208098563e-02,-1.257835407792448970e-02,2.645659524846800210e-04,4.719672895221037829e-09,2.067802149002598007e-05
1.028681238831489347e-02,-8.713003656826740981e-03,5.999264674252147850e-03,2.654434343623888481e-08,8.889766208255947164e-05
2.234461507047037429e-02,-1.919414282066858601e-02,2.097576554625650569e-02,1.483164685879552477e-08,4.176172173409001698e-04
2.566024176049496244e-02,-1.432906223588074728e-02,2.202457514904801461e-02,5.813777567352984039e-08,1.060074851038975390e-04
1.554795624255914284e-02,-1.085374128435385478e-02,1.431925857745067546e-02,1.906102419613061339e-08,7.070136190786313374e-05
2.073763014453933184e-02,-2.239506334018562944e-02,2.287056576955407219e-02,8.175938032828897630e-09,1.484508951734934403e-04
8.410711215992426604e-03,-2.901793839429781321e-02,2.380294181938876624e-02,-6.484143779800649671e-11,1.884215396761924650e-05
1.558749225163977119e-02,-2.782499912447708099e-02,2.783255261653488563e-02,6.070221542505162381e-09,9.297864896422855031e-06
1.159663701849194400e-02,-2.295651449603903702e-02,1.650402827953000376e-02,5.510751873965729343e-09,2.272219423842661700e-06
4.718631307014671539e-03,-2.873485292386645032e-02,2.484401890679129726e-02,5.160230760693019847e-08,4.888440849187661758e-05
2.907596024218374407e-03,-2.763819417258382358e-02,2.716816468706546861e-02,9.386372264299559774e-08,5.340502724337063293e-06
5.093536930306644291e-03,-2.224415706864229375e-02,2.102245860105143513e-02,1.412569746870312199e-07,1.017728039872790051e-05
7.416687799696448750e-03,-1.257162824151638984e-02,2.359059090943493517e-02,1.878655644840841497e-07,8.014699041458556443e-06
6.125549925471150334e-03,-1.777859669996074976e-02,2.139753542777583784e-02,5.533682370911468284e-08,3.040627860884209226e-05
2.271564842574870773e-03,-1.774219812644105970e-02,3.048794201785104754e-02,9.541561517554686223e-09,2.369419486953642088e-06
1.825712297698944874e-03,-2.333414581617141229e-02,3.723076857569218578e-02,7.675441154618693720e-10,6.589090996962882169e-07
1.440688214953607296e-03,-3.068852446570954212e-02,3.530750612200090482e-02,-6.941959327789920638e-09,7.282725093847879166e-06
2.179024927283646027e-03,-3.166027922141097933e-02,3.602913209985901533e-02,-4.905211336561517349e-09,2.925985747317155064e-05
1.861010756963740008e-06,-3.341534614463741171e-02,3.731805148058914973e-02,-2.649487691941306158e-07,8.066247779386894527e-08
4.507956007573896905e-08,-2.721458858721926069e-02,3.585691740106568964e-02,-1.467257507277008342e-07,1.483376747015750675e-06
6.578523207345010232e-08,-2.708678259424078527e-02,3.403795779562988899e-02,-1.460854277040896536e-08,7.765908760912671605e-08
9.866075255528936890e-09,-1.889557097084184137e-02,4.109119075711741009e-02,3.314545979305441023e-09,5.602971744891903212e-06
3.772824092034817599e-09,-1.745194167418756548e-02,4.133702482273949458e-02,2.505659677183885557e-09,8.683056162290326564e-08
-1.094164961772560416e-09,-7.367914627348385627e-03,4.107343159422479489e-02,-4.798027138291781772e-09,7.805390976622391904e-09
-5.817634081384524029e-09,-6.142110400926889882e-03,3.119794744193862823e-02,-1.110235324354774971e-08,4.297524616595593606e-09
-1.266168890906239847e-08,-1.126964662263100179e-02,4.017797396604962101e-02,-1.532929656135868094e-09,1.585591946584612840e-08
-3.082163118603864510e-05,-1.566712688160844247e-02,3.551861566069650089e-02,-7.165870967286610860e-07,5.059489443946354477e-09
-3.068481104849595469e-05,-2.752112869385336599e-02,4.219499241421366398e-02,-3.066008939443759334e-05,1.486051343430216448e-08
-6.048928063797077124e-05,-1.271459353597787639e-02,3.050334234375496820e-02,-1.687976138387368562e-05,7.738810772303329491e-09
-6.932553544271853908e-06,-1.494411192121126476e-02,3.196474942314967566e-02,-1.770313884971060872e-04,2.883531708066908683e-08
-1.159136020231025794e-05,-1.154071456054216530e-02,3.183718562226185017e-02,-6.149719754530785451e-05,3.034362548253532048e-08
-1.818538803502749331e-05,-2.276049318565805807e-02,3.332164738594064340e-02,-1.361399712038490243e-04,3.741649898446869064e-08
-8.923651291377636321e-06,-2.806429488827566487e-02,3.663837719374073154e-02,-1.826162318581629708e-03,1.890272079428725272e-07
-4.317270738343885731e-06,-2.419489388251330059e-02,5.138976539945344646e-02,-9.234340558864259713e-09,4.458976200545867395e-05
-5.689054580469658372e-05,-3.611255257993879059e-02,4.304476591347144998e-02,-6.721147766984232434e-03,3.853997862567806783e-06
-1.942582279431340293e-05,-3.325497103974368873e-02,3.264985666797539515e-02,-7.857751789262561182e-03,1.276305650637402022e-08
-1.522932734113036515e-05,-2.622361261835939525e-02,3.305231035849000298e-02,-1.202338652380409900e-04,2.582155312742832578e-09
-1.821168116873376615e-08,-2.272911128929120533e-02,3.632857680729124211e-02,-1.921141269440339021e-05,3.288629633895871226e-09
8.673877576777378582e-09,-3.893654316608710878e-07,1.751904049686634428e-05,-7.434609578903021015e-03,5.914494108800230237e-06
2.057425519519171632e-08,-3.454440025113086991e-07,8.364726643342745653e-07,-1.673250278172745339e-02,1.612975420173443211e-05
5.026304706130165036e-08,-4.673836286677254678e-07,1.513948375153157648e-07,-1.361388372618654863e-02,4.650718023544656975e-05
5.834658697944874366e-07,-6.104721314678842735e-05,4.177098374573540540e-07,-2.315940483279540704e-02,1.016537227351413034e-04
1.425097816596708282e-04,-2.398238846502538603e-04,1.806312800431400300e-05,-2.752742571563754001e-02,1.650033492348697479e-04
3.571514301550723653e-03,-2.050318163938996360e-04,8.712156955706667648e-04,-2.430120716770515360e-02,5.018894629760250331e-03
4.647820120736471591e-03,-1.152463638077516226e-03,4.637358051752777689e-03,-2.780956281067719152e-02,1.739477218580261437e-03
8.006241024389357600e-03,-6.537585185978865825e-05,6.956689882864275885e-03,-3.124606234680984279e-02,2.979441676916836377e-04
1.088917345997732385e-02,-7.133544099173116297e-05,4.977621293914141640e-05,-3.688287026743299751e-02,8.824942217076744066e-04
1.804245065942575730e-03,-8.749875218906974636e-05,3.430310362435321121e-03,-3.517772860128787205e-02,2.646488882226698714e-04
2.149654729520204687e-07,-2.205066559662172026e-06,2.403436144894261633e-03,-2.944975165635540723e-02,8.571761685483430144e-06
1.746351641534893618e-06,-8.036660253608485797e-06,3.595593169824233461e-03,-3.172762717223433226e-02,7.706268769678883946e-05
4.120852931253402872e-07,-1.282102734580454199e-07,6.112170846141553628e-03,-2.791265267007398201e-02,2.165459698036577112e-03
4.431474969172365264e-06,-1.606255282004804831e-09,1.899889117641025138e-02,-2.406219907301743177e-02,2.401305058552654758e-03
9.072627259005583194e-05,-2.703622202206181947e-08,1.847241522333319466e-02,-3.117486658024560403e-02,8.193950293482040945e-03
3.291447121070898937e-04,-1.490396459516164432e-06,2.282941053687054939e-02,-3.593924080933424969e-02,7.227777348853166306e-03
2.193311444559854726e-06,-8.405738510126046955e-06,3.396045303351711425e-02,-2.851027990418053895e-02,9.594118868874337500e-03
6.069257298111761509e-07,-1.947199929097455698e-05,3.492975619957461308e-02,-3.009788956956552936e-02,1.577925604693250841e-02
1.998665366674811771e-03,-2.013656033934554338e-03,3.390131527912067927e-02,-3.201400225336413496e-02,1.409423847658461230e-02
7.878640801109931119e-03,-6.629881899696560103e-03,4.651379146740477338e-02,-2.951573906453631643e-02,2.200011396222429499e-02
1.117549623446469770e-02,-8.405730659055969667e-03,3.722053609475648589e-02,-3.991454249922060660e-02,2.458892958935544881e-02
7.268575345462512972e-03,-1.010580769613198676e-02,2.615927917316384840e-02,-3.789627482779717865e-02,1.637331438992697952e-02
6.977502036376028935e-03,-8.338553147177879543e-03,2.288820175447119076e-02,-5.215643774706996832e-02,7.440881084995448064e-03
8.875188992688454875e-03,-1.233570862221551254e-02,1.853839116418399754e-02,-6.024708588101335832e-02,4.288403818071461794e-03
1.191509867635628939e-02,-1.267781785848780610e-02,3.097362808464170988e-02,-5.351187918437787239e-02,5.858125428444250181e-03
9.516119419555236006e-03,-4.361140857367674581e-03,3.708383185844484758e-02,-5.082908521905545041e-02,5.082275942888397381e-03
1.735921554253566298e-02,-8.309232938391728635e-03,3.910127583788097078e-02,-4.678410298016390245e-02,3.486746342123726687e-03
7.397015320687603049e-03,-7.625301711100004529e-03,4.722772698212292231e-02,-4.121819048351307857e-02,6.850843887332609856e-03
4.551891200759742781e-03,-6.954534100875725371e-03,5.466282336038757322e-02,-3.628308230849238564e-02,7.285794883115859037e-03
8.400924541057874437e-03,-5.274425343633004984e-03,5.251534888944736634e-02,-3.972847939209025320e-02,7.981301186839829739e-03
4.455970898887563411e-03,-5.031251698122273137e-04,5.083984188173283625e-02,-4.093787531797947465e-02,4.010054384580030891e-03
1.835593194585670006e-03,-2.024154710450798669e-05,6.041551394846513684e-02,-3.798067792005995619e-02,4.050478891654967460e-03
1.145784621423358876e-04,-1.613675093066647168e-06,6.711139319400726000e-02,-3.923807709111439002e-02,8.288192684827605863e-03
1.875506144472474639e-07,-1.203742919965416606e-07,7.274803311583953602e-02,-4.211335383198575727e-02,1.533814382343504958e-02
1.798320659317756450e-07,-2.461915967304393671e-06,7.614516466721228671e-02,-4.355923933106734675e-02,9.969142210087236083e-03
5.065127525951955907e-08,-1.463402940868553572e-03,8.388289571159054936e-02,-3.825427128008600242e-02,3.598068906145802329e-03
2.612525150626398709e-08,-8.667814041916966673e-04,9.172091057416451032e-02,-3.313460794525473208e-02,5.962398618467122831e-03
1.888943270439168242e-08,-5.225117125688166127e-08,1.020842031049997156e-01,-2.785606126826316656e-02,5.307640442032905692e-03
1.782508525390433618e-08,-1.477134112250548335e-08,8.196209951299009144e-02,-2.460950576529662842e-02,8.214333497503173084e-03
1.715944952038144013e-08,-1.916118448953054331e-08,8.428532670306519703e-02,-2.486662503624077758e-02,1.315254624319799927e-02
4.462178650708079235e-08,-1.004039166239768460e-08,8.899204011617350973e-02,-2.088371760873122818e-02,2.644599450680039723e-02
3.574988314318522701e-08,2.581658138456745754e-06,7.531210321067111080e-02,-1.395479741621827828e-02,2.391114491667953312e-02
4.910246891008966867e-08,2.223016112246428699e-03,6.202984533480990909e-02,-1.817066146124083140e-02,2.683878749834597149e-02
2.313668913788881189e-07,3.700720495481222422e-02,5.438316678860260350e-02,-1.340886788847680741e-02,3.833045444160214366e-02
4.008970903757683862e-03,7.279651820660704153e-02,6.030728458049563340e-02,-2.504342071186787532e-07,5.431509134246197829e-02
4.077808996103645355e-03,1.147099245540237206e-01,5.096664451383225297e-02,2.429515318712201048e-06,5.603022537064035469e-02
1.860817098564946853e-06,1.475652485809651748e-01,3.229415434747676811e-02,2.435122371104260494e-05,4.335759552166591063e-02
1.716479378214314996e-02,1.688919816177657796e-01,7.295962592317241716e-03,1.394120203659906046e-04,3.514541764987970385e-02
1.394698755922934436e-02,1.939036802410968319e-01,-3.017897215464488583e-09,3.838016895578345942e-03,1.582678032885190961e-02
4.569565528158034927e-03,2.038991628013790136e-01,-1.995315949539141313e-07,1.470253716718388122e-02,1.253803653038058560e-02
-1.999117434318397547e-07,1.996336950719070358e-01,-5.753071061348054792e-05,6.982300362281244378e-04,-1.854012621929282531e-05
-4.768239456484451682e-05,1.943962336551085246e-01,-2.961368189081976451e-03,-1.378556958714308768e-06,-5.184052413874479584e-03
-9.049525571138916646e-03,1.798910933721964145e-01,-1.160569843260136035e-02,-1.823386001468113989e-05,-5.073733528656412112e-02
-3.401256473124627394e-02,1.607313301702351094e-01,-1.384940819049231692e-02,-1.405696346251513959e-04,-9.462122241041606707e-02
-6.015334862803702054e-02,1.226810346081671221e-01,-1.400035114316433918e-02,-1.837723512713733322e-04,-1.454181236272493738e-01
-7.154312297878920313e-02,6.883370702386290563e-02,-3.402457602919839170e-04,-9.755110975955669683e-05,-1.941610677378116101e-01
-5.542926329193782753e-02,-1.031800043079708459e-07,-3.246566088565641069e-07,-5.082977860059787167e-05,-2.252592112371974709e-01
3.320105951755481549e-08,-4.162567601232558903e-04,5.977340484038030253e-10,-8.507485824459793731e-06,-2.302067143381981429e-01
7.182736979307261474e-06,-1.544778806991544372e-02,1.341092616719853029e-03,3.548641091374273721e-02,-2.230758087184191440e-01
6.605841425372435943e-04,-4.763373407955876632e-02,2.397952691163832487e-02,7.694380802544728559e-02,-1.992835512785816054e-01
1.507942448543402557e-02,-7.124491512262023929e-02,3.773986107130698070e-02,9.771450106495725707e-02,-1.605946338384784955e-01
4.454651951418568678e-02,-8.053462894009373596e-02,5.595632576632730143e-02,1.197619083068390544e-01,-1.114123120231913372e-01
5.403080865359342205e-02,-7.865623348833246375e-02,5.111441672887501175e-02,1.269082320224001470e-01,-7.543502324496804967e-02
5.529932047794885314e-02,-6.960475531838421215e-02,5.015781140056010251e-02,1.376649583809077537e-01,-3.184047144602313029e-02
4.359771740800226503e-02,-5.495696793999957364e-02,5.846456480829965996e-02,1.434923962624664873e-01,-2.573620427646996795e-04
2.737907867899087508e-02,-2.495242356233294892e-02,5.686528865538898608e-02,1.536620995385800381e-01,-9.241581105953494531e-07
1.031355607374231497e-03,-4.295297713627656104e-03,4.413488805499513751e-02,1.490925897713574755e-01,2.553202147201378332e-03
5.565917824623106878e-06,-4.229794804606904152e-04,3.831225824710877970e-02,1.475710464004744149e-01,2.667001429496664716e-02
-8.880103367922449339e-09,5.910941014627744999e-08,2.877313974416175618e-02,1.462409531973861698e-01,5.674471110252347211e-02
-1.249573678942973963e-05,1.586222590899093072e-07,2.357890113473413637e-02,1.430262377211267977e-01,7.261762028369266042e-02
-2.267637105255158186e-02,1.710274876286369962e-07,2.690291944529815509e-04,1.383279175107442749e-01,7.491640182438523421e-02
-4.637035981457243716e-02,3.968750281221348528e-08,2.579465828726967974e-05,1.214655670025973216e-01,7.292911292825970948e-02
-7.374610718634599937e-02,2.633179175631419992e-09,4.690098029269069909e-06,1.052859664004578422e-01,7.100691815468471169e-02
-9.813934973004864726e-02,-1.494121762079130162e-08,4.511119884320134111e-07,8.719266826167225426e-02,6.291213505604091594e-02
-1.161569266830514008e-01,-8.269946751609897012e-05,1.919125119994857940e-08,6.040283293590880537e-02,4.880186132411589578e-02
-1.317009671445100727e-01,-2.863275927901517753e-04,1.212007876337976862e-08,3.612632485417408695e-02,2.634183337514715839e-02
-1.435557118093459539e-01,-4.763318114419523444e-04,6.147773121640447221e-09,6.957188155789096468e-03,6.268644613264761562e-09
-1.460073592785214036e-01,-5.068164166746863715e-03,8.391953411079463926e-09,5.333787528197528674e-04,-6.059579627607063767e-09
-1.550506676101386372e-01,-7.391886913284340804e-03,7.576005897140681175e-09,3.016146965213732506e-09,-1.850859256066035581e-07
-1.562773350907455949e-01,-2.120486728283480296e-02,6.657481997160667254e-09,-6.321357449568123491e-07,-1.717487185140805531e-06
-1.486630251133746194e-01,-2.524907346847440892e-02,6.564915155469353588e-09,-1.451484960747554114e-04,-3.400609424213197329e-06
-1.409978117456580082e-01,-1.751621634707457506e-02,5.833537563806113584e-09,-1.192700691188455526e-03,-1.400232725526919643e-05
-1.365197377303484783e-01,-2.061344077895140361e-02,-2.630913705712793351e-10,-1.393090781268711137e-02,-5.529897263092288252e-05
-1.307967094683871734e-01,-2.055165303179735253e-02,-9.665998933594650155e-09,-2.173049266848741182e-02,-1.159787045396728925e-04
-1.160404446740492812e-01,-2.317320571501793255e-02,-1.415805842760222349e-08,-3.154961427474341218e-02,-1.919990015321976841e-05
-1.055803480792524979e-01,-2.571211482954978422e-02,-1.234464714515070814e-08,-3.460554519804567852e-02,-3.631827158575395990e-06
-9.151373734616821687e-02,-3.157687215227023697e-02,-2.960476271397684267e-02,-4.265761987341822048e-02,-1.499909305721608129e-06
-7.851451490030449121e-02,-3.536168087314853214e-02,-2.666713115191622629e-02,-4.390183415024063313e-02,-1.465306878688967468e-08
-6.477432008670309938e-02,-3.118868941414102217e-02,-3.272240976777875121e-02,-3.783046756255898507e-02,-2.796305039168681483e-09
-5.369919017818558515e-02,-2.038138708139723004e-02,-3.349061012169789880e-02,-3.563773812691092141e-02,7.993181654807553875e-09
-4.738334291277601640e-02,-1.904674231559240830e-02,-3.769532022238696739e-02,-2.534172143931988364e-02,6.156415886428687470e-08
-4.374438119857378127e-02,-8.544673916182639328e-03,-4.546920821622206510e-02,-1.327447925039441055e-02,1.352295844256028114e-06
-4.161593161637343330e-02,-3.128608333160709694e-03,-5.205195738159814484e-02,-2.849055218986187767e-03,1.212568357356262172e-04
-3.028288308761423880e-02,-3.573459038551725103e-06,-4.832666512080935339e-02,-1.515918177567371615e-06,3.965123148617957435e-03
-2.244946028665439214e-02,-2.806610072030434456e-08,-5.669151296123329381e-02,-3.420616529248785351e-08,4.077872131955553436e-04
-1.350450612852302501e-02,-4.370890102414727089e-08,-5.426789145415591292e-02,-1.710776248811429021e-08,3.860634331992343713e-04
-2.211959787360943800e-04,-1.561625640040806608e-08,-4.845476958096532616e-02,-6.713676616789277525e-09,6.401093672494706684e-03
-5.955907516251417764e-06,-1.023265466682831423e-09,-4.325123272139046876e-02,4.880516102486425113e-09,5.562517493364330622e-03
-3.029871743204191118e-08,-3.595566006305583943e-09,-5.406533565165027450e-02,1.918104449217649677e-09,3.484274497390280859e-04
-5.146838311978784048e-09,-1.085998772493769256e-08,-5.304765688215418162e-02,-1.514123320473007147e-09,7.801979119387484718e-05
1.148657918721035547e-09,-9.296445040448125012e-09,-5.575701062591809087e-02,7.791661862136251803e-09,5.729275276704340791e-05
9.337334826107900010e-09,-3.018302489012456299e-09,-5.147825744520436592e-02,2.412203452317085622e-08,1.009999369841994409e-03
3.587903724266509437e-07,-1.088595161797772187e-08,-5.528259007702199940e-02,9.418442436404886228e-09,1.022049539595483854e-04
1.616557828923829640e-02,-9.759858601334457365e-08,-5.952778743868597511e-02,-3.483422546365458901e-09,4.068320460328298752e-04
2.124036005052737375e-02,-2.577623347096999447e-07,-5.109928203238318922e-02,-2.559258431876747850e-08,3.893355812329623526e-03
1.977147404939608166e-02,-2.886805367050963778e-08,-4.503530406454694934e-02,-7.954179350873589135e-08,8.892149507664049921e-03
3.432024002058373102e-02,-8.582297128873776887e-06,-5.144317747792152146e-02,-1.870340763636320260e-03,1.226826722375600615e-02
3.773260998550267975e-02,-1.183387844246891626e-04,-5.738363153365414610e-02,-1.242814271932011876e-02,6.655052720797779812e-03
3.695085597754282219e-02,-3.858475510757157203e-08,-5.588832049172844790e-02,-2.768591820258634387e-03,1.514581660518392325e-02
3.308558149326176756e-02,-1.587551325023577679e-08,-5.972026556178910289e-02,-8.451982572104978220e-04,8.122318132460195489e-03
2.627882896678968364e-02,-2.954642047745552531e-08,-7.321402312448552219e-02,-5.594888846474123552e-03,2.223308111776198877e-04
3.359168028620133917e-02,-3.558601743444580653e-08,-7.170178040669226982e-02,-3.973669607617019185e-03,1.160014488030723266e-03
3.766446024272592646e-02,-2.016777779621136157e-08,-6.658905187314319296e-02,-1.215763764798276272e-03,7.851167516113231187e-03
3.978490071363750824e-02,-8.518353608167760831e-09,-6.427338639369127582e-02,-2.857058179440501405e-04,1.083044516061007316e-02
4.476832630910013155e-02,-1.376512491975632347e-08,-6.499232918399704129e-02,-4.230384311673233456e-03,9.425263027937055144e-03
5.100203787062040223e-02,-4.546569332055532717e-08,-6.131289435105559404e-02,-5.102230376764731526e-03,1.260855764325747794e-02
4.859129682328810346e-02,-3.716480203278847203e-08,-5.615007585162771347e-02,-1.563999169277695755e-03,1.235738073730857992e-02
5.172886386571781681e-02,-3.623562295037234950e-09,-5.315307258054767503e-02,-4.524306695022260179e-08,1.351266017785972100e-02
5.136018994578083613e-02,-4.513255420425924037e-09,-5.067638702112466781e-02,-9.485118715054677264e-05,1.121026764509215796e-02
4.768015396890411955e-02,-5.205910871418981000e-10,-4.805575070461958614e-02,-3.852287327485239373e-08,1.118314851378705323e-02
4.496600379931191271e-02,-4.506770976141075430e-09,-4.299400296137372013e-02,-2.000320319417804719e-08,3.118094698091293179e-03
4.480635521933448023e-02,-2.619595302742244023e-10,-4.112261801051039778e-02,-4.991179845331223297e-08,6.901743299666788893e-03
4.350332256288504812e-02,-3.760700557933109806e-09,-4.498024161743956889e-02,-4.296619526934691670e-08,5.700286064927633303e-03
4.553829595206756314e-02,-6.107985080854400853e-08,-4.166759785560442825e-02,-2.992411421671679287e-03,8.612871566979804060e-04
4.753466021192774560e-02,-8.005644723362775984e-08,-3.937896818641706265e-02,-2.329754777957999089e-03,5.307521764799806759e-03
3.848199355899001306e-02,-6.573451677258967385e-08,-4.240747338313476111e-02,-1.356712017730389574e-03,5.201983446216854566e-03
4.423104154190260484e-02,-8.805796350753326677e-06,-4.722586127831072261e-02,-4.905153487479873078e-03,1.239383712822872928e-03
3.974302449237594043e-02,-2.616291022691932724e-03,-4.412682450593000821e-02,-7.699758023692241217e-04,2.350971476686081110e-03
4.285454222837611904e-02,-8.111203027817264974e-03,-3.711277785562731857e-02,-1.420396439240716971e-04,6.540912359539572014e-03
4.491356322140346163e-02,-3.645438725949768591e-03,-3.552802737526786908e-02,-1.184106535224244356e-03,5.371109622574619241e-03
3.929342637501359592e-02,-2.531657493976543355e-03,-3.817351856946413907e-02,-4.996744541760996319e-03,3.185867353481460380e-05
3.838526628888067060e-02,-1.221430009468113184e-02,-3.300665516826144924e-02,-1.071852870922708131e-02,1.645532580299465116e-04
3.329061931174986250e-02,-5.181681107288340152e-03,-3.246076158563543368e-02,-1.568601175427213534e-03,2.659992515671454031e-05
3.277838715533043512e-02,-6.242556318309939838e-04,-2.895591138766180281e-02,-2.603867880381049147e-04,3.500827532980969962e-05
3.143003960491868448e-02,-8.302556556146012488e-04,-2.506375202906167832e-02,-1.108028771118854151e-05,1.254067986441797758e-05
2.970461381271511866e-02,-1.469685729551745276e-03,-2.499415675528815148e-02,-2.441772010049710821e-08,4.545256128227125546e-06
3.444133101572166566e-02,-3.268142690331948211e-03,-2.459558603641525884e-02,-1.935396146970172918e-08,9.968890337305236327e-06
2.975976594003159129e-02,-4.287749956544503098e-04,-1.130466355686877457e-02,-1.351008671438218374e-08,4.365348561490065124e-06
3.053569160810283220e-02,-3.897772817684645556e-03,-1.519623980661585251e-02,-3.673178798385662360e-06,1.561863261233664688e-07
3.199084553550005788e-02,-1.488204572987852393e-02,-6.555456335918192004e-04,-1.006956652656174804e-05,3.400854423913061991e-07
3.131504988956856916e-02,-1.560654283437272125e-02,-2.293913165954511235e-06,-1.089865686836001375e-06,5.007189692484003712e-07
3.960509792502314025e-02,-1.104312315828729837e-02,-1.000129800895239351e-06,-2.478622195793720645e-08,2.565909145940721886e-06
4.136150577067104067e-02,-1.701207835620460393e-02,-6.368545052596391285e-07,-1.118110012124900936e-05,2.767650967112082680e-06
4.011433912240514738e-02,-1.829806018840112597e-02,-6.942135633931146361e-08,-7.117740049464724111e-08,1.072833267434515194e-06
3.289728916386623625e-02,-2.564760051617917189e-02,-2.953882778720302495e-08,-9.375054276060714451e-06,8.741357716403578375e-06
2.930052598995731145e-02,-1.852779869752513645e-02,-1.252099010867346707e-08,-3.591105809049514493e-07,8.808742867857249654e-06
2.962252881566569337e-02,-1.694392879381777586e-02,-4.645705591734125257e-08,-2.117425601064187753e-08,1.520427074051702680e-05
2.351595000339568378e-02,-2.360162238093660436e-02,-9.919501626152721701e-09,-4.924572328056839119e-06,5.079966430331085919e-05
2.835737446734400841e-02,-2.804780227565142892e-02,-1.190859661006819236e-08,-8.463274904132779563e-06,1.511720306606024837e-04
2.438750266166089462e-02,-2.766143021956837464e-02,-4.832322321144959118e-09,-1.079978710554313653e-08,5.131590299499233033e-04
2.028457140517300403e-02,-2.391568245083317348e-02,-5.575261211758065532e-09,-5.563951281963639835e-10,1.008576370851739631e-04
8.583937846372730399e-03,-2.457282947137067255e-02,-7.525307743134618512e-09,2.886028353192912306e-11,1.131588862683292601e-05
6.268762585631178740e-03,-2.119846848345795579e-02,-2.452279776147156061e-09,2.703666808407387899e-09,5.472536564216831312e-07
7.886790367656337092e-03,-1.286607032131135107e-02,9.212259698004693226e-10,1.297491063591645021e-08,3.479832818989943027e-07
1.171573856829630569e-02,-9.123992547799171515e-03,-2.603034822604175728e-09,2.497554973839076298e-07,1.690704732447278426e-07
1.672325541099489721e-02,-1.327722300447221025e-02,7.685230978588097163e-09,3.525481190539628508e-07,5.829914839267690166e-07
1.369625879454720516e-02,-1.350751194770147268e-02,2.764175035982507194e-08,1.913514085899394124e-06,1.530369176559677113e-07
1.326890722987290015e-02,-1.222477424120018211e-02,1.050837433101909691e-04,5.201589734823428595e-07,1.026645887140909550e-07
1.384535277499990107e-02,-1.810480430536223068e-02,3.330284836541803011e-05,2.139487302663390867e-08,1.783112275506229033e-08
6.345832648597069317e-03,-2.351736583584199472e-02,2.475072323440448559e-05,2.158407471791180760e-08,6.389165807395707125e-08
1.799667900042336796e-04,-2.507591200633793940e-02,1.585949434331369173e-04,7.640441732879709142e-09,1.392025337381215096e-06
3.849667505964791633e-05,-1.780283170196681614e-02,3.712453690940549240e-03,2.152671325570913793e-08,2.591208863051627854e-06
2.188071537103483037e-04,-2.057950716636232011e-02,9.202299074701204796e-04,1.498602434701841058e-08,5.352973483608616768e-06
7.683777299189754060e-04,-2.528483518483360531e-02,8.217842492379905453e-03,1.161059110544328442e-08,7.365606944721595026e-06
3.869690607959432320e-04,-3.081489705273851229e-02,2.032242398683488729e-02,1.062055966726825790e-08,3.245887977549136318e-05
3.292932373929074487e-04,-2.789685016423299260e-02,2.738376505938796765e-02,2.450612649518677514e-08,3.580222973638168607e-05
1.363488999508217939e-04,-2.118912158633213388e-02,2.729355765788372273e-02,2.661189523865903504e-07,3.825876191306008232e-06
2.246748431072850813e-06,-2.602576791988900004e-02,2.596771977010829333e-02,7.619841240126186491e-08,8.280155535538252274e-08
1.202806699721123510e-07,-2.736539282321703848e-02,3.028479837362759580e-02,1.367574883791616810e-07,3.124084862250628382e-08
1.774628239278805998e-08,-1.026951278617374390e-02,2.628360992940698138e-02,4.262275608901167641e-07,6.969216385239880698e-09
1.646591765753950749e-08,-1.333633093958592856e-02,2.171798213579442804e-02,1.838880924867578343e-07,4.585920085061088205e-09
5.650634037288240318e-09,-1.695761786675658439e-02,2.770162256666021047e-02,2.053163519031948392e-06,9.243651459696626871e-09
2.962705009265303039e-09,-1.456086680512539040e-02,2.754197218700908320e-02,7.798807045662055582e-07,7.449550195723021539e-09
1.433379572005338316e-10,-1.642971491280469445e-02,3.772542313965911165e-02,1.803062997971009897e-07,1.269555658386655446e-08
-1.268062160497956575e-08,-1.658401466077246561e-02,2.890702142830113563e-02,9.719774330449795055e-09,-2.103831634406381802e-09
-3.213692215334850191e-07,-1.849954996334676055e-02,2.709796943458642887e-02,5.784178852731872149e-09,-8.010280614985250668e-10
-1.346138806279467751e-05,-1.819889577536654840e-02,2.752812164167720010e-02,4.636333150944359458e-09,-1.030162307944894500e-08
-2.387148734143013242e-05,-1.288530519590403225e-02,2.754892381315674280e-02,-4.137703685191018820e-09,-1.849905899123595659e-08
-2.365446660073600580e-05,-1.459328634732551776e-02,2.477335990049753245e-02,-3.370832472002799056e-08,-2.763031318208642826e-08
-6.375231333599953453e-07,-1.607968561979106203e-02,3.009220994766141632e-02,-1.970804392124767784e-07,-1.611722377291391777e-08
