2.621151132560512253e-08,1.985580472036740929e-02,-2.468096818451737291e-03,1.684014452846866079e-04,-3.721030796698866692e-09
4.466661683408467311e-07,1.707011358267498946e-02,-1.024434930679863536e-03,6.215532842119086228e-04,-5.003197809432911664e-10
4.504833752735622026e-08,1.786120098417967941e-02,-9.849352439331580575e-05,5.648467694968397615e-04,6.090577864343090975e-09
2.005986809884583450e-07,2.571993909459891620e-02,-2.045389833656006650e-05,2.089993990030288820e-04,1.236361570600045153e-08
1.816886119324099692e-05,2.542337892042160347e-02,-2.254520407240941094e-05,7.612837581519848725e-05,9.430450395494066337e-09
4.274127669358669192e-07,2.307305604990893266e-02,-6.155542256755241754e-05,8.753063940580661914e-05,2.303814704077874831e-08
2.887749954044354509e-06,2.960206259851487498e-02,-3.143965603993380351e-04,2.058472260302509087e-04,5.795867802764591303e-05
1.074138313529328755e-04,3.450369696080534537e-02,-5.029057999835469597e-04,2.102396397544382045e-04,7.782999769449615432e-04
2.574680394525898788e-05,3.196219152187208118e-02,-1.616657210798478955e-04,2.107862682391606172e-04,1.101559685203145527e-03
2.141069301917176103e-04,2.977428356421463890e-02,-6.189503606644970214e-03,5.375429143012323482e-03,1.148452384673184778e-02
1.019820349587613018e-07,1.989681619856870781e-02,-5.186082889809506304e-03,1.121117327032005589e-02,1.059612537794393620e-02
2.698097003416896210e-04,2.272191589756168695e-02,-7.465197780436513830e-03,2.466097842858208655e-02,1.243916795234765137e-02
2.779934665165014612e-03,2.210185495202680872e-02,-7.273217847605517247e-03,3.033020251879066029e-02,1.508017768021456019e-02
6.819335856449027303e-03,2.071113338057512659e-02,-1.323391219190099555e-02,3.053312792771913781e-02,8.125944744459913383e-03
1.580377011801942884e-03,1.562506147075388985e-02,-1.221601645714666395e-02,3.020952786048871838e-02,7.607039898547766042e-03
3.923611328535713851e-04,2.572209806652315037e-02,-5.877208530888318634e-03,3.074452215660759130e-02,7.303089515247328765e-03
4.860020450427884279e-04,3.042909445140522945e-02,-8.409886293757318915e-03,2.857694567104315797e-02,3.900857674485913931e-03
1.105659475500304150e-08,2.368560680526454743e-02,-1.569358899052645780e-03,3.058484112932892407e-02,9.270744426571722284e-07
9.584618988096563716e-09,2.721027741382176998e-02,-2.361585154128003575e-03,3.561495913904349359e-02,2.623188858248744464e-03
-1.375040297981300800e-09,2.541242302177990076e-02,-5.227797959001793081e-03,4.496394541131612521e-02,5.432457094935305188e-03
-6.409526366695323346e-10,2.981313711115344059e-02,-5.319929839889008319e-03,4.071869465451534442e-02,2.401859930008327839e-03
1.038246286053343478e-08,2.968562030102409044e-02,-8.431001949152168787e-03,4.548290716236513820e-02,1.837882881518452952e-03
1.721851182711157589e-08,3.347428252173113156e-02,-3.193456406123912610e-03,5.170701267397739831e-02,1.456081799969554794e-07
1.156975616848613299e-08,3.125748436499427990e-02,-3.250930530329262241e-03,5.872946543568004912e-02,1.122859364046305828e-03
9.582182675892368356e-09,3.069794104769551016e-02,-5.485056837733097608e-03,5.372170046824593925e-02,3.073430885704632725e-03
4.770133100051058988e-08,3.475058671197260585e-02,-5.607474551103512964e-03,5.821614235006681431e-02,2.131282440659589515e-03
2.491083530527943655e-08,2.903904310180118256e-02,-5.504153472838474448e-03,6.533096826578668748e-02,1.170643209993084221e-04
2.671922191474461899e-08,2.812279537289143205e-02,-9.230614555139338845e-03,6.914580151325057378e-02,3.825438685857479766e-03
7.768955472207164994e-03,3.642950991914383624e-02,-1.686921205564317558e-02,6.883053046160383937e-02,4.638828966673896859e-04
2.525564384033000820e-03,3.254557874514848320e-02,-1.029762909283391155e-02,6.517426638830972618e-02,7.283096678345819157e-04
1.893826533390964926e-07,3.401497508949205550e-02,-1.307085371748194051e-02,6.683207301077143114e-02,9.048242381103435011e-03
1.561183092176961542e-07,3.240507728391293918e-02,-1.903298865505162127e-02,7.212149766278221075e-02,1.051492302615937569e-02
8.570644233009101784e-08,3.094649593974653501e-02,-9.812290139479389398e-03,6.781726626814083003e-02,4.340012582912133356e-03
4.997096284674075461e-03,2.828971283958379296e-02,-3.894703783261988482e-03,7.051460230467891666e-02,1.626962968152466114e-05
7.576005353611810058e-08,1.907026452758327217e-02,-5.593879847149318312e-04,7.493144089381360839e-02,5.984754355443899879e-07
7.977638455468716999e-03,3.219016408305555577e-02,-1.457997432264516221e-03,7.525194904771503879e-02,1.997913749438171012e-07
1.304115043335969497e-02,4.424146566455375990e-02,-5.498590126073600159e-04,7.698053348625075176e-02,1.048804347109396304e-07
1.098761385807728828e-02,3.788508731971646643e-02,-7.750317384605749432e-04,8.798369032395976508e-02,3.653764831865383752e-03
7.879841557019387214e-08,4.106214001733581725e-02,-4.999312061269422375e-03,7.830892761703826810e-02,4.046481398966871035e-03
-6.160539361828900418e-09,4.068514850137488342e-02,-3.759949139556832947e-03,7.702451488809768099e-02,9.515887117961044518e-08
-6.535515646154882405e-08,3.488347193287195946e-02,-5.673263147466564571e-03,7.563286734843263637e-02,1.882864169926206158e-08
-3.225386754282830319e-06,3.427720433265476346e-02,-4.809909082225148798e-03,6.923618064035080844e-02,6.097767288678235537e-09
-3.049909273333578381e-03,2.876763657132470550e-02,-1.904875858227222246e-02,5.809849274727171831e-02,4.758664965437818712e-09
-4.246586479502523215e-02,7.334849987231533191e-08,-4.113050095578774795e-02,6.953624781494621709e-02,4.989513181981113790e-08
-8.031447288283125041e-02,-4.430706776118282333e-07,-5.817496542016278166e-02,7.070161201413258101e-02,9.123867256341965014e-08
-1.187831009382136621e-01,-2.834019697796729266e-05,-5.487484292780053091e-02,7.063144896334883072e-02,6.144795321023044048e-07
-1.466749109840682075e-01,-4.688824758573489687e-04,-4.603114849326868374e-02,6.216617584535966828e-02,2.030900176494832563e-04
-1.610516841218392614e-01,-2.003995933021663137e-03,-3.743643521546875796e-02,4.410666364013639956e-02,1.599906993640272043e-02
-1.781378591562369496e-01,-5.441869187911258822e-03,-1.779752217616359916e-06,2.677444874798320593e-02,2.086793111524112843e-02
-1.890845919569741629e-01,-1.295892405518694543e-02,1.625900043135209981e-06,-4.613580269515463931e-09,8.251627937952999217e-03
-1.829345442202315875e-01,-2.471442808840020045e-03,3.483470185608678396e-05,-8.820923244092101590e-08,5.785745157793557797e-06
-1.756826254989372615e-01,1.524509442798183152e-07,5.095548497624369753e-03,-1.095494607061653365e-06,-9.086148519821442604e-08
-1.752905925365451645e-01,5.569484747682909555e-07,4.926988434232859593e-02,-8.008957261397216704e-06,-4.331602073559220716e-03
-1.611424998694884758e-01,4.739677767301023698e-06,8.526905783875846079e-02,-7.303924641518944462e-05,-2.203622375894155258e-02
-1.248828639783822470e-01,5.221577830470226989e-05,1.336432958956651762e-01,-2.755366886480264065e-04,-3.802240460725132137e-02
-7.101518735843177776e-02,8.586842049558173937e-05,1.751183942108676672e-01,-3.797737623387970941e-05,-3.999529293804606617e-02
-1.612166086192327527e-02,5.226140141341920070e-05,2.074191454722826011e-01,-4.741201362229120812e-06,-3.827699112280649740e-02
7.327483025433287128e-05,1.169194163302722826e-05,2.329475795396608595e-01,-5.671637922672637720e-07,-1.271264471006691710e-02
5.750895998283290893e-03,7.642243224177165790e-07,2.214861248395415816e-01,-3.745822370433300745e-08,4.510325434261784402e-06
3.718123190849465659e-02,-6.255778697658354037e-02,1.933854759807069335e-01,3.723118064392995330e-08,5.692108769651825538e-04
5.719477200566119857e-02,-9.563672150622615220e-02,1.660277526372254120e-01,4.275364442668223600e-07,1.671731816809768345e-02
7.424751296410067591e-02,-1.243435534888950034e-01,1.185784372063406478e-01,2.992729605349114808e-02,4.780072321502425170e-02
7.922252199881726908e-02,-1.402430844975909030e-01,7.257919904303324066e-02,3.798043802453725248e-02,5.921325280034799715e-02
7.185370002899277297e-02,-1.422754640512003399e-01,2.740825634109773229e-02,3.501505329583378540e-02,6.402490135612926014e-02
5.048151053907760227e-02,-1.512557461718104790e-01,1.049686371209923022e-03,3.547694997449458987e-02,5.156570238690915547e-02
2.091588219918226466e-02,-1.624238738330925080e-01,2.566051321664091836e-06,2.880944382891242536e-02,3.504193721478689183e-02
1.797193461364633227e-03,-1.693939296322220511e-01,-2.395173077608411891e-03,2.007937108111545327e-02,9.243258956640663243e-03
8.137972241447037568e-07,-1.691464903249564333e-01,-3.306707438537354743e-02,2.682019246710843227e-07,1.817304620592410035e-04
-1.025625424411563545e-07,-1.611159610497086003e-01,-5.587427261309184379e-02,6.480134993024988887e-09,5.727279202547113762e-06
-3.126725690914342503e-07,-1.522803086251860449e-01,-6.650894189623743347e-02,-6.301811806619650507e-09,4.114181014054066388e-08
-5.301738100875314242e-08,-1.327395853938974912e-01,-7.311218815681985728e-02,-7.930624426463396472e-09,-5.133015188569308926e-03
9.950412397598223717e-10,-1.131096921580220654e-01,-7.604807543253917779e-02,-1.437099682699669936e-09,-3.415116347910494149e-02
5.514435730086336851e-08,-9.799758214412125634e-02,-6.538399310040612922e-02,-7.585326554454407760e-09,-7.109388687682344221e-02
9.534589307299222959e-04,-7.591029381915649632e-02,-5.690062599457540449e-02,4.418566337939322494e-09,-8.503430820360247111e-02
3.849708589764214324e-03,-4.924587826849061156e-02,-4.689459728206548522e-02,5.789809528700007149e-09,-1.013049918100298041e-01
1.327679806802689946e-02,-3.181826374340288033e-02,-2.795183947373349256e-02,6.165632833810082751e-09,-1.187894471230950405e-01
2.161127519622448034e-02,-6.685001094793436432e-03,-1.152214065306242895e-02,4.072330842860080115e-09,-1.362465193041902389e-01
2.282068341048191368e-02,-7.865295971330455967e-04,1.083668580694889994e-08,2.983190959645802554e-09,-1.521001276615402131e-01
1.793887468520340839e-02,-7.073572423842447389e-05,1.320996264105406087e-07,-8.813612923515778070e-11,-1.664220258749325720e-01
2.426075284154798062e-02,-5.630315035333596855e-06,9.350089444127697302e-07,7.060352395893433585e-10,-1.772421853441918937e-01
2.658768343488239136e-02,-1.551594722694239336e-07,3.602710895008820816e-05,-1.438796280421735148e-09,-1.745888558112252686e-01
3.112212618840356007e-02,-1.148221763812427109e-08,7.945166459720091673e-05,-8.733000190348505825e-09,-1.705296240861352008e-01
3.245848875725651506e-02,6.915989867228661493e-08,3.951103793584973505e-05,-1.070692119855293608e-08,-1.571121021460270273e-01
3.142645376534825702e-02,1.648088564096174963e-02,4.042863963061191045e-06,-1.370607203568032015e-08,-1.412225532876331680e-01
3.517566545590441324e-02,2.747174088231590580e-02,6.744868767519719186e-07,-1.510139521123055469e-07,-1.272595273375961289e-01
3.837902328883634889e-02,3.654022763879658658e-02,2.477551131925191510e-08,-1.955283997138564100e-02,-1.094426662195875921e-01
3.351694557754911902e-02,3.378870727332463492e-02,5.175161686373162524e-09,-2.415026368863394668e-02,-9.635981398421206157e-02
3.100196666837451778e-02,3.825321023624729533e-02,-6.392395428338621059e-09,-2.404360479495972619e-02,-7.613069319264303969e-02
3.007360713301423030e-02,4.431582753604115105e-02,-2.061017646119146724e-08,-3.700109894372058394e-02,-7.465896963004167719e-02
2.261882684592255235e-02,4.130655678344676007e-02,-1.350558917098455279e-06,-3.682202253670980446e-02,-6.645836158903778434e-02
2.089888370405219159e-02,3.920484763208029189e-02,-2.042361097884738554e-06,-3.123018440694482270e-02,-4.837704311053537404e-02
1.248403084790167088e-02,3.535831443753448960e-02,-6.734412484964411624e-06,-3.462990792864286543e-02,-4.477642386764879578e-02
3.370472137191911268e-03,2.290259851873914509e-02,-6.976678367348649213e-05,-3.794835282715358638e-02,-4.175776539945674770e-02
1.313007772553003057e-03,2.011608721204248898e-02,-1.278428108892329688e-03,-4.563811102502866174e-02,-3.893193528729212843e-02
9.320182222229722352e-05,1.010241393794734585e-02,-6.047147997796005654e-03,-4.686582581574338241e-02,-2.363715089214136686e-02
1.455022389777487401e-04,3.069027717204434944e-03,-9.105098340964358147e-03,-4.768108889765655667e-02,-8.736439657009433327e-03
1.499863801914792680e-07,4.221367699661446603e-05,-1.103349043213264387e-02,-5.353687334311938578e-02,-1.619447258197471203e-03
2.033424983136357617e-07,2.852336331892627659e-04,-1.237102746134156536e-02,-6.199132194629113080e-02,-3.154016573122078487e-04
5.288749800101009568e-08,1.322950412905301242e-04,-1.276370660472869560e-02,-6.468007641725720402e-02,-1.156583543234358755e-06
1.638808277562807169e-07,3.118278791403546364e-03,-1.399515636292035167e-02,-6.090323875423673400e-02,-1.858844275286004523e-08
2.555401529734265400e-06,6.671139840592759870e-03,-1.491746846820637615e-02,-6.912482433292577166e-02,-1.037103874970468888e-09
2.443161880699500519e-06,3.218252525305413322e-03,-8.785606944888887243e-03,-6.757454763873614600e-02,2.512729050840520941e-08
2.571451275328579911e-04,7.637828803774062217e-03,-1.162396021939599705e-02,-6.194247529567396826e-02,3.697898756018475931e-03
6.446305897180224474e-04,7.830893150810237791e-03,-8.983385693454189885e-03,-5.461728656894471873e-02,1.336200034984630705e-02
1.101289854290190379e-04,9.704648002052259151e-03,-8.265542824796230301e-03,-5.935626369126470459e-02,1.343239310485529886e-02
6.170741679306002332e-05,9.289207454943108205e-03,-1.898270413424190881e-02,-6.127546466647073448e-02,2.123879979454272940e-02
1.599663758750707241e-06,5.778391897314594933e-03,-1.484808821868543668e-02,-6.069539862160686777e-02,2.129347870760207179e-02
7.392992468847322666e-08,1.137254340144927371e-02,-1.177453360912836082e-02,-5.835855002133753106e-02,1.948406160597825065e-02
6.477515870131523568e-08,1.084402841222547632e-02,-1.686716725816694504e-02,-5.980593113403077227e-02,2.195678982259388276e-02
2.237918742800166674e-08,4.390522255154512103e-03,-1.252471791775248977e-02,-6.022115972451736604e-02,2.602735064822777819e-02
1.393414412720977092e-08,2.999188217840343274e-03,-1.412331727233341952e-02,-6.180372004343403364e-02,2.975122247546898094e-02
1.160406959931186669e-08,9.510888968373586508e-03,-1.292720233166718552e-02,-5.701219217592636002e-02,3.516484681933215728e-02
1.038159449387119190e-08,1.567189041327319773e-02,-8.124537973598921353e-03,-7.002655590154968634e-02,3.144374708263548285e-02
6.549171952176671849e-09,1.096784961958705527e-02,-7.984131356313218728e-03,-6.606691545798981657e-02,2.580893528538529338e-02
8.489178454526943355e-09,1.503865875116541621e-02,-1.099984544820942732e-03,-5.923304963269811901e-02,2.237019917275262157e-02
9.012102324747990998e-09,1.498719624530486967e-02,-4.052918141914226870e-03,-5.600311153706706568e-02,1.706071726399147059e-02
1.313902004861454196e-08,1.320273465587615269e-02,-1.420063416506043251e-02,-5.601765252687112423e-02,2.661855253228731163e-02
1.065828858889769223e-08,1.222125818124084398e-02,-1.796062744350324092e-02,-5.714808338459604481e-02,2.984021645565629322e-02
1.632460900901408496e-08,1.232647144755916711e-02,-1.366228881264253993e-02,-5.812736505739309750e-02,3.149228300234324651e-02
2.568562783196295005e-08,1.135750323833834702e-02,-2.132747046638561184e-02,-5.203989046094548154e-02,4.161887953269360202e-02
2.606505445514157978e-08,1.314648265006497681e-02,-1.089847692243274546e-02,-5.313774354802853345e-02,4.133514482817495644e-02
2.362891217954011487e-07,1.520288846714733938e-02,-1.105040156100171693e-02,-5.155075417495631057e-02,4.230002983521374826e-02
9.293068324226726445e-04,1.432800236628733320e-02,-8.889603849020967941e-04,-5.017338151103276772e-02,3.884569830270237500e-02
9.485956707215567607e-03,1.458454819344261709e-02,-1.128898523558257273e-04,-4.279931980024475474e-02,4.418497502710287683e-02
4.075381423046487046e-03,5.144473395654833650e-03,-5.659787783020886824e-06,-4.118997725419402955e-02,4.053269456817714528e-02
9.013831938490092857e-04,8.800618715592407881e-03,-1.403764536375503033e-05,-4.353812354671459522e-02,4.983493660826650296e-02
1.257840145873341758e-05,5.690903538368265527e-04,-1.759868855213112719e-06,-3.548835714938571723e-02,4.938991980443773605e-02
2.838101491399135892e-04,1.394239904068847371e-03,-2.889504238763533658e-06,-2.719581809884030754e-02,4.972536720839001306e-02
4.321516511044686025e-04,5.110004080415751987e-04,-1.081602108429532916e-06,-3.715295944839542425e-02,4.144322592955412832e-02
3.138927687197223945e-04,1.340223339498102949e-04,-8.681035287347078924e-07,-2.988486627407828736e-02,3.969756262011674142e-02
1.344625582419729532e-04,1.430840051356796496e-05,-9.647127150248586329e-06,-3.505077288842350924e-02,3.878470939905908493e-02
4.355962103444273661e-03,6.767688510391009623e-04,-2.400241655129731910e-05,-3.148027303442441777e-02,4.599983516770238950e-02
9.073713533075494081e-03,2.966083838583348595e-03,-1.301881384402096280e-05,-3.630118241009331476e-02,3.252097046036753897e-02
1.740565725158793944e-02,4.756358428892147952e-03,-1.106013811911119774e-05,-3.063618639070506133e-02,3.027961671876856428e-02
1.113307185114739868e-02,1.208550207665448715e-03,-6.761105293088179500e-06,-2.434501792991590127e-02,3.417171386634920704e-02
9.341596340442554977e-03,3.387436260972649053e-03,-2.628932127433953475e-05,-1.844373041107692790e-02,3.883539183993375138e-02
9.599137389826317701e-03,7.184318507059566945e-04,-1.311140212005702439e-06,-1.592033826159023474e-02,3.712701146318884288e-02
1.218099861448813806e-03,2.596925297759341742e-05,-9.528588746886067260e-08,-1.351016387820219711e-02,3.683451785167738551e-02
1.871681036181012869e-03,1.239014685536780902e-07,-2.554906095945452427e-07,-1.394799947659963908e-03,3.600475370134315067e-02
6.532779652126970323e-03,3.398536760781099999e-07,-1.622914040678288673e-05,-2.196248931902300536e-04,4.624118503963980248e-02
1.506327726710278772e-02,8.156890395886788210e-07,-3.108341583005608505e-05,-7.136640185261067042e-05,4.802691790682205031e-02
1.722432812027651153e-02,1.278521216775463276e-07,-4.140265077557063326e-05,-8.839005323824637066e-05,4.460078558950616306e-02
1.708563737373294117e-02,2.654488972064291427e-08,-3.599576770110153871e-05,-5.860091359249990246e-07,4.224029771787911336e-02
1.846550146227380132e-02,2.235109442051040626e-08,-4.225558197509128166e-05,-3.888418545539581530e-07,4.631755405167286427e-02
8.785510593568480672e-03,9.508884089436283617e-09,-2.329383480139848495e-05,-1.992942183447243129e-05,4.038323576530344905e-02
1.349262496232595497e-02,-2.846242169677705034e-10,-3.728628719648915355e-05,-4.319531799758202744e-07,4.549702962091999037e-02
1.521875741035063311e-02,-7.560458697343034834e-09,-2.436719271390659923e-05,-4.439748751211749320e-08,4.578671248682916056e-02
1.429568748252929566e-02,-7.873384022854363801e-09,-3.574281574780336317e-05,-1.950465677715050348e-08,4.929494054395816560e-02
1.613890389383319454e-02,-7.540223047468148193e-09,-1.230520872736153774e-04,-3.980334113123073707e-08,4.458151197823588541e-02
2.348256612921441680e-02,-8.197013180865434518e-09,-5.278208607425731078e-05,-2.370512528149864786e-09,3.867608309151848722e-02
1.699835446685610263e-02,-9.888032780955323920e-09,-1.313204704906429118e-06,-1.124409104105621356e-08,2.733940718045008850e-02
1.374827062011508595e-02,-2.863533630972822070e-09,-5.404596273786561467e-08,-1.002428031730774447e-09,1.880081918630232413e-02
1.272507819635495044e-02,4.403607027940873721e-09,-2.918059742622853974e-08,-1.066122462872657061e-09,1.637994820282583086e-02
9.802662978030703481e-03,-5.239096541587379578e-09,-2.307260488629934365e-08,7.962012657913999545e-09,1.795865063817050217e-02
1.429213123707641017e-02,3.623458723295078005e-10,-8.769652056742072107e-09,1.650049243338173751e-08,1.715834395894570014e-02
1.330860846139589500e-02,9.200058791090705838e-09,2.113080554604192007e-09,1.968013352683564365e-07,1.363597078573178245e-02
1.048030880989998630e-02,3.629740665923998675e-09,5.371308716003449800e-09,3.799410371318910792e-08,8.497660571761949180e-03
1.511973190043983117e-02,-1.162868081326193721e-09,-3.016465880680379501e-09,1.104220658895562828e-07,3.473065912909115063e-03
7.946317409794881673e-03,-1.212471406523864886e-08,2.189768276365232077e-09,1.562766774371398438e-07,1.503055920486902732e-03
1.694782399917705434e-02,-4.888906578035270917e-07,-8.191753278123948681e-09,3.047582834187723740e-03,5.720245191942579556e-03
1.307500683837883870e-02,-2.213593616962531818e-06,-4.822647368162180204e-09,5.666207479343860105e-03,2.342668304958372798e-03
1.065566337132003646e-02,-1.192974932165942004e-04,-1.662190528315973709e-09,9.487719358567701933e-03,1.407094476234285740e-03
2.026059223046824953e-02,-9.469795789592546709e-05,-3.084514405060384153e-08,2.233867394441151066e-02,7.632734667646275464e-03
1.714074955325324209e-02,-1.597771734636127349e-05,-2.274952602111160436e-08,2.465193685887128935e-02,2.312807534809542629e-03
1.762753388922024336e-02,-3.900889681253998440e-06,-2.085499311745567475e-08,1.736496740380002665e-02,4.629038842824473657e-04
1.604995869335503964e-02,-2.625110969975295176e-07,-3.543284867289995257e-07,1.792763482741208114e-02,1.178128181062384995e-03
9.461813956863296404e-03,-6.673523945474034186e-05,-8.586725338531502479e-07,1.978325952992937911e-02,1.730941030028540148e-04
9.457010036702261091e-03,-3.009267794811036918e-05,-2.879063543939651859e-07,2.236086416157411633e-02,1.189896497866844763e-05
5.523204216632210742e-03,-1.029828410660380071e-04,-9.804851573430429125e-09,2.328752629898948184e-02,2.941306559106352560e-08
4.633484627808560560e-03,-2.291762596601205088e-05,7.247009740729969788e-10,2.820455238535191436e-02,1.833414283271632643e-08
3.821144217261662063e-03,-3.031499756625623591e-04,7.785557246049128656e-09,3.016879609135683996e-02,5.093950152920068970e-09
7.757788527862741201e-03,-9.308016120009597919e-05,4.853035076411757119e-09,3.198318806984687401e-02,-3.228332947123363890e-09
8.030245391095111249e-03,-3.812389643159716632e-05,9.096770659139464832e-09,3.368613050460571995e-02,-1.688594828854260374e-08
6.423156865225179007e-03,-1.516121788634531263e-04,6.286622109584889791e-09,4.098955642928846232e-02,-5.093020521949332443e-08
5.302242696886681587e-03,-2.382890782935185680e-06,1.121594535608665891e-08,4.761296193327752696e-02,-9.856198700439042180e-09
1.048144992543318527e-02,-2.644868397678219599e-06,1.547451946896787128e-09,5.267986186746334565e-02,-7.130246046543651788e-08
1.674951941577227169e-02,-6.533512854375956037e-07,-1.354117395584972565e-09,4.421283186576290686e-02,-7.490606266168407493e-06
2.380707994860075533e-02,-2.886664902599809503e-08,3.048724439709294532e-09,4.750104420107733455e-02,-3.951452249411476842e-06
1.690958245971216356e-02,-6.913279297497588784e-07,-6.798129380184200822e-09,4.682079073405102237e-02,-4.674264754692206066e-08
1.977853056212236504e-02,-3.599147418279074634e-07,-2.346911776036459646e-09,4.744366703760758558e-02,-9.390940236615611692e-08
1.224890081340723230e-05,8.286768481535382661e-04,-2.185867616840948900e-04,3.435740682624086387e-05,3.451051876596657279e-09
1.728039699171050653e-04,6.687950263771815819e-03,-1.751509546250621394e-03,1.172650509373435727e-05,1.106474147049220154e-08
5.275093160776317843e-07,8.020249624905273489e-03,-1.061958054848150673e-02,5.026267600611801784e-07,7.640758083722724731e-08
1.268286204624647277e-08,6.957484143497293799e-04,-1.734362923053019145e-02,7.895888571428739718e-07,2.485475033369798624e-08
3.528231325148977024e-04,1.056556910558570025e-02,-1.316562156209166203e-02,5.435612610424549272e-04,3.027620396921739144e-08
6.337071756292736663e-04,1.332633509648997738e-02,-5.410569087589343603e-04,1.559535102645981906e-03,2.447631884817034987e-04
1.724750995998405054e-05,1.218963567413494306e-02,-1.098686148349221231e-04,3.095677675317883964e-05,2.350794043149600097e-07
9.052398876715567677e-04,1.870272345669416955e-02,-8.769037474092295078e-04,3.044219941762114391e-03,1.312991493393058356e-07
1.128208439243249921e-02,2.518386417159297966e-02,-6.820773231123555651e-05,1.291065732927578966e-02,2.734758452209476139e-04
1.826652331802366622e-02,3.027754983220109358e-02,-7.030565757678178891e-05,2.178450612163702546e-02,5.445724402978358025e-03
1.153171706014092905e-02,3.077762518970536196e-02,-7.793103198770717072e-05,1.812280658575169540e-02,2.920860638046339237e-03
1.736841545609292548e-02,3.321540588198443333e-02,-5.248061854204465887e-03,2.875709707767514292e-02,4.185926652487416064e-03
1.579281798697687936e-02,3.821587334233407518e-02,-2.333342961797407310e-03,4.212915897483311689e-02,2.210924697423139854e-07
2.298556987372567251e-02,3.642246908914364284e-02,-5.389096660840136423e-03,5.281838947495264003e-02,5.829132747223574572e-03
2.258109522431210950e-02,4.826934021458696017e-02,-1.197403482423530473e-02,4.700259592065877262e-02,1.757087668044803735e-02
1.618582106803512222e-02,4.169631782385670171e-02,-1.427892786329246731e-02,4.907854368131554790e-02,1.498048887400221969e-02
1.971630603004063606e-02,4.493534990619682534e-02,-8.749223142959417290e-03,5.078922997574997211e-02,2.287397895641310080e-07
1.224099016545478723e-02,4.344271320474107911e-02,-8.140978539796180080e-03,5.305572732009364995e-02,7.464911248114465027e-03
1.939003532085465525e-02,3.558665099402678889e-02,-1.086507693704223849e-02,4.513502528110741041e-02,7.111831590170164356e-03
1.669165694582195464e-02,2.573772413245300691e-02,-2.081051159174517051e-02,5.097997173893231704e-02,7.335342428762549674e-03
1.314273408257840212e-02,3.169262417073676064e-02,-1.056542073320334424e-02,4.426017326100133847e-02,7.385084170455268049e-03
1.458249379007960436e-02,2.146171062016543132e-02,-6.842343898997199463e-03,4.690609065652725368e-02,1.339376882382996813e-02
8.612718821977692618e-03,2.122420143645658078e-02,-9.971571343214557723e-03,4.314144236952271311e-02,1.189085954496120999e-02
1.541893614203190474e-02,1.990430291995160667e-02,-1.493496871009554992e-02,4.840235029700446640e-02,8.541558294826891509e-03
1.965818921480057269e-02,2.561591404985657031e-02,-1.153432738729338013e-02,6.052547594178476348e-02,9.932776718228142690e-03
1.260626133678081212e-02,1.566836478817534156e-02,-3.287195546758261522e-04,6.089561326931716700e-02,1.018527667536169891e-02
1.593658945856542275e-02,2.399559642395098294e-02,-6.079221785085839975e-04,5.714916758937135799e-02,5.309343355223435090e-03
1.367130575459724225e-02,2.218626640012015191e-02,-7.493057140070133459e-03,5.902423938801146241e-02,3.886976360220501751e-03
1.526867326471662532e-02,2.929564197191854291e-02,-1.304266277242975645e-04,6.390069364463216162e-02,2.192251902278496804e-03
2.054233971540966527e-02,3.606600283716197147e-02,-9.860025189932274461e-04,6.765625114454697220e-02,5.727948960071689750e-03
2.024231400435281408e-02,3.721194028318610542e-02,-8.575982383426071498e-05,5.983585699715062572e-02,1.033627892108216428e-07
1.715449798842849649e-02,3.850082260331215422e-02,-8.466580635304176859e-05,6.052517072826324451e-02,1.298419022736593392e-08
2.404954233067145564e-02,4.118291945009251026e-02,-9.258521219238010917e-07,6.554609724959754857e-02,-3.189795324493626959e-09
2.159838799335373274e-02,4.471394528562795678e-02,-1.384462772557807295e-07,6.939908718271578514e-02,7.209243184762729276e-09
1.744676289541618672e-02,4.600791450633560237e-02,-2.444016561921812440e-08,6.995253658863066770e-02,1.815333499701611608e-09
7.983335935398431712e-03,3.583747695399731176e-02,-3.156488457337581359e-08,7.747569007973484356e-02,8.118843513514221597e-09
2.646756865617543031e-02,4.575410073290633178e-02,-3.998661932661681797e-08,8.884533459257096255e-02,-1.001867886696009731e-09
2.924645172277182126e-02,3.512469619139481358e-02,-2.616597527615033608e-08,1.014692599911472259e-01,2.239185756331173457e-08
1.420795666212367955e-02,2.570376863676965967e-02,-1.522886970704190356e-04,9.619804843951537676e-02,1.258067604535367812e-03
1.355177981712395695e-02,1.293839500546606520e-02,-4.996581577135904978e-03,9.342085262879118446e-02,1.735875055081836471e-07
4.651137210143103939e-03,7.419345829813304809e-03,-6.367367223682860941e-03,8.941003708543023010e-02,1.283123229872454290e-07
-2.008025301086282008e-08,2.475385948152317506e-08,-3.802616152142889415e-03,8.179375701944030519e-02,3.947346055454825371e-05
-5.334334510432780715e-04,-1.126948562262109264e-08,-5.054432428819837474e-03,7.494643726696360864e-02,7.443563389473429368e-08
-3.738200980393496797e-02,-3.172505578693595706e-06,-3.387725808802265204e-02,8.088370453214041578e-02,9.915466548365851538e-05
-6.945619673942061978e-02,-2.888418850891760241e-05,-3.812183696782694975e-02,7.853353607431773353e-02,9.406411119239084840e-07
-1.076923075089857434e-01,-6.568027055572908191e-04,-2.836676569009982316e-02,7.049846788974220568e-02,2.063061848616343821e-06
-1.384649686392474821e-01,-1.467535466438068138e-03,-4.047743184183386646e-08,4.788989495170715288e-02,2.357356860011856634e-06
-1.687968031600227126e-01,-2.068691270112619704e-02,2.416262869027790453e-07,2.065126437276370089e-02,6.207584170105665163e-03
-1.825669010976328499e-01,-3.146521082637893096e-02,2.793031328858569870e-06,8.173687634288359189e-09,7.927068454374127521e-03
-1.845689800160371652e-01,-3.522182800949512360e-02,1.957678331662045370e-05,-3.342407654334040774e-08,2.250854470919875884e-05
-1.730718835702770297e-01,-7.039479451964225122e-03,3.837770717172619365e-03,-1.743999799224707212e-06,-1.705609407750782678e-08
-1.713390100394559523e-01,2.107275305416702593e-08,3.218043163583297200e-02,-9.761872344172329834e-06,-4.646904349697391148e-03
-1.612348330540551433e-01,1.165666848210764385e-06,7.301701189551877691e-02,-5.464973238567623261e-05,-2.181082957138747239e-02
-1.367458967977602524e-01,1.731770148470860161e-05,9.550172819049372597e-02,-2.356455657276197366e-04,-3.455858577534685200e-02
-1.035101386169077625e-01,3.252463336745738072e-05,1.283616073347476905e-01,-3.746387818757271402e-04,-5.421596394644596223e-02
-6.706923632835910809e-02,2.917294803760142929e-06,1.585397280968116884e-01,-2.019094838704813558e-06,-6.471196331169515314e-02
-7.189024726218552763e-03,2.174276236569089023e-05,1.822442897591431687e-01,-4.748918856537365030e-08,-5.416531658345406092e-02
1.973732982860022374e-05,7.882463100855892805e-06,1.956127497737525089e-01,-8.547995339809249850e-09,-3.592981923933395716e-02
1.396936579610713689e-03,3.111437385412089745e-07,1.896709340479293404e-01,-3.339585915924832328e-10,-8.914092400026388946e-03
1.324921433853801581e-02,-5.446391370660913500e-02,1.722246512938855612e-01,1.942378591247676090e-08,2.864491563014022579e-07
3.743856841097075588e-02,-8.010778377551651397e-02,1.527990920281871723e-01,2.181257798134373857e-02,1.490245356310249040e-05
4.765190896519567315e-02,-9.090454119262669774e-02,1.316234193649666040e-01,2.041112558224550053e-02,2.079297161682862327e-03
4.252615614844746511e-02,-1.078870242117738881e-01,9.365723119499412552e-02,1.909587183449258652e-02,1.857055857536477061e-02
2.433362263428116845e-02,-1.350863182899778858e-01,3.977073643781746382e-02,2.180965662518029660e-02,2.244684883966639732e-02
6.788149194497990896e-03,-1.481315018551660756e-01,2.419799752438958618e-03,2.394710498945597232e-02,6.917509853453292917e-03
3.197662818051400831e-05,-1.668201196393860608e-01,1.360552739623568466e-05,2.164189344738529086e-02,3.330738934558767476e-04
-2.419156310840154124e-05,-1.712840894225473032e-01,3.174471660155204662e-07,9.166777356396107542e-09,7.235512096995090170e-05
-1.139116431006038065e-02,-1.731593895308446707e-01,-3.152427597918960184e-02,-6.613483835720740685e-09,8.732641987237746046e-06
-3.154325902974270540e-02,-1.649655925802256118e-01,-4.980941108938427564e-02,-6.326863044582904543e-08,3.298429806687987437e-07
-4.226089018513427831e-02,-1.615940759278255423e-01,-6.250820626771429189e-02,-1.555808240159243439e-07,2.645310293383120406e-09
-4.264892034852679759e-02,-1.466252707373724429e-01,-7.482512863268567238e-02,-1.003072768763331945e-05,-2.612222251111292678e-02
-4.050094170716302816e-02,-1.429053008942775815e-01,-8.481999093307762694e-02,-4.215468205639499508e-05,-5.462718587377741325e-02
-3.043388837917596762e-02,-1.158099782500364994e-01,-8.241568160396904597e-02,-5.609355573434902839e-05,-7.224317233299515362e-02
-1.913647597714927470e-02,-9.653334008877596795e-02,-7.494049957115313243e-02,-9.446918339780020421e-03,-8.786643601907653811e-02
-6.175807618180054193e-03,-8.191862679594394403e-02,-6.713073857477705464e-02,-2.582631455827579664e-02,-1.017045091767914550e-01
-3.073091669416151624e-05,-6.239052937740818122e-02,-5.574052348802523149e-02,-3.566175989655413769e-02,-1.120715677799490051e-01
-2.191067785023026806e-08,-2.516432339652515879e-02,-4.033545521056547400e-02,-3.832029412320493017e-02,-1.222262857123665031e-01
9.670744997802936313e-09,-6.060799334069952651e-03,-3.067782057014374966e-02,-3.456422605714343926e-02,-1.239656910425866454e-01
2.037564791672199475e-06,-5.288570011775649309e-05,-1.724128840756079459e-02,-4.861473118229524271e-02,-1.190850147460303099e-01
1.135317785580748699e-04,-1.529538956749042030e-05,-1.508755880231472425e-02,-4.368420491654604471e-02,-1.213313310247216559e-01
2.084038107922555304e-03,-7.295733031209218990e-07,-1.422990438466213703e-03,-4.635815561008609781e-02,-1.149776271047564941e-01
7.614765619430394032e-03,-7.695012893419438315e-08,-2.459766459883080568e-04,-4.435903041003277231e-02,-1.062898993380158030e-01
1.002530415683113019e-02,-8.820087058369861129e-09,-8.912938722175515708e-07,-5.917017965633289411e-02,-9.410790392983479913e-02
2.159750870987687393e-02,1.056830174908245004e-09,-3.951967730051589626e-04,-5.950489267639468699e-02,-7.577043573376186780e-02
4.016452232364578490e-02,9.496986365098294275e-03,-4.015512988918319031e-04,-6.132353811106210084e-02,-7.124762076623128437e-02
3.887493818702640602e-02,2.376001824535017848e-02,-1.762870621195215641e-03,-7.183994742036164949e-02,-6.076154883900259512e-02
3.271903834322813925e-02,1.708775470638395147e-02,-1.585193554379174226e-03,-8.358824136440924646e-02,-4.992214058793549569e-02
3.208524079435728926e-02,1.424479710811462491e-02,-1.458075519770464512e-02,-7.284584727905925317e-02,-3.975237874313184566e-02
4.223704602656586093e-02,1.833879069602199416e-02,-1.491494590409462792e-02,-6.137239100061517988e-02,-3.358477410313244482e-02
3.135703775764427104e-02,8.471478841141780528e-03,-5.800167474573630563e-03,-6.903320372676222116e-02,-2.915502630441935486e-02
2.545356931123661168e-02,1.390962182093731861e-02,-2.944557459063167244e-03,-8.111431252516464185e-02,-2.659549281487325403e-02
2.498822057650225761e-02,1.022733522742492844e-02,-9.940673855040604856e-03,-7.527054555249176881e-02,-2.631084926145932715e-02
1.814441012615667509e-02,1.168465980233397358e-02,-1.180533554901298842e-03,-7.679333465786278290e-02,-3.459049175230446971e-02
2.113880953306773378e-02,1.918433664084050888e-02,-5.199714967257670906e-03,-7.698845810454447991e-02,-1.968132161571944233e-02
1.867812666193841356e-02,2.181249341611380538e-02,-3.723173173688272292e-03,-8.613722383465369226e-02,-2.020648281696599963e-02
1.909425777077978018e-02,2.079799305815923857e-02,-3.934285132962892471e-03,-8.678757246153878668e-02,-6.941472225632392724e-03
1.579269756073599373e-02,1.972902510198335999e-02,-4.111367130208313988e-05,-8.732163330583697647e-02,-1.329663157796256556e-03
6.475276321993047104e-03,1.238988061599089092e-02,-1.090088536999347125e-06,-8.895434418662044596e-02,-7.667125551720094256e-05
7.467087435634951580e-03,1.535998219717752203e-02,-2.250440811500597640e-07,-9.352115345505232491e-02,-6.969663297339100009e-08
7.264813662218135753e-04,4.503433385344283654e-03,-2.157082478765329240e-06,-9.265881738966300074e-02,-1.488946911926209914e-08
4.934922563948913182e-04,9.412721430953471455e-03,-4.313011615205796324e-06,-8.815079762453527368e-02,1.108429859748215593e-09
1.033477633701709880e-04,8.110434757685374210e-03,-2.195712674861624808e-06,-8.820507704903435275e-02,4.148157087506819146e-04
1.075202269956055404e-04,2.970125184000385783e-03,-1.830075754909474300e-06,-8.298089245838628780e-02,9.913786874929811713e-03
4.082521539218698318e-04,1.509267345007084759e-04,-6.983947201609384738e-05,-6.623307799890437719e-02,1.510742121989851888e-02
7.219135427558237084e-04,8.448710490825641533e-04,-2.099300416716636488e-05,-6.247617632872441013e-02,2.396068178349247332e-02
2.182710828252329777e-05,9.746937500290744384e-04,-2.364213717820894201e-05,-6.699825155813519950e-02,3.124417312324612520e-02
1.697649592210332133e-05,4.609195245295794920e-03,-1.589284979105210396e-06,-7.021932526431719224e-02,2.793309007578613848e-02
2.660002790355750984e-07,7.517728533185291705e-04,-2.412804776531094283e-06,-6.798654497099416993e-02,3.244110363252463575e-02
1.957058103326266533e-07,4.960038521489453997e-03,-2.001977211482669527e-06,-6.031679110562978424e-02,3.800643482911065379e-02
8.566188661788328149e-07,1.672505546541906349e-02,-4.228925529067017284e-06,-5.990893405540780037e-02,4.039404303713991368e-02
3.996688385800656306e-07,1.768111009485985943e-02,-2.607045693497903662e-05,-6.608373536574528584e-02,3.447911873236855773e-02
1.659564047647039027e-07,1.455595066182869581e-02,-5.610585246437815411e-06,-6.038926018503774223e-02,2.881831138509436535e-02
5.634147895096697252e-07,2.383614332472330441e-02,-6.584879224027438390e-05,-5.839683624528962252e-02,2.519571803583019534e-02
1.020057163426364035e-07,2.414551655761464771e-02,-6.433533056646331832e-06,-5.904656519071243420e-02,2.344831224231985409e-02
5.730204349230711922e-08,2.069235979153334973e-02,-8.287123073082134434e-07,-7.293504480498846920e-02,2.318646351712947556e-02
3.899365379589188073e-08,1.783877496083369207e-02,-1.236090149052551766e-05,-6.462817401473283652e-02,2.277487115648167346e-02
3.343570964176118186e-08,2.105115258441320192e-02,-2.144480655888634664e-05,-5.075442245412215697e-02,2.788196874956453200e-02
3.040772916318003671e-08,1.140617781148102992e-02,-6.874783398429508657e-05,-4.569545559852172117e-02,3.378708892466027874e-02
1.031346244682612829e-08,5.036826524729717466e-03,-4.467322285026257341e-05,-5.672879897116529790e-02,3.398449139540125202e-02
1.064005087485119408e-08,8.393746014916771483e-03,-5.325533906324573033e-03,-4.772939532872620683e-02,4.422748880369831159e-02
1.866349699722447093e-08,1.435243378559300335e-02,-9.802094949867773757e-04,-4.718995294377976296e-02,4.216389428064509087e-02
3.004376495776102333e-08,1.891510948951271101e-02,-1.089649367672886944e-04,-4.887622377106180110e-02,4.798684947089847802e-02
8.556772699399563951e-08,1.489173705353010087e-02,-4.188730845746165422e-05,-5.476128159529802114e-02,4.806618126084181292e-02
3.738850478451214066e-07,9.410911909519112037e-03,-1.353105463486730666e-04,-4.730953379190167007e-02,5.256221321168674104e-02
2.937845396193156195e-05,1.091685715465417865e-02,-2.600297625685760747e-05,-3.562065453956928668e-02,5.211562213465253945e-02
9.851377093589349515e-03,1.710289840011894671e-02,-9.268899744899436778e-07,-3.088017544618193097e-02,4.226114034889244531e-02
1.209578986803609528e-02,2.044066097988378808e-02,-5.452098092439091852e-06,-3.333048449292670690e-02,4.826066421125050493e-02
7.429251589840695814e-03,1.305608328764604024e-02,-7.316648618673939747e-05,-3.172449244158865450e-02,5.508517690954495283e-02
9.293220962204248176e-03,9.415181058428034877e-03,-2.570246359153282665e-05,-2.173868994213942404e-02,5.627392813600500671e-02
1.046170932578174839e-02,4.199795074106222117e-03,-1.453968370132543086e-05,-1.230319163093898140e-02,5.755523108521759523e-02
1.226407931721900865e-02,7.167672233265903921e-03,-3.097260591127848123e-05,-1.162451920534809426e-02,5.080122212560612971e-02
1.513147024470211550e-02,1.653565141418467934e-04,-2.609570959318196665e-05,-1.324745661123099844e-03,4.705709870165035447e-02
1.761166959163516788e-02,3.825126816150310402e-03,-9.804769533362376830e-07,-3.625694553531135639e-05,4.793725489192019601e-02
1.197113058240424979e-02,2.401566137977501330e-03,-3.104677586272253234e-07,-1.743130141607764934e-07,4.881546145706936596e-02
9.459652695082905113e-03,1.218016295114944568e-03,-2.131643349265410277e-07,-1.347478813062421380e-06,3.786760930479152881e-02
1.176980028328346826e-02,3.516222945112404841e-05,-1.079093504421492609e-06,-8.777544361168447469e-09,4.506645190380390020e-02
1.491396872176850921e-02,2.023016595396914428e-04,-1.344891803982242272e-07,2.795350314470565661e-10,3.394740565737249666e-02
9.482293740016512623e-03,5.128006438744359558e-05,-1.265985391213505486e-07,6.671601383386077014e-09,3.880907383606881783e-02
1.757498243474085384e-02,1.500437483510949315e-06,-1.769536631976538736e-07,6.521796452672881188e-08,3.979817947797483629e-02
1.681885378931889316e-02,3.964516450381370940e-08,-4.618248968144639624e-07,6.433525884603055678e-07,3.190357568730506355e-02
1.850901787606026860e-02,5.478993610145151412e-08,-8.645602717299056657e-08,2.522495954813694925e-05,2.043688052680896899e-02
1.518385983896371888e-02,2.263026210640115436e-08,-1.811658062538658925e-07,1.345730816045964532e-04,2.001404656062348228e-02
1.214269552840182773e-02,-2.526997152468283768e-09,-1.245793309251583709e-05,3.141017187634160342e-04,1.371522301101524982e-02
8.012896468078452988e-03,-3.194896489897294027e-08,-1.406009035344908805e-04,4.893997527824082809e-03,1.053276709658887422e-02
1.840571122501543505e-02,-1.816866630287483638e-08,-9.075254565362112424e-04,2.015155940899173923e-02,2.259062428573923101e-02
1.317597404035112003e-02,-7.027825391310525629e-08,-1.481897559146429059e-04,2.194791474332487627e-02,2.534760037918521239e-02
1.034733737612776247e-02,-2.064303080995138132e-08,-8.608406238883330088e-05,1.405982823268473597e-02,1.564284158845430719e-02
2.199539238397742527e-02,-6.803425641950518316e-09,-2.164164490813263889e-04,2.306196782283597216e-02,2.162799909029769138e-02
2.892851963162141465e-02,3.347844737568316383e-10,-9.649228282350961089e-06,2.357915388671191770e-02,9.349166767601635800e-03
2.754040278989641072e-02,-5.756534592950626604e-09,-2.158943842496623247e-06,2.825126760403001702e-02,1.617627396560721714e-02
2.271879063417922562e-02,-5.879750511050353203e-09,-8.025682969714982239e-07,1.751033306239958842e-02,1.203436668308045798e-02
2.829945723940270261e-02,-2.665913533274647289e-07,-4.965809051534483072e-05,2.525945139899414896e-02,5.348871356325029212e-03
2.740531026289627983e-02,-5.882926296899639121e-07,-1.017729965252187093e-06,2.753853523736070341e-02,3.495739949773232162e-03
2.189193921232748807e-02,-6.339278226142600347e-07,-2.736137661942795184e-06,2.136554926191260029e-02,5.256724561901006572e-03
1.222231229674690910e-02,-1.285921806412439986e-06,-1.534345175390574878e-06,2.492511466098162529e-02,7.489651836942353910e-03
1.715058275618418226e-02,-2.083147939594664461e-07,-2.894344415214653311e-05,2.258364177349115112e-02,6.374450220597635032e-03
1.701249784738027501e-02,-2.164285682834500598e-08,-4.011236113487296095e-07,3.091557729327268703e-02,2.624718333008141304e-03
2.310468101267837762e-02,-4.953763455398033364e-09,-1.113336635236679334e-07,3.791913325729145273e-02,2.319240636988115657e-03
3.018079958122974263e-02,7.788613469348834323e-10,-1.741976758283318311e-06,3.624627197596367451e-02,2.068096654974213491e-03
3.098427297225762878e-02,-1.323399254324173060e-09,-2.361300421057515203e-05,3.607261671359813376e-02,2.869354631753591022e-03
3.290849940304545196e-02,1.546697227864052393e-08,-1.936786599373627614e-08,3.791226969693645837e-02,1.467313126863995085e-06
2.704191343266959882e-02,6.430127906183898610e-09,-3.106771277688153779e-08,3.670372239964390243e-02,3.132802924246401527e-08
2.695045487696410072e-02,7.372135099898144112e-10,-1.663610564887150294e-08,3.487587841370837216e-02,4.600818809624465248e-08
1.804029358065980040e-02,-3.526540145342353666e-08,-2.893038530142352527e-08,4.093659609161796192e-02,6.476464474588403166e-09
1.646880810779262350e-02,-3.828583112582273273e-08,-1.497784311628554659e-08,4.147573608847113236e-02,1.099023319130872334e-09
7.042579752862552014e-03,-1.181630816982684383e-08,-2.305445367176000413e-09,4.146436537707943321e-02,-6.345885443786541932e-09
5.653995236107128841e-03,-5.871529366149370619e-09,7.967165686376169231e-10,3.200881126418869682e-02,-2.776536378422888938e-08
1.050068450141105648e-02,-2.146759586192892227e-08,-7.850656510110148841e-09,4.020890315866772896e-02,-1.032855865281682641e-07
1.551846855298738212e-02,2.096431478917127876e-09,8.874168305593130242e-10,3.543100865671300337e-02,-2.730063227689279534e-05
2.720096615051427469e-02,9.432769977220281680e-09,-7.633495172772359461e-09,4.234732881912793567e-02,-2.755725027945178296e-05
1.262239598184329049e-02,1.120063659658810048e-08,-4.214096324968952833e-09,3.133131790105848913e-02,-6.451404511611785861e-05
1.467092600672819172e-02,1.838470699306694079e-08,-1.465499144930323694e-08,3.288351866360617742e-02,-6.316340663753153535e-06
1.098446707684646965e-02,6.188638039412804128e-09,-1.658016703188397833e-08,3.213920262526689942e-02,-1.011966371026743258e-05
2.259561306976541964e-02,1.326000921425687863e-08,-1.848028732641376423e-08,3.439053428819627972e-02,-1.846793154304058940e-05
2.824576238583141261e-02,2.501938537898408787e-08,-3.078113842571979869e-08,3.775651731651528953e-02,-7.890267757762997440e-06
2.350200988666656041e-02,-1.095016001176043390e-08,-7.148290070604713172e-05,5.184760932899826202e-02,-1.274031013099035465e-06
3.498922440470707967e-02,1.353751658654265813e-08,-7.839936584883749112e-06,4.472451177989057031e-02,-5.860994241209763358e-05
3.263785650285082329e-02,1.354300164020243744e-04,-9.386693574930107663e-09,3.438831726842662279e-02,-2.137279101874490193e-05
2.567483693734691833e-02,1.371691810522198298e-08,5.875080825096964797e-10,3.528232959351824960e-02,-2.097044442225568409e-05
2.219441700768990874e-02,1.027454414051636647e-08,9.511694019637457470e-10,3.796508531287180743e-02,-3.775536385018580257e-07
1.099928856601511060e-07,7.157569075445231570e-03,-4.171381799263728084e-06,8.226256159001358020e-05,1.254251999500363164e-09
1.164872630593365147e-07,1.612454132629301262e-02,-1.481595520146917040e-05,1.701673548144580394e-05,6.332068954594454471e-09
1.508954543445754726e-07,1.449124141662492399e-02,-4.794637447206523878e-05,4.974394527228390066e-06,1.542700352178868765e-08
5.696731311652097755e-05,2.359620824911606504e-02,-9.490177004263281274e-05,2.730301889981194143e-05,3.224719074817195195e-08
2.077974719922948740e-04,2.789633080415010805e-02,-1.785530609785871119e-04,2.735908711649270224e-04,2.127186861343343587e-04
1.652337098787302970e-04,2.423492929293708659e-02,-5.103245513628402140e-03,5.127425172794975068e-03,4.141197382128698583e-03
6.069200408861708017e-04,2.848848063420736723e-02,-1.901266050116705688e-03,7.848738092528463259e-03,5.336667767494797550e-03
2.183001781398565108e-05,3.212158609907819068e-02,-3.113337715514234000e-04,1.067293973421119813e-02,8.215195690282259960e-03
1.389009929054497758e-05,3.825001509379459541e-02,-1.216933188385310076e-03,3.439817286345159351e-04,1.133592222251337926e-02
1.881704354693810910e-05,3.415597533084280268e-02,-3.788292630653933226e-04,5.756638179986394398e-03,2.457449292847019209e-03
4.969410791905681970e-08,2.899213982719506602e-02,-6.609299976021244746e-06,4.869132581449890813e-03,1.735634305129678531e-08
7.087404375825313478e-08,3.124905136900702970e-02,-8.632779719426748302e-05,6.222758926032636098e-03,3.312369218603656641e-08
1.009547976896866457e-08,2.672739967461294427e-02,-2.412658662096406163e-03,9.120275805125895377e-03,3.899972624068738700e-08
-3.469944088156304592e-08,2.270184860880320593e-02,-1.812935341396895023e-03,2.113507574726043031e-02,8.280699528914568482e-08
-2.002087558947358850e-09,3.077302096036382134e-02,-8.175023199310240199e-03,2.081370119698336060e-02,2.567982799933299109e-07
1.546524993583881609e-08,3.458837763156594886e-02,-7.225635731470898826e-03,2.496482146931826296e-02,4.817660848176620711e-04
2.042429173455993699e-08,2.637126778850156297e-02,-8.869247189872456541e-03,3.632196904625827061e-02,9.215317809189525483e-08
2.404396496661019832e-08,2.800506800160464452e-02,-1.451382250705475843e-02,3.681797405301507481e-02,7.014841264097565198e-08
4.932032294529759345e-04,3.079421116471811951e-02,-1.389278883060074063e-02,3.595967122591613163e-02,2.726641449533640047e-03
3.526405824769351591e-03,2.650064863402516041e-02,-2.152796602083437150e-02,4.900567804167011571e-02,8.506936960601450479e-03
5.768685276630506654e-03,3.677919696407017103e-02,-2.418545605507839771e-02,4.009214250756287790e-02,1.171817954883857919e-02
8.254990464022471733e-03,3.589461145503936024e-02,-1.563817687933420283e-02,2.933534176423165801e-02,8.178565166855123955e-03
6.232910524580917259e-03,5.096684678960252540e-02,-7.005836332536462437e-03,2.568926991263351459e-02,7.338871731544590812e-03
1.017860880222890528e-02,5.907740681223593721e-02,-4.875715523201385078e-03,2.202603608408053651e-02,9.471791729533210122e-03
1.117700802432631917e-02,5.085426043277471025e-02,-6.084587767676539333e-03,3.420139630930698477e-02,1.267668101187416005e-02
2.302080589412143843e-03,4.742271615995598960e-02,-5.287240874639775878e-03,4.030498040986005975e-02,1.050406941933936487e-02
6.018318918554695779e-03,4.337660908603581389e-02,-3.881198589372324582e-03,4.281167398641472221e-02,1.792211069782418537e-02
5.769750541026208782e-03,3.669674120338514006e-02,-6.919351374404039690e-03,5.055207508313955267e-02,7.912981720747093439e-03
5.118021403285148707e-03,3.077602929928486067e-02,-7.744585907769909600e-03,5.758224133130496192e-02,5.553770784900024723e-03
1.515106057752141973e-07,3.421946784812896630e-02,-8.222999316179202545e-03,5.505023338196451954e-02,9.724673001948099318e-03
3.202163707820541438e-08,3.648096354755781673e-02,-3.954136512486722786e-03,5.323554860584350790e-02,4.956217756132553012e-03
9.389323201994561777e-09,3.205091863877530117e-02,-4.216301244916498964e-03,6.315388188295199823e-02,2.462295638236720180e-03
-3.087189059098964894e-09,3.356483693009012365e-02,-8.989299185604029616e-03,6.949245382083470146e-02,3.496490904742035949e-04
-1.864614781464301703e-08,3.704874474604640672e-02,-1.543573270897126253e-02,7.553331996865664255e-02,4.287893923935669453e-08
-3.839259231901757627e-09,3.879926070889997552e-02,-9.902366362097278496e-03,7.844337296156861372e-02,3.549940306179941649e-08
2.198708442485288375e-08,3.296662048933172995e-02,-3.940802212110094439e-03,8.613848600769982711e-02,1.813595266069594497e-08
1.612061666613136888e-08,2.784390526769052812e-02,-5.013995044673560247e-03,9.279053862923314355e-02,7.818249375596799822e-09
-1.699277095409440934e-08,2.150994080226038135e-02,-4.412117808086544850e-03,1.042669408082678023e-01,4.061163365573958771e-09
-4.733739314323743227e-08,1.964466609877127401e-02,-8.682446722106813494e-03,8.508915301299672940e-02,5.377527032633080027e-09
-3.829199702847025841e-08,1.914518397031118174e-02,-1.282229334111996237e-02,8.701464692747193364e-02,5.158227184040262509e-09
-6.751084261281621161e-08,1.477904300160640290e-02,-2.534810769834265273e-02,9.087677078292995259e-02,3.027012207222203090e-08
-1.342773981438147060e-05,8.891818859560786381e-03,-2.311165175871218030e-02,7.736902611269889929e-02,3.502675437323379299e-08
-3.718499863099047203e-03,2.276059075299727525e-07,-2.525983682116913001e-02,6.293610246786135454e-02,4.703792340865895921e-08
-4.035082692178062341e-02,-3.643235732669539609e-08,-3.528588123398960358e-02,5.451204418393296863e-02,5.030441035311852578e-07
-7.596832657481883411e-02,-7.869120095844963346e-07,-5.101138137870564471e-02,6.065013259533327122e-02,6.952838883783019020e-04
-1.163724660322248000e-01,-2.043968328815438837e-05,-5.335124264904381880e-02,5.068108075760029141e-02,2.566258278680913713e-04
-1.494344038948386411e-01,-1.592971987591889336e-04,-4.149686559603008029e-02,3.211557521409887095e-02,2.949814495178834268e-05
-1.706074483724767665e-01,-6.053345771218633349e-04,-3.345614685814457534e-02,8.116154179442510571e-08,1.354986471268297341e-02
-1.949361692349678432e-01,-9.454584896488203369e-03,9.614226812505763274e-08,-1.187217278055118404e-07,8.539090120477075413e-03
-2.044280071759692896e-01,-2.037121315970036317e-02,9.713989039521881378e-07,-3.135645934005647239e-06,1.826418123607746117e-04
-1.995890138982604478e-01,-1.037719092139839693e-03,5.705486307337393799e-05,-3.913428287086613533e-04,8.969293095503341870e-09
-1.929028255617047660e-01,5.404968670219338319e-07,1.203855603379220401e-02,-9.188912196487441369e-03,-8.782141411525363735e-04
-1.766451321149392628e-01,7.030787067223932088e-06,5.702059091725925066e-02,-1.928190183210953465e-02,-1.481764569776319873e-02
-1.557106831006129510e-01,5.929722664440435325e-05,9.834943809349130928e-02,-2.119251162574369712e-02,-3.770020942911089107e-02
-1.155853692984139813e-01,1.346389144827815946e-04,1.490401130630625570e-01,-2.217745729594364570e-02,-6.217736268467553840e-02
-5.751117219973146677e-02,4.834419851735381751e-05,1.968704958190374554e-01,-7.061502767994644325e-03,-7.129189157920240438e-02
2.135542550588145912e-06,2.334365901814202879e-05,2.256035543363212603e-01,-1.181230813504258706e-05,-5.193984187616437070e-02
1.091792435876357426e-03,5.335938885603076811e-06,2.301699472378401501e-01,-4.350943157842065906e-08,-1.689585382436716368e-02
2.655224635942891181e-02,-3.621868153555879433e-02,2.212186222852574602e-01,8.815375601180096038e-09,3.907510177811334990e-06
5.876157776840743030e-02,-7.793078094586380899e-02,1.979092327839196419e-01,1.559095108995461713e-02,7.251662715736968690e-04
7.960742233275396040e-02,-9.892029056495607597e-02,1.589128951947780255e-01,3.050499931628107911e-02,1.816035879896923597e-02
8.571478300355643565e-02,-1.216896837627980954e-01,1.111523076145675415e-01,4.996649931831203401e-02,4.671001164398143335e-02
8.128077904249628172e-02,-1.271548625343929817e-01,7.611746529681157059e-02,4.544870530521163271e-02,5.461760003511523243e-02
7.149421023194915681e-02,-1.384709206200297749e-01,3.386761879540268333e-02,4.396415397396710723e-02,5.533629950477617770e-02
5.608357484544772981e-02,-1.462417616134140119e-01,3.446271197121322620e-04,5.096641971255192610e-02,4.428192892175695367e-02
2.506688862413532573e-02,-1.570995359977006289e-01,1.486458926635082175e-06,4.841351467518229673e-02,2.810128436060973373e-02
4.547656611089049769e-03,-1.517908109937678995e-01,-1.755060868180714512e-03,3.486399353603352597e-02,2.061818873266477777e-03
5.679191636902516287e-04,-1.499979534699504569e-01,-2.448187696015257861e-02,2.853431659710048765e-02,4.321261670877485334e-05
-3.041084226795867705e-08,-1.477080127660762021e-01,-5.434531222454819926e-02,1.714460615937956831e-02,9.409690724144802301e-07
-1.594404503208048563e-07,-1.455871042527149550e-01,-6.911628590301453767e-02,1.160971788682506009e-07,1.659207578692444995e-08
-1.811248688156903988e-07,-1.394888331780976265e-01,-7.178406486252054963e-02,-1.881325382641585003e-09,-2.265373371131232383e-02
-4.849573993450555578e-08,-1.220846794572552074e-01,-6.997144754766052022e-02,-2.301457562623480571e-09,-4.652679435303582606e-02
-5.251299629119316578e-09,-1.053690334956596392e-01,-6.949416345716899479e-02,3.688005604902581834e-10,-7.339129576195868587e-02
1.133336114847974108e-08,-8.901231102260703798e-02,-6.210415379124487045e-02,2.059831730437476349e-09,-9.724934632589084249e-02
2.641896426432103085e-04,-5.916919228507729750e-02,-4.926700520423226565e-02,-7.017591754396696669e-09,-1.155982956333977407e-01
8.608316352907885612e-04,-3.432173820996180930e-02,-2.851106297430604924e-02,-6.320921130234950721e-09,-1.312433762112815983e-01
1.477936196028045582e-03,-6.161411182874402571e-03,-3.039875482594770178e-03,-1.008965526177517391e-08,-1.432649693412745007e-01
7.796586424524256341e-03,-9.943838344054231702e-04,-9.239944814567392695e-09,2.526825710509841629e-09,-1.455665157090544060e-01
1.006418790068444591e-02,-3.953401975522052863e-05,2.840613707495070664e-08,4.455017872787645411e-09,-1.548957606644667528e-01
2.400897697851630055e-02,-4.329282679414495522e-07,1.938677940938332178e-07,6.986978791709541602e-09,-1.561164674530794438e-01
2.828950526122321618e-02,-3.422780504661782927e-08,2.557551983637552880e-07,7.720542140991940843e-09,-1.478114528072837497e-01
2.020451093255620778e-02,-4.883403657790706545e-09,4.587189995096920599e-07,6.374390085659188723e-09,-1.402229055882180664e-01
2.271820562902975016e-02,1.694176458003924385e-02,8.866309311656641676e-07,-9.858655169365907065e-10,-1.362910564924514345e-01
2.233013986208607499e-02,2.522965088729188510e-02,1.175698699651039970e-06,-1.440550313512370067e-08,-1.309103255206664207e-01
2.507220870321323278e-02,3.407656014777697695e-02,1.233553374987480210e-07,-1.685543938793368363e-08,-1.156584033236058989e-01
2.750918634289051951e-02,3.553783138877734255e-02,3.285094108788752173e-08,-1.244439770732123152e-08,-1.045877680358859446e-01
3.308774555060700617e-02,4.500416456253954200e-02,1.509260506774319840e-08,-2.290956310563295809e-02,-9.111366565127893002e-02
3.644547654328047365e-02,4.580977544541434132e-02,-3.201039843227336617e-09,-2.166326473791252774e-02,-7.820580289056758283e-02
3.234921353308792963e-02,3.954424154109413558e-02,-2.858159331985739556e-08,-2.923230278176759331e-02,-6.425249717470106481e-02
2.163372061822373821e-02,3.784446859835486482e-02,-1.137460974502802154e-06,-3.032540251955997967e-02,-5.275075438474404604e-02
2.007848415476179080e-02,2.852100366661639366e-02,-4.700046088138799604e-05,-3.600422035680831551e-02,-4.702400657357374419e-02
9.672219177516505964e-03,1.683317966088658524e-02,-5.547894024763019372e-04,-4.414250478000941724e-02,-4.361536160105916604e-02
4.427711062528562162e-03,8.558422295641911551e-03,-4.769399684377845748e-03,-5.311724095534318263e-02,-4.096457744547368079e-02
2.947277048447284872e-05,1.480712634347303277e-04,-7.275071186787759880e-03,-4.856926550234678258e-02,-3.023083153123616237e-02
4.428776984298779094e-08,1.046917051917176808e-06,-1.624426190802562764e-03,-5.730047923232548662e-02,-2.308158272875129868e-02
1.214386025734369827e-07,5.983765226008885594e-08,-1.431300631544295742e-03,-5.418957926590918517e-02,-1.422403205669357101e-02
2.307480257331672485e-08,1.782786397873362210e-08,-7.546067483278829334e-03,-4.824685072389357093e-02,-3.182765881322575626e-04
5.602887156581205493e-09,2.716918867424578016e-09,-4.835143191945538536e-03,-4.308256945877409622e-02,-9.298016443797486809e-06
9.701427797530918181e-09,1.113668053743294338e-08,-5.739702296131552394e-04,-5.281184813305281334e-02,-2.852266188758455151e-08
2.335040156650045536e-08,2.630529753536959135e-08,-1.683476408130536684e-04,-5.169683062081494723e-02,-1.548906339538114352e-09
2.569235157342859195e-08,1.163301676157268051e-08,-1.656760233466357860e-04,-5.539901964673936419e-02,8.327174553286748504e-09
1.242659747873272500e-08,4.034087257236077178e-09,-1.452008885741479368e-03,-5.162044797678248809e-02,5.089496977498065887e-08
2.822184095983185647e-08,1.167725578795843876e-08,-2.588384503518903327e-04,-5.579836524871915893e-02,2.896396879481084180e-03
8.600962518468698786e-07,1.749006721314340630e-07,-9.248962782434646483e-04,-5.969049593946601506e-02,1.457581389303962138e-02
1.829874146189591032e-06,3.740051363177491025e-05,-5.173787577044854612e-03,-5.139034256745827339e-02,2.061955921713841400e-02
5.175923789622737003e-08,1.328459611982761438e-04,-1.035937302455824417e-02,-4.520948539553874129e-02,1.975295407674192844e-02
4.844508161134652206e-06,7.518646604274526607e-03,-1.336010011562388869e-02,-5.097035094882187284e-02,3.397906209662448357e-02
3.454729072810948051e-05,1.777628681174472230e-02,-8.245712031364168734e-03,-5.570539825357052194e-02,3.751720897513795977e-02
6.432820148844703482e-08,7.257771352467068220e-03,-1.625909587079606838e-02,-5.531071297895007177e-02,3.724025055799719264e-02
2.704126474827247425e-08,3.755118819835146816e-03,-8.835360244860720677e-03,-5.862836080548707030e-02,3.368784124846865152e-02
6.241028445180420981e-08,1.030881814558473955e-02,-3.159976200115931634e-04,-7.245209386342812974e-02,2.640152895580031092e-02
8.430215448633079476e-08,9.719855859361806877e-03,-1.844713085781103570e-03,-7.082423480965958917e-02,3.330467715736667306e-02
3.943704544777588318e-08,5.244299699147839458e-03,-9.277591425067475972e-03,-6.646984076106948747e-02,3.782954640250942024e-02
1.922861017426828171e-08,2.449720905617997543e-03,-1.129721718635848596e-02,-6.233161712706994373e-02,4.018742027629056135e-02
2.649004259383832961e-08,9.591074361691471692e-03,-1.026282182250648142e-02,-6.241189020158323386e-02,4.457336402142284687e-02
1.006384288363048862e-07,9.308574996675993488e-03,-1.411411425090634830e-02,-5.923972412267748677e-02,5.085828270643901611e-02
7.160486851236879635e-08,5.267301251842931333e-03,-1.325442532608616525e-02,-5.537086890816623336e-02,4.849001359289101254e-02
1.276060962603250435e-08,4.940735563741476379e-04,-1.334126736356524082e-02,-5.201972741105222175e-02,5.178507655945524535e-02
1.359951137127844529e-08,1.475906432796048485e-03,-1.074484403918115304e-02,-5.025298438371165327e-02,5.119665343481986236e-02
1.030143774094879996e-08,3.107777425318818294e-04,-9.968856458984905536e-03,-4.877746858371834193e-02,4.761260371871896963e-02
1.749199706087991184e-08,8.577296742640880311e-05,-3.024067090792982582e-03,-4.363322410949099783e-02,4.486925421193677793e-02
9.315544953703385413e-09,3.549770407155444611e-04,-7.152955139406399522e-03,-4.056157974117712006e-02,4.502392456227560791e-02
1.344236021661297089e-08,1.704657021583371856e-04,-5.432131888608584050e-03,-4.563103510036367605e-02,4.318172343094350829e-02
1.373302687704845340e-07,6.928200991595567619e-03,-1.039384174474555214e-03,-4.075000887965250784e-02,4.509489832047926250e-02
2.023635229264653524e-07,5.887918529265637191e-03,-5.955345609864644806e-03,-3.961388918360292388e-02,4.746390052154103589e-02
1.211353859382665478e-07,4.246260116347389153e-03,-5.234313519666734110e-03,-4.252943815368681602e-02,3.864605677121429883e-02
5.738061677601076563e-06,9.098196987130420174e-03,-1.512652671477523721e-03,-4.779030355870805130e-02,4.406784047999884324e-02
1.340861160677965123e-03,4.691123952230063197e-03,-2.720866384580804872e-03,-4.407431375523739731e-02,3.948433670066434781e-02
7.060678337047804516e-03,1.021828995308863555e-03,-7.451927899069469598e-03,-3.693990312305540924e-02,4.283402249305399284e-02
2.725907289527612458e-03,5.191847276775803967e-03,-5.613803176495219156e-03,-3.589647257078679154e-02,4.511717526347550078e-02
1.912635838992918528e-03,9.316552686404090330e-03,-3.162065129344998344e-05,-3.863408316834195111e-02,3.929748546351765487e-02
1.157049216177322495e-02,1.488093326864587708e-02,-2.711332611376365332e-04,-3.257738792336151851e-02,3.861596132567605283e-02
4.440284825989754963e-03,5.518185456285080136e-03,-3.471379785267862314e-05,-3.225571053551856693e-02,3.340120169655328569e-02
5.749574949043402376e-04,1.555204979127286112e-03,-3.884917638442167642e-05,-2.791010510152249283e-02,3.302222591491135034e-02
5.992620658792371068e-04,1.303489581540098210e-04,-1.475339098832976685e-05,-2.456935822952587001e-02,3.141283168821010219e-02
1.113616015987472846e-03,3.469835898474377199e-05,-3.683135293742141849e-06,-2.339686298110923990e-02,2.899881195173635226e-02
2.379789473581050453e-03,3.877483234999450952e-05,-1.074912227594301591e-05,-2.293477099366896671e-02,3.421577501995083648e-02
3.817574567006776394e-04,3.117869350297207163e-06,-3.333218069802563210e-06,-1.056503784519355338e-02,3.007005373842178836e-02
3.012344677641774424e-03,4.196798711389961896e-05,-1.575374062736688611e-07,-1.394150823348544455e-02,2.998237706194591817e-02
1.356130045871521521e-02,4.542612638973293700e-05,-2.420518925122307948e-07,-4.847815944427423637e-04,3.175397066898409670e-02
1.507023276905129598e-02,5.716119278652553385e-06,-3.122924721142979573e-07,-1.625633895112953723e-06,3.141681619423265098e-02
1.026479687519025498e-02,1.076505224969856413e-06,-5.776141025853495291e-07,-6.342521935426423594e-07,3.973621776596354682e-02
1.543858501720121561e-02,2.793182654789870854e-05,-7.778318573390176684e-07,-2.865802292197940379e-07,4.116154889932327476e-02
1.745700498174821216e-02,9.790507023521763686e-07,-4.843886439338901004e-07,-2.601365652693112327e-08,4.009004792852902815e-02
2.546166467727625435e-02,1.221785812278175622e-05,-2.149051299055863455e-06,-1.031682147400950706e-08,3.340530118107426505e-02
1.829498059615379535e-02,5.141701663184355491e-07,-1.899236957194563764e-06,-4.313892835116290627e-09,3.025497119071293012e-02
1.594725161592933094e-02,1.459682470530445349e-07,-3.241261123125278606e-06,-2.224826098584398065e-08,3.002830163189961279e-02
2.297200405951326657e-02,1.932104445156378826e-06,-1.727048878732180746e-05,-9.878832854378587075e-10,2.387374572336780493e-02
2.752935595100187635e-02,4.800802049468967385e-06,-1.659237444251812784e-04,-2.281647701412072130e-09,2.898576228373123120e-02
2.712571399405840425e-02,3.609449733377207067e-08,-8.485587625525824011e-04,2.942443947826107356e-09,2.523067323610542548e-02
2.340556129287110765e-02,8.155833834637667360e-09,-9.760210684352669326e-05,1.610201550478864535e-09,2.059558777666440840e-02
2.458038089996318273e-02,8.059849629104080930e-09,-4.155314722379887170e-06,6.442177990608247121e-10,8.935077205067356795e-03
2.147613807408494876e-02,4.776269527930111485e-09,-3.509983556558689614e-07,4.643213445084768722e-09,6.725841276108626178e-03
1.323617771745665486e-02,-5.241649344867579000e-09,-1.816944943190335080e-07,6.874723594129685232e-09,8.279850582642026696e-03
9.093131628257493729e-03,-3.580062901594240575e-08,-8.896878025397063012e-08,1.708048437507088761e-09,1.153841647189376290e-02
1.285437153150640992e-02,-9.965754348555098424e-08,-2.147669371068375790e-07,1.671487013885411042e-08,1.619366463088865726e-02
1.327140504557642459e-02,-2.751884229143672177e-06,-5.470749707316972128e-08,5.518257926834157956e-08,1.382010688247119548e-02
1.173456372630934594e-02,-5.335267618243596125e-07,-4.754278502720444030e-08,8.299416384899390082e-05,1.347229785087751194e-02
1.741698497329849382e-02,-1.334396349875786938e-08,-1.543407739792959931e-08,3.233936233089422058e-05,1.346535336404363140e-02
2.371044119239364839e-02,-1.692357257122454306e-08,-5.012777962232218334e-08,2.339268035687462079e-05,6.290077914156711955e-03
2.504764917335965124e-02,-8.533384997180804376e-09,-7.038553880496852617e-07,1.685954753530850543e-04,3.871790847981517640e-04
1.799925668800095649e-02,-4.247116336456939871e-08,-8.664434193751735864e-07,4.985052008682830729e-03,1.133259844655473480e-04
1.982697426064883306e-02,-2.668959727393679798e-08,-1.909728613582696450e-06,1.939495700308574433e-03,3.994227368929072880e-04
2.448934036106321238e-02,-2.199116524507587529e-08,-2.381227528764742930e-06,9.213009215865748322e-03,1.294378392868075203e-03
3.066428259679638765e-02,-2.458049253364923308e-08,-2.106135766594185714e-05,2.123412109635743061e-02,7.554033104020634048e-04
2.806371399620130255e-02,-1.057005329180282026e-07,-1.847871921688128022e-05,2.766292967106175060e-02,5.617430636481020529e-04
2.091234909372665859e-02,-2.597132934692339656e-06,-7.190792303771587213e-08,2.654802586143417339e-02,2.369843539148613995e-04
2.586437272477334903e-02,-6.650929301298609202e-07,-1.955835632383636898e-08,2.614687719387288542e-02,5.347808320120482358e-06
2.743582025283328868e-02,-1.526470265083288477e-06,-1.612381677657258125e-08,3.039833029742973480e-02,2.615665844669581220e-07
1.105095210776084469e-02,-3.624102650051117756e-05,-6.719546387018847142e-10,2.561876529757297835e-02,2.122089721897839412e-08
1.369527431727560196e-02,-3.030717363317696263e-06,1.590104544920706467e-09,2.128341190263634275e-02,1.544943404138236137e-08
1.713503597527390662e-02,-6.216443296843958042e-05,-3.384219660698006701e-09,2.673751768445677829e-02,4.558306172354047506e-09
1.493478647156402765e-02,-2.034589379154194726e-05,-2.947092162643715674e-09,2.701920078535914246e-02,1.148408320281281661e-09
1.688253338154969280e-02,-7.117875799576335672e-06,-6.846950319657167133e-09,3.792609278124218358e-02,-2.930137837305352314e-09
1.675011701803597736e-02,-3.728463202861890320e-07,7.625742502520459594e-09,2.947041433609640104e-02,-9.911793841091447755e-08
1.847099732116341125e-02,-1.493315911080361428e-07,5.728163922405359212e-09,2.786353243850923575e-02,-1.911312329703553465e-07
1.874749622969332230e-02,-1.317427605106119682e-07,1.852533794357060946e-08,2.725273348867629508e-02,-9.538422053609594656e-06
1.367593273990225927e-02,-2.004058412079661632e-08,3.247966662178647482e-08,2.804724485915832330e-02,-2.599406664837602249e-05
1.490463406474678773e-02,1.563000868029582605e-10,4.108478427317908821e-08,2.481891090046364767e-02,-3.008515449810195171e-05
1.652803520011309965e-02,1.280961168218531938e-08,2.675618784133864739e-08,3.039432089762631947e-02,-9.093394783857243791e-07
