-4.097621471155763785e-03,-1.440912306786327167e-02,1.802304307726300056e-02,7.701397072775887303e-06,-2.432119658361707459e-02
-2.434221077711727545e-03,-1.224546657224805796e-02,2.590665872493742167e-02,8.134569297532301676e-06,-2.436120716810881784e-02
-7.388166968652586663e-06,-2.449618844478486900e-03,3.362959527469970566e-02,1.294791227545816298e-06,-1.336105476310290446e-02
-2.660997878373025773e-09,-7.127115379733636735e-03,3.116026562350024398e-02,2.262376162021406244e-03,-1.934583755149573217e-02
3.507893123570244920e-08,-1.696805521835681105e-02,1.446788434277436822e-02,9.995043439199550322e-03,-1.804975103331157155e-02
1.416164666942317700e-04,-2.702292056070905966e-03,1.016344897787345436e-02,5.108384713234177116e-03,-1.814836411726335544e-02
1.622493388657176944e-07,-5.719224025559212915e-03,2.319964520801644225e-02,2.387087392518575778e-03,-1.199623515655519161e-02
2.631528849500923330e-03,-7.181650487083083428e-03,2.476604435361730305e-02,1.674524233838337733e-02,-2.142677191909278522e-02
8.257776340709513008e-06,-1.396613552842025999e-02,1.803851725482851637e-02,6.844789713884459788e-03,-8.450092789797603379e-03
5.050223891286542352e-03,-7.852864827949817411e-03,1.056534541739032919e-02,3.348695248948794145e-05,-1.881864075792369362e-02
1.111896457660625434e-02,-4.819119009401447683e-04,1.080139121497348913e-02,3.997390633400659150e-03,-1.443492177548852569e-02
1.125035442673010498e-02,-9.458264862158403561e-04,3.276987584855264174e-02,9.905150784945679354e-03,-2.569841629001898536e-03
4.279883312375721595e-03,-8.308759913355279192e-03,2.710939649636526574e-02,2.188229780546294134e-02,4.132494231227268777e-08
2.895986179044744441e-03,-1.535152861602456559e-06,2.883938173268792843e-02,9.631933719362825025e-03,-1.014663315350831062e-02
8.644233351878711363e-03,1.991378538820385316e-07,3.458150503659923602e-02,1.255739916464494906e-02,-5.665617400372867200e-03
7.744625164862602509e-03,-7.428566934379410649e-06,3.974894412728766785e-02,8.936826444492172380e-03,-9.104041838964974966e-04
8.412748540532489214e-06,-1.016406952101517498e-02,3.248780679405234573e-02,1.186443338296628430e-02,-4.521992508077875630e-03
4.257400515645674960e-06,-9.780168760991305235e-03,3.929845453157260193e-02,9.644417417955584277e-05,1.427193334332989160e-08
9.308634057176067968e-06,-1.044660596599632923e-02,4.601650308730490663e-02,1.126281738754940928e-03,-4.693909855449858969e-03
6.777830419451708326e-05,-1.195798646177514144e-03,5.433964866961871892e-02,1.334854015770529966e-03,-1.696763450542249432e-02
1.075343743907102477e-05,-8.019233004803040521e-03,5.840118135438379654e-02,2.469175233832045843e-03,-1.695161835585083047e-03
3.333850557988520587e-03,-2.384748841786678085e-07,6.135811463248896924e-02,1.598998597086256408e-05,-6.838380252222091109e-03
1.441693510809470359e-08,-7.173411643011350659e-08,7.513661837691937295e-02,2.699939897005657524e-08,-1.248644298299658494e-05
5.924997045359311348e-03,-1.251159820098572708e-09,8.044135910378039100e-02,2.348381058986552701e-03,-9.111218047404574111e-03
3.400712174227863652e-03,-1.026267916106483965e-05,7.797197840688492587e-02,2.696487514141289753e-05,-1.194987263474294077e-02
3.893392357012913504e-05,-1.812350612334882188e-04,7.700260813333806298e-02,5.327288193987504914e-09,-5.253407608310801622e-07
1.019046164532404363e-08,-3.919957068072959886e-07,8.221344924677463639e-02,2.982201688173985429e-06,-1.375109332516962109e-02
2.661457404985015460e-03,-2.803859982749763339e-06,8.158518654309518392e-02,8.320331723512990862e-06,-2.261017148345376843e-02
1.177178007475476696e-03,-4.850056372327233897e-07,7.965097161493563116e-02,3.138361928836081068e-03,-9.219366862931290332e-03
2.844778057948903674e-06,-1.057926070414628354e-07,8.046912242037637664e-02,2.921116627591268311e-04,-1.754626185306554676e-04
6.791920904366414991e-03,1.325656074086339454e-09,8.025645753762122858e-02,2.239625756762146733e-03,-1.184572316569539562e-02
1.225694378034114171e-02,4.811769797810585846e-09,8.173817253652700121e-02,8.828103439927254686e-03,-1.551711468780257556e-02
2.393524415360227722e-05,-2.247336076669405372e-09,7.740850426697580555e-02,1.401909773904709208e-02,-4.443248020889923516e-07
-4.507081707641283398e-09,4.576160819422123743e-09,8.277830284989162735e-02,4.123767751876029723e-03,-2.900993205493024912e-09
-2.537491022792188366e-10,4.715928179294097246e-08,8.069148213153420901e-02,1.602632032261548379e-08,-3.442402825369209318e-07
1.635206329585470193e-07,1.622992502894639938e-09,9.581806813994860061e-02,9.531867311122473128e-04,2.430956197690712175e-05
-3.984432112872505170e-03,-3.513484297994091005e-05,9.940236514469373563e-02,2.916952709546776856e-05,4.185560126964017459e-05
-1.442668396487833537e-04,2.428886610287022853e-09,1.010677946795905946e-01,4.611699010363636913e-09,-4.871958055292015764e-09
-3.378332571748794092e-03,-2.202264625824171359e-09,1.074696344887760141e-01,6.927704366898743340e-09,1.708737048536858446e-03
9.142779218285865028e-09,7.216113107634984820e-03,1.093608947871460568e-01,6.373099973408299511e-05,-6.403327100108140851e-03
8.161712743819140182e-09,1.362670025271945501e-02,1.032950161849571918e-01,2.492539390084459576e-05,-2.196429948913612793e-03
2.408513322394717840e-03,3.034329692251635027e-02,9.431580921919802130e-02,5.878390525654800067e-10,-4.941563278103902453e-09
1.780527655655304853e-02,5.855465717968174472e-02,7.572218108998239605e-02,-1.746310734366853315e-02,-8.910159886528963916e-03
2.001456598397712353e-02,7.223474365681244180e-02,8.226459190884871653e-02,-3.761611276965468736e-02,-4.448186846785331938e-02
1.212896337402118337e-02,6.716902491515207296e-02,9.065115209906884908e-02,-7.353187077658621118e-02,-8.270611817708427294e-02
9.944867803318086889e-10,6.506546979302171851e-02,7.225361707904001674e-02,-1.100921446575198193e-01,-8.875026159686526250e-02
1.097424806078847216e-02,6.963154079409739072e-02,4.896568233604824127e-02,-1.375670326361933260e-01,-1.016720754117099862e-01
9.629215565262874699e-03,1.957129655878959282e-09,1.885247649788212784e-02,-1.599323994785218084e-01,-9.142548961628155224e-02
4.062350480234359386e-03,-7.159078450989593630e-07,4.226679843854630193e-05,-1.731223125208128655e-01,-7.755676525019905565e-02
7.547594982569621110e-09,-8.654183717340713277e-06,-8.734069313637281631e-03,-2.028230429960908299e-01,-6.298311026448263905e-02
-1.586463961382703717e-05,-3.568225973039058463e-04,-8.300915526091940585e-11,-2.029693973755898884e-01,-4.704131280279395810e-02
-1.470298652454626702e-02,-7.097858755228449515e-03,1.096431368582341574e-06,-2.081774026620630824e-01,-3.028061950061904095e-02
-2.257776302641731347e-02,-1.352769602099957065e-02,5.784260582949547950e-10,-2.093114306299389826e-01,-2.686721911943946647e-02
-2.351607402536066288e-02,-1.410797868152480899e-02,1.504657296527437080e-09,-2.036340825575704283e-01,-4.648212352963099377e-03
-4.208719751144091720e-02,-2.226699966319648297e-02,1.009322880439235675e-05,-1.793211021152062989e-01,3.400084718823591368e-02
-4.876452898378869777e-02,-1.679215413290756354e-02,1.703418958002270341e-03,-1.575875177833793439e-01,7.920724461001978078e-02
-4.393070059492327345e-02,-2.401253304383688461e-08,3.426434668765056572e-06,-1.255827326694708423e-01,1.335602746839347210e-01
-2.318840416142894933e-02,1.215413805310902205e-03,2.428553390918951855e-08,-1.072525180352894986e-01,1.771699500703625973e-01
-5.082451979443301752e-09,1.643042261886049765e-02,4.149844105729446533e-09,-6.430463430827090821e-02,2.067536720438130082e-01
1.063365359732626469e-02,3.478571926578562928e-02,-4.433606035276726588e-08,-1.632895207235706553e-02,2.044078299435584944e-01
3.450643449329726664e-02,3.413222963337612242e-02,-2.778869064330102487e-02,-2.423439093146772735e-04,1.948294908358337019e-01
4.892985435118060028e-02,5.414654816801661719e-02,-2.128538677777772753e-02,-6.539423409292646621e-07,1.929671855828047067e-01
5.703264328375444447e-02,7.820424379997220621e-02,-3.353516789844863261e-02,-1.679463057948180861e-07,1.731471797634528964e-01
5.237511718914468484e-02,8.242971803810841824e-02,-2.998532527659886204e-02,-5.505282671913765004e-09,1.592619063346879527e-01
4.009393777202223397e-02,9.346963213404356485e-02,-3.154710057722997368e-02,-1.395661044777430139e-08,1.414949230364602462e-01
4.761945919039588943e-02,1.104163077642180690e-01,-4.426664262806723205e-02,-2.434825805076381634e-09,9.369664935838754871e-02
5.043207495634671744e-02,1.219522221243951599e-01,-5.809629733904427690e-02,1.253420271969204326e-09,5.769254351128342423e-02
4.532879552666816553e-02,1.242186188461785190e-01,-5.647301325269051681e-02,1.873097182494143018e-02,2.693187943855957068e-08
2.779529062218440150e-02,1.143256422605411909e-01,-7.117264293299102595e-02,1.606435457034270306e-02,-8.327374712159663181e-05
7.087079793841861851e-10,1.097861057184506828e-01,-6.987580364358540741e-02,1.053822631582861970e-02,-1.395769524483451637e-02
-3.833634353692767175e-05,1.011161918258593334e-01,-5.730882536699503926e-02,1.299682735357499640e-02,-2.251053246377992395e-02
-1.477253826076889952e-02,8.231932975879403813e-02,-3.636404899419107967e-02,1.315048672328985278e-02,-2.249912380371424728e-02
-4.786398526542281345e-02,7.151573693843352175e-02,-3.061600054093373616e-02,1.529768538841502941e-02,-1.493378123396928159e-02
-6.297407877236541052e-02,7.092005124485412093e-02,-1.145940256611738609e-02,1.939161098599182995e-02,-9.943144603869703488e-03
-8.594428048572021195e-02,6.155234021677923051e-02,-5.707515047943134299e-04,1.955302221884479622e-02,-1.310055283241993822e-02
-1.148306180090648276e-01,4.496002243821992789e-02,9.854692916966303807e-08,1.672881517735601287e-02,-1.714669122472829016e-02
-1.498935990163801912e-01,3.030806642904931153e-02,1.876886333532071455e-03,1.329285295630306882e-02,5.074154314680627002e-09
-1.698457292876717761e-01,2.353777090473999425e-02,4.722617369413022008e-03,4.485756917604684542e-03,7.363581641306014705e-04
-1.810152631286351677e-01,2.904941268620469738e-02,2.024710936364205235e-03,7.120631969620498153e-09,6.368114755951004291e-03
-1.933165295592317312e-01,1.431762445303648087e-02,7.187261386073944596e-07,5.400286997131608503e-08,6.611438680586619043e-03
-1.980565387953090450e-01,7.483395534528945964e-09,3.754940009889258263e-04,-2.868938358977699842e-09,3.504184666766106682e-02
-1.901830438810140911e-01,1.074441977952817276e-02,5.351204946004478742e-07,-9.416950969566739709e-07,3.897325656601760557e-02
-1.819459672585165277e-01,1.193306390417515385e-02,6.579099586581960866e-09,2.256693349594463355e-09,3.243440706423299930e-02
-1.686829920360298773e-01,6.287303108303361564e-09,5.737842090768311212e-03,2.360660996440023985e-08,2.238217972076611204e-02
-1.615828972917697781e-01,-1.513396598677818477e-05,5.294312942027498220e-09,2.729070439704007420e-08,2.058402050296734634e-02
-1.401752453463004366e-01,-1.450121207019396051e-07,4.770644025496643810e-09,3.371994021106482877e-09,1.058637110013836875e-02
-1.089138381452041393e-01,-6.076889524185371052e-08,-1.553617434884128901e-04,-4.503957301362340791e-06,8.643389882983399525e-03
-8.367784643915747445e-02,-3.965175561897559334e-03,-8.057155235920439307e-03,-2.886180015643125675e-07,4.543484593416905327e-05
-8.340580293681026935e-02,-1.529233660240853117e-02,-1.251121605806771592e-02,1.513443974347649514e-09,4.473196239815552725e-08
-6.489866309626989016e-02,-6.292255920023107248e-03,-2.320982605843196697e-02,1.040540033536969846e-10,-3.159656392303490310e-03
-4.897973821454110893e-02,-1.117067554722040931e-02,-1.970697481600654569e-02,-5.766560274386090456e-04,-5.234454271604952434e-03
-4.664046520880345964e-02,-2.025670628429203021e-02,-2.424543456369869163e-02,-2.925028553546190962e-04,-5.253545418831512097e-03
-5.362072052517009163e-02,-3.303851828925837009e-02,-3.544002890041290932e-02,-2.771990975046196873e-05,-8.974893281955722071e-03
-5.013414347657181580e-02,-2.971243306462465969e-02,-3.880438681735046136e-02,-2.519051415073420095e-03,-1.910311551166288604e-02
-4.355952659015829842e-02,-2.939752420442625844e-02,-4.697555601158886346e-02,-4.189727581220249741e-03,-1.801166566426659968e-02
-5.171799338085419917e-02,-3.550927205926331792e-02,-3.912405748351521079e-02,-1.150382935353743889e-08,-5.515316391866017908e-10
-5.650064537268583570e-02,-4.010976063323197505e-02,-5.399483989160625691e-02,1.273871875899640440e-08,1.354970668316736890e-09
-6.824063900899904334e-02,-3.372829961936288368e-02,-5.079836185374149438e-02,-3.516840370260850869e-03,1.633296521080490140e-08
-5.253271874037858391e-02,-3.616687942077059792e-02,-4.462186794370809340e-02,-4.765095811257101868e-03,9.905247071051206333e-07
-5.171052520197993302e-02,-4.543980442691480937e-02,-3.888001133840556650e-02,-1.656021246596678508e-09,3.689775366497219638e-08
-4.930591253658904438e-02,-4.194303646008615966e-02,-3.993008999362118727e-02,5.707128333718285772e-07,3.732455880821185210e-09
-3.645401666167717714e-02,-3.143943911469772312e-02,-3.836633434011851862e-02,1.765399168432362322e-08,1.855538347653970691e-09
-3.358638020713473199e-02,-4.081014647562296316e-02,-2.795104140130483944e-02,9.832160117078291916e-08,2.455784941960060435e-04
-2.435820260658072556e-02,-4.365387661869762903e-02,-1.656658552273926679e-02,7.251142730581486545e-07,7.774951921133229802e-05
-1.030223497278062728e-02,-3.809427020751466469e-02,-2.595211127660746256e-02,2.419313468263948605e-06,3.595932660031829858e-07
-3.505849596365278784e-04,-4.255247961838223153e-02,-2.303499490764728333e-02,8.561763388790293266e-06,2.313428470248879984e-09
-1.450978767207271200e-07,-4.098241310646180691e-02,-1.816061950188161203e-02,1.443879673106283273e-05,5.594587605551756003e-06
2.697164760856108324e-06,-4.584802453837739239e-02,-1.183707481842530794e-02,7.845057434451725362e-03,2.894634590347618037e-09
1.543078608800405534e-07,-5.271268753227727200e-02,-2.224869494974304404e-02,8.678653692578234061e-03,5.545013703833920105e-10
7.063074821537634907e-06,-5.592097862568445182e-02,-2.479379487917448416e-02,8.371678825747507662e-05,2.711558174142967193e-08
6.146102662234611896e-05,-5.991975937629354099e-02,-2.283835951333941516e-02,3.009367643443380393e-05,1.893921487607127596e-07
8.505179994842860679e-05,-6.672733185805093670e-02,-2.021862024572318797e-02,1.208288564306984261e-05,4.564182183298422938e-08
9.038437084169851274e-06,-7.890600632183771002e-02,-3.125637151918313900e-02,8.535134699078511069e-06,1.857927807112506728e-06
2.346215208033867496e-03,-6.678553890936685111e-02,-3.889250773417823881e-02,3.142221151335344159e-03,-1.441703865506430496e-02
2.347284328376784591e-05,-6.874300949253736581e-02,-2.374689194137657999e-02,1.297146817308821639e-03,1.187748316547531261e-09
1.990291367873226201e-05,-7.015561905789914621e-02,-1.973952995694824158e-02,3.114976129164404636e-03,1.808480272907725253e-08
2.445659490096246773e-03,-7.569283788390619716e-02,-2.905782901551582503e-02,5.167746301526910183e-03,2.908120087037720510e-09
1.485109566081744279e-03,-7.414927169825744069e-02,-2.646563439116700681e-02,3.889312328202971332e-04,-3.950613506459191754e-10
3.354885910292963562e-05,-6.820087974986219215e-02,-1.513793814294051021e-02,1.221933054817792366e-04,2.575078766929186962e-08
6.410733655335403187e-04,-6.973412627946259934e-02,-1.826855485704164880e-03,1.212993256065883225e-03,1.041357829725771699e-09
6.221464009171307277e-03,-6.849736632434620665e-02,-2.051281362814354149e-04,7.350694031265469879e-03,4.913676375902123192e-10
8.197913817010835102e-03,-6.116421622375536882e-02,-2.913531171411740889e-09,1.065399314480878942e-04,1.688344214539473649e-09
8.489647862489494226e-03,-5.867529212825810248e-02,7.711010377431298831e-09,1.042743863072746058e-04,5.944106053184760306e-05
1.175768169552898409e-02,-5.515877713273363570e-02,3.079069066360769127e-03,4.792219337715508676e-03,1.873909858965579212e-04
4.452749463922175618e-03,-5.566095186500461672e-02,1.046301680430510423e-06,6.253658793885190706e-03,3.603463880810912814e-03
1.334741668870227833e-02,-5.408436031645894732e-02,2.873852013154648498e-09,8.261418946011718316e-05,7.784915693923408642e-04
2.467596362466453058e-02,-4.172981987832492107e-02,4.407173874105297009e-06,1.418548312292250597e-04,4.173677230385391089e-03
2.535917779087368262e-02,-4.744498922868289892e-02,1.121181165240170874e-07,2.936620658238848006e-03,8.854992476863032466e-03
2.370803432144033204e-02,-5.641762536169515202e-02,-3.716636030548338892e-05,7.774248093683248755e-03,9.873314187831536137e-03
1.965389975111584558e-02,-5.381364899750108732e-02,-1.403976958286108591e-03,8.214887587739841748e-03,6.371691262492712969e-03
1.805794715791690999e-02,-6.119935685232288924e-02,-8.760194602002611616e-03,3.176369931990482794e-05,6.181603937484271560e-03
1.952631033836416466e-02,-6.400471419035043408e-02,-2.771689037682399659e-03,1.212009410540784878e-02,1.094811563404843861e-04
6.323023542905758588e-05,-7.690073780463990705e-02,-6.033917724123000030e-03,1.211891782859100472e-02,2.968506803005121261e-03
9.680473255671247831e-05,-7.319883877090757607e-02,-2.496288737388474219e-03,3.261741471096219185e-03,8.190921442047390325e-03
9.948208088199829435e-03,-6.009131270138422243e-02,-1.835300126124487369e-03,2.303635286277769343e-03,7.508630249804215098e-05
1.153569413563436223e-02,-6.933472883581415225e-02,-2.993623263352635040e-05,1.248284725100399771e-05,3.334675256997658883e-03
1.065109040569371321e-02,-6.459255241983330453e-02,-1.636499402341245172e-05,6.007694964379720504e-05,1.818432816365981447e-02
1.443684665536604933e-02,-4.323624177082066589e-02,-2.980420178598113846e-03,7.784032822831091133e-06,7.432976277905451248e-03
3.859645598357136932e-03,-4.159400155625386786e-02,-2.562287777321273902e-09,3.191152029122303920e-06,1.444683883676757888e-02
1.791562825407208917e-02,-4.130167836367661105e-02,1.984287784889930770e-03,8.142643040822676592e-03,1.230917058121939675e-02
9.840694462149196173e-03,-4.474557860349451938e-02,1.635872432867085729e-03,2.725217429794599480e-03,2.424771534324922026e-02
1.661626914393552965e-02,-3.319716870321803848e-02,7.555933145973579038e-06,4.547380109301245310e-03,2.442022192769893393e-02
3.034932341389449603e-02,-2.227704811909241717e-02,7.508912045307875472e-04,1.252915761524137864e-04,2.457659328529094092e-02
2.514998822335840281e-02,-2.484627814669914184e-02,2.739693049766462295e-03,2.926077587790877621e-03,2.454380566645959424e-02
1.766000572925104442e-02,-3.045279182027284606e-02,6.828754935964932013e-10,3.824467083012323375e-03,2.570416786077894811e-02
1.982069526578077515e-02,-2.652142028876291330e-02,2.723628809854893398e-08,-3.346897954058456893e-09,3.981073000814770030e-02
1.998481123020657418e-02,-1.365603088502420452e-02,4.959622566178992390e-08,1.973812345053850940e-10,3.140620950695685587e-02
1.760555057901884782e-02,-2.038253508088196109e-02,1.557211869757904603e-07,-4.449195295325593313e-10,2.986563953933824012e-02
8.268890069183760377e-03,-2.667988819413379120e-02,-8.935556955599627245e-10,-3.629100171805514360e-09,2.844462627815739358e-02
3.829828800621352139e-05,-2.227359230380126023e-02,1.284939370371593309e-09,-7.956114201097526642e-09,2.719141012518241571e-02
1.005433764306718485e-06,-2.610829704063823142e-02,-6.879762012540694651e-10,-7.923727472553434350e-07,2.413517399989958956e-02
-8.008136369603293047e-09,-2.262542592888076853e-02,-1.523924587287273711e-05,-6.968016327136177770e-07,6.737825911537173237e-03
-5.206809735637902767e-03,-2.792970468857839533e-02,-1.384454943799193979e-05,-1.352375571680970045e-08,1.722412809566187947e-02
-4.322667433494109947e-05,-1.586525124589522814e-02,-1.755503249205510588e-09,-4.747399157983998465e-07,1.314048663644936527e-02
-4.851608586704583663e-03,-8.193710072344333531e-03,2.940970443699093719e-09,-1.257030692820184487e-05,8.014036982495413575e-03
-3.841973241542547511e-03,-2.292093795137963713e-02,4.119924494479776672e-06,-3.872386142215973387e-05,2.593041454783735419e-02
-5.091930229403089994e-03,-2.660135878935921891e-02,3.315600637938349397e-08,-2.162710268097098375e-04,3.742553351035041165e-02
-2.571687513285196916e-03,-9.251890336561740744e-03,1.532810725519481240e-09,-5.262785108581203783e-03,2.656063734419199240e-02
2.264277440717054472e-08,-4.944515252942516779e-03,-1.100765984033634583e-09,-1.389514841876057782e-02,3.055752229818880020e-02
3.046296451513541813e-10,-3.362530214096426211e-04,1.642793047558741183e-05,-5.725326505655395088e-05,2.616828882463283212e-02
-5.249453044143317290e-09,-4.359349282584813832e-04,2.958753946320584124e-03,-5.107648379035179471e-07,3.257532776453202217e-02
4.004570657809425147e-09,-1.987445687336737998e-06,2.677454136706898958e-03,-1.451822849393414293e-03,3.551037050052127664e-02
2.399131692395462991e-09,-1.551089509722914265e-06,1.205445670593847766e-02,-6.256363824528633766e-05,2.360582233118443604e-02
-3.455600399116322603e-10,-2.954212602126229091e-04,1.906006524494224461e-02,-7.977798271743856138e-06,2.161825395578967704e-02
-4.535749699589636599e-03,-1.248389018650269272e-02,1.051058369933994749e-02,-3.401730106204040200e-06,3.677637897308689424e-02
-8.595646090911079414e-10,-3.977843928278430689e-03,1.948277720959556286e-02,-1.417320017555582513e-06,3.794817620525370999e-02
2.041511117126097798e-09,2.876895357092594017e-09,1.860062924234378440e-02,-4.261758576962400618e-06,2.743616021746412420e-02
-1.845780795793755872e-08,-8.820027633110098206e-06,2.393335798003531217e-02,-8.365631740903208536e-06,2.076326260042034300e-02
-4.664727034822942729e-03,-6.267248740568986954e-10,1.324686380520851033e-02,-5.759055609281130593e-08,2.197361055950632081e-02
-5.850907299259316789e-03,6.688777834272784077e-07,2.093839637646304278e-02,-2.242592318490596183e-09,2.389101531212707227e-02
-1.133395380122504195e-02,1.666796227553213994e-05,2.254098335657145347e-02,-4.598238402840010587e-08,3.158036134241309217e-02
-1.689706564672533232e-02,-1.229923868270655578e-09,1.927956013532414886e-02,-1.288744060767397922e-09,2.013286280565429118e-02
-2.080044926386443241e-02,4.842033121642553966e-09,1.422919216435614143e-02,2.194207692645813121e-06,9.431170581202163658e-03
-2.039256018453012437e-02,3.573581323631195780e-03,2.210533969810497476e-02,-3.412200233882982845e-08,7.362364460184392043e-03
-2.050820603166034900e-02,2.773914705259078377e-07,3.963463773740333318e-02,-5.171078491072874835e-06,1.613459966550173305e-02
-1.570182321460698166e-02,2.086196605050904141e-03,4.237415160220718569e-02,3.675848138973807037e-09,1.397564082051512037e-02
-2.320219700207514987e-02,6.793721559798327150e-08,4.533827678331647792e-02,1.255549110267270639e-05,1.604690335276356961e-02
-2.310971524599372481e-02,6.974049489992838365e-03,4.632743370350733692e-02,4.762786667942510343e-09,1.098439522411460111e-02
-2.305080809079501289e-02,1.574452010590424167e-02,3.845542399853761617e-02,2.477381666319887284e-09,1.911426813350520647e-05
-2.161864962963192319e-02,1.366819551213798237e-02,4.094663199783972474e-02,2.438940734498670864e-07,1.268118382448412448e-04
-1.483182653385057260e-08,-6.938749648255044340e-05,4.069333917264102846e-03,5.561718724649984333e-03,-6.201205532719458388e-03
3.381264780772517936e-07,-1.011903753005749529e-02,7.311132064961739681e-03,9.594583661357593968e-03,-6.727636480143663923e-03
1.303699838230211993e-09,-1.506566451682173069e-02,1.337679758419544677e-08,3.081206969784384270e-03,-1.929950278906366473e-02
-2.176011018498332645e-08,-5.452558618692613344e-03,2.572995555808999478e-05,1.267860985868296232e-08,-2.689585019477772759e-02
-1.658046243824353830e-05,-7.216478500757418516e-05,2.070794204288336354e-02,1.851035364924919691e-09,-1.680293539406772091e-02
3.922474570240851719e-09,-7.432461368074023966e-03,2.431000899836872203e-02,-6.445991067075278365e-04,-7.999610892483022262e-03
2.152717320703846145e-06,-1.051627725939285538e-02,1.517325426739563228e-02,1.252305442443166184e-09,-1.437643799667333300e-02
9.880619069840128286e-06,-6.739945571893967736e-03,2.695247735617401982e-02,3.088667397031624160e-09,-1.056552026396518316e-02
9.527479337690996934e-08,-4.449596963440220071e-03,4.560644245804976182e-02,7.302044499902235235e-06,-1.068456092318445317e-08
1.378258694676655852e-07,-9.500452524532845486e-03,5.428437312387794644e-02,8.536832280215518598e-03,3.727465562916947413e-05
2.091892179545995482e-08,-1.487566103695208211e-02,5.300516334322610823e-02,1.214635953994722996e-02,7.225002235625399517e-05
-3.434606598729509871e-09,-5.854412724495096539e-03,5.944001330635576702e-02,6.605217011598512114e-03,8.513230572242342919e-07
-9.951037870265695221e-06,-3.164230229410209152e-06,6.329753131040473380e-02,3.073396388964980824e-03,-2.827114668197660228e-08
4.188361190393395857e-09,-2.184024031485781985e-03,5.376384032635940502e-02,2.988707021670399585e-03,1.386180392535142050e-10
7.416900477865148962e-09,-1.194914024316127976e-02,5.846339284659444330e-02,2.999912286442012448e-03,9.261475578568938117e-05
-2.266290783296756661e-09,-9.517978940493863199e-03,6.469639065533552835e-02,3.046788888943365710e-06,-5.356584892182380173e-09
-1.197939968678795979e-02,-4.055497871169119620e-04,6.028397666896244400e-02,1.407826466236473184e-05,-6.945954219885587012e-03
-3.115361624464535722e-03,-1.518036142080118021e-03,6.653147160173093766e-02,3.012264315328484852e-03,-4.780455745942554548e-03
-1.060734660827710417e-02,-2.393883473726403366e-02,5.837217727612306617e-02,9.123086576032068268e-03,-2.201444417152554449e-09
-5.184282146002761223e-03,-1.479870106426160910e-02,6.380850878662630565e-02,7.718782823606013671e-03,2.101176544009705233e-06
-1.857871065291337746e-03,-8.154790663801298953e-03,7.069953023549370441e-02,7.984262243476579826e-03,1.326136776661748697e-05
8.575457438135606876e-05,-1.194391582263731530e-02,7.161860080970133824e-02,9.259096088485999423e-03,2.950572974108244218e-06
4.057562801536200115e-05,-2.008044531869634941e-02,6.976098525954593788e-02,1.313391221585074459e-02,1.245766486849097142e-06
2.829998794260607132e-07,-6.789729323133480467e-03,7.778702917987849463e-02,1.010311789955931246e-02,1.832884214858139602e-09
-2.804732741015304124e-09,-2.165073951815336614e-03,9.239386456403485270e-02,1.682910785025310300e-03,9.080954890724837923e-12
-2.575438351770820647e-09,-5.379828408593422678e-03,9.394063361365598275e-02,6.281899607797652345e-04,1.683946889931817008e-03
7.296340198324283159e-11,-2.121174633943022012e-02,8.633941620150020757e-02,1.095130211094393936e-02,1.793978772358702928e-03
1.424683902555389223e-08,-1.028151378223699994e-02,8.955134897059552346e-02,6.623544164502829200e-03,4.055816096763720582e-03
-8.580910341748207926e-10,-4.125254440842336667e-03,9.610372201437046569e-02,8.059243411981612676e-03,4.921026330592580223e-04
2.472594751764050734e-08,-1.866835550611223781e-03,9.958778158562392457e-02,2.291371304767979983e-02,2.466262001990577406e-10
9.790444289578153435e-10,-1.018704959985668353e-02,8.459874374782412609e-02,2.078299952695801533e-02,-1.070572570059892537e-08
-4.212595007805599863e-10,-7.805132194182769821e-09,9.958887017882253612e-02,1.919330391363064867e-02,-9.698592030028186026e-10
-5.112214188092376256e-09,4.602959484459452024e-09,1.140200505169444295e-01,1.211151740804396193e-02,-1.041159554920769264e-09
-2.033857467671802916e-09,9.329021683153589014e-10,1.151497500410616770e-01,5.701713810109945886e-03,-4.980699991679456781e-09
-5.559835675581215921e-03,-1.616546821105706868e-10,1.056304591191888770e-01,7.717977491855819959e-03,-3.112626313488188381e-03
-4.124742255529367449e-03,7.960108896153858180e-03,1.134309526118326972e-01,9.058022134904558653e-03,-2.751046492492445531e-09
-9.282066129475954538e-03,1.127591491298567464e-02,1.266427164657091264e-01,8.632722675419687852e-03,2.061106953142520688e-03
-1.184707916299029655e-02,6.540572082866634267e-03,1.218497632996685953e-01,1.231100007206417657e-02,1.801651019257227010e-02
1.525053537882471516e-07,1.331106191279687705e-02,1.028535305377434456e-01,1.287683911594253959e-02,1.304945996285922574e-02
-1.399074965298068443e-05,2.224521832935945007e-02,1.031795968186833973e-01,5.656346896988891614e-03,9.602872457852601462e-03
3.381563688012740095e-09,3.233408637285241360e-02,1.135599887084445953e-01,1.675991294110559847e-03,1.347485971802334266e-02
9.577034025131742068e-03,2.458978640693554665e-02,8.583332581523667182e-02,7.622127687209663102e-06,2.796015966282211496e-02
1.185232777886369507e-02,3.761384942998945158e-02,7.031018683540993242e-02,-2.244346639779689224e-03,1.710009804720553223e-02
2.247099277092675165e-02,6.934776066265332939e-02,7.640486825048752040e-02,-4.102385764901065462e-02,-6.108202490819394752e-03
7.298837347487309619e-03,8.017185394217643535e-02,6.481452896872637315e-02,-7.875522644193846955e-02,-5.341272427215871393e-02
-5.549225422144900157e-08,6.778120450136886077e-02,4.875833809815450365e-02,-1.214401467858532979e-01,-7.181296173837270480e-02
-2.727344651436340022e-07,3.906278332056029035e-02,3.678466456774408949e-02,-1.362955476008546885e-01,-6.342162808372960037e-02
7.669717362011610300e-03,-8.881601266472861428e-10,1.452642489416355875e-02,-1.569504888314915136e-01,-6.670037099197016761e-02
3.238024329998869503e-05,-6.549858303690516300e-06,1.000523060922237621e-04,-1.884951105208696742e-01,-4.961908728554818154e-02
-5.260776867944703938e-09,-2.173654802366942597e-04,-6.260208295001540302e-03,-1.859551615382126766e-01,-4.017373460745057856e-02
-1.262627917851984194e-02,-1.141570970719292533e-02,-1.488445341908060764e-02,-1.896985243563362455e-01,-1.639881953115794253e-02
-2.719307613618582309e-02,-4.149329031472978515e-04,-2.812015807632579849e-10,-1.972279694040794118e-01,-2.102081878873708967e-02
-3.609802407090879905e-02,-3.619412506003746519e-03,1.862179172910837759e-08,-1.977236665137810379e-01,-3.931119515996328410e-03
-4.511104506455245605e-02,-2.571551316366250950e-02,8.712820168860570948e-10,-1.747849231017104266e-01,1.549300624655362610e-08
-5.598020974033404012e-02,-3.764016528056707278e-02,8.461833069325925716e-09,-1.485341378980578608e-01,5.078515764780006103e-02
-6.031808174212564128e-02,-1.481346717486417032e-02,9.525078414220752507e-03,-1.271730138944733579e-01,8.756731481910151604e-02
-5.472325130456710818e-02,-9.764787281062945726e-09,3.346059393518142910e-02,-1.072656154188510041e-01,1.330767708297027618e-01
-4.228438582286633829e-02,6.768399222501099823e-05,3.040173309056031295e-02,-8.534906936179292858e-02,1.563214715567730062e-01
-2.296844521347278512e-02,5.243754555165017900e-04,2.140003154861085805e-02,-6.008039104677945913e-02,1.630839517085740098e-01
-3.650745792203514539e-03,2.165427345404986534e-02,1.666207543549525980e-02,-3.186899955667808065e-02,1.514695194518438370e-01
6.961165255726982511e-05,5.425490250509772822e-02,4.020785031516536234e-05,-9.414354473779361007e-03,1.426191025505003929e-01
2.967317327393141982e-02,6.417301893066608420e-02,-5.470973896528031576e-09,-2.025288567903430425e-04,1.290670735418301962e-01
3.945581514734636946e-02,7.305154053374383893e-02,-9.009892933460902573e-03,-1.036891033494548379e-04,1.136787393938775148e-01
4.872633085963295335e-02,1.024248031520288149e-01,-1.663744922029684881e-02,-1.024644865906565889e-04,8.409270800754703457e-02
3.781720003034962779e-02,1.246951397370558157e-01,-2.052952386802800108e-02,-2.163397097208733151e-04,4.695906816238806791e-02
3.443558047587249454e-02,1.370893467931729726e-01,-3.427030263454857589e-02,-9.341437466390134156e-03,-1.188302407903268719e-05
3.356425999906246377e-02,1.302655095368105420e-01,-5.366554612806846702e-02,-1.465400811132051319e-02,-4.738803895895856181e-04
3.384684714515464460e-02,1.362456983779492814e-01,-5.442804706207251403e-02,-9.164989438619940837e-03,-3.413076552566662869e-02
2.556988768776924728e-02,1.466844619112090686e-01,-5.927915107352785262e-02,-1.227967635886931946e-02,-6.388184584342014583e-02
-4.722823589046748480e-10,1.392611490186903556e-01,-4.801192323494588021e-02,-3.205458674577087337e-03,-6.845850415754869966e-02
-5.730594113504893731e-04,1.170415561879391969e-01,-5.027646736089224494e-02,-1.624669382314744993e-03,-7.099154903777979420e-02
-2.616221537254188531e-02,1.262999102623810210e-01,-4.543771227229190246e-02,-6.764324461125992586e-04,-8.435015011734341150e-02
-5.285327827152510455e-02,1.179924070010116011e-01,-2.083628466458295123e-02,-4.831015055645405323e-10,-6.953203822061877759e-02
-7.758713288588772738e-02,9.935785277231685975e-02,-1.405658710877777905e-02,1.414467546696026433e-07,-6.364106692044316227e-02
-1.110819521042657326e-01,7.798052817242002999e-02,-2.859663591515563402e-02,9.297945809892984822e-05,-5.506794244698007268e-02
-1.225835802595210411e-01,7.789341781167036238e-02,-3.182728591383401917e-02,3.886400677616809701e-04,-4.621389880735128630e-02
-1.449703754182259108e-01,6.151822635332538508e-02,-1.522613825163133053e-02,6.662474800626681966e-03,-3.086260144084585280e-02
-1.625595882907935052e-01,4.318623743380331503e-02,-2.332205003855977732e-02,5.561580293382498846e-03,-1.259655206467209798e-02
-1.664658779529303856e-01,1.400748793971878869e-09,-3.053394012932829013e-02,4.618978995800473476e-03,-2.278470150612533797e-10
-1.634050947553591648e-01,1.751642375528550746e-02,-2.702152659522674694e-02,1.660851707520334865e-08,-6.873854107745350391e-03
-1.486430726209762299e-01,-7.029493968533263598e-09,-2.851521761202438845e-02,3.419235929493876549e-07,3.904825366489117566e-07
-1.333655118277483620e-01,-1.637143977257728464e-05,-3.996239111604472927e-02,3.199517326068829410e-04,1.325235195709674876e-08
-1.105415590774824208e-01,-7.559141296483859289e-03,-5.841464015028176304e-02,8.815463834229259402e-03,9.290808325644487411e-10
-9.070827367022780974e-02,-1.420342443332122360e-02,-5.682014352453401695e-02,1.172263488983558109e-02,1.550806523835087615e-09
-7.803945549905036416e-02,-2.133599147242583316e-02,-4.728340771389008546e-02,2.292624451634508315e-02,2.336213294528624280e-06
-5.024121484196045900e-02,-3.549501386438896899e-02,-6.892954038654582061e-02,2.293113185926744929e-02,1.158345715373434076e-06
-3.444208834225248594e-02,-3.766017243124197833e-02,-7.569308470734008309e-02,3.506804917497324120e-02,5.069313027978909873e-06
-2.311242793196918374e-02,-2.144767552849405692e-02,-6.250991487345602948e-02,3.244063455585243644e-02,2.593461136116064983e-05
-1.690040524565037186e-02,-8.096683750172424532e-03,-5.791723866367769896e-02,3.943204694114776920e-02,6.093073848747174699e-06
-1.362136321505469441e-06,-8.496387868551096706e-03,-6.478164153214137355e-02,3.741410466557636844e-02,2.165158230152148134e-03
-2.369859834464694716e-06,-1.659340932724271203e-02,-8.220417428422112371e-02,3.017350558633836305e-02,1.024712285636286808e-06
-1.633626636389579011e-06,3.569481694610395207e-09,-8.217291367564305560e-02,3.343161533957695469e-02,1.606639852613260031e-08
-6.124912426658204293e-06,1.784604133930490432e-08,-7.726862354826530277e-02,3.221714630010187597e-02,1.472298005463693711e-04
-7.830179558359575411e-08,-6.637989731016038022e-03,-7.751578169376438510e-02,3.328245807175982812e-02,2.930810622388909157e-05
-9.178314500638612081e-03,-2.565759471284850129e-02,-8.999802001864534717e-02,3.599777224176568119e-02,5.588555178743606980e-03
-1.066580964033824602e-02,-2.235122369095898093e-02,-8.658804497752187190e-02,3.839109492077136254e-02,1.030119773720147048e-05
-2.228646279627590279e-02,-3.180937894145563494e-02,-8.310780525629178628e-02,2.902120041765565706e-02,2.066795531516281686e-03
-2.365962570891509339e-02,-4.298051804566318385e-02,-8.711845885918961807e-02,1.228681462808190600e-02,1.326570080212511639e-02
-2.732247388981483630e-02,-6.864316147049319417e-02,-9.481398723970688169e-02,5.090669116611095703e-03,2.295132078312602658e-02
-2.270986682828238928e-02,-5.063281927873024280e-02,-9.419105940119168463e-02,1.010058836757578482e-09,5.110437283689026923e-03
-1.049424480667100409e-02,-5.303134816500615356e-02,-8.559044892688057182e-02,-2.474583962312059861e-08,7.123819654298840787e-03
1.172363408131669137e-05,-5.235849167493819567e-02,-9.189984036531388678e-02,-4.124309546795404348e-09,4.053143830273168297e-05
1.588726499912005720e-04,-6.218026165580722853e-02,-8.941619381574431036e-02,8.601385872126638152e-09,7.630647577961945552e-09
2.677656855976958631e-03,-6.101903198702293696e-02,-6.879156561824474603e-02,-8.722576108217406055e-10,7.613857885587549563e-07
1.650831563669690263e-02,-6.393793413795542668e-02,-5.424808233890703740e-02,-4.349946641835087555e-09,3.021729111069303402e-03
2.242600519625143063e-02,-7.277935082581024617e-02,-6.132297519976202815e-02,-8.938719907072145574e-07,5.992815705217331861e-06
2.262103453748551263e-02,-8.271456478726960104e-02,-6.474703191377047251e-02,-3.344536099686360245e-03,9.174420933980472621e-07
2.897411185336412273e-02,-7.899986779351457489e-02,-5.529066002724365020e-02,-1.835609576468380391e-03,9.669906489080101874e-06
3.458139372479954177e-02,-6.786264478360745644e-02,-5.445905581828809627e-02,-3.045533839108896605e-06,1.355010083360016377e-08
3.564815437295923428e-02,-7.321015869025725153e-02,-5.648542488620171553e-02,-4.460240384214576042e-07,2.650775508798539869e-07
1.427430598474949304e-02,-8.031782403761950073e-02,-5.547072059588874920e-02,4.657947970691226740e-10,2.808605097615575507e-08
2.045993598994259519e-02,-6.858457020626750056e-02,-5.083731322958264659e-02,4.141177341708971796e-10,4.568103293974458860e-09
1.774957314584414692e-02,-6.128585142023800642e-02,-3.520264622590304343e-02,3.417679670648094219e-08,6.332714185851908839e-08
1.752866499485697740e-02,-6.926828425570319414e-02,-4.091768754379861150e-02,-2.385780579351433846e-09,4.180980446731007940e-06
5.363251367178649767e-03,-7.783646116655217051e-02,-4.654425512231462336e-02,7.051555687653753838e-07,1.268586310805390471e-05
4.019922872393140792e-03,-5.662224538816584829e-02,-3.817853980383818097e-02,1.387703437322599722e-05,1.276194522101455271e-08
1.819465977780387617e-03,-6.009727974092458902e-02,-1.640203794205849844e-02,3.455933353184834438e-06,1.392274905599122144e-08
6.179464276132612291e-05,-6.582076586041990529e-02,-1.371799877954508508e-02,2.687288684440843924e-06,1.375428160483212184e-09
1.156371555514525010e-04,-7.395267714999100017e-02,-2.840121619913724138e-02,5.824934864921700453e-08,1.733806966135496115e-09
1.273743370557547244e-02,-6.993426670070837514e-02,-1.724165152498473644e-02,2.148026650797150485e-09,-9.316224776012207304e-03
1.242865711340194329e-02,-6.580721535794431531e-02,-7.144752978201141490e-03,-9.134562035392948022e-10,1.363676665814389010e-10
1.357120139697308957e-02,-7.461622292875216833e-02,-3.735097028775767516e-03,-1.926905191032723776e-05,1.640751752006766444e-06
1.840344368937591249e-02,-8.843994097346252747e-02,-1.900263956669268062e-02,-1.705011818629452229e-08,1.220564552459259954e-06
2.135384473415829001e-02,-7.436514250197591436e-02,-2.467308232557652043e-03,-2.123912760735589230e-09,1.478268718069873359e-06
2.160494258888964042e-02,-7.377216505938853641e-02,-6.616128943394975774e-08,9.744525822655277524e-11,4.041878100695130941e-05
2.172836864408774285e-02,-7.554350742964990872e-02,-1.474776082217664537e-05,4.813974462648038537e-06,8.388460573398167578e-05
2.208580407356507819e-02,-7.760604925595568360e-02,-2.597717093321405112e-03,6.920521391539863690e-03,5.441517898052337990e-06
3.239326491632685961e-02,-6.044139973175784164e-02,-5.238104974697700526e-03,4.708819810590861299e-03,1.076636906778110549e-07
2.950077263987242390e-02,-4.901982528834358116e-02,1.817718216937177807e-09,8.109144160971599319e-03,1.346475386145483833e-03
2.671039346256546751e-02,-5.153481967393169078e-02,-3.312535582201817454e-10,1.164565533372070687e-02,1.359336417383492620e-03
1.905685008112831952e-02,-5.879622086848391299e-02,-6.248781577531515799e-08,1.067816637094748042e-02,5.028111811276479194e-03
1.320962440659256658e-03,-4.654798357273127324e-02,4.387041428845967796e-03,9.589703091197056620e-03,1.689581136274585782e-02
3.915894861204700927e-03,-5.634815190581490135e-02,2.415826000160876258e-02,9.037461822572617764e-03,3.470540922857634492e-02
3.627232361146103565e-04,-5.029204628296283369e-02,3.221777715112495583e-02,8.099249663428519791e-03,3.452117013624743380e-02
3.116579765474005772e-08,-6.011793519027629207e-02,2.621765067762957604e-02,9.643142835194152065e-03,2.272989358666356596e-02
4.300228158122652914e-07,-4.992692128713882571e-02,3.749937803129689551e-02,1.230053525544757068e-02,3.075149195920879805e-02
-3.741096526387010547e-03,-3.648835097212455025e-02,4.281270429852743198e-02,2.138024738770669727e-03,3.534034866399262537e-02
-5.824158379999880159e-09,-4.103000786311119391e-02,2.801182760884993531e-02,1.464149991685369257e-07,3.255946439364198336e-02
-3.718012158001312260e-03,-3.802248736077492447e-02,1.911025430701037212e-02,1.481009376758892458e-03,3.685918008286914044e-02
-1.208245437374827654e-02,-2.206475286004384515e-02,2.694541575678434386e-02,6.972641989140020342e-05,2.947941204946965404e-02
-1.455577434504955192e-02,-2.049688805304596476e-02,2.748866631015073683e-02,2.220101185844209222e-08,2.313370505743167840e-02
-6.805984041490207269e-03,-2.011747521145639331e-02,2.332564549224397377e-02,1.174883602015236838e-06,2.012856739317017002e-02
-4.402170636481780863e-03,-1.518127619071178366e-02,1.353508550310648928e-02,5.518995443682491398e-06,8.732078757570951172e-03
-4.977224549409583511e-03,-1.086070614520017429e-02,2.102309543526210273e-02,-9.203143213155694611e-10,2.261735770509402596e-02
-5.237440941689116062e-05,-7.272484672993982657e-03,3.645460760422390700e-02,-3.718811028960969893e-09,3.887385595225138074e-02
6.965386279435015673e-08,-1.730976677734548386e-02,2.786490583442137806e-02,-9.420087403009601414e-09,4.406464865563006206e-02
9.610059063716611159e-10,-3.054293653738068479e-02,2.066789825528452668e-02,-4.542499466818028627e-07,5.377315322529088032e-02
-1.882658020335672110e-03,-1.748741213282055743e-02,3.608374616579556465e-02,-2.734344235346440065e-05,5.787881655711446527e-02
-3.083266538608525187e-08,-7.129222949333619691e-03,3.590296847648048045e-02,-2.751300029980208888e-04,4.982021567452599164e-02
-1.006165512561352469e-09,7.824295043625216011e-10,3.434720171656600873e-02,-9.366752082097685040e-05,5.329287760605931623e-02
-4.559532238565922914e-03,-1.076314549163315953e-02,2.303232005743228658e-02,-2.984059448558156716e-04,4.978948283918420425e-02
-5.937555311442582404e-03,-5.666832080933011280e-03,2.693584834530519598e-02,-5.634116555478506487e-08,4.166245498505172229e-02
-6.868435944801648367e-03,-6.230702497026088800e-09,2.732773151528561720e-02,-2.631465247322011558e-05,5.595828891499151497e-02
-6.178390211829845298e-04,1.511380712911253755e-10,1.843131176608000382e-02,-3.063396426805986626e-05,4.116399440462567560e-02
-9.457835106312442730e-03,-7.906387422930899467e-03,1.238662736333167279e-02,-2.320671514323547819e-06,2.800011397376039185e-02
-1.798183323170634076e-02,-4.279531726897472382e-03,1.574931940687425772e-02,-1.431659840231372003e-05,1.395702656680475676e-02
-2.000887207702531020e-02,-3.237439791866741066e-04,3.077685702552265465e-02,-6.778323615274007298e-06,2.208901927997108938e-02
-2.771182351787101344e-02,-8.914147889831665686e-03,3.389412010136277215e-02,-9.670229605793380080e-08,2.817885201177199733e-02
-3.152358315325771293e-02,-2.333527068512217251e-02,3.675298987560682296e-02,-3.512249562007222670e-09,3.170442780451023651e-02
-3.446927463576120176e-02,-1.942183388398792745e-02,5.070928154229677881e-02,-1.488894353212738679e-05,4.048189066586021373e-02
-3.796382362335008753e-02,-1.626900225175224521e-02,5.322896673372416732e-02,-6.933006610818093392e-03,3.686926747192923598e-02
-4.413764085949035965e-02,-1.078191332911736591e-02,4.540196816366207783e-02,-9.386357009115275929e-03,3.154782149225026505e-02
-4.047301652483980411e-02,-1.209981766086673863e-02,4.281315343733951839e-02,-1.539862508216004698e-02,3.721943716224362236e-02
-3.634690752190815333e-02,-1.011433016858920717e-05,3.870131633124863219e-02,-2.472657719371094617e-02,1.941640718353564166e-02
-3.350057471496740991e-02,-3.720473714194587411e-08,4.913267778088765275e-02,-2.491295130007428402e-02,1.572406220913082769e-02
-3.865841849396995517e-02,-4.910055284918003770e-05,4.353229113467878275e-02,-2.969245802722498759e-02,2.688429095873654320e-02
-3.570341603308967854e-02,-2.720574983912973442e-06,3.359387876499619202e-02,-1.393609896954920054e-02,2.150336253674209677e-02
-3.225150710299019841e-02,3.045600160924600773e-09,4.812547758088086408e-02,-1.320712106079787243e-02,1.793572858294550931e-02
-4.520657254640764872e-02,-2.340204887541612875e-06,6.017570507221787351e-02,-1.269712822935366130e-02,2.583413563704519203e-02
-4.281938306612961820e-02,-1.039644856772986266e-05,6.050366630804914631e-02,-1.541863935371524464e-03,2.942015381128701076e-02
-5.321216156487747206e-02,-1.158619156954677690e-04,5.461447767280530607e-02,5.731283598314111192e-09,2.419081191115794380e-02
-5.626591862151857776e-02,-2.802260464113393002e-04,6.346779420298311047e-02,-2.026664165783700639e-03,2.955291366120711000e-02
-5.447634905031766006e-02,-9.679211298791523191e-06,5.752278237887761825e-02,-2.287967107546998342e-03,1.943864046597394354e-02
-5.844009150403672165e-02,-2.525175769980706961e-03,5.738466508542903327e-02,-7.955179807610813017e-03,2.588349097820343350e-02
-6.659789449317006504e-02,-1.633128274645243364e-02,5.208566798507856255e-02,-1.568346790212780256e-02,3.328973416843670347e-02
-5.872800392056891361e-02,-9.229679944878646861e-04,5.413109474654528852e-02,-1.049184339099293491e-02,1.887371201094185588e-02
-6.833787591241637094e-02,-2.924050359641779118e-03,5.885207208791783107e-02,-6.721376316853170808e-09,2.197122449010351433e-02
-6.101352988902537106e-02,-1.085594068068090716e-02,4.592079520001626780e-02,-5.844062336545215922e-10,3.518942065113061374e-02
-5.466070398943877195e-02,-1.757121019539809438e-04,3.588516000055626959e-02,-2.561086853236137643e-08,3.456354510598457636e-02
-5.261091411310886423e-02,-2.902520722945102342e-04,4.191811673894434154e-02,-7.228731899585847179e-03,4.211183243071490306e-02
5.755272729516055999e-09,2.602972083101921258e-08,1.653776644602269336e-02,8.843958428275763449e-04,-7.413830543612041392e-03
1.057544364691053703e-08,1.011718679484236975e-09,1.930725417050628556e-02,8.629727174298568865e-03,1.191468995956914371e-09
2.026613737344445012e-09,-4.870361298462695665e-03,2.008839791879115863e-02,1.624451579373752466e-02,6.797516451834302393e-10
2.136789340300948963e-09,-6.564012123148641603e-03,1.170093343637185375e-02,1.490787307420723268e-02,-5.582570233722589266e-03
8.006107170912956251e-04,-5.304809916782024168e-03,2.091505334932395460e-02,1.320089223955619659e-02,-7.929451448465319255e-03
1.133683675295839126e-02,-5.821409655226552314e-03,2.798816329366697608e-02,1.466139903096159124e-02,-1.349443482675085661e-02
3.314244079422867632e-03,-3.852836573885128763e-03,3.052865811107605132e-02,1.123060882449934857e-02,-1.696740703503327521e-02
9.961512497477753927e-03,-6.683521019140117002e-03,3.071587022237283124e-02,5.799906607031383131e-03,-1.560696636039490479e-02
1.581202323956654512e-02,-1.589267171082461155e-02,3.093530266200185050e-02,8.733822633722319873e-03,-2.075160237449131390e-02
2.388737767430589715e-03,-1.218868290857237462e-02,3.487216013685796867e-02,9.170398704219304142e-03,-2.023591701620084532e-02
1.422657524747502791e-07,-1.176946212376068536e-02,2.847497683734774923e-02,1.344040833898377589e-05,-1.787429630349313819e-02
8.191027090400129654e-08,-7.398469831824934853e-03,2.894587485747113567e-02,5.662975561391244096e-06,-2.179022483445860678e-02
4.892616883048564875e-05,-5.379886205822607612e-03,4.187550845595761073e-02,4.175794748078258125e-06,-1.503089219622598047e-02
6.228607386010804638e-03,-9.661042601889103121e-04,5.039288077529741755e-02,-1.079828421509368681e-08,-5.318664257977614768e-07
8.535986247533992183e-03,-1.494352194943706583e-04,4.267102756352215975e-02,3.133776760900725354e-07,-1.617965690995595493e-02
8.847252393730747552e-03,-7.129475517243714575e-03,4.743489867006605437e-02,2.464094253584578941e-09,-1.841663823613928774e-02
4.523446418334331129e-03,-2.370718496174932424e-04,4.796222041584773804e-02,1.763712810908734220e-09,-2.440855715973135748e-02
2.588990266949789207e-09,-2.748221963888598243e-05,5.734623605695122334e-02,1.578213971222993749e-09,-1.528449991280267199e-02
-4.438609491690987792e-10,-5.802558088724393479e-03,5.693536227991357473e-02,9.998896248446122608e-08,-2.177428434716947858e-02
2.065642612280458116e-09,-2.862647227681867999e-03,5.865803186921760004e-02,8.904424013311430723e-06,-3.204772077431123495e-02
1.030796614016626299e-09,-9.270269331814401728e-03,5.807530349647982426e-02,1.212281719577025789e-05,-2.382144866871521716e-02
5.862216270525284274e-09,-1.685188766360299836e-02,4.880748591013980842e-02,6.695747039650100201e-03,-1.146344412111728259e-02
7.814357240058769941e-08,-2.447372784796131989e-02,5.205103762260034073e-02,6.655991790313714636e-03,-1.383895372316263500e-02
2.745179579489792947e-09,-2.624981707764522179e-02,5.502983289746350704e-02,6.287049238928691351e-03,-1.327696119088122260e-02
-3.541861179202428656e-05,-2.714486852761632124e-02,6.669550624752666745e-02,4.485831493259553882e-03,-5.874341710520524298e-03
-3.296958186426527434e-03,-1.565719244419591302e-02,8.819580826866742218e-02,1.246760674546180427e-02,-8.180508687169810167e-03
-6.281136826573379068e-05,-1.334568580372287420e-02,8.515360194676627192e-02,1.278493980515942215e-02,-1.384906742842230247e-02
-9.620010899817298816e-03,-7.486572784377518164e-03,8.464736738862477239e-02,7.480919751931571632e-03,-2.414533467313030243e-03
-3.520659917152839120e-03,-2.190773896519698525e-05,9.094113650827707895e-02,8.563499686573804181e-05,-9.673045787962009784e-03
5.151636373888418035e-09,-1.314115078289073565e-05,9.352931677521034159e-02,1.376164879721118095e-05,-5.274118759016855826e-03
3.936728624030966429e-05,-6.430076140954017355e-06,8.603066363751468715e-02,3.404781059960056621e-05,-2.001186478910032073e-05
3.431724831448565525e-03,4.151437802880888103e-09,8.694948325864586269e-02,6.456932096086413970e-05,-1.657561496023379072e-02
2.065923640578005736e-07,5.529314756024774548e-07,1.002384348221697641e-01,4.258660481052473703e-05,-1.093100281205782072e-02
4.426630997771559252e-09,5.633733603655939615e-03,1.092342294937147240e-01,1.014260280522222164e-06,-3.086711252978830387e-03
2.177242273280369222e-08,7.920687337425855526e-03,9.808712248713828685e-02,1.934480040885154303e-05,-5.307338225573003107e-05
-6.260719879297347368e-06,9.151401146130215547e-03,1.071949233976161320e-01,2.327374798400259196e-05,-8.060199769810741438e-08
-2.734494627357363290e-05,1.619007863131250585e-02,1.161813048819119593e-01,9.270519968011446402e-07,-2.011742182923568251e-09
-7.916189956916615950e-03,1.672087674339896649e-02,1.195262884594932434e-01,1.552976566852270480e-06,1.092557391019642333e-09
-4.843007187221485578e-03,6.052988060297049937e-03,8.665343221762467074e-02,5.158434368321737629e-03,-4.421986450891494606e-07
-5.401070910455036669e-04,2.424702437753685838e-02,7.975048397384980337e-02,8.336247710723533599e-03,-7.668164152747116054e-03
-1.013432121962476864e-05,2.459074614063147188e-02,1.007780769189851600e-01,1.429771926486617280e-02,-7.756146650396733219e-03
-7.954946879427823815e-06,2.795758261861841856e-02,7.753673621816464800e-02,8.105362232254793159e-03,-7.782169470526065615e-04
-8.816216747671204842e-07,3.608818627416541386e-02,5.345653013453102037e-02,-8.141729259113379615e-11,-1.983091364621976729e-02
-5.546574413136180249e-07,3.139288554255916658e-02,3.635135974390890645e-02,-4.196597015785753781e-02,-5.710257000707701092e-02
-2.012283509358184968e-07,3.667460742993011245e-09,4.216668130370411494e-02,-7.549475229646859797e-02,-1.001385114178624247e-01
-1.544298744625541408e-05,-5.437073947931756404e-07,3.767558141355589751e-02,-1.138863716731397385e-01,-1.134131292205262792e-01
-3.017602803229289091e-05,-9.539895402582131834e-06,2.540907766953166488e-02,-1.351666625129666899e-01,-1.175311216636172468e-01
-1.487931935339455155e-05,-2.806322953821827493e-04,1.914490212600005771e-03,-1.565218020145399680e-01,-1.155293431243071128e-01
-4.251310726306940291e-07,-6.302782843431348030e-03,1.786160030158321844e-08,-1.808462127667526120e-01,-9.354489280479111324e-02
-4.721511531600197600e-09,-8.054452184528720568e-03,-1.329328019338037702e-02,-1.960773284550412221e-01,-7.562025585381378090e-02
-6.143420777754185838e-03,-2.274639104163608469e-02,-1.935007763269320016e-02,-1.866345758266459431e-01,-5.913770570074655675e-02
-1.574689261600191806e-02,-1.906346341973276168e-02,-1.805737496435180431e-02,-1.939235909544810843e-01,-3.848301428847936134e-02
-2.089620334333100460e-02,-1.075148393154658558e-02,-1.764105985182328959e-02,-1.942528735270861173e-01,-2.712601357919377371e-02
-1.990427285319299605e-02,-6.643864580581988928e-03,1.810367540359903400e-07,-1.829561936867294680e-01,-3.652042992746343207e-06
-4.030305134717920151e-02,-7.760076053179056077e-03,2.017711246633196277e-09,-1.505380972917744198e-01,3.297858138550038842e-02
-4.614317512754023687e-02,-2.548116026566590476e-08,1.951406898838510114e-08,-1.227659311732282044e-01,9.447235813381157921e-02
-3.158132994824776330e-02,5.330999326336594143e-04,1.029949520162346885e-05,-9.949463110511228003e-02,1.578473963340590314e-01
-1.935597894970961935e-02,1.886469982660783293e-02,5.214826945708440908e-03,-7.003628348953960803e-02,2.066939851103377634e-01
4.750615417919880543e-06,3.247326278109576719e-02,1.328249401483658086e-09,-2.485138282033746288e-02,2.211801412503132946e-01
1.716113415407088255e-02,5.134079567074121414e-02,-5.095390677417843163e-03,-3.594964270775543669e-04,2.310101736472747747e-01
4.210721153991912880e-02,6.281877275439864960e-02,-1.481129920756356529e-02,-2.502098382881895721e-05,2.240363083250364873e-01
5.809396738957259276e-02,7.765500789617334199e-02,-1.391281513427195145e-02,-3.914053891103243852e-08,2.040550307826274889e-01
5.677975393734856213e-02,7.388356049309723061e-02,-1.852696551160863681e-02,-2.914855130943531446e-09,1.852028755082082978e-01
5.245943758314668137e-02,7.920364566427356978e-02,-2.733736210703963804e-02,-2.568785401648648178e-08,1.670566978396997859e-01
4.146571558698930460e-02,8.987364315717957797e-02,-2.362436586402500566e-02,-6.358335015198851748e-10,1.288201945832897766e-01
4.567108928047049904e-02,9.444395671607512532e-02,-3.138368029232376649e-02,-6.469193019477907878e-10,9.097441459116389906e-02
3.231620370079088533e-02,9.209454235612996031e-02,-4.271023857908017030e-02,4.475420802032127669e-09,5.271267735976275376e-02
1.363828343035781293e-02,9.789184207940944404e-02,-4.594380261243112551e-02,1.706247445056994355e-02,-6.378641582614968441e-06
3.338883545057639109e-10,9.872634227204360458e-02,-4.415174161911616241e-02,2.147209078896492387e-02,-4.600954270589175180e-03
-1.913254004600879981e-05,9.188866215577581875e-02,-3.647606348791278263e-02,2.011803982712986189e-02,-1.868942664776078108e-02
-1.135423897516255921e-02,8.995210722325193420e-02,-3.891528593397514113e-02,3.533085364497869779e-02,-3.044439653976335758e-02
-3.264017368175439054e-02,8.562376093859928872e-02,-2.390938947181077412e-02,3.066346542862237803e-02,-3.516531647076479028e-02
-6.154430525552078562e-02,8.016869171047320830e-02,-5.005359920675781152e-07,2.560704818899760260e-02,-1.623812358141883683e-02
-8.644098909170616629e-02,7.662958533440236697e-02,2.860800870210692855e-07,2.580427356825261767e-02,-3.252756585225819591e-02
-1.128386638533800529e-01,6.521493397876330922e-02,-2.094277600071871065e-05,3.011602291294761952e-02,-3.963298259529031420e-02
-1.341267839668237316e-01,5.551551706398120262e-02,2.924688607370357316e-07,2.370296172380829958e-02,-3.177673877636130739e-02
-1.522187852824514742e-01,4.736222886373029489e-02,5.314676893131814982e-04,1.080738985719115024e-02,-1.567781697808690033e-03
-1.529901604553907390e-01,4.843490438321722269e-02,1.083838157697601147e-02,8.687267421005714918e-03,3.198641203375665349e-11
-1.701407728159661514e-01,4.188058371555306025e-02,8.206123419500043273e-03,6.916766431077938347e-06,9.716103351398968621e-07
-1.872419559923390320e-01,2.929305309856276851e-02,1.922620577635717615e-02,-2.359056553371230479e-09,1.295821188574997583e-02
-1.854778349130600801e-01,2.143482809132785799e-02,2.396929961850582588e-02,-6.141367735283877194e-03,2.412484146230813031e-02
-1.770318205604881623e-01,1.699184597802609609e-02,2.702981199757887448e-02,-7.482695225701967677e-03,2.549548712360281966e-02
-1.718534486012104900e-01,-1.220634075838028144e-07,1.488837980805538148e-02,-1.075186983115171777e-09,2.194761571372726844e-02
-1.600010551067931608e-01,-3.910307585325821759e-06,7.778517284403795203e-03,-8.238823647148549006e-09,1.696261837706655035e-02
-1.464943420517781369e-01,-1.260340303625244506e-03,1.620403492518030300e-02,-3.156662200870187149e-05,2.523699351794003037e-02
-1.216613231653749932e-01,-1.817149122924317317e-04,1.498846808631375434e-02,-4.124413481184386124e-03,1.695597578347470685e-02
-1.109058290760634446e-01,-1.020937555981966081e-02,1.060866715498867980e-08,-4.862102281991174615e-05,2.444303761446651275e-04
-1.010855968926357429e-01,-1.503492507603697639e-02,-6.756943738363913836e-06,-2.246079179494643325e-03,5.975110104782573105e-10
-7.524448357287263911e-02,-1.062333025970742598e-02,-3.883876579450279073e-04,-4.403493325407148787e-03,-6.859459230280792137e-09
-6.137317835583308567e-02,-1.277315156367767393e-02,-5.304594472947317743e-03,-7.981093981402010091e-06,9.589779698702072818e-10
-6.394589627457063219e-02,-1.657300162382902009e-02,-2.115306000572421408e-02,1.666332271829539122e-07,-5.355675162729220569e-03
-5.688443795451491453e-02,-6.764893611804364236e-03,-4.060382732076577711e-02,2.092687343788891571e-09,-2.244629604882569796e-02
-5.416270003208761841e-02,-6.200920426043641728e-03,-4.837092714683041694e-02,-3.908150990978917082e-05,-1.988585031008982540e-02
-5.351133238549975885e-02,-1.750202377356723654e-02,-3.108848046680101271e-02,-1.138558288491827694e-05,-5.303578737260927651e-09
-5.293285601238714722e-02,-2.564351834012935927e-02,-4.675306459582009161e-02,-1.313221789544045048e-04,-5.808576030669783146e-09
-5.624117787243326089e-02,-1.981196969782551484e-02,-5.829107202785838854e-02,-7.406563573146845644e-03,-1.789394638646938512e-02
-4.551215474928248239e-02,-1.876441887365496233e-02,-5.074735836355287466e-02,-1.771457136814571717e-02,-8.748656996977815029e-03
-3.930505812031567098e-02,-1.366784060923100473e-02,-5.310986189285740733e-02,-2.423181081436787815e-02,-3.211713644683789146e-03
-3.184521919475960527e-02,-2.454187715752166599e-02,-6.656545664313699706e-02,-2.309878337337050933e-02,9.337317622363552297e-09
-2.617828026258661386e-02,-2.034915579761600521e-02,-5.852679312779211773e-02,-3.122597998156425789e-02,9.516609672142072210e-07
-2.177238715611153411e-02,-2.296488395236244082e-02,-5.594606474550903319e-02,-3.248483563025289511e-02,1.624858830917125761e-03
-1.759587531723535644e-02,-1.917026863043217941e-02,-4.842776932714958071e-02,-2.271445949951386364e-02,3.764192326334438556e-05
-7.957610093078985869e-03,-3.067142806701597321e-02,-4.759545132007769741e-02,-1.387526964560737049e-02,8.072788063061170122e-05
-4.230844297179403579e-03,-3.739430319629077903e-02,-4.307850029046097345e-02,-3.675854616541922217e-03,2.145072860187124218e-05
-1.077535497074855713e-08,-3.950388828260696650e-02,-3.675816993741836541e-02,-1.932351929532384425e-08,6.732365025858501282e-08
5.445036510342584803e-08,-3.570818802812696091e-02,-2.701278462650359355e-02,-4.969762594768475962e-09,3.302063749843057620e-06
1.720489262103177351e-05,-4.944758338046437857e-02,-2.852627294614495934e-02,6.246415980868633109e-06,3.184581739198365409e-03
1.135638578087409985e-02,-4.508906786111901988e-02,-4.305060948534129850e-02,2.099324612232740390e-05,6.452741713652216510e-07
2.541550080109877471e-02,-4.064984120765845199e-02,-4.188562346250768870e-02,3.315171335868383714e-07,3.015996173913530058e-10
2.321021172644951655e-02,-4.178060603086944380e-02,-4.306761496823988816e-02,-9.969558552560742732e-09,7.292488435558459068e-10
1.199397399449589688e-02,-5.719987290981271705e-02,-5.318024252933050561e-02,-1.234354566681562511e-08,5.043271276885157316e-07
8.560619024910141872e-03,-6.246131018021460618e-02,-5.154904667609760960e-02,-1.895689700176348210e-08,7.498624900677106281e-09
7.737192964398010610e-03,-5.743062616465175602e-02,-3.800668191228148696e-02,-4.635086090472401664e-04,2.182866734329664623e-08
2.155843384858979056e-02,-6.003799990381695345e-02,-3.790580528810461730e-02,-8.053211977035461899e-08,2.255394000506754870e-09
2.142680058544842517e-02,-6.844728190936194556e-02,-3.996122967357781247e-02,2.561180243342503549e-09,6.973704307367954292e-09
3.043409231079686680e-02,-5.844636076046133555e-02,-2.997678412532497894e-02,1.678381621004463045e-07,5.019867220345526555e-09
3.640038225006055062e-02,-5.455781031794452313e-02,-2.169650490376942228e-02,-1.025217079852144028e-05,3.743589771807394654e-06
3.797881490974548691e-02,-5.192751371334916599e-02,-1.472798117822345966e-02,-1.597536051198077502e-04,1.801230562337563081e-06
3.458811344991857134e-02,-4.972784733934258045e-02,-2.096969398834770335e-02,-2.234094670746276117e-06,4.294542869041181145e-09
2.904685030347301661e-02,-4.487620896394461933e-02,-1.947451478029134028e-02,-1.757048807172113430e-07,-3.926359394507608383e-08
2.220568768334871268e-02,-4.307165585669756741e-02,-7.088931870317118425e-03,-1.928200354894610210e-09,1.801585862241186668e-09
3.089490548124473532e-02,-4.513784389648903272e-02,-1.106649149344739354e-02,-1.562456809529578722e-09,-1.448688712784021915e-04
3.284112548042828622e-02,-4.639388939938154238e-02,-2.211843979291135132e-02,5.112335196727532373e-05,-2.253391937458116256e-08
3.206145256396873700e-02,-4.506497965337998013e-02,-1.702867382920192699e-02,-7.441792313592641810e-08,3.833809521602332341e-09
2.448629785342249301e-02,-4.864838086810126944e-02,-5.647078835727293612e-03,-1.063001778435956602e-07,5.167978071685298255e-08
2.222440807698063472e-02,-4.458408227876280161e-02,-3.312763741263992714e-03,-2.330062496345929320e-09,2.629831902448564193e-06
2.235608624744490555e-02,-4.935621177123269282e-02,-1.687962216031851578e-02,4.840857911670522289e-06,4.316945894741216299e-08
2.099576093958051975e-02,-4.265127896893562698e-02,-1.718008776018439474e-02,6.128892909562280028e-03,-7.289023415845369801e-03
1.680306137941687053e-02,-4.611238263533127407e-02,-2.308537814027068237e-03,1.011367185820121091e-02,-1.864358213032743616e-10
1.155201350373670846e-02,-4.745406358362966315e-02,-1.503272968320566955e-04,2.259953513349572822e-05,8.237184587724868544e-06
1.334964188444172763e-04,-6.061950627880032666e-02,-5.365924877481183415e-03,4.883297796282443613e-04,2.793004992445669441e-05
4.277795514193617217e-05,-6.238413316843044454e-02,-9.796873166786585624e-03,2.228565611808204906e-04,4.280140082733621089e-07
1.377006014805583297e-06,-6.402966692482790767e-02,-1.029130095019742917e-02,7.170882063584455353e-06,1.114725437950872945e-05
6.652162653813972794e-06,-6.815430483344930845e-02,-7.626561520636209292e-05,-5.159207536346150723e-09,1.301884238867025492e-02
2.194001179021825307e-05,-7.121888206536193533e-02,-8.195283037503324486e-03,1.889106719733401365e-05,1.373131310059789653e-02
3.739615312426010363e-05,-6.809198761419163470e-02,-1.259174581283323095e-02,3.856830355073062426e-03,1.010440904877672047e-02
2.971625483502669633e-03,-5.924836660188601695e-02,-1.175520560703824553e-02,1.405100145171934859e-03,1.352519740075535347e-02
6.054549996604813945e-05,-5.639957536832693880e-02,-4.442094198584719931e-05,4.492494974919433432e-09,3.351695396127845478e-02
2.342275332129081615e-03,-6.028227165797833687e-02,-1.525303673368431532e-03,4.003188136253449034e-03,3.808451890443827204e-02
1.226785709785916355e-02,-5.170325624777052237e-02,-2.682429054397817152e-06,6.085338432519364106e-03,2.982384544695543260e-02
4.535121432540746740e-03,-4.885982597801446364e-02,3.932765471233269776e-09,3.159651327528681983e-09,4.262996555337750931e-02
6.662414402819360516e-03,-5.427434723580171205e-02,9.979913641968093259e-08,7.128899163747039297e-09,3.889812108491117609e-02
6.293872022955720492e-03,-5.156547704854195363e-02,2.625844316501865922e-09,7.753356447818274960e-03,2.638073762793968768e-02
1.082860049305335798e-03,-4.672878881651894994e-02,-2.110619763816850880e-09,8.501541763797793722e-03,2.130658073536561767e-02
8.335926561228047731e-06,-5.344870715744513140e-02,2.675512405013261326e-03,3.461596917961485415e-03,2.233350729729587439e-02
3.586433846811226239e-05,-4.467348407654667120e-02,1.528527606987567348e-07,3.283070246015797381e-04,3.195955584211977035e-02
4.531105038223781081e-05,-5.196226339046106091e-02,-4.978726965941960045e-10,8.728024597624542760e-03,3.548629892777348943e-02
6.521461491694988363e-09,-4.455384432625591334e-02,4.261486310774573494e-08,1.920580760422832794e-05,2.971148614123826290e-02
1.146327753566875156e-08,-4.297652797020545812e-02,6.331669034693588986e-03,1.226671470659068181e-06,2.719036341096726928e-02
4.610357662366284986e-07,-2.769807678159815628e-02,5.453781687704640976e-05,8.077896067978555068e-05,1.046451886865178149e-02
-1.575867353792910226e-03,-3.347843229557464356e-02,-6.597594010335345678e-09,3.580488463189421169e-06,8.976785258786867949e-03
-1.289543459575392612e-02,-3.450896708094140092e-02,-3.390443934466262105e-09,2.612602351338358907e-03,1.456176860206182845e-02
-6.344910284112223811e-03,-2.415204785387584790e-02,2.204801150354743569e-03,1.341071841518039512e-09,2.774975785149987398e-02
-8.785960115553319277e-07,-1.908139516191905902e-02,2.840134751141148655e-09,-5.794029784264670631e-09,2.472119874606451898e-02
7.957408565978509009e-09,-1.123565403066100962e-02,-5.944953895869633034e-03,4.538392115422740260e-09,1.476593298024401861e-02
8.056954340030852467e-09,-1.221307129108046251e-02,-4.810911326104297392e-03,-2.587974646762020043e-09,1.033352690945581014e-02
1.095339156857049949e-05,-9.184476484735177790e-03,-2.991324618812938024e-03,-7.723416425858465567e-06,2.232399779758011474e-02
1.579099855069020404e-03,-2.038259506651201931e-09,-7.523428582640273066e-08,-5.203484580593287071e-06,1.998044470903178119e-02
9.646076345649576350e-07,-1.234065991314698546e-02,-4.424573353265933624e-09,-6.739909158091363749e-08,2.673402120330058487e-02
4.036934823026365592e-09,-1.230127403346499559e-02,4.075963566228537744e-06,-4.288552861634991066e-07,3.999279210596139167e-02
5.205654854037310434e-07,-4.940619489515680855e-03,1.038966659864371585e-03,-2.279902410510487627e-10,2.408491475317365432e-02
3.024841028089698244e-06,-1.215787615808151969e-04,7.595107154363717639e-05,3.797967105679164035e-06,1.241843072032236019e-02
3.562638611281459282e-06,-1.771477953871888542e-02,3.234983454182493567e-03,4.862063023566328378e-03,1.256732596307393209e-02
3.353451783205695848e-08,-1.560671049857967167e-02,3.031729903162324376e-03,5.919330990345247444e-06,1.622322189272843232e-02
-3.777591782644708872e-03,-2.382664909413269999e-02,2.099737463717124900e-02,1.286212934899140697e-06,2.320071901671233103e-02
-9.023725245678867676e-03,-1.830626299803157428e-02,2.925341827327104793e-02,8.021541572805147816e-06,3.268201492298272032e-02
-2.100591310714748378e-03,-1.531954833365919803e-02,2.787894757428555775e-02,3.111265824635954569e-09,4.022099375582002811e-02
-7.328008150922406955e-03,-8.177028391152104878e-03,3.604539966036285348e-02,2.422634330229450454e-03,3.048784242923469751e-02
-1.124769570673335613e-02,-8.656084651800170348e-05,3.982497349648198015e-02,3.089213644818869248e-03,2.833067560035168117e-02
-1.662632761976630402e-02,-8.455385232385632434e-05,4.058058462723233839e-02,-2.634296080388326766e-09,4.474225631952880727e-02
-2.349349245541933542e-02,-4.519063532699193440e-09,3.084116786794396242e-02,1.113987655420010255e-10,3.233993904824863236e-02
-2.920401794577259444e-02,3.359534555553192341e-08,3.187728710886884170e-02,-9.161614670270022396e-07,2.791672504065743909e-02
-3.012108671978560442e-02,1.063377132885111084e-07,4.432776271368487481e-02,1.138489869093594825e-09,3.849213725064491720e-02
-2.877057772897133672e-02,2.955714723060862356e-06,4.467364320660698745e-02,-1.187581093302522764e-05,4.283664768492428249e-02
-3.491840533643132682e-02,2.068848554142151447e-07,2.955662422522901608e-02,-1.865496268844554513e-06,4.241012238223024894e-02
-2.737496087481957122e-02,5.180193609703795735e-03,2.195095796969514373e-02,-6.781675527716941222e-09,2.017744286552956498e-02
-2.086662355976467986e-02,1.043290008325229411e-02,2.317134947042692739e-02,-3.981107988351760798e-09,2.546345283426090789e-02
-2.893717290749431639e-02,3.467871009340100282e-03,1.942645042961346769e-02,-2.872104584048214917e-06,3.174752806884616890e-02
-2.698299299865734857e-02,1.290832602655187086e-09,1.593352268701256000e-02,-3.481693724970113290e-09,4.067742157554024574e-02
-2.370557974522778666e-02,4.532018223971910206e-08,2.453466086665830395e-02,5.729893116994912187e-06,3.205230114498001937e-02
