-5.149050003585379891e-03,2.471499595111152983e-02,-7.495110877735411478e-10,-3.564999248174108137e-07,3.102719467674329781e-02
-1.450177665419256218e-02,2.659630186326119791e-02,-3.648032573538753456e-09,-5.753722217070285983e-08,2.793706129467640395e-02
-2.798469024384044393e-02,2.763531877446823160e-02,-6.801721585563195046e-06,-2.499803232061415344e-08,8.644867892471607557e-03
-2.677642319467022844e-02,3.263346751380764160e-02,-3.466572316170413032e-08,8.173348243860007852e-11,1.489536853929908367e-02
-8.853320465917871585e-03,2.952984501801026937e-02,7.465478745689169734e-07,5.527746231968191232e-03,1.427012959125960670e-02
-1.628483661020252785e-02,2.087010545590666302e-02,-5.714516508241868755e-10,1.141320141287450411e-03,8.908506671821535966e-03
-2.318517658640403128e-02,2.694256330591542764e-02,-1.974607556168453035e-09,6.232846346594779604e-09,1.730930032397044787e-08
-2.719023154591223776e-02,2.332238513221105217e-02,4.887387075022452614e-05,8.891781538552506053e-03,1.826311769708332741e-02
-1.349501022187223238e-02,2.124987412213001983e-02,4.756730716839729573e-06,4.191051632738220650e-03,1.000228636782749848e-02
-1.140255181773728275e-02,1.401462352860663452e-02,1.174577207862142063e-05,2.428480322305284179e-09,1.602478622366829142e-02
-1.468820548431149647e-02,5.416675551619283373e-03,2.443227874034268644e-03,2.995122990751615363e-08,1.103707410600450467e-02
-3.429610176585229375e-02,1.903150257296882045e-02,3.373357491594518645e-09,9.273848041742476997e-03,-4.370370922482560964e-09
-2.911887248254671490e-02,2.234607157426339585e-02,1.595269662574272862e-03,2.112602978297197301e-02,-2.181696683124064842e-09
-2.995255887402633807e-02,1.395031297332803392e-02,-1.165667333038651976e-09,4.837089042806511953e-03,7.183655345565873537e-07
-4.147986153842364576e-02,1.449381626528311109e-02,5.466484420379178941e-11,9.892141508358631360e-03,-2.990925884608575964e-10
-3.656949433176027303e-02,2.818987995700819940e-02,1.107734541982399776e-09,5.540066236213785252e-03,-3.081433211847760237e-08
-2.311092587698827805e-02,3.221715187172408817e-02,5.075207726643139827e-06,7.769692851432900664e-03,8.633327334282589124e-03
-2.859036192027541654e-02,3.445143451475522756e-02,1.595680033768829697e-08,7.199089375199728147e-11,-2.608265988800522613e-09
-3.672549653533151159e-02,4.123102306996411642e-02,2.124745368546257351e-09,-1.438385901304657685e-08,-3.215260038418188814e-09
-4.888204609973071518e-02,3.571867365840421943e-02,-2.875840655013196001e-11,-2.125044809700991130e-06,7.669179819220850256e-09
-4.876484279227784324e-02,3.486736486690868858e-02,6.018911255276790099e-09,-2.805797227362335923e-08,-5.667441629804901229e-09
-5.810186761014002332e-02,2.297569516784863514e-02,-6.082465791314391698e-10,-4.624479948766678364e-06,-5.644200814191266695e-08
-6.378900359953697252e-02,2.728339263770664797e-02,-1.270698765148154145e-07,-1.111871522761281163e-05,-1.146005254537200490e-06
-7.475535200781099898e-02,2.605130509884982098e-02,1.335602914638558756e-09,-2.098543660666285313e-06,-1.147320218607876241e-06
-7.088047656373425154e-02,2.136731721234716094e-02,5.502761718322170953e-03,-1.514336725307816022e-05,-4.832755601257164823e-08
-6.345725328238520369e-02,2.291535838567071437e-02,2.084737319545395632e-10,-5.428995155359087259e-06,-5.217575692942203182e-06
-7.071272047344853706e-02,1.519016865698418102e-02,-2.001934471817028145e-09,-2.080063755798163255e-03,-2.568442888045700402e-08
-7.381646452712735396e-02,1.770049922612659116e-02,-1.991442416353864299e-09,-2.011253666464363470e-03,-2.235537512112493334e-09
-6.912020931382065192e-02,7.159400525847382790e-03,2.206658691017335853e-10,-1.572085307716752094e-07,-1.105485589793448116e-08
-6.925173979941594282e-02,7.338505809777403494e-03,-2.072010848952056075e-09,-2.773269505225298239e-08,-4.756504295840526912e-07
-7.731771391695511919e-02,3.055871051134205694e-09,3.831861093024094712e-03,-3.847694816870716292e-08,-1.037346014771172387e-08
-8.219411027808279369e-02,-1.572769943151198186e-08,1.420792908851321000e-02,-7.417727647574981751e-08,-1.262310621455497481e-07
-7.352899229622221478e-02,9.637198944138282777e-03,8.112495607429680289e-03,8.160023763061040325e-03,-8.957999129945984343e-07
-7.297860425077806745e-02,5.973742422204302037e-08,-8.691737841965142465e-07,9.149268371709191102e-04,-1.120535542181690555e-06
-7.069955371982618308e-02,9.583218695504686080e-03,-1.816191964287094555e-06,-1.793282883083409191e-07,-2.339879741163271873e-06
-8.229582313640582125e-02,1.793663446183459825e-02,-6.399016080727949799e-07,2.199581740996291758e-09,-9.258769190446032750e-06
-7.909264248017831844e-02,1.302037774547418723e-02,-6.026441349213706393e-07,-4.022355308310790636e-09,-5.191189292187209387e-07
-8.433774927320253356e-02,2.734367099114797884e-09,-1.168662889162813796e-06,-1.830609451170062081e-05,-3.779694850769049539e-07
-8.635693601836093303e-02,2.131235881268591509e-02,-3.538567257586826977e-06,-3.316858902834552503e-06,-8.083291924235810690e-06
-9.905315850920438925e-02,6.917575448091911258e-03,-3.308300332948705790e-05,-5.630639113028173624e-07,-1.300733538969025542e-07
-9.644232928760125556e-02,-2.233888563469155353e-08,-1.738948705091144251e-03,-1.013947541343578319e-07,-1.267409441836317109e-06
-9.416059491226204392e-02,-2.047882109996117647e-06,-1.264672527104243951e-02,-6.545007685555844455e-07,-7.082115300013735147e-03
-9.620540992124448909e-02,-6.094521105022144940e-03,-1.726037558424294016e-02,-2.353491132956509260e-02,-1.670651694686632106e-05
-1.141496973964789274e-01,-1.302464004992015013e-02,-1.679884571531171239e-02,-5.707324271035964930e-02,-4.958176351849641620e-08
-1.180710800177543762e-01,-4.036790566521119791e-04,-3.165611960354101223e-02,-1.016974283316345595e-01,4.214159261476242008e-02
-9.676509145780122501e-02,-1.083636730862973058e-05,-4.593601485240685067e-02,-1.341117311335757734e-01,3.710717387214344798e-02
-7.936030608851675494e-02,-8.187551073886477284e-05,-3.610903122531760462e-02,-1.611845461199856999e-01,4.089002914569358355e-02
-3.863195286469333495e-02,-1.827836891794929692e-05,-3.861028566493327364e-03,-1.838467587222119004e-01,3.348912288821052213e-02
1.890543553535330339e-07,-4.960864139274347460e-07,4.041511415438077573e-09,-1.962780329166500803e-01,-6.417799954582934514e-08
1.618488084673506446e-03,-8.469195617249715424e-03,1.239157388723201823e-02,-2.219630654703018124e-01,-2.856208409528682409e-05
1.538865649089205326e-02,-6.373158185577692624e-10,1.261964025800673891e-02,-2.141801076447375773e-01,-1.301582230869196069e-04
2.590845372531276614e-02,7.630314746332179238e-03,-1.158411930327666088e-06,-2.099332171209269682e-01,-6.026200549910151923e-03
4.642574208533036678e-02,8.323674614167320823e-03,-6.195350464473474298e-04,-2.108511249625925899e-01,-5.590427444713799016e-03
5.285574560701731400e-02,1.229480832302108292e-02,-8.524420498359707235e-03,-1.960997108955121748e-01,-2.220878916184970339e-02
4.717275305043278077e-02,3.268257527351318276e-02,-2.372355907591703478e-02,-1.499891621072475256e-01,-7.378037873544661396e-02
3.771024706421270689e-02,4.113944782365611813e-02,-4.270938802129756878e-02,-1.163637136744306855e-01,-1.086214616574184832e-01
3.768714328146401116e-02,3.385159228554251304e-02,-5.305083671637807891e-02,-7.120503984267845254e-02,-1.520395821511578427e-01
3.692802907011865504e-02,1.122089900844982016e-02,-5.738841959731864201e-02,-3.641415442635610733e-02,-1.939657138973020778e-01
2.079464214601065356e-02,1.636247588640704128e-06,-3.591858607793958769e-02,1.029037988985030840e-04,-2.135690333810007224e-01
3.260320749421551003e-03,-1.619770545696189862e-02,-1.299705631938242144e-02,2.463624855602171079e-02,-2.048184640750718710e-01
1.393294807104790076e-02,-4.149697708303507621e-02,-8.666757279344036648e-05,3.970036997733950024e-02,-1.960244498126358370e-01
2.071568776852769753e-04,-7.978953577479001857e-02,-2.279986935024549133e-05,5.502507688270863451e-02,-1.858735002501076261e-01
2.162329981445454364e-04,-1.231155187655514627e-01,-1.014346124800560269e-05,4.977608848815115450e-02,-1.584523524078543522e-01
6.721348111555311303e-05,-1.465496938628289281e-01,1.703075418706570185e-02,4.801636815248575690e-02,-1.311278743356888155e-01
7.324231739168492964e-05,-1.659473042392835551e-01,1.044840550620188338e-02,3.723414552115102832e-02,-1.036362753300742595e-01
1.492065963852378871e-05,-1.896825825127947396e-01,1.579340230231774528e-02,1.862069431871518979e-02,-5.899806633480526169e-02
6.527065268803125672e-05,-2.060100059067430378e-01,1.848559700487742430e-02,7.287062364982661682e-03,-2.375550727838529955e-02
6.451133318420414535e-06,-2.051302336776332225e-01,9.182149912184326898e-03,4.251518371769964506e-05,-1.764839969965954270e-04
1.262429627518339530e-02,-1.997511065908391392e-01,1.499068875179830401e-03,-1.164095010588587028e-09,1.398435996760959144e-02
1.622307148511796873e-02,-1.859431147957283370e-01,1.335812798105251839e-05,-4.663914978338894179e-03,3.481424362094826669e-02
1.699393269024801825e-02,-1.604925227404221111e-01,5.537116901635550898e-08,-1.146718979631213139e-04,3.678846606735462765e-02
1.443148627579727249e-02,-1.322905554512660564e-01,-4.130331562203603396e-02,-3.277772783133241074e-06,3.937346291117181651e-02
2.202180050755448218e-02,-1.079198129388079519e-01,-6.754738342612275070e-02,4.460404503664792902e-09,3.734319408639896753e-02
5.687472539961978615e-03,-8.796295549886862242e-02,-8.108105924730486802e-02,3.200436200713490829e-05,3.181845635852142973e-02
8.069547577147048734e-03,-6.973241241186581285e-02,-9.419167373933365339e-02,2.479053643579159824e-05,3.921645519789565548e-02
1.454224819142894629e-02,-4.733755637288781376e-02,-1.094131337340023963e-01,2.307511414199073007e-08,4.920971037011147298e-02
1.954632027620591128e-02,-2.705305299470385158e-02,-1.301019725826468576e-01,5.231676231844021403e-04,3.902315963259449932e-02
2.621489270425094928e-02,-6.600967850504736202e-03,-1.446393906609495794e-01,9.593027796099876624e-05,2.318159608928069271e-02
3.034119512770069513e-02,-9.979436860526420469e-04,-1.562242631717590813e-01,2.838020524887303957e-06,1.409955019601615879e-02
4.286186564295649953e-02,-2.688043778181188944e-06,-1.689174356123057941e-01,8.395524040606507232e-06,1.423626627951045907e-02
4.545611057279255740e-02,1.568505179997825918e-02,-1.731928272037246974e-01,1.597418263969108045e-03,1.263645406679830255e-04
4.211697446422588142e-02,-4.532475635283556005e-10,-1.728238875736119451e-01,4.733335451441307053e-03,1.160872490946050924e-04
4.282818382698412585e-02,1.288376311599212162e-02,-1.636304866991775686e-01,9.631818597132475734e-03,2.277820715280502695e-04
3.197355629305091013e-02,2.450106653693995273e-02,-1.491706817468377855e-01,4.204512527083599516e-03,1.452568540687725280e-03
4.528988150354608389e-02,2.782303571227663294e-02,-1.344965001665889837e-01,2.535439042077242740e-03,4.120020981601239807e-03
3.858059531437891404e-02,1.763925817582410668e-02,-1.268428491355180210e-01,1.160243753403038941e-04,9.920146021983470078e-03
4.073210585928117161e-02,2.009518092469561937e-02,-1.009633881985749909e-01,6.798610553736066618e-06,2.860676464652768015e-03
4.572489439679196938e-02,2.293247006802882210e-02,-7.406409760406060250e-02,4.606654369472782709e-06,1.164637426179343342e-02
5.682788957946911107e-02,1.485590145282426715e-02,-6.285192067232013569e-02,2.121018457152386770e-06,2.581901784972524122e-02
5.538747793719345225e-02,2.076896402949398732e-09,-5.216942127520669131e-02,4.868602517374696630e-08,3.090517785951337262e-02
4.940084372939412827e-02,9.701668532603948888e-03,-4.510743961987837697e-02,8.282102134195178770e-09,2.337420545136999206e-02
5.249389997599437224e-02,2.007923218634600354e-02,-3.875764404583831313e-02,-1.332384304637317482e-08,1.904828196003516272e-02
6.606864917224170020e-02,1.685391863844733218e-02,-3.158824509540389402e-02,-4.505240615776387979e-03,2.969845185795293510e-02
6.929054964681197193e-02,5.639165836751951904e-08,-2.873724981494963152e-02,-1.239782686423021932e-02,3.751232107633205304e-02
7.532375786792913641e-02,-1.673037803281463042e-06,2.403794129138055904e-09,-1.508495048889981795e-02,3.830101558088963576e-02
7.193394059048553724e-02,-4.750205111691417189e-06,4.564077493499298336e-08,-8.255170005619360055e-03,3.068173977114735732e-02
7.879644863017837286e-02,-6.266068799303027050e-03,8.322871109075438118e-07,-2.150489316741228951e-03,3.912833190942665434e-02
8.058024288131290791e-02,-1.552254522683959269e-02,3.342357923481831525e-07,-1.076523548320702794e-02,3.444826630170178677e-02
7.582650287641823361e-02,-1.893286296952338688e-02,3.191520854258841312e-06,-9.730047105925813608e-03,2.463720845233473636e-02
7.001899655589557958e-02,-1.093752819239147620e-02,7.170482109307956196e-06,-3.283473952684858380e-03,3.678500193196666129e-02
6.456729000437266830e-02,-9.862718570202332752e-03,1.948053479769958399e-05,-3.650724998246070553e-09,3.955112467964659595e-02
5.646867966729514354e-02,-1.067503337916708359e-02,4.675493537549236617e-05,-4.262410773570580089e-06,3.213450757868074187e-02
5.660016098219857600e-02,-5.455649216626482292e-03,8.934491629842377769e-05,1.283604131400743499e-07,1.834880181236674471e-02
4.526342432730574850e-02,-9.990566493519150229e-04,2.270740322779070874e-04,2.066903499519404997e-06,1.670169514080339576e-02
4.545927713947185700e-02,-1.506458150600545158e-02,1.154969227760055221e-02,4.909454279428313019e-09,2.540533382820784128e-02
4.083934078591381495e-02,-1.805441639595916151e-02,2.191011125493404557e-02,-7.567431802462666766e-10,3.037140478236354663e-02
3.710596482413709707e-02,-1.529962195280923885e-02,2.222278003196244064e-02,7.521219953326356071e-08,2.041127253343886713e-02
2.827674232111576300e-02,-7.183188049137091170e-03,2.782078426393850071e-02,5.658737911017939310e-04,2.923815071618434541e-02
3.793638734190819817e-02,-1.364681215336505321e-03,3.123850708294301226e-02,2.016258936325093556e-05,3.295978832998836677e-02
4.177255683153150573e-02,-8.529872713212993413e-04,3.665959481529624392e-02,2.008169098954665608e-07,2.191186124364160812e-02
4.264158630972245123e-02,-7.218433185012133791e-09,4.687741193680594609e-02,1.242999178973565623e-07,1.917562195999107655e-02
3.957586510855808787e-02,9.553941017060891407e-09,4.925246138104914795e-02,2.757994570500037499e-10,1.679964178191368021e-02
5.455755466199233017e-02,2.363831833275360978e-06,4.807275716071215954e-02,1.227466235915664765e-08,2.071007045362790663e-02
5.149338134563024444e-02,-2.054163868381867156e-09,5.658139639973912977e-02,-1.500328607199939177e-09,4.264409486075164402e-02
4.496688031012723713e-02,7.135089130560758630e-09,4.719718629413707095e-02,2.289568963441916214e-09,3.014203811384958548e-02
4.471190678578258748e-02,6.526802186900367589e-09,4.573067953111267098e-02,1.711559918606046914e-06,2.313816256359568432e-02
5.123562392225420453e-02,3.847134375677097665e-11,5.736454553420992225e-02,4.544927918246577371e-06,2.636655501254558595e-02
4.800894167938251494e-02,-6.468942641599910377e-09,5.979230373556747996e-02,8.199372497204482278e-10,3.878191196408885266e-02
4.154256638075552732e-02,-6.361431931924202161e-04,5.115200283073689097e-02,1.243594827819372260e-06,2.940733704407873239e-02
2.873429655259237755e-02,-3.852687175508167398e-06,5.178695571495150335e-02,1.805083625207356450e-09,3.293660635215206467e-02
2.197477867418706765e-02,2.137221399008197852e-10,5.749292813481960557e-02,1.041270367373845999e-08,3.363603589147848294e-02
1.433222317514292778e-02,-2.493967064011419514e-07,5.280942786395444177e-02,2.871961944589471871e-09,2.612248403493103166e-02
1.673579109531610903e-02,1.342006977509083921e-09,4.434848325178562117e-02,4.775484884775220082e-03,9.031899137992233442e-03
-1.343102679046728101e-09,4.875651066740107308e-03,4.040232475185643463e-02,9.979503065359033101e-03,2.649885404761335419e-08
1.046130954852247767e-02,5.172394489030623585e-03,3.305452150538966405e-02,1.080253194459080378e-02,6.866612094894924688e-06
1.154502841877586526e-02,1.310092691708590608e-08,4.258525044344193405e-02,3.987633187151840009e-03,2.973292716905222462e-03
1.203209272436593132e-10,1.171387423377098438e-07,4.184419798658513961e-02,7.110662160933508072e-03,-2.290653670937461734e-08
2.375678171856439097e-09,8.069448158236510843e-06,4.389215031061050737e-02,8.660242025036752472e-03,-6.081553516542064109e-07
1.317950582665426695e-02,3.182589068830928469e-04,5.103738802119820589e-02,1.301217856984973435e-02,-3.060495933039163130e-06
1.723363549344013659e-02,1.621079564056013456e-06,4.925733584306971752e-02,1.182146863002629840e-02,-1.545103985265868596e-06
2.739005288453292414e-02,2.102196769239017871e-06,5.351371571772260693e-02,4.466012934560377977e-03,6.523159531758009662e-10
2.161801219674049090e-02,2.196086295707846102e-03,5.302565951920400200e-02,1.518541696221808145e-02,6.070644836857844347e-03
3.689335516909142410e-02,1.583382471899961313e-02,3.912871142015406783e-02,1.732675445317962207e-02,5.399705441555906725e-03
3.837000491128273599e-02,3.381316224112630026e-03,4.052253204954537474e-02,8.038066822912425663e-03,1.292585278283717159e-06
2.926818597150729340e-02,1.272711509943038759e-08,4.718739576120867252e-02,1.305399520820329411e-03,2.406480480930544424e-03
2.793762174704527215e-02,3.087333486031361598e-06,5.205338738104612478e-02,1.088337293155739089e-05,6.068536320630124229e-09
2.647694312897169375e-02,2.421136742691564880e-03,5.045329407109930275e-02,6.558389604837159062e-03,-3.625049167494125320e-05
2.128127103810951645e-02,9.153920441085625398e-10,4.483129401903897943e-02,8.166614434749425253e-04,-2.174697181729322846e-05
1.862595509724479514e-02,8.298587049930610085e-07,2.924485334363860489e-02,5.093297142035727032e-03,-2.630858519061756492e-03
2.597577759662061552e-10,6.157539864325948968e-06,4.561497171216730845e-02,1.430758501955736034e-02,-1.240903166345870795e-04
5.083848996499423285e-05,1.285184786179413426e-05,3.946393336479914193e-02,1.680749223066832498e-02,-5.617332491030073427e-03
4.334268277182136240e-08,3.172077915379855386e-09,3.785155245168095317e-02,1.979885675534541478e-02,-6.405583716823305858e-03
9.484856977829576145e-10,-9.329638194285398496e-07,3.867205035863178347e-02,1.059910392683549585e-02,-1.397257264353360222e-02
7.822478909220253194e-10,-2.518014457151896474e-09,3.837830058193243687e-02,1.219919333788988328e-02,-1.204174200264122689e-02
5.095998865481034083e-03,1.089506371245440617e-09,3.989813118014130106e-02,1.366444325089367570e-02,-1.138180056901493507e-02
5.426363661597767910e-03,-7.405442205656102518e-09,3.674565272537277938e-02,1.049436181485607390e-02,-2.627398825600201285e-02
2.822412437289066913e-06,-1.095092258518558039e-05,3.559427202053986466e-02,1.199487453547566466e-02,-2.296769708035152624e-02
1.240703013719528505e-06,-5.468821674842530307e-10,3.797335594476598797e-02,7.134074679415097764e-03,-1.628639884967676699e-02
1.045737378702831823e-02,-3.302355518673273042e-03,4.108293903275291731e-02,1.348484779624800807e-05,-7.631384575693042453e-03
9.206268556104785575e-03,-2.460996415911864427e-03,2.975765133459128825e-02,5.855932670045335160e-05,-9.420055374764355061e-03
2.020213787485190468e-02,-1.638095337906213267e-04,2.257729637708442635e-02,7.077652337147765975e-07,-1.031391193669759301e-02
2.287967521524643388e-02,-1.684807619394306492e-06,9.394443625501550446e-03,-5.120893097426854362e-09,-1.223748625925138871e-09
2.930565648549822780e-02,8.496403529752351588e-10,2.219474483519326066e-03,1.106149219778096338e-06,-1.759240754805909896e-09
1.957689726163372446e-02,-2.670950837865961371e-06,7.815246089753595266e-04,1.196643798983778515e-09,-2.201301613645555539e-09
1.390940262108878063e-02,-1.589475063903747444e-03,1.689042011927829598e-06,-7.167997879200181578e-08,7.895480518208893779e-09
8.389448064842000563e-03,8.170287209541046008e-03,3.600167694603082922e-09,7.129234940502342942e-09,-1.971623189343494134e-02
1.396409892206119767e-02,1.472705816529414546e-03,1.152818932779340079e-08,4.720275683808710136e-06,-2.835157854755714774e-02
1.268003672143931324e-02,-4.321394374549807349e-06,1.597453669537070553e-12,6.863240556542888361e-10,-1.810375115522898024e-02
1.326824241509499437e-02,-3.220981517753964704e-06,-9.842258407672787769e-11,-1.061731930074158984e-08,-3.196759305173930282e-02
1.901896979828720797e-05,-5.276920677150486177e-05,-4.157003712708179775e-06,1.514638603090085796e-06,-2.354866648639846946e-02
7.282437243186734593e-07,-2.055620360952153884e-09,-3.129061454598777714e-03,6.335668597888244585e-04,-2.857490470650826675e-02
2.942968198300742935e-06,-1.728762503101111888e-08,-5.471949103892067082e-03,1.706166125846237275e-05,-4.012304122567633691e-02
3.300693903150928759e-09,-2.366650860242357744e-05,-1.183621343799499059e-04,8.673931368627266379e-06,-2.501912427441223621e-02
4.115377359695311057e-10,-2.838409054200165135e-06,-6.480741032937077368e-05,7.387273706096768959e-06,-2.182152815418239925e-02
1.587829415705828260e-05,-1.474810888379739430e-06,-3.970759529755943236e-06,8.193166955065970581e-05,-3.249870414761296677e-02
8.684497410253372812e-08,-2.549990890295595450e-05,-9.566808917958741012e-06,1.998812375077548865e-03,-3.614934994167691429e-02
5.053823705273991677e-10,-5.849700051654324259e-03,-1.485976203115615606e-05,1.712451481503844276e-05,-2.979680853918964187e-02
9.352618117477705260e-10,-8.054337101477931481e-06,-3.052508342076194411e-03,3.713776597009554575e-06,-2.434732685443839056e-02
1.757200539583262687e-07,-3.317482033671950280e-04,-9.285302089907717174e-03,5.392651892241619991e-06,-2.299323981656279520e-02
-3.339178488707569725e-10,-4.982288462163004562e-03,-1.464785626527366838e-02,1.178367093518287321e-05,-2.835433807508473333e-02
1.147873549620144789e-09,-4.137880984029576603e-03,-1.837769640584200476e-02,6.909328495436488562e-06,-3.488754298172980911e-02
9.845965990844515207e-10,-2.868324211417940125e-04,-1.979643289900840514e-02,4.058360812587912558e-06,-1.619058234063351642e-02
1.660654250575565670e-09,-5.610103089219086944e-03,-2.673746456332383795e-02,5.805631086317034535e-06,7.813597099312145027e-09
-1.296448764968626282e-06,-1.839312456769856899e-02,-3.274703327998802760e-02,2.655125018285977976e-08,9.279779425317424568e-09
-8.170738383688105899e-03,-8.553913045188918157e-06,-3.759129375200186834e-02,1.533654193123110933e-06,-2.455745106037432110e-02
-1.396044115851671763e-02,-1.499378742859556924e-05,-3.228434667846287465e-02,4.136500246683893933e-06,-2.094061550290526180e-02
-1.344976679183485999e-02,-3.406770181001451936e-05,-3.348248398338703191e-02,3.265903675071939768e-05,-1.787560111989461298e-02
-1.553486656667749273e-02,-5.553975437237654994e-03,-3.800736740932914720e-02,3.407163814063252598e-06,-1.299780757714468632e-02
-1.493228559062788167e-02,-1.192297897704264892e-02,-3.620726236268923676e-02,-1.214273949134530317e-08,-3.887318124107927477e-09
-2.082639148136516613e-02,-5.014417542078613947e-03,-3.744940596793657622e-02,3.099882455229766951e-07,-5.143683405251488205e-03
-5.594695614560605103e-04,1.306496148107642121e-07,5.065222664947259244e-07,1.820354774928427332e-06,1.289594210791549130e-02
-2.386224071946699624e-03,7.577833665385403695e-05,2.549875353795634340e-03,6.372978008963547903e-06,1.094540005486240031e-02
-2.024222897996216602e-06,3.071047247395243540e-04,6.038831451391568801e-03,-1.421628925929071129e-06,3.128095989745165173e-02
-5.945974330464013293e-06,1.591731052368386184e-09,1.577343976199373668e-05,-7.584385966955460925e-03,3.366554947850576573e-02
-1.329678673630750943e-02,1.336015846689847380e-09,-1.823875749300873980e-10,-5.001098726852346368e-03,1.850668963216996199e-02
-1.121336385474548843e-02,5.070770717616144077e-03,-9.386326883061164611e-09,-2.480522887806143467e-03,6.892250170364497622e-03
-7.063744080608126349e-03,1.134630029494151883e-03,2.971820927993616749e-09,-2.874438313041863691e-03,1.908157078758273076e-02
-1.505028533997050492e-02,7.819536524505815711e-03,-1.051225425798349158e-08,-3.141770712521687371e-08,1.110497568080955066e-02
-3.242225771728890482e-02,3.425136246368708486e-03,-3.333567003355500726e-08,7.737951387945901191e-09,1.033969753204245218e-09
-3.803026088438462432e-02,1.025226995165178824e-02,-3.928154646025312254e-07,8.892849740334378417e-03,-8.945168630740568795e-07
-3.408775873997668682e-02,1.625837218398020964e-02,-1.079656652305343412e-08,1.059645666566502199e-02,-3.947709481827027287e-09
-3.421839302523359272e-02,7.918691488938056980e-03,-1.335122141184254610e-03,7.590642395104860163e-03,4.443867900672648225e-03
-4.764215810028518683e-02,2.230086826864494797e-09,-4.306710830405927640e-05,1.054283880210481110e-08,1.146690755020475667e-09
-4.184215789520555340e-02,7.578169784155911262e-03,-2.411485490000212878e-09,5.222518742366261445e-10,-2.742243810613922664e-08
-4.230207206802834990e-02,1.722669110076613733e-02,4.172711668358071250e-09,1.561658912896821315e-09,-1.242869281357263936e-06
-4.677782005826632006e-02,2.004648981012032219e-02,-1.932133972174668718e-09,-4.959579713270244925e-08,-1.457031983459623162e-09
-4.621902184147892029e-02,1.956744866541273303e-02,-7.903590402828637035e-03,-1.200098065390173685e-07,1.926576581146459757e-02
-4.849166554166003951e-02,1.471048883190433608e-02,-2.373274870405464461e-07,-5.798197738751925943e-08,1.476384181460209388e-02
-2.783087043887828849e-02,2.473836130652600288e-02,-3.334226077809881218e-09,3.010188590075810709e-03,1.267562452445513202e-02
-3.353117490599442224e-02,1.826044393067681459e-02,-2.649879886715241733e-06,7.691317405189137917e-03,5.244745827757062074e-09
-4.672089666574280598e-02,2.156944138155418231e-02,-4.975705917715534295e-06,1.135642169360228868e-02,-1.231222014378768950e-09
-4.975729211043480177e-02,2.468049884812974564e-08,3.187644316779597673e-03,6.827249064925001651e-03,-6.797056279014230325e-09
-4.734796878905810774e-02,9.956220769707985073e-10,1.907633558822332404e-02,1.300208032538006544e-09,-8.554676430306162388e-10
-5.525646816517364168e-02,9.227516457320717273e-10,2.555640229945621934e-06,2.688724746603443439e-09,2.974609707322518182e-09
-6.649577135731137012e-02,-1.042620056174436582e-06,-1.366928649209629687e-09,-1.165192173897207415e-08,6.377626243262130913e-09
-6.403491099738427283e-02,-7.031989710927816628e-09,-6.021833523481286846e-10,-3.690461173131491615e-08,-1.598771185589177152e-08
-5.361825793700425447e-02,1.050165477396029952e-02,1.171097976099259542e-09,9.701213668204363349e-04,-8.342311396968263469e-10
-5.766418681363395110e-02,8.500820825044339228e-09,-1.120231763150531965e-09,5.601143834594245544e-03,-4.254827477878298088e-09
-6.790126891499789763e-02,7.889667185206861513e-03,-7.046876763421095989e-07,7.317355923775633458e-03,-5.914281253015286287e-09
-7.428456086233804767e-02,6.260115340658636785e-09,-6.590932029164508965e-09,1.222115956816847461e-02,5.951773311655600418e-10
-5.954281331250636800e-02,1.902503163995431304e-02,-5.564620189563346637e-09,7.255766791921709064e-03,2.312127902439790423e-09
-7.568231044742430857e-02,1.863283605821865890e-02,-4.775122114990817783e-03,1.353954905217569747e-02,-6.213760444514923497e-08
-9.075092608899587576e-02,1.212224398143817855e-02,-8.425761188772883103e-03,7.592704635026275087e-03,-2.107409148694564981e-06
-8.843539867795804921e-02,1.074384388031267290e-02,-3.751618535212284614e-03,8.489915524763117188e-09,-1.122100437556282767e-06
-8.295065530855931513e-02,4.026371401487159295e-08,-6.021589605770784163e-03,1.820268807116112792e-10,2.361911634681902018e-09
-9.370317864124498575e-02,-1.878797976956681977e-06,-1.286455798134364739e-02,3.056608489208591326e-03,-4.706633936089348645e-08
-1.034760083796668895e-01,1.691315888762611630e-09,-2.790203210222915245e-02,9.696284015097117459e-03,-1.595409411411125760e-03
-9.746825123275225378e-02,2.013319236368095108e-02,-3.066917577793178487e-02,1.659973535713956533e-02,-2.105052827358881024e-02
-9.253682005857032100e-02,8.018897865624458055e-03,-5.904003075909285483e-03,7.505729681016932997e-03,-1.231672746746819737e-02
-8.748542027755173978e-02,5.272666197006241230e-09,-3.048285641376988556e-02,9.670166766029329383e-03,-1.380049026118989643e-02
-1.040617607545518408e-01,-6.864333511269258746e-09,-3.528632583111373372e-02,1.475413891873675158e-02,-2.457160906950897269e-02
-8.136191493775289663e-02,-2.806262530947940779e-06,-1.445210725213604865e-02,3.494070816945421196e-03,-3.569822118806238037e-02
-7.773156698470023995e-02,-2.517093832735189864e-05,-2.311170961195235449e-02,-1.211311316512535634e-07,-3.063071227308076377e-02
-1.024327508036791679e-01,-2.597615138427856324e-02,-2.225104683990427462e-02,-4.968967414547242195e-02,-5.150977855561804397e-05
-9.546713726325389837e-02,-2.712152005712847522e-02,-4.098602342269237753e-02,-9.321756671985106935e-02,1.597115681392094172e-08
-6.872576398920669793e-02,-2.605885313490306082e-02,-3.858637354800403818e-02,-1.450147757771191870e-01,2.576103347770910754e-02
-4.712748510776861716e-02,-6.182482598128764828e-03,-2.148212253627508964e-02,-1.550203994121797935e-01,1.680039881795152359e-02
-2.712154821550545949e-02,-1.189009711743429371e-02,-1.000007384097596386e-09,-1.740226628038147316e-01,-2.809429971359605792e-08
2.054587279363673496e-06,-5.283091459873151020e-03,1.118367350513993323e-02,-2.017879479718970581e-01,-7.469440794093834025e-05
6.326674081386539882e-03,-4.079066413825257525e-08,1.594502932916709234e-02,-1.951844469543942417e-01,-8.188902931049906950e-03
3.171557130334906605e-02,3.960177012324551590e-03,-1.100376901067079330e-08,-1.913503141481194270e-01,-2.793318433496128073e-02
4.034904673952509346e-02,6.077484079434369311e-10,-5.513956098421402517e-03,-1.994483470656814861e-01,-1.603277640870658452e-02
4.522527762045956690e-02,2.479233828743847515e-07,-1.332470420352372537e-02,-1.956229253622675246e-01,-2.607683334377553300e-02
5.910260201178950401e-02,9.126658024004285705e-03,-1.713751828620263019e-03,-1.680468037818482474e-01,-3.970194261946416447e-02
5.705352263512179084e-02,2.570280737551115108e-02,-8.377609708449952619e-03,-1.244416099683623295e-01,-7.521015869608910220e-02
3.495805622196038881e-02,1.268996736033605084e-02,-2.971397702017188058e-02,-9.642140868719509261e-02,-1.100968136796259822e-01
1.160410514030584157e-02,1.893335228320919966e-02,-4.290032254470073358e-02,-5.853863699902674828e-02,-1.533326888151525791e-01
1.012786177699752203e-02,7.410254381906150600e-03,-3.894971458979299556e-02,-3.813922279712263219e-02,-1.706682369416318845e-01
8.115684309636649399e-03,3.513153686099584618e-08,-2.530541447621576998e-02,1.910286011213179529e-07,-1.664237834147571649e-01
1.120673264892864352e-04,-1.521369134112130275e-02,-2.091523138568375864e-02,4.129914120910008939e-05,-1.547726794097835923e-01
3.632522537421948558e-05,-5.708722081503491558e-02,-8.307421765550554102e-03,2.256064245106856152e-03,-1.444590827604719518e-01
2.614664461131348841e-05,-7.667318640897415050e-02,-3.353700681839433370e-05,6.004087931558067630e-03,-1.310642587693001682e-01
1.644282521979116481e-05,-1.019510905988848387e-01,1.387447984837802961e-02,2.241687774510459693e-03,-1.050799475752655365e-01
2.136686998224280633e-06,-1.351926397397422153e-01,8.283703715423543967e-08,1.379729895600008980e-03,-7.592928816943102233e-02
1.264239397857498469e-08,-1.498207755871850400e-01,3.278196387037391796e-10,1.127570172851485766e-07,-4.365281170374091940e-02
1.878502484996932941e-08,-1.683037754418065801e-01,4.957478523227097251e-09,-2.524257626855420239e-02,-1.367862642802243622e-02
4.210650231674335945e-08,-1.670048370732479526e-01,1.898834110489223959e-04,-4.330845704912913985e-02,-2.228565593734902466e-06
-2.468971829215482511e-07,-1.791412270132847206e-01,2.364131251785430018e-04,-4.936634155182448996e-02,4.001476214964656830e-02
-9.645015506813880632e-04,-1.792725746459806202e-01,1.434350961363028824e-05,-5.702957300734955159e-02,6.455392888547076269e-02
-7.139292845988527052e-04,-1.677442403441640473e-01,1.549677327643372751e-06,-4.823446471637045374e-02,6.449805578337743095e-02
9.373336107778573438e-09,-1.439040239500897489e-01,-3.003683123829635482e-02,-4.606638685381892612e-02,7.462551290422959893e-02
-9.043051880303983884e-08,-1.497379882266426654e-01,-6.116850405869651841e-02,-4.841157742594035668e-02,9.294339586832420230e-02
-4.164364734330096861e-06,-1.241707349879024036e-01,-8.411228590232985858e-02,-3.544873188249172968e-02,8.476295167418952670e-02
-1.066096883026751914e-06,-9.058099617419569649e-02,-9.789756892610343431e-02,-2.350339456648261813e-02,8.013135391903383753e-02
1.751102606820118326e-02,-6.042415455393195661e-02,-1.099053132809906241e-01,-1.537720059560587424e-02,8.090139971177706668e-02
2.708537956295110558e-02,-5.514177434006588274e-02,-1.228330767529699635e-01,-6.858923909245133455e-03,7.244286953448661470e-02
2.386267721999629429e-02,-3.015877775106240444e-02,-1.349542114687675987e-01,-5.907247986398380532e-10,5.887389726566410325e-02
4.187020036951069613e-02,-9.076800260131252795e-03,-1.390363087816036958e-01,6.886277511444692651e-08,4.346110851433011846e-02
6.016972388661549070e-02,6.378643849209229599e-09,-1.314681030139341344e-01,2.842895982422829062e-06,4.231708671034537655e-02
6.071427017848501223e-02,-1.659017865096731976e-09,-1.440706882623590257e-01,9.081858193969630980e-09,3.768097058173897063e-02
6.076517716434541583e-02,1.947298059589654823e-02,-1.282451403266038070e-01,4.128555053085409448e-05,1.222327485235985382e-02
7.600543665939389626e-02,2.604811379370946742e-02,-1.133794331265988997e-01,3.499467157582250419e-05,1.996875324090758783e-02
8.995790731679541297e-02,3.275936066559924364e-02,-8.620582958056045852e-02,4.244631489512527313e-03,2.700085687503373313e-02
8.786915995327923556e-02,2.804494874050259684e-02,-7.416935912397057407e-02,1.001276309676454174e-02,2.770170015287258189e-02
8.059587525830123889e-02,3.678194598913132884e-02,-6.739054290473338316e-02,2.844520687344454304e-02,1.548474175701141861e-02
9.367073803123361631e-02,3.389478302182651059e-02,-3.752925519167332746e-02,2.808929040389521181e-02,1.814000074339304838e-02
9.315738108660338856e-02,2.565694447018557894e-02,-1.537135159902148183e-02,3.533766908566493559e-02,2.392300252830539820e-02
7.592238794872184504e-02,8.973586013387106070e-03,-1.640091854538460597e-02,3.737935435054236255e-02,1.371395706315788054e-02
6.578258771486342193e-02,4.176261815402367711e-03,-2.744371780853431184e-02,4.335100650681526779e-02,8.887481084686166960e-03
6.913333804023939766e-02,1.114286052859621226e-08,-1.120586059232750106e-02,4.621384271721762360e-02,2.441005031673479944e-05
8.541843901535403627e-02,2.938039131562380366e-09,1.830522991430781217e-10,3.636170408845038754e-02,6.750473653922487230e-03
7.728829464097781987e-02,-1.585814898342703861e-05,-2.400772175667895136e-02,4.712314559805104441e-02,8.780337112629581914e-03
7.279149159840968275e-02,-9.599869787960298162e-04,-1.858516801829194695e-02,4.440497873790862082e-02,5.148609956793442444e-05
7.664259645631248119e-02,-5.338549482920729346e-10,-1.157105539381554291e-02,4.298244279919864741e-02,2.498394537059575875e-05
9.579333032031368822e-02,2.283112849769088366e-07,3.287603539291517481e-09,4.643660651690756369e-02,6.171817334346926570e-05
9.219038466935614018e-02,2.293658507960888016e-09,1.603659222227809708e-08,4.826065994879686488e-02,1.646280518616140666e-03
9.883587168269522549e-02,5.337021652628213730e-09,-3.984194097151835311e-09,4.321016098057493815e-02,1.100459729843098963e-04
1.127838510384088916e-01,5.140188182576931447e-09,1.770592441386008010e-09,2.899225190335486674e-02,1.197639083279384606e-05
1.258977059877986193e-01,9.015504182416096690e-03,8.525497208515496608e-06,2.534371669214699821e-02,5.081245202804926106e-06
1.167019075148823526e-01,-2.875920794030043109e-09,2.079180401629105650e-05,8.276749955232729633e-03,7.915520070637518729e-04
1.064100011553239244e-01,-7.479259172884832139e-04,5.443923781940729865e-03,9.276461105638124068e-04,7.646972832529098972e-05
1.015813459247420641e-01,-1.411323151787392122e-02,3.169512378700962280e-02,5.669842924794756206e-05,1.048367784748981991e-02
9.959700521220118952e-02,-1.531841448369724954e-08,4.648102386807403258e-02,1.785882026293644027e-06,2.837590790336216862e-02
8.680169755496093542e-02,-6.476933777490223067e-03,4.718911253908941034e-02,4.032986735017202417e-06,1.723299855046399667e-02
7.065786127253775861e-02,6.599336270695811315e-09,5.189808256718071028e-02,4.150001081996723164e-03,1.798440025981589306e-07
8.007297719179858053e-02,3.010904235263771809e-08,6.360585897815927703e-02,3.241580853099450897e-06,1.593500022808629416e-02
8.825416952207466859e-02,7.230369548665338524e-08,6.620625605050529938e-02,-4.294505896137099966e-03,2.673751408950884867e-02
7.580919800321041235e-02,1.030998522523560904e-06,7.278418888291295075e-02,6.970411008701628230e-09,7.439146199943398423e-03
6.312006576604209385e-02,5.491294565048125714e-09,7.884088334986688595e-02,-3.391944841846367392e-03,1.717355020956913558e-02
6.875467153967811107e-02,2.747972900190328456e-08,8.396434230642674246e-02,-6.672780591726629185e-03,9.527854967136352438e-03
7.491196357265964001e-02,1.019798336897944563e-07,7.189563148423545880e-02,-2.069043590055902550e-08,2.507651598965304762e-02
6.345325282011327062e-02,2.302347339822833707e-08,6.044101062984545691e-02,1.735552077237146888e-09,1.983187598552008796e-02
5.134209384593040743e-02,8.030336600332990359e-08,4.905503724560080631e-02,2.803970605735624562e-06,1.300366308234674785e-02
5.710418433889763445e-02,1.197130229867974873e-05,5.495682688720134046e-02,1.390381529047883065e-06,5.514292070684570675e-03
6.336676309893213288e-02,6.137147405447143655e-03,5.690745719056927721e-02,6.305278442833395661e-06,8.004814934258438694e-03
4.836311741882879517e-02,2.578565671275244647e-08,4.074081280399783483e-02,5.234771097948477767e-06,1.954529555006031052e-02
3.111306063177611547e-02,3.261763553387090074e-05,4.493753630948135736e-02,1.324694167957601307e-07,1.609723169344346935e-02
3.597731462205062264e-02,5.572361867321222978e-09,4.864173364099404900e-02,-3.218134120705643794e-08,2.446436378146042354e-02
4.860792187623842742e-02,2.140107103364803634e-06,5.467260386599723243e-02,-2.191755821277024734e-06,2.946415716828976183e-02
3.749808366600568266e-02,1.717841756039733145e-09,5.823118123570477506e-02,-1.617978247448096469e-03,3.790241352861895008e-02
2.904063100259221541e-02,1.151829263960249558e-09,5.185733947726088588e-02,-1.424106193944989262e-03,2.551842009768301792e-02
2.911096655385007545e-02,4.745015097792856275e-03,6.439465911694572386e-02,-1.141371766035419253e-04,1.281088240922989910e-02
4.677679173638710219e-02,6.254843553235476909e-03,7.752619798422982766e-02,-7.652270133271500699e-06,1.772570508487554888e-02
2.705705885301197197e-02,3.426804490151097908e-06,6.882874245362592680e-02,-4.352302886077024258e-05,1.524237804100423907e-02
1.703314078563987477e-02,3.803511090338206366e-09,6.812521286124718911e-02,-3.388243816048618695e-08,9.726082692292522397e-03
2.524983844961805821e-02,1.205241817546116298e-08,6.691772682799647376e-02,1.707369747637170797e-07,5.535428105938034610e-03
3.017358118566534214e-02,1.306696346934147829e-09,7.511154632681323051e-02,1.993049358502933184e-05,2.009027376290198341e-02
2.597204686635093407e-02,-1.129834909400040562e-02,7.641367850315720911e-02,2.239370283976988966e-06,1.914763973504535199e-02
1.227467586233070278e-10,-7.333830156029538631e-03,6.345917335447459617e-02,5.395081128756236064e-03,7.157092607481457948e-10
1.253251860711611376e-02,-5.667368039695069165e-03,6.128646855353349354e-02,4.316647117136424537e-03,8.821920366386274000e-09
1.912452676836264367e-02,-2.500000433808417192e-03,5.850194833493838065e-02,4.681588733984857684e-03,4.683201722903856251e-03
8.730170128410711522e-03,-8.463353984963620930e-03,3.768785935497482448e-02,9.151291430868306945e-03,4.340516318265317847e-08
-7.322380994261757175e-07,-2.922875952134232711e-06,4.584814722410763405e-02,1.479198119911495461e-02,-1.831973030785130716e-03
-1.725697520117543137e-06,4.459004519304659447e-09,4.012752358202534286e-02,1.280058682039577483e-02,-7.295205651496163360e-03
-4.321355281186631659e-09,4.485036247583722158e-03,3.385643068958634622e-02,7.427725189463866076e-03,-2.328257912611099392e-09
-2.026527373176315495e-06,1.627377880828161875e-03,2.630412421508447965e-02,1.542491829426636922e-02,-5.135799203649364036e-06
-1.187075107145679808e-05,-1.378284999661716902e-09,8.499704257704946211e-03,1.193852660648995687e-02,-3.968807183488106197e-03
1.208408665335303158e-09,1.935558948444117894e-09,1.558654813079016731e-02,2.390568265750003633e-04,-8.438501567662006972e-03
4.057739450363616521e-09,3.222354727107985832e-09,9.984448951087937507e-03,6.703634369708007246e-03,-7.804059166387198633e-03
-1.123282891395577981e-08,-3.220155397646893020e-06,2.498681444200901632e-07,2.212856325483488276e-03,-2.261069582201694506e-03
-2.174762291541969663e-08,-1.105647859753190631e-05,1.815277489393005093e-10,1.933604410899318038e-05,-2.982213114073522252e-09
-1.562435430888794965e-09,-2.566200147084297877e-06,9.008884961447271788e-11,3.548486229838113766e-05,-4.806561743656595130e-08
7.250654148200220071e-09,-1.009439615323663719e-02,3.032018395630619910e-07,1.130217225954022642e-07,7.401664513695923512e-08
1.355181583162739667e-08,-1.182729863117431592e-02,-2.965499616739645808e-10,6.851473549577851002e-07,-9.657409798820480729e-03
-5.003749448675260184e-03,-1.104078985782885360e-02,-1.896950483107250843e-08,2.265601526684229874e-04,-2.599801941931737317e-02
3.160792512997159924e-10,-8.770355254788447796e-03,2.060984114484719527e-03,9.395110161375605710e-06,-3.268095628255638513e-02
5.668520602381017448e-06,-7.424457508591518701e-04,1.144194374594316270e-02,2.000880072292198397e-05,-3.225884197406543585e-02
1.051584491309842512e-09,-5.791448988942740454e-03,7.438645189022422265e-11,4.595600148338519045e-05,-3.620183675250938926e-02
-2.088571815902659887e-09,-8.815354568791620646e-03,-4.799690677810147820e-08,1.468986822298853560e-05,-3.591178354649953580e-02
-6.514770644695497148e-10,-1.292125654339768177e-02,-6.494273816284476131e-07,1.630623109720722733e-06,-4.401948036615142140e-02
1.608597379499117618e-06,-7.226028907021832650e-04,1.720886331225901342e-10,-3.032864061659496466e-10,-3.527340405947623075e-02
2.368470097812044809e-08,-1.251778035097609763e-04,-7.959026250786589400e-07,7.627584784465364457e-06,-3.271030616694341892e-02
4.322609405771056783e-07,-4.975086035284764297e-06,-6.048026044151981299e-03,1.526382517666623390e-04,-5.393983276484895506e-02
5.507126529393931263e-07,-1.104101266167927798e-05,-3.833220062245475731e-03,6.263042286564532509e-06,-4.444338423846637409e-02
3.978400898240987198e-06,5.506576350548006554e-08,-3.777196610120683778e-06,6.144106249428409177e-08,-2.870601185835978258e-02
4.186769743387140137e-06,7.400562440179299715e-11,-7.701045221172281990e-03,-2.960782502252345968e-09,-1.240785360453757619e-02
-2.403898428955604010e-09,-4.034053974849849521e-09,-1.111117553778999574e-02,2.832226814384655615e-08,-2.025955542478943480e-02
5.940301622845856613e-09,-4.284617402544647069e-09,-9.546024515290024368e-03,8.180208398677548025e-07,-2.254640223772279642e-02
1.429584201540116765e-07,7.238133041103831171e-10,-1.212690597305857328e-04,2.937024438800219901e-06,-2.118435862458031144e-02
-1.352655262264764620e-09,-4.264538475531359825e-08,-1.110382704003153552e-02,7.930927381688844318e-06,-2.857896993664681140e-02
-3.288317583611915213e-09,-3.982761256234402366e-10,-2.293652294342886019e-02,1.071521427446799229e-06,-3.142643467141115893e-02
1.237579236850723671e-08,-4.894850166222902285e-09,-3.317951625561710305e-02,2.304644541313390733e-08,-2.948643873829306233e-02
2.705022867648579463e-06,-4.426607892341963990e-10,-3.036150720511814408e-02,-7.152669161575815312e-10,-3.804966159093522288e-02
1.643634398478100786e-08,-2.281414223821191182e-04,-3.886948988955671314e-02,-1.802574489366267491e-02,-2.095105666570704767e-02
-8.580613400619697961e-03,-1.045550892801106174e-03,-4.145865742228776324e-02,-2.058555586820334099e-02,-2.318774549229279600e-02
4.307945593115379526e-08,-8.460545783621430264e-07,-3.925935192753873121e-02,-2.290020857617329139e-02,-3.518148031168294443e-02
4.358347926114749652e-09,-1.480001355668463534e-03,-3.473928302643329580e-02,-1.364869582696611426e-02,-1.364867907209406893e-02
-3.436554660875523661e-03,-1.159209853988438232e-02,-3.564683107272328955e-02,-1.287189034265023152e-02,-1.013943336214065752e-02
-9.873197878200762334e-03,-4.736180225201355384e-03,-4.248617370491961087e-02,-6.643321338230898793e-03,-1.372897112468267865e-02
-8.773583070132708397e-03,-3.020801283883735693e-05,-3.401447145221384027e-02,9.591686095656138758e-09,-1.776462974523844093e-02
-4.056821351499999631e-03,-4.417349930596487911e-06,-3.337577713516175215e-02,-7.548746010424470444e-10,3.846918459551732414e-08
-7.554062997021100505e-03,-9.198803001196621020e-06,-3.934103509083865940e-02,-5.860450707044293855e-09,-2.511201221445176171e-09
-9.107148958190005444e-03,-2.379303595458396713e-03,-4.350071358239775143e-02,-1.824372579782164872e-03,1.285765258998684041e-06
-3.620001281317413236e-03,-4.828625476257677065e-06,-4.039995245539885343e-02,-7.694201060097327627e-03,-1.821766872404630917e-08
7.329346615807431720e-09,-2.147014125814748539e-06,-3.503768516655867554e-02,-1.671005233801611464e-02,-3.758593650071223838e-10
-1.860060232237035330e-05,-1.070319806631706006e-02,-3.796808240566460629e-02,-1.539582799246205433e-02,1.318128242006183857e-06
-3.060440414631936199e-03,-1.186899748661081894e-05,-5.282578595696299506e-02,-2.301562051745359254e-09,2.343831340941691084e-06
3.365637779990181374e-09,-5.125785361910941433e-06,-4.335364913448969126e-02,3.431147524955789947e-06,7.469933445157300401e-09
1.957893048627139802e-10,-1.940660358193667953e-05,-4.439957975646257465e-02,2.211771080421087036e-06,-6.111530273996064924e-08
5.722778088571074787e-10,-8.241923581533084963e-06,-4.853474681659803586e-02,3.225740071005777107e-08,-2.806275564500339964e-02
-2.503920421911857638e-02,9.752907515674886721e-06,-1.085748375349516747e-05,2.652640112814642123e-03,4.186776010644735653e-03
-2.150629468062379215e-02,-6.319278603416395400e-10,8.277254865902223049e-10,1.063099113118361541e-02,1.195460555304781952e-09
-1.629168769454912222e-02,6.440612384970303728e-09,5.361666672220188543e-03,1.099857088420008212e-02,8.758061136181646833e-03
-8.421659419925115256e-03,3.375553102929447838e-03,1.564920787426999499e-03,6.007025709969107848e-03,1.389154257757108622e-02
-1.833234689888166291e-02,1.938630931037047982e-06,6.925555288189556326e-03,6.145036436100653407e-03,1.588055696147092771e-02
-2.586068469443982346e-02,-3.912379219730578745e-06,1.895640277036418284e-02,2.720628116742637801e-03,2.592991842263361879e-02
-2.489696192250709372e-02,7.108574256391584992e-09,1.340387320132488923e-02,8.205698052037005158e-10,2.755606154333003002e-02
-3.125919201933508029e-02,5.191488638151639350e-03,1.906595199230722709e-02,-1.428483852768678231e-08,2.082195169220169700e-02
-3.065142954078611814e-02,5.579560470498135959e-10,2.824578224523102352e-02,-8.488300873485732576e-09,3.438563256223385600e-02
-2.812513975429191404e-02,-2.036222071669966467e-08,1.312181955785530867e-02,-1.217907690122576827e-09,3.281206116622525926e-02
-1.974336584478818962e-02,8.890839610488015382e-03,2.634107648697194166e-03,-4.955093033189948653e-06,2.273762953095861267e-02
-2.496402306159163295e-02,5.215517280306516956e-03,7.992319643562039062e-04,-3.789557510106305098e-06,2.415074366882059495e-02
-3.505344766808004414e-02,8.551119143349253512e-04,1.717856041678250993e-04,-2.239262994333415286e-08,1.579854915325959799e-02
-4.205664003222667896e-02,1.773823797476930088e-03,5.971061316595814399e-03,-1.300488331370952143e-04,-1.704841264871663333e-06
-3.929007492279006780e-02,1.577158240107505746e-09,1.493017189185216753e-02,-1.094961165669709974e-04,1.060792169686706331e-07
-4.362424592434809706e-02,1.464067895692944266e-02,1.309023406361045118e-02,-3.647880524281596482e-03,1.362952169918746340e-09
-4.773470010790331619e-02,1.019821497581595467e-02,2.010068983465829445e-03,-8.272135211908053509e-03,1.011719861570563790e-08
-4.664916675709464972e-02,6.846431231333945967e-03,-4.417000358180363848e-09,-5.595929163992771974e-03,1.406026636258251791e-02
-4.451606690760179924e-02,2.267847935439197549e-02,1.503494552495542437e-09,-8.453645665400790702e-05,2.004757342943106618e-02
-5.066227369425344712e-02,1.972624031105567333e-02,1.214486362210658725e-09,-1.057597709616651428e-04,2.849520456255099504e-02
-5.068134761695768098e-02,1.731666712979606365e-02,5.577521261983085397e-06,-4.002853600191922065e-06,2.410676827316820051e-02
-3.658685964338115326e-02,1.659812725895930957e-02,2.677358681050766038e-03,1.458157870004504579e-08,1.540729669217396139e-02
-3.565229831919336512e-02,2.962022218118373282e-02,8.879324099176169952e-03,-1.792114373759450431e-09,2.028069092590284103e-02
-3.750593525668461520e-02,2.845979830362306562e-02,4.463606347319942942e-03,5.837122585830457942e-11,2.098901107221809101e-02
-4.674056592854224090e-02,2.938139226612226929e-02,3.738716845979651350e-05,1.115142177970172530e-09,1.943895094009992844e-02
-6.511184370946608568e-02,1.765839705512953564e-02,4.092381540430173835e-05,-3.610997605985546845e-09,2.579175322236581733e-02
-6.299818288692395074e-02,1.418167504266700137e-02,3.722700114869840430e-03,-2.737363829284854019e-07,3.058424391784082125e-02
-6.461398124204160986e-02,2.141205880294015651e-02,-1.922969547135655653e-08,-3.324241139263745224e-07,1.603047828000355585e-02
-7.247753369429625614e-02,5.171568571112317679e-03,-9.463535548397230388e-06,-1.383851748313766206e-05,1.972979430133123269e-02
-7.672064483836579796e-02,8.259757914867501733e-10,-1.030718459485968976e-08,-2.980723579560056264e-06,4.695692064469873533e-09
-7.589300678460167426e-02,5.640533190851067247e-03,2.091967127669227131e-09,-1.091053671678149819e-06,-2.835912462183499866e-07
-8.903380425413653931e-02,8.076951035821395078e-03,-1.840186630989144760e-10,-8.911112233088277687e-05,-2.597717174466323675e-09
-9.759521356037063888e-02,7.562726923971545626e-03,-4.080314005513919568e-07,-2.705165995878588853e-05,-2.734111723963203045e-09
-1.023632335326856296e-01,-3.059266143472446240e-08,-6.723595224656887948e-07,-4.998176230042870177e-03,-1.171057584562938947e-07
-9.320115612055399068e-02,-3.650445241294166333e-08,-2.385616675529311027e-08,-2.111872377640450476e-04,-5.208114316612609591e-07
-9.363706113949085696e-02,-1.902652620157297071e-07,-8.622815305734539122e-05,-9.916967919005085873e-06,-8.519288914649357824e-07
-1.017376597278226158e-01,-6.564980401809111692e-07,-1.332556490755404215e-02,-1.104937653711298329e-07,-3.776899715565076984e-06
-9.630651636578907437e-02,-6.785675253583419364e-05,-1.707860426576779389e-02,-1.340425242353168023e-08,-7.710702763159875242e-07
-6.799758124825290573e-02,-1.691372933727907656e-05,-2.110556848045699143e-08,-1.478928924352688091e-07,2.440750909984123916e-09
-7.639214077473709119e-02,-3.044296526019746660e-05,-6.994247603456038055e-03,-5.175362907252342972e-08,1.374256849248056342e-08
-9.750402396167930086e-02,-1.569450474013101745e-05,-7.374697313475344143e-03,5.262797708329069492e-03,-6.033984249577986092e-10
-7.841004419327096686e-02,-1.153438938755536360e-02,-1.075602615374113280e-02,-2.183739473060225054e-09,2.730391267538203573e-09
-6.026085529790919937e-02,-2.250664282775794237e-02,-1.368053166725164901e-02,-2.211170136373014419e-02,1.578727170682787256e-02
-5.365034376849496522e-02,-1.040765593876882660e-02,-1.296652654576804266e-02,-6.463007127172873401e-02,4.036065681918605402e-02
-6.092122907088585310e-02,-2.453147884861063034e-03,-2.280982114765726584e-02,-1.019593720706744450e-01,7.131019809215216609e-02
-4.120877447713621605e-02,-8.135945511955394640e-05,-2.901515095686246076e-02,-1.444175243963206068e-01,7.580462260429049470e-02
-2.775427719753856270e-02,3.563205337423302268e-09,-2.008949466481705498e-02,-1.628989670737161222e-01,6.518953386372815240e-02
-4.358079633468966464e-03,1.825816140663480500e-03,1.783733310759476771e-09,-1.864749946130825897e-01,6.153536449479930087e-02
5.865918498829603839e-03,2.931123530521513737e-06,1.148878959173720536e-02,-2.059996498682274968e-01,3.806800499630731693e-02
1.790234680683550419e-02,-3.354383394671744186e-05,3.007231191286633548e-02,-2.184961902501553754e-01,-3.456423129749907065e-07
3.454359858477967782e-02,1.270199154430993108e-07,2.898129653122624716e-02,-2.014586307547226729e-01,-1.865650628418282480e-06
3.989971889075579620e-02,4.767012150669935888e-03,7.610799341178841812e-03,-1.968057630604875263e-01,-6.259432331357880799e-05
4.529374106001628209e-02,7.400955331678057980e-05,-1.325779787506292053e-06,-1.916085401527819199e-01,-3.286711673419751272e-04
3.827158523145016839e-02,3.093350404013009490e-04,-4.228181860126324458e-03,-1.677435938355356093e-01,-2.910720767772191284e-02
4.358270311884605147e-02,2.700599187149245461e-02,-2.767260177352819442e-02,-1.188750424564533198e-01,-6.731161823265255362e-02
3.572362026429872633e-02,4.124021102750033418e-02,-5.218285993793615046e-02,-7.177669007610178176e-02,-1.243519736658016406e-01
2.428507673273934062e-02,2.969707851427980799e-02,-6.627768506682406302e-02,4.326513924197933205e-09,-1.796889335594685222e-01
1.330348122133436471e-02,5.095390212580922472e-03,-6.664902505571086710e-02,9.443759273577053131e-05,-2.161646596627353201e-01
1.444192715095003569e-02,7.133064747608326004e-06,-4.780578411356161544e-02,3.003575814722372547e-02,-2.284684297138657172e-01
1.443938571736549676e-03,-1.613898453238071795e-02,-3.117736196283955874e-02,5.669603322666224438e-02,-2.353772398738602778e-01
4.442982958082513007e-04,-5.789511323169237861e-02,-8.995129659817878431e-03,6.459494221651822243e-02,-2.208605022388562544e-01
6.418013491795269033e-05,-1.018558021190235224e-01,-6.652885015066360957e-05,6.764991181326378278e-02,-1.907612872342395183e-01
7.075221093887035055e-05,-1.073307372673168725e-01,-1.389929138862386068e-05,6.548283209276802019e-02,-1.684385589290746388e-01
1.189868705310044756e-04,-1.232632512428562116e-01,-8.043108750898523968e-06,5.154241211108613607e-02,-1.474502401078430502e-01
2.970485448273654325e-05,-1.530855539830693057e-01,1.794029486286994535e-09,4.308388727021403991e-02,-9.751933173170562741e-02
5.170099321782917201e-05,-1.691528374285536096e-01,1.007512625536439652e-02,1.806889618321320251e-02,-5.982625080486918268e-02
3.065319823721995938e-03,-1.647828930681721760e-01,1.230362712049589378e-02,3.471571975794804452e-03,-2.062799077447471582e-02
5.313632798553660254e-03,-1.662619392106895466e-01,1.317612549063011868e-04,7.430179792119821313e-10,9.006087039322221768e-09
5.342340287847449978e-03,-1.806051182109863484e-01,1.557275932108548766e-04,-3.830920550087540597e-05,3.567179083019252073e-02
3.885007286904388919e-03,-1.682272480524299729e-01,2.197999591841000064e-05,-2.904974691370770801e-05,4.804194271485336121e-02
1.082195988057316967e-07,-1.513554362888633043e-01,5.616565763389010194e-06,-4.940891639801491450e-08,5.934502945479275260e-02
-3.074784998577448493e-07,-1.290244217963230355e-01,-3.211474171942501482e-02,1.589567731482867599e-09,6.109756091842242359e-02
-1.898150387830495702e-06,-1.174393473617170586e-01,-6.431830082659552306e-02,3.835062772046792575e-03,4.872610234746136554e-02
-1.975335634777165272e-06,-1.120608435353119409e-01,-8.328095450339552397e-02,2.088840937965277602e-09,7.264385972391758373e-02
-5.791767012665098040e-09,-8.598504472706504365e-02,-9.800898703755404895e-02,2.258329563290502247e-09,7.951546765941981676e-02
-4.307422696356307486e-09,-5.354497782452270066e-02,-1.227317218239432628e-01,5.632838037007149282e-06,6.946383098709650594e-02
1.352683624527360046e-02,-3.681280481533594218e-02,-1.397905597455703364e-01,2.638336551181385495e-03,4.195375916761730911e-02
8.381411677476162777e-07,-3.115531259639382419e-02,-1.441362377093517722e-01,2.318976303190584825e-04,2.794573007640878404e-02
1.502228454526084549e-02,-8.125583006858307783e-03,-1.573300050921144222e-01,1.818928537962675533e-06,1.944907234733269513e-02
1.501756036815508726e-02,-5.941896614977439197e-06,-1.713266467452199682e-01,8.647456336967466428e-07,4.169562515721533975e-03
1.816408173879534640e-02,-6.581720174660883626e-06,-1.625011428521301315e-01,1.227667557330571250e-08,6.483393836384604642e-04
1.629798764578845732e-02,-4.119081943568926107e-06,-1.529435123409151054e-01,-3.023703707759975871e-09,4.049271362026973624e-04
2.412188528418275635e-02,2.664032430045507049e-02,-1.419370435351414717e-01,2.340154838412947290e-08,9.393737054471128006e-04
2.590387821735211718e-02,4.204647485276220842e-02,-1.361030197695036748e-01,4.892432698655696200e-08,3.867547301682397855e-04
2.363961985419889972e-02,4.592698497253464018e-02,-1.218266153100262678e-01,3.121868304824172723e-06,1.132376423023453575e-04
2.416093783351619395e-02,3.279518041847981347e-02,-1.051476932332232050e-01,2.912201263457188965e-08,2.469164545928082401e-04
3.576437664225733809e-02,4.040827456892331915e-02,-8.501254879915305651e-02,-3.761153169539282155e-09,9.447479534315990704e-03
3.950014537392140118e-02,4.180510512926968736e-02,-8.341955835603775959e-02,-3.862585101935702044e-03,1.456256913831114295e-02
3.898995735542586799e-02,2.412897665494156269e-02,-6.743182355960693208e-02,-2.894490442427137647e-09,1.336652264043618199e-02
4.146351035772802979e-02,1.728380036576334516e-02,-5.039639569535910024e-02,5.186036411814762904e-08,1.502508768218203949e-02
5.142059057517593679e-02,1.669984185029334267e-02,-4.637280053909639127e-02,2.645032715745195053e-08,2.310534100206035682e-02
5.866854279956497387e-02,8.858940624798705005e-03,-5.057972382686975327e-02,-1.867402622079888897e-03,3.039573358293941666e-02
7.005833307815528821e-02,-2.148640991516942299e-06,-4.406651861595129588e-02,-7.907904800243764666e-08,3.338575207689978980e-02
6.127343165459885749e-02,-3.731944363569039695e-07,-3.631778980190439321e-02,7.127439121890276193e-10,2.072310790821717610e-02
7.410772486058175845e-02,1.539866049374595788e-09,-2.363037522403064333e-02,-3.289907951519211848e-03,2.344183275557394988e-02
8.061463272714840256e-02,-2.527247790422062176e-06,-2.679431086440489662e-02,-1.534252460985587735e-02,2.938713203479242225e-02
7.157029974066016209e-02,-2.458289776554944701e-03,-1.520426122208166399e-02,-2.570347950711137849e-02,2.163300172953136480e-02
7.041889913008124446e-02,-2.657534692894436730e-03,-1.315412544431895751e-02,-3.358228230824979871e-02,9.453127452499541714e-03
8.293550293571250176e-02,-5.087181977883279526e-06,7.093315500290678653e-07,-2.550060711333279606e-02,1.942789205636891951e-03
7.282333469784579849e-02,-9.763837446626751553e-07,4.409747791295614106e-09,-3.025477297510315716e-02,8.770598004790188036e-06
7.525523201959385955e-02,-4.449906430595361451e-03,5.201851008129085982e-07,-2.584960732410205783e-02,4.030489151497949413e-06
6.738538446567769735e-02,-8.958471101349348154e-03,8.398683179551662202e-06,-1.807809716832513985e-02,1.954523334199158611e-05
6.616898756428242490e-02,-7.598663817615396903e-04,4.019681863386071613e-03,-1.197069547591593508e-02,7.584824528926991832e-06
5.879745436473173686e-02,4.986740246482721168e-08,6.735771854003052075e-03,-1.129860926196340845e-08,5.594309504627254703e-06
5.403447485171850029e-02,4.017152353643974051e-09,1.162576471331521442e-02,4.297571077937692251e-09,9.791205753037690238e-03
4.529957494654588551e-02,-2.782165503843813511e-06,1.629093816099776507e-02,-9.213195453636366817e-10,8.935561370366013750e-03
4.379795688098544332e-02,4.424720638365919792e-06,3.160183610238273544e-02,3.785293527490273170e-06,5.850124588265034182e-05
4.555014517317899914e-02,4.673331680769506078e-07,4.212278856584007053e-02,1.887293577300347731e-06,1.002073753317928723e-02
4.022157579365091828e-02,-3.393519542009793173e-03,4.908105386781359825e-02,-3.916291163153115844e-10,1.817017483347605628e-02
4.524872350766340895e-02,-4.421313684400188064e-03,4.672492972609804118e-02,-2.744291726365062637e-09,1.467270622315776721e-02
6.217749296003298454e-02,1.119955870327156482e-09,4.986512976022920013e-02,5.085590195417235849e-08,1.185366476100505571e-02
6.007857163753629187e-02,1.832218266462610861e-04,5.005433084438586089e-02,-1.055005799771939444e-09,1.428769456957300517e-02
4.972477069942807942e-02,1.235575324661585880e-09,4.911505904031016057e-02,-1.634117044450390886e-03,1.328164637530377876e-02
4.843957292173240586e-02,-8.143659457579005209e-03,6.951520331679038323e-02,-2.481741562059098030e-03,2.219854635139901361e-02
4.899493677319726598e-02,2.931933159293615303e-09,7.602018160226087229e-02,-1.037022961261627247e-06,2.217030188025071943e-02
3.120996477973115441e-02,3.745792372270561727e-09,7.439355139146545948e-02,-4.252747920230876842e-08,1.370659374124367016e-02
2.419808917458309006e-02,-2.699165030546322314e-03,7.627338671856409569e-02,-2.177209279567224379e-07,-5.174569953574690607e-07
2.313166196967788787e-02,-1.234849931932894933e-02,7.562425998714147890e-02,-1.908545628211767101e-03,-6.469583527503947879e-09
2.774751995531634860e-02,-9.320271931540769633e-03,7.528384515869858407e-02,-2.097746021996960402e-03,1.298344483448875090e-02
2.310399520004612767e-02,-4.174829943538848308e-03,6.475683771502561970e-02,-2.148175615459204865e-03,1.667714305157780297e-02
1.602077360037875570e-02,-3.215928952600151380e-03,5.367381285334271029e-02,-5.474699053367954845e-07,1.219102265869018847e-02
2.009020622513941687e-02,-2.198503796136376531e-03,6.370962181783169920e-02,-1.867496240384423098e-05,1.805509415426328687e-02
2.454118090734073998e-02,-1.236431224698886753e-08,6.900727699959322003e-02,-3.414704226911926975e-07,2.233453611246610446e-02
2.254788929276084486e-02,8.949606826861167201e-06,5.776460167846284022e-02,-3.810478500362614510e-08,2.127168613283660964e-09
1.884369128524864337e-02,2.783039302339259910e-06,5.334752505562469910e-02,-6.197342142837268590e-08,1.462368960224922265e-08
2.164593037537827433e-02,8.881122404468203906e-08,4.695378989791582081e-02,2.096159682782702736e-10,1.863415330218084600e-08
3.374317921708686052e-02,5.154567475029577992e-05,4.930532161475443403e-02,1.909522672018554012e-06,7.079477119311970712e-03
2.778041389509786074e-02,7.756454732627249531e-04,4.283296124300473712e-02,2.415643873411396896e-03,2.251851821360104089e-02
1.915881140482130277e-02,2.187301660381762297e-03,3.809732269762464152e-02,9.098833137347035402e-03,1.150845170515205421e-02
2.078202258167899732e-02,2.326329737705935645e-03,3.543773344401621866e-02,1.981323497685572119e-03,1.706817053175770120e-08
3.152629526263974608e-02,1.653411613537047672e-02,3.544595018242782669e-02,4.104112909176854500e-03,1.433437041237041361e-05
3.453048621289774023e-02,2.080119960647313845e-02,3.049999762332923289e-02,1.894410367533748678e-03,9.314220920199314108e-03
3.357049310916996460e-02,1.603955573771679785e-02,3.113280788071368793e-02,2.539060201160341958e-03,6.375733561396112505e-03
2.926400669326724782e-02,1.470171677581478577e-02,3.607348295949801970e-02,4.975669396562711273e-05,5.340682899081017127e-10
3.526989020152691140e-02,1.889883207202545934e-02,4.558036648644817751e-02,3.005309616755551423e-03,3.305717238341989404e-09
3.432445430763735733e-02,1.830792675557305418e-02,4.982179164157445050e-02,6.038524532152385500e-03,-6.758805799363104486e-11
3.159803540233509928e-02,2.433832819981829809e-06,5.118879633490636127e-02,6.776945595554569567e-03,8.306503248762520443e-09
2.581137103995532686e-02,1.148765060367379315e-08,4.420572171545683604e-02,5.505608279788451465e-03,-1.545679262531144026e-05
2.750292292995508078e-02,5.189717083431048158e-06,5.392864898883568264e-02,1.415149963773674850e-02,-5.169609839048639952e-03
1.502432282162335583e-02,2.463715945964357541e-06,5.008891303648064369e-02,1.579912896349464774e-02,-2.125761391000904714e-03
1.453680051954511603e-02,7.699096736049966460e-09,4.090111093572802725e-02,1.462779598112612378e-02,-1.225075988553665784e-02
1.345505812338447515e-02,8.885804863196221877e-08,5.028520055242410858e-02,6.496177471812978124e-03,-9.100110016469318761e-03
1.275701982408810990e-02,1.706460512390862083e-06,5.254533748324601017e-02,1.000849868098608979e-02,-2.976797993914506924e-05
1.120201074620183999e-02,1.309065153767657288e-04,4.378589945883779727e-02,9.655983894203853252e-03,-1.243927049441783836e-05
1.192085697871865697e-02,-2.975097472973371326e-10,3.773852482452146051e-02,8.233622799626066219e-03,3.022900710410414381e-10
1.483241766914266020e-02,-3.192216812759800758e-03,3.489462258601435524e-02,6.785602973227333745e-03,-6.452268335566691738e-09
1.934282006288978381e-02,4.231682647815564097e-09,4.494270894251375242e-02,1.509477719916633813e-02,-2.399636651605815442e-03
1.405474034882756885e-02,4.965730469107885783e-07,2.421229734945166273e-02,6.814969964556807404e-03,-5.689339983227862697e-03
9.404964915379966303e-03,-3.236448596535034438e-06,2.531456268087339465e-02,5.690045308700578466e-03,-1.025867373944652555e-03
4.880355602802240698e-03,-6.612074357361372168e-03,2.702822105038620026e-02,8.866555347154110556e-05,-2.122738538528763082e-10
2.103194508139033178e-02,-2.550208976113014214e-06,2.186629375738012929e-02,8.896321665841048641e-06,1.759942726696929826e-08
2.399075651063089371e-02,4.922281380143903359e-06,5.382480597915851629e-03,8.636098510163349104e-03,7.474184746508762419e-10
8.819332916844080730e-03,-2.925325559428139375e-09,7.287684305224050815e-09,6.038992564313810929e-03,-1.404238664127144785e-02
1.753105190540141592e-02,-6.527994491252451549e-03,2.218911709104407198e-03,8.310164647843613483e-05,-9.484178166893264192e-03
1.866002010221126314e-02,-1.124669704141072375e-02,1.071154361239121458e-02,1.341684665707891824e-05,-2.245100951458553311e-03
1.689049311746518983e-02,-2.362224439679054024e-03,1.238738873743322130e-02,1.684249129752658668e-08,-5.669783180946547096e-03
1.838648284679341577e-02,-1.727170262638390991e-02,1.620101721944367315e-02,2.970859515203916799e-09,-1.068376853864089378e-02
3.716518643134057547e-03,-1.996764119082496472e-02,1.089771994580185192e-02,7.294969289886647748e-09,-8.695936357132564437e-03
1.177911477970308880e-02,-4.595664114288494639e-03,1.119589664411930335e-02,2.141183328572994002e-05,-1.275006091199425325e-02
4.465221121292844812e-03,-8.102335075432608723e-08,2.436968321419040115e-03,8.215543305129575263e-05,-3.137984937842813044e-02
2.289629391717575100e-03,-8.189165370620289652e-03,5.832211513263699806e-09,2.131803039375326173e-03,-1.362903747591956427e-02
3.330849385194788702e-03,-1.018185331410684930e-02,4.348472145318979505e-07,4.783373983457844158e-05,-1.393820630976278269e-08
7.655213046197599687e-03,-2.183662392549025053e-06,4.756603190113384977e-03,4.810671408294349589e-03,-2.520917716405859780e-04
3.313145193498474601e-03,-1.396761732989547383e-08,1.860730406570728725e-08,3.427341208980520370e-03,-9.252591322155395356e-03
1.010248847754278614e-09,8.261492715596529046e-07,-2.106960169873805971e-08,3.102031541536200317e-03,-1.488194834977746468e-02
-6.025230861469966114e-09,4.067653624616124118e-10,-7.674801508271404337e-06,6.631106503123552695e-03,-1.954801944025594262e-02
-1.161311635856257188e-09,-9.943372041812560471e-06,-3.130768868947057895e-07,3.003821460307263495e-03,-2.620572278411992598e-02
-1.507146942056512232e-03,-2.002714770220672671e-04,-3.520821411587859648e-03,7.386560390012477523e-03,-1.532355632627559715e-02
-7.345482560778913289e-03,-8.843720328884167522e-03,-1.059329897519459794e-02,1.016869768755683003e-02,-1.236597768616516137e-02
-2.221051627440870455e-03,-8.207681558623660875e-03,-1.544196045091396179e-02,1.653329931376794847e-04,-2.641616903835815322e-02
-2.559635697098867192e-07,-1.010383825315981990e-02,-1.767827210247893688e-02,8.636126543954142246e-05,-1.605920191780116704e-02
-3.508965572455166957e-06,-5.586180459692130333e-03,-3.720802980028450890e-02,1.069677518597945543e-05,-2.015980320399488046e-02
-1.212629718249402973e-02,-5.839076067312528500e-04,-3.768196648411290678e-02,6.652546906583813729e-03,-2.953037813105920811e-02
-8.542972954370529892e-03,-6.572425868344397917e-03,-3.826330779515953878e-02,2.424395311707690589e-05,-3.388152358277533166e-02
2.358009246643128996e-09,-1.083573201250498212e-02,-3.547736869077076916e-02,1.442760759784197285e-05,-3.014364853227024382e-02
-8.166135904844828720e-09,-2.019047039297755877e-02,-3.394989046518998715e-02,1.556834887337971113e-06,-1.153639689226124143e-02
-2.748586277396495442e-03,-2.353354316007775018e-02,-3.862813762019819130e-02,3.040772327345260642e-05,-1.933271924477186765e-02
3.121182216369752171e-10,-1.524387122038967091e-02,-3.768959032000756409e-02,4.988129687538768384e-06,-2.436756162424587660e-02
2.615104291230050084e-06,-1.590138933529551188e-05,-2.630065876359789431e-02,1.131550369796993963e-04,-3.083776179297550296e-02
-3.709646350728235315e-09,-9.166199817083094468e-09,-3.857937934605140673e-02,8.777181614584730548e-03,-3.085602646063747775e-02
