-6.141269066972314401e-06,-5.782467314343432752e-09,9.636602392496711536e-05,6.373055840244443767e-04,-2.108665143019837485e-02
-4.071924525791782360e-05,-9.324075528693403770e-09,1.851786365648945272e-04,2.920816825107182138e-04,-1.834438109836671396e-02
-6.372900867107906147e-07,-1.928992274269615438e-08,4.732730154578517753e-05,2.323600254487157983e-05,-1.944977971087946678e-02
-3.779923325257810809e-06,-2.946854086636028993e-08,1.291879023694235934e-05,1.603688022840693707e-06,-2.573415187255097270e-02
-6.505950341049773745e-05,-1.682020332394659553e-08,1.549823737422490075e-06,9.669925470982799424e-07,-2.512997233046353543e-02
-7.321206006441789801e-06,-6.586140040753872411e-08,5.676926918233313786e-06,1.446209814957991767e-05,-2.244793058201979136e-02
-4.320750509787253907e-05,-8.991933898413614846e-07,1.142865785429568242e-05,1.287266145107209686e-04,-2.925699878619796371e-02
-1.009736474888516108e-03,-7.952250834119495922e-05,6.699148396156991159e-07,1.497910975081135384e-04,-3.427510616242249869e-02
-1.437733593382430877e-04,-1.223090402689274315e-04,4.781507916956781527e-06,2.078718536262404628e-05,-3.109140180261504155e-02
-4.734637603308683267e-03,-7.840587728610608903e-03,3.014999019431476588e-04,5.129367175402440096e-03,-3.153087038015714438e-02
-3.193543662930363675e-04,-8.234531030787049788e-03,6.547966781388270610e-03,5.125952211072691903e-03,-2.342537234218047132e-02
-5.572937541657637175e-03,-1.046203513697802241e-02,2.020174114598651330e-02,7.156915158455616488e-03,-2.632900964801020496e-02
-1.021369977906922723e-02,-1.233948670785556256e-02,2.483081884965067376e-02,6.079445149019050733e-03,-2.529123526253972826e-02
-1.246805335181621309e-02,-6.130364926366442882e-03,2.650987784640808018e-02,1.218125250472956202e-02,-2.389508336090444621e-02
-8.164694290942730096e-03,-6.116658213429082211e-03,2.521222681488013290e-02,1.218614883801250222e-02,-2.041696106276286171e-02
-6.718474236618327683e-03,-5.896541805500097981e-03,2.701448709074940127e-02,4.651220169950502636e-03,-2.846521199685186215e-02
-8.236051299985492485e-03,-5.376340250608310648e-04,2.548155755446009432e-02,4.011018758085689584e-03,-3.273096256829359507e-02
-2.020667510687484405e-04,-1.052843971921201807e-04,2.877693255132476521e-02,2.128040340428220324e-04,-2.689782935799911109e-02
-3.430553378805397779e-04,-1.404800326377807478e-03,3.081087667097948124e-02,9.158977962653987127e-04,-3.192838905536794780e-02
-8.317782350324138098e-04,-4.302336944139509116e-03,4.114212020911312689e-02,3.462523757586015091e-03,-3.025331491421625815e-02
-5.679619915691288537e-04,-2.149467334087127712e-03,3.738264381017071536e-02,3.221231798661291362e-03,-3.448343691053719351e-02
-2.991375475746808378e-03,-1.237936924754802709e-03,4.326469496599299330e-02,7.191245457218824189e-03,-3.322714919067241285e-02
-2.831912901138949282e-03,-2.629749281779665267e-04,4.870784772226176979e-02,2.567209346957669610e-03,-3.542093552589619526e-02
-1.233206472902820348e-03,-2.671126939040637145e-03,5.543000887339812055e-02,3.146670275931438571e-03,-3.439565789106496102e-02
-1.182750461194351146e-03,-3.649291552584125412e-03,5.305205489393695351e-02,4.453312861259686901e-03,-3.416780787193353375e-02
-5.185402911864276342e-03,-1.392393748843382935e-03,5.534027196010078697e-02,4.493354756739442561e-03,-3.961755927578592545e-02
-2.023807442513965871e-03,-2.307023289011727641e-04,6.099728592206619948e-02,4.991606063813108438e-03,-3.415311587864584136e-02
-1.520654060329230516e-03,-3.825363354473002193e-03,6.530151722394830771e-02,8.552255908461262740e-03,-3.350157217329120807e-02
-1.256291219235958732e-02,-5.529622571047800072e-04,6.512652190593697099e-02,1.402072852897011564e-02,-4.097389195858262140e-02
-8.027059809418854441e-03,-5.202210165994393442e-04,6.044712962460146305e-02,6.903328669004203839e-03,-3.802477350187836308e-02
-9.827992880882206392e-03,-6.965214831330319642e-03,5.991331398381529588e-02,1.078514350450149144e-02,-4.111898503220184214e-02
-1.256568505076211505e-02,-1.020145345024901090e-02,6.763985135209316102e-02,1.807158523250306653e-02,-3.864782649050176044e-02
-5.094661905706771195e-03,-5.390342577417202817e-03,6.413375563047950256e-02,9.077607598213192214e-03,-3.493164906311074097e-02
-8.392983931125943403e-03,-6.294406219672425652e-04,6.637421843045346326e-02,1.797022412037074714e-03,-3.378789062351676004e-02
-5.009978960618285439e-03,-3.374094378275248806e-04,7.089337171233665857e-02,6.161252769881115385e-05,-2.543186444198456200e-02
-1.292542752827446906e-02,-4.921021817457447685e-04,7.171360377761711036e-02,1.201711849194978172e-04,-3.781015502461600175e-02
-1.759966103644010349e-02,-5.128242103002502448e-04,7.070480879513535433e-02,4.994797359345339853e-06,-4.962480669733944361e-02
-1.709426006434221559e-02,-4.056630401951128069e-03,8.167912561123312487e-02,1.111098796085626260e-05,-4.523014558240174426e-02
-1.187463692973324270e-02,-5.289455346146347894e-03,7.052383693280138421e-02,1.487995220645457403e-03,-4.757999827339467330e-02
-5.916730174997026671e-03,-1.200047252262730979e-03,7.165224431989361542e-02,3.531822203004960606e-04,-4.919257907294188187e-02
-5.826994678742017892e-08,-1.139570734964357102e-04,7.257909730776829216e-02,1.782188804378857447e-03,-4.337116124062836281e-02
1.970233672001462403e-08,-1.978877768428203074e-05,6.641471502379872605e-02,1.383280994684349396e-03,-4.216182748705963462e-02
1.900746909680711271e-04,-1.269520167005606462e-05,5.441562275896950907e-02,2.007544963293162940e-02,-3.594149994031092116e-02
3.157725744158960957e-02,-3.453406188312474999e-03,6.513874805594976891e-02,4.462533675100228275e-02,-2.253556416916059971e-02
7.043193892071519802e-02,-7.337872266490394479e-03,6.746091644238598473e-02,6.279657278643345497e-02,-1.288905750053587207e-02
1.115956529678546333e-01,-1.041688596325347251e-02,6.991564240479435088e-02,6.090614664066178879e-02,7.340609280581695126e-08
1.392151756710554300e-01,-2.026837730165186383e-02,6.197489519248330914e-02,5.272549287779044330e-02,3.068925346434164734e-06
1.540981210842396476e-01,-3.609075404687932948e-02,4.764830568154804213e-02,4.287618682061979797e-02,2.644042374312851479e-05
1.698749416645392307e-01,-4.573252834240923437e-02,3.331238655095699469e-02,3.858267240812614934e-02,2.360012730127844776e-04
1.827794715255513514e-01,-4.338461432596618650e-02,2.504866314948484343e-02,2.085892688028388037e-02,3.017601130652301442e-03
1.803029556581840498e-01,-2.490544598769675599e-02,9.503949009196117209e-03,-4.018989298852934238e-07,3.458428117622451103e-04
1.767313119630502805e-01,-2.575127263970723794e-08,3.687750667060156526e-08,-3.147850683271621137e-04,7.913309873441129499e-06
1.800605474603448053e-01,2.992096944273612808e-08,1.964230959893720283e-08,-3.312006703215825826e-02,-2.006525802632504370e-09
1.693239082916484783e-01,7.453646164137745608e-06,6.594401740367728304e-09,-7.277654695387376915e-02,-3.024971801254640322e-08
1.404303217643444734e-01,1.952884448903951728e-02,2.880597089686507877e-09,-1.241011068916831467e-01,-1.824896015065259110e-07
9.150961913318375607e-02,2.941791272600505214e-02,5.594158657520577680e-09,-1.706490009356042004e-01,-3.217905552117841505e-07
4.398666608982124138e-02,3.408444344194690168e-02,2.101446775844913527e-09,-2.063296636871617407e-01,-4.599362336447870705e-07
-4.081320073494822639e-07,1.449165612332111927e-02,3.170284241788682332e-09,-2.337649377396834038e-01,-5.951384222485074104e-08
-2.792230094676971270e-04,2.500720546852332380e-08,9.011047465717857526e-09,-2.216871181165289140e-01,2.538820238496497170e-02
-1.844890169170550903e-02,-9.419124767898028467e-06,1.173320854383659052e-02,-1.946937354708850321e-01,6.220810519440243130e-02
-4.404298429877358950e-02,-1.096019088256636707e-02,2.031222452633119105e-08,-1.676945546404124410e-01,9.625385327447161243e-02
-6.762765783727570090e-02,-4.287119705795926911e-02,3.198959775736251454e-02,-1.200966761653791681e-01,1.224841913984285047e-01
-7.712485444845840199e-02,-5.618619906871834269e-02,3.754630467429757174e-02,-7.433298793186134124e-02,1.377423394024899495e-01
-7.348478856630306921e-02,-6.334603441556622971e-02,3.495905737466963037e-02,-2.948602202129806463e-02,1.412985924783541347e-01
-5.303730233464532678e-02,-5.555114115038938677e-02,3.760695565241600757e-02,-5.794396242439325394e-04,1.494997322535547291e-01
-2.536226635485318986e-02,-4.149432531357041820e-02,3.239411652165063993e-02,-8.633864609234645952e-08,1.607191827054605671e-01
-1.729371451722539312e-03,-1.818073160267186239e-02,2.565584097202745426e-02,3.666425136496829964e-03,1.675978864591079476e-01
-5.372896446587000640e-05,-1.451703586403408188e-03,3.360999643523086833e-02,3.675078324547878528e-02,1.649794374684413478e-01
-1.109828998600028674e-08,-9.034971638600295351e-05,2.664319660638469686e-02,5.840988113330002757e-02,1.581038343803983781e-01
1.611826983340628042e-08,-1.166134423848978136e-06,1.748155377957354498e-02,6.926050476865962258e-02,1.495965426825943967e-01
3.913733662615587755e-09,1.759693455559559907e-07,1.146201937120156292e-02,7.542501809551374614e-02,1.294948849417390802e-01
-3.814559282480548607e-09,2.917393804769924034e-02,1.153742892647458343e-02,7.594169108300632964e-02,1.094157817821007073e-01
-1.743090137814102180e-08,6.764726537959971087e-02,5.783453100524369242e-04,6.411210541579727418e-02,9.697918271382499622e-02
-2.393995848514341431e-07,8.365491128610255678e-02,3.339668816224245808e-04,5.551398459689590309e-02,7.595800907820952907e-02
-4.683991443406276862e-07,1.019390378119458956e-01,6.220429344126773385e-05,4.526802278132801421e-02,5.226512368479997034e-02
-6.052728168863270345e-07,1.187879039384905355e-01,6.728680443659240435e-05,2.390017695671256201e-02,3.777611973293332898e-02
-3.800034427533488971e-06,1.370451109613693708e-01,4.094541351738687212e-05,5.007905154057647711e-03,1.393854976673873820e-02
-5.398730325138021766e-06,1.543682024296839095e-01,4.506625362741298151e-05,6.347615425657166653e-07,1.814302266287440724e-03
-3.306620422260509848e-07,1.689843886692425912e-01,2.713460305713148553e-05,3.953067053289084944e-09,4.109809454057346810e-04
-1.987804196248943729e-05,1.799854065083456300e-01,2.761103252101896943e-05,-6.004550293378972171e-09,1.032032689924212814e-04
-8.797179833368395203e-05,1.786297805300081365e-01,1.539648805127519153e-05,-4.510998415500680307e-03,-2.155891655066816049e-09
-9.990684119409957292e-03,1.747515377506662360e-01,6.156997236458045151e-06,-8.427400844683224229e-03,-1.922334969863544327e-08
-1.385939564249624549e-02,1.616550798378821319e-01,2.205483155087550473e-06,-9.859976259363491952e-03,-7.089073049491830302e-08
-1.544620691904782274e-02,1.453048232802900130e-01,7.037633554477317600e-07,-4.749837809592415949e-08,-3.681119057620990549e-06
-1.986057023506963490e-02,1.312416070471438823e-01,1.279707052999656441e-07,-1.293521531949176386e-08,-1.788406460873774237e-02
-2.478174513359950731e-02,1.143181067168011489e-01,4.431499916933022392e-08,-1.335600089795624771e-09,-2.956643152490440532e-02
-2.159306526234638229e-02,1.010306675048857628e-01,4.104982017567959884e-10,3.880964847888748564e-10,-2.921693187324315988e-02
-2.215618043645475876e-02,7.891789158998167852e-02,-9.135396502959099087e-09,3.950813862859615654e-09,-3.339229520151504316e-02
-2.084439641562314469e-02,7.848560192212745978e-02,-5.056997597026608587e-02,7.546522755507984520e-09,-3.924647997986856901e-02
-1.370046444428834297e-02,7.025459501869617263e-02,-4.858622176703250584e-02,1.671664312400462566e-07,-3.626882391163751412e-02
-1.224637718279984744e-02,5.268390829258524921e-02,-4.299429907050771743e-02,1.232676806924017289e-07,-3.568945547698461340e-02
-2.211644258403728559e-03,4.839679434528865176e-02,-4.198983380428446266e-02,3.712251153656874010e-07,-3.047592162033701743e-02
-6.739108666853361002e-08,4.357639095350810537e-02,-4.143264685446286510e-02,2.493791006322935905e-06,-1.750226554674499599e-02
-4.085911623282718153e-08,4.149739891866458669e-02,-4.676839388402309616e-02,4.902000050211589470e-05,-1.272815085096794946e-02
-1.673490546039260898e-08,2.803456011861807373e-02,-4.777132443123214417e-02,1.576610732619234149e-03,-2.354974670674024259e-03
-1.734133179150610196e-08,1.218324763037789346e-02,-4.702756738727340013e-02,5.090875558710942009e-03,-3.406288035626357623e-05
-4.943893114821077417e-09,3.110852853390970191e-03,-5.203994170943952030e-02,9.726556517393169024e-03,-2.666630367649098226e-08
-4.945419534920581320e-09,9.216254304542720798e-04,-6.048528756337998025e-02,1.112061206463242115e-02,-2.305395298266740972e-07
-4.233195932139512257e-09,3.965389328936249160e-05,-6.314850126679316666e-02,1.381776260346062428e-02,-2.116622584048270383e-08
-8.388279602680260591e-09,1.928411682305547926e-06,-5.938535063721644969e-02,1.320748094174948283e-02,-6.999246729338952347e-06
-1.885500356319132987e-08,1.817276604530107517e-07,-6.868221961986838153e-02,1.341163129818189435e-02,-4.469633575419204103e-05
-2.533836382369062659e-08,1.127153354146123886e-08,-7.038505601972397385e-02,8.292304483787822644e-03,-2.037309149967316715e-05
-1.325640983798920811e-06,-2.192552171553559539e-09,-6.631684170700126446e-02,9.392737418840531663e-03,-2.027141197433957791e-04
-3.302080229299917367e-03,-1.437459075146275716e-08,-5.828205296308058142e-02,6.661986879005759622e-03,-4.246101484688233514e-04
-6.521392006763509011e-05,-1.525927734811044759e-08,-6.361572307066737375e-02,6.123266954950653748e-03,-1.399248771887216542e-03
-1.253870951526937132e-03,-6.543818135207382001e-07,-6.389451203277475566e-02,1.688154051606296363e-02,-4.332220339334220786e-03
-2.942069190754177221e-05,-2.468933147887645424e-02,-6.522609724871743231e-02,1.352090572801686874e-02,-2.108377393265428289e-03
-3.292372784102517537e-07,-2.239560003343812888e-02,-6.197442128646353521e-02,1.116364846022037220e-02,-7.366807608184448505e-03
-1.429878587107787059e-06,-2.313168896593388937e-02,-6.280409709784362526e-02,1.675898156856956214e-02,-5.939203008559618829e-03
-2.630982036399187271e-08,-2.587176149270271897e-02,-6.298053961486695107e-02,1.327740932340215965e-02,-1.155336112409617718e-03
-1.494376874214004999e-08,-2.806918637081189799e-02,-6.494085304812062531e-02,1.557801529122620002e-02,-5.403857601558418071e-04
-1.593049385814912578e-08,-3.347128623467176406e-02,-5.851603348971049640e-02,1.269885844263168341e-02,-4.827356672304741053e-03
-1.182333687895606621e-08,-2.885511133869103281e-02,-7.097312988563408975e-02,7.199449766399241071e-03,-1.052236737479990761e-02
-9.349703495542618944e-09,-2.169466014453610980e-02,-6.827771526520826084e-02,8.038705376935168997e-03,-6.807915733581021769e-03
-1.143384134402422216e-08,-1.933967208809081115e-02,-6.293884114574643807e-02,3.193830515619846232e-04,-1.230954051135454974e-02
-1.091583059250383505e-08,-1.389473751626639324e-02,-5.707239126506498395e-02,2.918558296265076624e-03,-1.127906309722178507e-02
-1.916060971431014351e-08,-2.396496019157513119e-02,-5.555516944719170874e-02,1.294748606399935553e-02,-9.011369775084923303e-03
-1.617304775277698077e-08,-2.664189285353065623e-02,-5.634469137252452048e-02,1.908575414941481724e-02,-7.724097387509780421e-03
-2.203114846123908071e-08,-2.682243261748978869e-02,-5.763664811209395777e-02,1.451933360564372152e-02,-8.507702020438073776e-03
-6.406293530878366238e-08,-3.838932432151097307e-02,-5.329783316356035555e-02,2.047814598394881794e-02,-8.858766739303467960e-03
-4.457568006640852010e-08,-3.846837893322548746e-02,-5.549889212072247474e-02,1.006456988816062728e-02,-1.016160439048261963e-02
-2.889521734731661509e-04,-4.007971328933938870e-02,-5.086051027568114918e-02,1.040161925149230872e-02,-1.125603102512859506e-02
-8.491017818554715338e-03,-3.657510962551733386e-02,-4.982296706406331988e-02,3.109471578152008518e-04,-1.049132627760358469e-02
-1.647999316165781394e-02,-4.311833657944669912e-02,-4.473342916544580800e-02,1.499637223187456222e-05,-1.187723948684870669e-02
-1.080013792962904173e-02,-3.936427388319287818e-02,-4.437956195695722666e-02,9.705816724221283487e-08,-3.861919127215434049e-03
-8.213625013000954919e-03,-4.815019679653179119e-02,-4.905888804925661456e-02,7.103235318005994691e-07,-6.990427436041595638e-03
-3.149980034700768008e-04,-4.746452301085343078e-02,-4.330317844206083705e-02,5.001106206782134264e-08,-3.392205243125702430e-04
-4.797695681048765384e-03,-4.624764029442116064e-02,-3.309981972488429403e-02,5.834697879394755864e-08,-1.138602111923959093e-03
-2.814882018118141423e-03,-3.956084622454115324e-02,-4.253407094530439053e-02,2.633410823966709969e-08,-1.678229038955463632e-04
-1.980292740096480878e-03,-3.747698691611956595e-02,-3.498523061011662300e-02,3.089145436763425672e-08,-5.687780282408231675e-05
-7.812491716029929109e-04,-3.767651830202353724e-02,-3.976580886171770385e-02,1.699979338567795659e-06,-1.028147858231469494e-05
-9.379674890880016630e-03,-4.221004211555615809e-02,-3.502588256910491027e-02,2.648107071932586692e-06,-1.607818953955289661e-04
-1.184296555660521028e-02,-2.768263469175992128e-02,-3.994498323775921150e-02,2.101955688184246804e-07,-4.217261484914247029e-04
-1.998363854096197462e-02,-2.391186285405794837e-02,-3.323242022635984616e-02,1.115886125072305559e-07,-1.459168761802498090e-03
-1.570617976130976243e-02,-3.012563189371360653e-02,-2.642161759585903713e-02,6.042414188189565297e-08,-4.314990296822016395e-04
-1.448034957444450412e-02,-3.648063492607683811e-02,-2.041677189211396973e-02,2.242159249863401843e-07,-1.858740854305904449e-03
-1.321281644512794194e-02,-3.596817968380504327e-02,-1.815915488827466590e-02,1.658356252939680714e-08,-1.705361332651162494e-04
-5.796899499337430234e-03,-3.607289649983765056e-02,-1.511900640702374191e-02,6.631584322076239651e-09,-6.964900687448603540e-06
-5.347790604823170549e-03,-3.427555483943052483e-02,-3.739657097008046525e-03,1.118188939727150500e-08,-6.669893565689683746e-08
-1.250211144389399252e-02,-4.511750776581153338e-02,-6.927278213161426699e-04,2.152200193530791529e-07,-1.925895724458682112e-06
-1.955294964881818323e-02,-4.624625604946038665e-02,-3.487902136305224242e-04,1.458312845995406687e-07,-2.500537525321872617e-06
-2.074341671522474465e-02,-4.157909898673911586e-02,-6.061157963158571738e-04,1.957087207720570442e-07,-2.414936523594970749e-07
-2.185012248238986723e-02,-4.051438393917795866e-02,-5.462672963778709414e-05,2.273536905819924463e-07,-1.211973237742266210e-08
-2.406284295104592699e-02,-4.526414225178842371e-02,-4.035904127720266860e-05,2.062579500138317539e-07,-3.439835300571188536e-08
-1.419695463815070710e-02,-3.763880293998428384e-02,-1.814338336803597953e-04,1.143608145202532488e-07,-5.042219099311149741e-09
-1.864222716622021547e-02,-4.330056205613719983e-02,-3.274260820828687465e-05,2.048913514147417492e-07,1.304167363774717007e-12
-2.056218251386763771e-02,-4.341535869661192204e-02,-2.388168035265643557e-05,1.936534075591738172e-07,3.855792496805788247e-09
-2.003373291034492992e-02,-4.589133130063609983e-02,-9.045490305991608690e-06,1.691758347269406811e-07,3.861553500539346624e-09
-2.109480323406466920e-02,-4.179710668732247031e-02,-1.783745486714470856e-05,4.200335801330563818e-07,3.419543945081359477e-09
-2.703180732679012072e-02,-3.812869628361226920e-02,-1.093281533041485565e-06,1.544801033111932549e-07,2.893413207093899306e-09
-1.989416020894992781e-02,-2.567511394732634178e-02,-2.038282741826317911e-06,3.952875447513190572e-09,4.538363682511483589e-09
-1.557588976473067016e-02,-1.647353162895042258e-02,-3.697432511891298722e-07,-3.417686291750520794e-09,1.489663406978121963e-09
-1.314390921779726683e-02,-1.359199919275122861e-02,-3.944553298859043974e-07,-3.550967243009168401e-09,-2.987825590258078708e-09
-9.331711831845990873e-03,-1.518028918393787320e-02,-1.812352963099912910e-08,-3.887317545232536079e-09,2.046006384272718378e-09
-1.339858899348128976e-02,-1.420641725996980506e-02,-6.026467891267359072e-09,-9.223974583252976347e-09,-1.148825690406278943e-09
-1.389125249561031644e-02,-1.124585675597854738e-02,2.244570559319614010e-09,-7.044828312017693278e-08,-9.929995217102626241e-09
-1.211666795709219306e-02,-8.646860181163427278e-03,1.370908187944986583e-09,-1.171558460442815896e-07,-2.130661771809347976e-09
-1.751661709661444730e-02,-1.816265563354135977e-03,5.178597546890883190e-09,-1.350106255126777557e-08,-7.698495659043865591e-10
-9.933117979677852719e-03,-4.362292546434508572e-04,5.227322935953840207e-09,-2.628866161700497655e-08,4.584206825321959430e-09
-1.982218793305801433e-02,-5.069287012936704237e-03,2.597264291254721819e-07,-7.786857665798536560e-09,1.766421204753503567e-08
-1.534556461612062578e-02,-1.873536035199070953e-03,2.818654244445383504e-03,-1.165362669713621613e-08,2.035161208054786483e-08
-1.022983831300404781e-02,-6.372616447616099569e-04,7.155852703902121359e-03,-1.205842081779418656e-08,1.324520359003480548e-07
-2.147177599557257427e-02,-5.913116845079623846e-03,1.903714754628966360e-02,-2.291989148659436151e-09,1.047152544019630617e-07
-1.807517994015287940e-02,-1.093939997436357619e-03,2.175876821723702476e-02,-2.011640392405763588e-09,2.254705680363162554e-08
-1.862518439713119200e-02,-1.397919299854724238e-04,1.463615893998184217e-02,-2.076920231165757105e-09,2.482451338312079000e-08
-1.690824129793304723e-02,-2.031485432817577434e-04,1.481240443366061733e-02,9.507500152480309487e-10,9.255624164873351388e-09
-1.025488503586664477e-02,-6.986156102461320066e-05,1.747341775259942526e-02,2.382511978888086456e-09,3.566096387224444845e-07
-1.039968634704108337e-02,-1.323026728965225647e-05,2.184332201652581032e-02,1.411150275140016570e-09,9.126459061255879422e-08
-5.119377061924546696e-03,-1.105813240230181469e-07,2.112640991968688098e-02,-1.513267361857062572e-09,6.119271995109607717e-07
-6.289024929056473943e-03,-8.690119884742346451e-08,2.748934792242222272e-02,-6.098069839594895249e-09,1.117165117301505731e-07
-4.466777684974583898e-03,-3.250707653929703554e-08,3.064325370670702500e-02,-8.168879285445184513e-09,6.916473078223740089e-06
-7.544377615822626948e-03,-9.848934544339555949e-09,3.208381344711027511e-02,-5.693485821603580549e-09,6.315761476241103869e-07
-7.511589483332667232e-03,-2.661399253302189068e-09,3.422220059010335630e-02,-7.471680142961184784e-09,1.491139052680622948e-06
-6.230669204645429386e-03,-2.943550853894681993e-09,4.363137929829320749e-02,-5.273566533359718206e-09,5.760942887125116519e-06
-4.783285952251610865e-03,-7.491187046269423656e-09,4.754286244102030184e-02,-9.729951625541106805e-09,1.062616622321460092e-08
-1.046828945798832650e-02,-2.916477629542793115e-09,5.309633789131319725e-02,-3.370182246028390653e-09,1.474595577216794422e-08
-1.655013174897277187e-02,-2.284905317321873271e-10,4.502845125896608180e-02,-2.175250436035227584e-09,6.357072062836216127e-09
-2.313343325579499815e-02,-9.887020227055179568e-10,4.929817985396012930e-02,-3.927648466542755395e-09,-3.168044590009577228e-10
-1.561621191947728908e-02,-3.789398125620748577e-09,4.706791377003478882e-02,-4.820641385726102326e-10,7.044266618436721651e-09
-2.009941042927874955e-02,-2.077231649660797612e-09,4.778391579508214915e-02,-2.459141793433260034e-09,4.411988533966225209e-09
-2.501272690139509460e-05,-5.227421278751234424e-09,8.400857753197344980e-06,4.093178227760988912e-05,-7.042079581538924788e-04
-4.266350852408267911e-04,-1.195305402162278600e-08,1.054363958191925950e-06,5.385307523966872262e-04,-8.173727100527506881e-03
-4.202311833622187823e-05,-6.566986274355901275e-08,1.468472971044284455e-08,9.124842284273945725e-03,-1.049899000994635768e-02
-2.747735094381166696e-08,-3.184271372713882219e-08,1.921886227055732106e-07,1.641191335143473914e-02,-1.180935016907036679e-03
-3.325949065275367929e-03,-1.010855358245398319e-07,9.542722974062423612e-05,9.653532570720125064e-03,-1.370099896792131497e-02
-4.663459616614218026e-03,-2.128379700237493084e-06,2.071302638573841880e-04,3.969256554034530655e-05,-1.677814461717222483e-02
-2.401723512065697709e-04,-2.319541005924308368e-07,3.055498638597803395e-06,3.678524370925808398e-06,-1.522078087090552277e-02
-6.046264919968348875e-03,-7.035396494372466222e-07,8.315635839296504081e-04,4.015701068153574953e-05,-2.229227356525895556e-02
-1.584964223089144544e-02,-4.652227805634220228e-06,8.662593811581449296e-03,7.384968328315938111e-07,-2.774116553082595429e-02
-2.247772520252091025e-02,-1.270812373080359428e-03,1.866094707514484238e-02,4.043092021105018163e-07,-3.426172132539336002e-02
-1.691176205887607101e-02,-2.697781644473126240e-04,1.438129723814909368e-02,6.854094064192988422e-07,-3.343133580267461380e-02
-2.101464133457193670e-02,-1.540420736080890928e-03,2.344894871900064098e-02,3.711957726063030440e-04,-3.538464413028292316e-02
-1.923467887772193491e-02,-5.100914763038743313e-05,3.798201963182395308e-02,1.104132453029337154e-04,-4.080611931834448453e-02
-2.711540002869697319e-02,-3.145037580911364417e-03,4.778876010575388439e-02,1.747108971714763162e-03,-3.958382161944568045e-02
-2.724414598470588020e-02,-1.362480701272838525e-02,3.859035457157020121e-02,7.666543011415078573e-03,-5.076567272241740147e-02
-2.180885714664289668e-02,-1.181412682036688498e-02,4.071568510844969513e-02,1.108400045724603801e-02,-4.435990276091336670e-02
-2.472135487218754188e-02,-1.436990585188700417e-03,4.247135299631289718e-02,5.424893249582782469e-03,-4.793674450044112245e-02
-1.962773468762400025e-02,-2.833691167747310561e-03,4.518000825600788223e-02,3.751884079273562576e-03,-4.795892950678500716e-02
-2.540450004172304169e-02,-5.097918672959424191e-03,4.117595169557428797e-02,6.485542126336681958e-03,-4.028900778690511220e-02
-2.024447396092566784e-02,-4.788565182779530062e-03,4.747091964553977472e-02,1.668297458126774893e-02,-3.007480408303244215e-02
-1.692411666956155497e-02,-4.152795037205729740e-03,3.912896642378750622e-02,7.564403506460920003e-03,-3.458342310271123043e-02
-1.899389082413500615e-02,-9.412460592079908636e-03,4.463159281009349000e-02,3.118793237983350387e-03,-2.714081708092925399e-02
-1.430994084136211209e-02,-1.108256151494193750e-02,4.213612877403232621e-02,8.282122111665736822e-03,-2.462004709855105875e-02
-1.964774650549298146e-02,-6.762700415172418107e-03,4.611730551833729402e-02,1.294907329572785731e-02,-2.347475741889812340e-02
-2.235531388975786626e-02,-8.289033828136411347e-03,5.472702434047036629e-02,7.229651220495121426e-03,-3.019791539157141991e-02
-1.462940276018413061e-02,-9.971638452690658946e-03,5.623788923267603046e-02,8.073956805241202817e-06,-2.084575389758265215e-02
-1.955476670885875068e-02,-5.402661155312842890e-03,5.438780770065325398e-02,1.565510662039340712e-05,-2.889275555078149593e-02
-1.778730956780030098e-02,-4.571346012892708172e-03,5.714745113910472268e-02,3.792082293101248138e-03,-2.636985850830416214e-02
-2.069138660093895049e-02,-2.819779489672327548e-03,6.336526677302227462e-02,1.109478184896620568e-06,-3.275333866793896098e-02
-2.525248666087625757e-02,-5.790619592280130644e-03,6.748509491758698797e-02,7.609548904026569833e-06,-4.092511405359464810e-02
-2.301861298082592128e-02,-6.392967618569464798e-04,5.987418445773496495e-02,1.426997484213879457e-07,-4.098786119874858747e-02
-1.943626679875818525e-02,-1.381859641851774006e-05,5.715489700812204782e-02,1.148999550635191980e-07,-4.092775694635662764e-02
-2.486628969143993284e-02,-1.097873830525282235e-06,6.128249800283453591e-02,9.056805084123631713e-09,-4.539803381821287676e-02
-2.317348666018986814e-02,-3.579725509062434694e-06,6.515274375502692894e-02,4.116056395261521546e-09,-5.016220906753216663e-02
-1.953280809064260673e-02,-3.424896384631737112e-06,6.661210918701016004e-02,4.492968534095085331e-09,-5.046045781889546555e-02
-1.156163643458554303e-02,-6.850353330621996189e-06,7.498569111352254568e-02,6.222720384577637601e-09,-4.151565096428072588e-02
-2.826015264153059273e-02,-3.215641631875902055e-06,8.721518307169418005e-02,6.493463972741733294e-09,-5.162427013120252095e-02
-3.096475051009678001e-02,-2.198762555107423589e-05,9.825412913782967383e-02,4.460315156619648783e-09,-4.203499947106539153e-02
-1.948084326344529452e-02,-2.643399597823825869e-03,9.292095811195326405e-02,1.730965140612956339e-07,-3.196219722666483049e-02
-1.842229486519150403e-02,-2.095499033414352735e-04,9.117540523498482430e-02,1.454026456754183656e-04,-2.165991806133687678e-02
-1.179136676966300798e-02,-1.942649990744266860e-04,8.819043191261916048e-02,3.720680981620942598e-03,-1.822582801016951748e-02
-1.512665176800418927e-08,-7.624915912684106581e-04,8.273654233142298253e-02,1.944274196470684299e-03,-6.748692072843310089e-03
3.401863556458713583e-06,-4.910875973577479795e-04,7.536163406947447851e-02,4.908985421940685774e-03,-1.226073905204345531e-06
2.482819400665042808e-02,-9.454605994300060295e-03,8.137911394646044072e-02,3.695363555824027202e-02,7.239213612654572738e-09
6.053130735199149792e-02,-5.361761820246151861e-03,7.868469589780877071e-02,4.215744521344950285e-02,1.960239915222670448e-07
1.026108725943588457e-01,-9.957835073596897624e-03,7.638001366903293676e-02,3.262848134282581719e-02,1.161588060047942908e-05
1.345275193243133383e-01,-1.079796754060111108e-02,5.560053374432159107e-02,2.334061919278681424e-02,3.411016800402492770e-05
1.620971956388777835e-01,-2.784002052604960323e-02,3.092783531581143677e-02,2.229412765036756228e-02,4.953985633694203174e-03
1.763617575554647099e-01,-3.513577045215888345e-02,1.440251498305973946e-02,5.299900562641026401e-03,2.102515374414207217e-02
1.799778477600899040e-01,-2.445825228504836663e-02,5.853480447506194742e-03,-1.081474457832084010e-07,2.841040482629207317e-02
1.730327142342761582e-01,-5.119760372917832031e-08,9.443090039464581377e-09,-1.456279541314315035e-04,3.054632069841092812e-03
1.743804993767756883e-01,1.487407969228284856e-08,2.012348818772289374e-08,-1.508341191173413233e-02,1.135073079953893610e-04
1.676912478695189168e-01,1.653524899725063309e-06,2.455341515642432541e-08,-5.932516792481703355e-02,-1.356300069821493495e-08
1.467985804389389248e-01,1.062303343548466963e-02,1.623561908681554500e-08,-8.505200774032113664e-02,-1.366383854534883136e-07
1.194792140549383180e-01,3.740813238715698374e-02,1.006646983799749747e-08,-1.210349564403420813e-01,-1.045790220062872874e-07
8.790782918701063597e-02,5.333815250616495696e-02,1.374515349531745703e-06,-1.532597989671185545e-01,-1.117092478236174863e-08
3.224597960071508979e-02,4.849934524380979800e-02,3.517681069213491994e-05,-1.786724746456618551e-01,-1.528814955527050916e-07
-3.974340837979520537e-09,3.421056475873104213e-02,3.455455130801468361e-04,-1.941312739115387265e-01,-3.512555549467011988e-08
-1.560031587049020478e-05,6.452548190720918016e-03,5.191653231980958814e-03,-1.882810254990072429e-01,2.435269164568721820e-02
-9.523821741032319297e-04,2.827116331474722704e-08,1.082597571148039527e-02,-1.718454197213411805e-01,5.578813238736222285e-02
-1.920786660973182805e-02,-1.658660954039967929e-09,3.172299199086953819e-02,-1.546083357091312394e-01,7.907905708073241502e-02
-3.567574772175213099e-02,-1.891858737300699557e-04,2.468485738353123210e-02,-1.340218930643995165e-01,9.076464919811688681e-02
-3.571230648097634131e-02,-1.985050333084339633e-02,2.446148041112628652e-02,-9.505872966305396743e-02,1.086270278695296021e-01
-2.170933061614523096e-02,-2.705763944289751866e-02,2.922390198901629946e-02,-4.057566942639750929e-02,1.334311799324528758e-01
-4.467917783843992387e-03,-1.476907644267562610e-02,3.247626715265041625e-02,-7.153409351069049595e-04,1.464918331973166787e-01
-1.674686863971039803e-05,-5.332517299835213241e-03,3.138048885161688617e-02,-1.671842949566257537e-07,1.636578321933725710e-01
1.448489057250546194e-06,-4.235988345256343798e-04,2.202437903342596356e-02,3.787247895362167750e-04,1.681984577223689936e-01
6.581858458645833444e-03,-1.549789964850455267e-04,1.012357445035849852e-02,3.818388000952155359e-02,1.704079358200156769e-01
2.779815564010097370e-02,-2.515926271713041004e-05,1.326521802311870055e-08,5.699269391379861022e-02,1.644758946343492789e-01
3.975971620930861261e-02,6.546243210643656489e-09,1.600044393759365673e-08,6.936395570582003234e-02,1.591349801017684640e-01
4.489226878863259579e-02,1.155120649215499520e-02,4.623200031645684771e-09,8.026605573692548179e-02,1.440017494767927286e-01
4.833538727667330975e-02,4.134030742727919094e-02,9.141909583418474130e-09,9.103237822287052472e-02,1.392513114067767399e-01
4.132765711399463693e-02,6.235873390520070558e-02,3.895804270101003639e-08,8.806432972544424309e-02,1.140912998675116252e-01
3.597256861800621208e-02,8.209785033393944553e-02,6.361252169593017708e-09,7.849907248907847523e-02,9.733153513721645722e-02
3.003742100456751815e-02,9.719636860283356605e-02,-9.683815286378912718e-09,7.095237525240767618e-02,8.658911636839573822e-02
1.795586198735338312e-02,1.104834069373450134e-01,-3.821470326898203873e-08,5.804686441542054182e-02,7.154251909286914179e-02
9.989863089977450272e-04,1.237123664629915104e-01,-4.070167711206265981e-08,4.187894939539605482e-02,3.709992943089349127e-02
8.893135743229915095e-05,1.255905351700678241e-01,-1.213817507057419499e-08,3.038428388140584913e-02,1.849763304698690686e-02
1.408278708599154188e-08,1.215794067824512159e-01,-4.857570658030270494e-02,1.513031091336536696e-02,3.948442408588678332e-04
1.106344273412228722e-10,1.244318631637624517e-01,-4.455277814476795578e-02,1.068320369598983050e-02,1.907115522115458695e-04
-8.952512881937193862e-09,1.169550371935733774e-01,-4.598313478464365056e-02,3.255735167416989721e-04,2.644515154437038386e-05
-1.619286035744810212e-08,1.089915226534877990e-01,-4.401173013668376738e-02,3.247908539384993518e-05,2.545620457421347874e-06
-5.420225509874124103e-08,9.645125825213678172e-02,-5.920457104101783941e-02,7.032127357251320611e-06,-4.828339839130329195e-10
-4.007398320107514729e-04,7.849328793980116237e-02,-5.850164329293081750e-02,4.499318891165055847e-05,-4.502165518704862505e-09
-2.500485593718794822e-02,7.700610323900813903e-02,-6.147091423586325404e-02,2.583417479677973234e-05,-3.929776004845059081e-07
-2.883653194593541191e-02,6.626687098865556569e-02,-7.171859776628146388e-02,7.811111001725657408e-05,-1.101918565293165397e-02
-2.629742410670573433e-02,5.517014081146141141e-02,-8.586326790659878916e-02,7.952046790318237010e-05,-5.710341379453569115e-03
-2.795473279843253833e-02,4.505907902654553848e-02,-7.458627479853299769e-02,7.029345607823593751e-03,-5.396219315033921535e-03
-3.766166112244580949e-02,3.952034976288997664e-02,-6.453527222503210869e-02,8.893410512655965452e-03,-1.134533507468708097e-02
-2.747780228602215991e-02,3.713142547513266500e-02,-7.320857260145456624e-02,8.259080519791652019e-04,-2.569658433531990093e-03
-2.240325422652677742e-02,3.333616705239011296e-02,-8.417993405833233689e-02,3.422102302756197716e-04,-7.570821586917494787e-03
-2.123132743732426136e-02,3.405376586468253364e-02,-7.857214098457399043e-02,6.404224810720428318e-03,-4.046730818798345217e-03
-1.480658473708633752e-02,4.234132156015873311e-02,-7.907764598276166568e-02,1.926737295943499993e-04,-5.918323996516212070e-03
-1.605339645004877358e-02,2.881732452135532530e-02,-8.058646274743554161e-02,2.875370709992964950e-03,-1.176284085858219502e-02
-1.216210853589155642e-02,2.785808193746068528e-02,-8.918994002671282173e-02,1.987455813642270697e-03,-1.442227435744998683e-02
-1.306754121151723624e-02,1.569512444260143941e-02,-8.978147586456219909e-02,3.404255331604277585e-03,-1.119362663588981122e-02
-8.643919509449808636e-03,1.043341505868928057e-02,-8.849708811167784905e-02,9.909139193175511051e-06,-9.643054132160067474e-03
-7.169766762915912516e-05,2.323475509606355138e-03,-9.001030922427552539e-02,5.796006506764991595e-08,-1.552688698562869427e-03
-4.263967365611166387e-05,5.399724865832271066e-05,-9.444661896969377968e-02,1.447343778418669945e-08,-2.816621433617220744e-03
-3.151205537185912795e-07,8.434003085154372732e-06,-9.445033267770192031e-02,2.116878676419542832e-07,-6.394606587300679767e-05
-2.172040560999612783e-07,2.447416794519961125e-07,-8.984823418836028475e-02,8.056718828623156832e-07,-1.919015265370676540e-04
-4.315472873023466918e-07,1.329222320707873791e-08,-8.896504001637338399e-02,1.178909358528449523e-07,-2.190016444018922791e-04
-1.451237149376883020e-06,-2.426212835548304893e-09,-8.572158854314353149e-02,6.474817718044850963e-08,-1.011657598132539924e-04
-1.643396600952449029e-04,-1.566883043290841295e-08,-6.582693878184275871e-02,2.800670952756899800e-05,-1.857034008712107927e-05
-4.647789024674719993e-03,-2.411003305848854333e-02,-6.126094899134414129e-02,6.377588808737821381e-06,-7.440897745797600570e-05
-6.632816063891987766e-04,-3.138796587886791278e-02,-6.683042388892396213e-02,5.300034139139659148e-06,-1.300157163110950012e-04
-2.396494921938154173e-03,-2.828059801876525378e-02,-6.928552291425189857e-02,3.796437646556354226e-08,-6.822934255299638534e-04
-1.479371590622843908e-06,-3.211201117503932612e-02,-6.801149400985005700e-02,8.744749296227136958e-08,-1.273344562747078196e-04
-4.423746397177617177e-04,-3.709906142030330173e-02,-6.279740784681045462e-02,5.975229097782219068e-08,-7.813067767107539311e-04
-2.224064129583482388e-03,-3.785060883678413590e-02,-6.478680038478557002e-02,6.418995897662257016e-08,-1.251659211935481769e-02
-2.545625446339239584e-03,-3.218283302028376869e-02,-7.103259176104093076e-02,6.016254262942092701e-07,-1.312648578498438329e-02
-1.526701855317886495e-05,-2.600343631778560816e-02,-6.543338742641646721e-02,1.109794885516046643e-07,-9.445348786812676756e-03
-2.163658762667422433e-03,-2.061204330512002997e-02,-6.185370951561754149e-02,2.988671481530670442e-06,-1.870063193882528715e-02
-9.520844127608297613e-06,-2.018810434180102684e-02,-6.333065096155725271e-02,8.482507686084201087e-08,-2.015075479182784970e-02
-7.488607597997721060e-08,-2.147782193783922655e-04,-7.751740955006550249e-02,1.587328138363935311e-08,-1.511653171571666551e-02
-6.408773261301281034e-08,-1.990353886805489372e-02,-6.933100825472764128e-02,8.484074743337504700e-07,-1.171880956375940391e-02
-3.064696233899925768e-07,-2.321730111897421164e-02,-5.514352886336069959e-02,8.164699965781852624e-07,-1.813154604635286785e-02
-2.707027256021984912e-07,-3.073442475906936963e-02,-4.937781778153722823e-02,3.376965821648012840e-06,-1.009112644090185730e-02
-1.086696055551147841e-08,-3.186932681010164192e-02,-6.106424092969790079e-02,3.815246767334311456e-06,-2.612469397001417493e-03
-1.981967497863398807e-08,-4.341702209792433487e-02,-4.940100639189274473e-02,2.601982949686211261e-03,-5.611856862655777677e-03
-8.281158689829983579e-08,-4.001091787065465255e-02,-4.959758307024476204e-02,1.484993346705138384e-04,-1.152655602915654207e-02
-1.518248422906992360e-05,-4.525795138824748043e-02,-5.182177544928411733e-02,1.236503968094563196e-05,-1.641142969941878499e-02
-9.870662245898744337e-05,-4.570635319669660163e-02,-5.715922283817431726e-02,2.362416416132580002e-06,-1.137905126112138954e-02
-4.729278647979814725e-03,-5.165122007155958234e-02,-5.001461855901709330e-02,1.960124051116570224e-05,-6.535551939466022024e-03
-1.005189134917558111e-02,-4.972565106832898402e-02,-3.578096884690974699e-02,1.355981586912638328e-06,-9.453619062079636481e-03
-1.590972645295934962e-02,-3.805272788676792445e-02,-3.140988980388244312e-02,1.508744649968426161e-08,-1.584126682974928979e-02
-1.907181480557846448e-02,-4.464631239176938132e-02,-3.642155430533254579e-02,2.878720604788803779e-08,-1.761436941410681259e-02
-1.657197242870772982e-02,-5.097506056447671796e-02,-3.525440729488624886e-02,6.115539214873420024e-06,-8.441370207950098237e-03
-1.715541841819973046e-02,-5.188274536848304364e-02,-2.538715634471005664e-02,1.344838934475227638e-06,-7.210115939000138509e-03
-1.704522478143247199e-02,-5.373083152401711415e-02,-1.696635912800788931e-02,1.495062718002751594e-07,-4.573661599013663023e-03
-1.798663226239989588e-02,-4.817804605627084430e-02,-1.839051367003385201e-02,1.679014053349154269e-07,-7.458241106611696036e-03
-1.999000372426500485e-02,-4.533697789142232537e-02,-9.376410272843914082e-03,1.332945709856401271e-07,-3.573778946212713544e-04
-2.408632461379377893e-02,-4.559635841801185779e-02,-7.562563530385209070e-04,1.202368489824820631e-08,-6.170881730911059564e-03
-1.834580779802647693e-02,-4.561451214411470917e-02,-9.982163168375041075e-05,6.389483631024210882e-09,-6.119453486664612647e-03
-1.452317165701245104e-02,-3.421435557008648681e-02,-1.470662154556000615e-04,4.684101747460793050e-09,-4.715659175219747215e-03
-1.819434577228437599e-02,-4.229902818365435802e-02,-1.990386854120100795e-06,1.153857954924024364e-08,-1.369572771700408489e-04
-2.005632512323253167e-02,-3.131211160605604227e-02,-1.261422399506256977e-07,1.618422183340946174e-09,-6.714391304925321647e-04
-1.447823575893138204e-02,-3.713263204296538694e-02,-2.937010056932294481e-08,1.409134191758062713e-09,-5.944401333233807039e-05
-2.278675562315295167e-02,-3.905709739924850821e-02,-3.505792486813333298e-09,9.561807203210815311e-10,-1.083870917381818408e-05
-2.092459932856019153e-02,-3.183185616433546056e-02,2.775575690882702708e-09,4.108531149289231030e-09,-5.124570909432735352e-08
-2.147371852836144415e-02,-1.906644345644372893e-02,1.076415364947462928e-08,1.811375114274598025e-09,-9.266627678405101775e-08
-1.809668206716253877e-02,-1.717628619218316069e-02,2.505244964972062157e-08,2.000921538751438682e-09,-2.976519151535142199e-08
-1.432994356535352738e-02,-1.326191373871449947e-02,4.780530376314734024e-05,3.922112476385150349e-08,-2.042269267022462960e-09
-1.051333013694267550e-02,-1.077737071069310819e-02,6.297509207544202924e-03,1.177880839129279498e-06,2.434057744841177139e-09
-2.126001360251570174e-02,-2.145286970728752657e-02,2.061668519796645491e-02,3.549709598259804868e-06,-7.535217376802534451e-11
-1.817412075278835443e-02,-2.450355044352926087e-02,2.182998354204129798e-02,1.012651095049746464e-06,2.814953340157936979e-09
-1.399528194797660698e-02,-1.522256286589025211e-02,1.458326837241461817e-02,3.200082953650530691e-07,1.137220148553369029e-09
-2.474545207214030179e-02,-1.820946146544568864e-02,2.183089978196535441e-02,2.467826359507917501e-07,-2.327618832377053863e-09
-3.028851378933174535e-02,-5.968368845438646979e-03,2.117598247865153799e-02,4.439187079778837207e-09,-1.512998809660583145e-08
-2.959807646281830892e-02,-1.336337504111582974e-02,2.391658862849698960e-02,8.886611522057921483e-10,-3.309337568881833585e-09
-2.479643500272976989e-02,-1.068482937566915016e-02,1.352050291635448383e-02,1.199898149445601005e-09,-2.890661208085292194e-09
-3.030318032530470579e-02,-4.904865024283933811e-03,2.126472715568845234e-02,6.943232525709074895e-08,3.472721397195973125e-09
-2.893139316484000245e-02,-1.388946393513448884e-03,2.455024872370347236e-02,6.433027179259535538e-10,6.007210774027300346e-09
-2.359527107371927820e-02,-3.361635213097093761e-03,1.806212224773427050e-02,1.315971866878486692e-08,6.942627371942977477e-09
-1.386091251467136409e-02,-7.524185579430005787e-03,1.963697722543957663e-02,5.880091692138954223e-09,8.035580548306067537e-09
-1.777943478699410204e-02,-4.511212661601139012e-03,1.898822695586862078e-02,3.726569073639681051e-08,5.076764796879442148e-09
-1.839115736803752926e-02,-7.580668629126371266e-04,2.815408474739337918e-02,3.400140427676914803e-10,4.274236248009390643e-10
-2.364161449280935759e-02,-2.887339737001627096e-04,3.432965469387615209e-02,-2.435947595605072886e-09,-6.155472852949590946e-09
-3.169886967634331920e-02,-3.460470982333008769e-04,3.261578426478597970e-02,1.099940178978557059e-09,-1.612518054842227965e-08
-3.219301261536781922e-02,-5.467157616064761538e-04,3.386573477684370198e-02,5.520102225486540895e-09,-1.405098157592171070e-08
-3.390596091995104477e-02,-4.503878689159850651e-06,3.527785013308510492e-02,-2.107180408647705823e-09,-1.088307613559419157e-07
-2.679040589764185645e-02,-2.020777602164384588e-07,3.565130987009531432e-02,-1.007194111756000237e-09,-7.107328462002801326e-08
-2.887342039158419943e-02,-4.921896100938473630e-07,3.439275387980926524e-02,-2.559386746968170456e-09,-2.341846171709502566e-08
-2.139000953491529411e-02,-3.450624014003903915e-08,4.123110208504306845e-02,1.057582593159172063e-09,-7.046432612937135838e-10
-2.048428099692383916e-02,-2.351909748982811039e-08,4.187847991215071231e-02,2.135200300658218965e-10,-3.146548810438574396e-10
-1.017988307702159811e-02,-9.149110508771348988e-09,4.006755614055214354e-02,-4.122165410932699151e-09,-3.886058486719262532e-09
-8.676456268543918798e-03,-3.468249778823967280e-09,3.113842464126560794e-02,-4.580310041856687998e-09,-6.232223649052228176e-09
-1.343899474213701602e-02,-2.778588009079331066e-09,4.146229723020367075e-02,-2.349467179237917266e-10,-1.359217940749703683e-09
-1.593564813166815572e-02,1.671542847035546686e-09,3.752459233860312021e-02,-3.625302266683714081e-09,-2.357482879512278365e-08
-2.687883082421443567e-02,2.124576262694097896e-09,4.464788811983630423e-02,-8.987118842855017693e-10,-1.097017321685630695e-07
-1.265078548640234148e-02,6.486959693672764811e-09,3.118696829430768480e-02,-2.050302921643513188e-09,-1.144522238387676392e-07
-1.586692449596466617e-02,1.281527424910092731e-09,3.458573966822139911e-02,2.235530007470644513e-09,-6.279104951504221572e-07
-1.250519489548628828e-02,1.367501919585880251e-09,3.429395457956500165e-02,4.311261340451274621e-09,-7.218787366519257604e-08
-2.238413724029146221e-02,1.607451920569555767e-09,3.478182162562302310e-02,2.794851255486326808e-09,-4.226637880481345835e-07
-2.737402003487091756e-02,-3.499706643503101652e-10,3.750239995334769816e-02,5.954587500928334296e-09,-2.574247682888332247e-03
-2.467893125628949427e-02,-2.466057122035741174e-09,5.248427681716096721e-02,3.413171937978848104e-08,-7.466649553149910307e-09
-3.631108651146581351e-02,2.281740991230921355e-09,4.350270693777134184e-02,1.139886044229278870e-08,-6.422242040679161310e-03
-3.325548893072838297e-02,3.419309059850035261e-09,3.461659311669369049e-02,1.124593166167172603e-10,-7.164143636006370386e-03
-2.516152453251679910e-02,2.748401203402034742e-09,3.537232291795135153e-02,-3.716092830768109296e-09,-3.677869723305291577e-07
-2.094589429287724291e-02,-8.800647555180848740e-10,3.900891847584368743e-02,-1.998714031280795273e-09,-7.119093984611961654e-08
-2.578163098025487024e-07,-5.020814963393479019e-09,1.902559173474126255e-05,5.073922730573536919e-07,-7.498116883144874054e-03
-6.194590792817384681e-07,-8.805622632722952399e-09,1.483605396320781922e-06,3.101197079545017574e-06,-1.670907560073850440e-02
-5.390332107773094575e-07,-1.471564178942533879e-08,9.312052881510516422e-08,1.645906263532374253e-05,-1.409907176648102917e-02
-8.338788013592897451e-05,-2.555752678611172784e-08,2.507141613037132406e-06,1.887052184597671321e-05,-2.348336973825964485e-02
-2.095801873862073415e-03,-3.571753761047468284e-07,8.665768623709265052e-06,2.952757630345546498e-05,-2.688393517455555520e-02
-1.417322209453626691e-03,-5.796013550053124690e-05,5.564628144381661857e-05,4.161427170373061674e-03,-2.469677497896929572e-02
-3.278802764750670708e-03,-1.103455439133632708e-04,8.579431781636321849e-04,6.726482139108747732e-04,-2.827248170476041531e-02
-8.431385608345034891e-05,-5.384112909126767717e-03,5.526759069499505989e-03,9.330953589776417711e-05,-3.137384791016272628e-02
-1.637957963598928783e-04,-7.835470713983157948e-03,3.430773969182927730e-07,4.452715512206999572e-04,-3.667455415136724323e-02
-2.072073272925348676e-04,-7.953683612433315995e-05,9.970606011224925470e-05,3.440961747702112224e-05,-3.590205082734184566e-02
-1.322250339047281151e-06,-7.845051640320446150e-08,1.094277884860042117e-04,2.453921092169522193e-07,-3.019013405493972332e-02
-8.052830113164050963e-05,-5.197019963061318049e-07,1.412449256889824166e-03,9.165066797226305471e-06,-3.170499243625794772e-02
-2.379475258940415074e-07,-8.533463338826653872e-07,4.832765630104604929e-03,9.948997094037263442e-04,-2.760099044823851808e-02
-5.780508492492991281e-09,-2.053833693776958787e-05,1.766541112500307972e-02,1.800616545895960922e-03,-2.449656873338888763e-02
-3.480103068048488030e-08,-4.586025369394340748e-05,1.659198181118367796e-02,8.242423059971935861e-03,-3.199898518113426793e-02
-2.641065395783486446e-05,-5.153088629865896532e-05,1.997733878711509259e-02,6.505575829215587240e-03,-3.586571483721169573e-02
-9.717144181996175550e-05,-3.094166650497604811e-05,3.324642284990673297e-02,8.697202146803374376e-03,-2.837389134923790426e-02
-1.904557158312293261e-04,-2.793042702136621633e-05,3.633913438779680372e-02,1.541891077536719327e-02,-3.025086356842189225e-02
-6.260887766851065857e-03,-4.227732866268396530e-04,3.636013811095479414e-02,1.426590433557596745e-02,-3.269627698986114078e-02
-9.642960044777340589e-03,-6.659355349537857474e-03,4.804503534811466192e-02,2.122293334094494527e-02,-3.067759847022291306e-02
-1.250122591487536593e-02,-9.584107452595060084e-03,3.833535201714617646e-02,2.389124988542671094e-02,-4.100176159021907268e-02
-1.213409817534121492e-02,-4.722788769058241902e-03,2.654713100077351479e-02,1.514234665252472273e-02,-3.912838763904238210e-02
-1.007326545417296625e-02,-5.616182492629346983e-03,2.301893069994583041e-02,7.249245760969288098e-03,-5.286497930889861446e-02
-1.478894836398488878e-02,-6.851985825293434827e-03,1.651748044520113742e-02,2.885565835984401587e-03,-6.057057361233514348e-02
-1.562873241130820906e-02,-1.029761096814700051e-02,2.729958295377318128e-02,3.360581256716572551e-03,-5.388885266999590001e-02
-8.401298520835069270e-03,-8.414812122330106794e-03,3.367405963792286655e-02,2.934314550909047480e-03,-5.180365202836984678e-02
-1.213364957891032402e-02,-1.649912718010345877e-02,3.590285399862693655e-02,2.329646491220211963e-03,-4.798526307845861483e-02
-1.046463072980355520e-02,-8.639635883958792992e-03,4.577279147510741192e-02,5.361511297252786849e-03,-4.248951609619604219e-02
-1.093266210814538945e-02,-6.750609770499587173e-03,5.373181870085808054e-02,4.583308759679806388e-03,-3.689542353290523047e-02
-1.089891635220263666e-02,-9.110710703814103514e-03,5.013244810043555877e-02,5.802158068505356737e-03,-4.071774225507506645e-02
-7.370775627007087293e-03,-6.849886751085318415e-03,4.869383076845876929e-02,3.359219237588439468e-03,-4.249471746728850780e-02
-3.550436637500634877e-03,-4.617137952007261542e-03,5.671383363865747929e-02,2.643096606849632338e-03,-3.925030202311211719e-02
-1.921663060970954951e-03,-8.514331331856398897e-04,6.298524639283509252e-02,6.005189205515864929e-03,-4.019685566572604035e-02
-8.250557868976419844e-04,-1.252946509951555112e-04,6.999129323000466418e-02,1.314054321321659648e-02,-4.263038549810672234e-02
-1.716891206750828600e-03,-1.242857972976540797e-04,7.332885993792673252e-02,8.586206219133196704e-03,-4.410383414418098807e-02
-7.533409303351127663e-03,-4.717331296088551608e-05,8.290380403285918520e-02,1.379751945553828619e-03,-3.906941299694346309e-02
-5.730094002803137743e-03,-1.638304297483116794e-05,9.251241817678061696e-02,4.092317174316075293e-03,-3.334875683933878621e-02
-1.978783002006506524e-04,-1.103223387644728557e-05,1.031034915472079094e-01,2.318752910332494161e-03,-2.846502893548489774e-02
-4.403352851307353335e-07,-6.439775554127756917e-06,8.118434821337587592e-02,6.223441728344213629e-03,-2.574909627964069511e-02
-3.055343766857578233e-07,-4.970941258923392623e-06,8.462041203783238208e-02,1.160448447729552600e-02,-2.522200293188348388e-02
-8.381666470713194570e-05,-1.440532344746362381e-04,8.867988763276053732e-02,2.405992711578175056e-02,-2.125998165228659698e-02
7.518157674741820824e-08,-1.315542666786446969e-04,7.461356817314912515e-02,2.235846996772352865e-02,-1.511411830296436297e-02
2.263511922887112549e-04,-3.866764339920474546e-04,6.285815131691924185e-02,2.614991980030442059e-02,-1.885165231426726498e-02
3.048442872514245047e-02,-7.571412465412328055e-03,5.400808737968301049e-02,3.964762055682691244e-02,-1.406438847301764820e-02
6.661423811338429424e-02,-1.725405796173799453e-02,6.068336990087733196e-02,5.651216530653205977e-02,-9.159034675591561786e-03
1.097652584146679156e-01,-1.896527114183254106e-02,5.326861171389236232e-02,5.891070656562268082e-02,1.185579169219046858e-07
1.430451608337211800e-01,-1.929938443624622940e-02,3.642095608389642192e-02,4.794825697135296494e-02,1.324942983645058972e-06
1.645238202679595307e-01,-3.208822017211453159e-02,1.394407587040600270e-02,4.153741697352074380e-02,7.968206597307938302e-06
1.897072013559178982e-01,-3.364277178529598289e-02,-1.819201858678576095e-08,2.393412616155145625e-02,6.860430691363132152e-04
2.016486369364581810e-01,-3.232782494931952383e-02,-4.154152185018071081e-07,2.197997482465605459e-02,9.740909089381168118e-03
2.004998577201250465e-01,-4.451312968182919924e-03,-2.981248088805355422e-06,-5.208483482175574460e-07,8.538315378661079803e-05
1.971844173650564302e-01,4.657088200793044459e-09,-2.566320508354217065e-05,-7.870725385857228838e-04,1.108496292787238287e-09
1.837331435257636147e-01,8.620495085183865810e-07,-5.206160675720114534e-05,-4.231157250854186008e-02,-7.624212451837119539e-08
1.661685619937090519e-01,1.173054975134097365e-02,-7.577897609091922403e-05,-8.810459786371239999e-02,-2.877996382624773322e-07
1.308688011775705207e-01,4.646754512974259760e-02,-3.272514437543183130e-04,-1.400582089907100591e-01,-1.316972821883846358e-07
8.073547642032453953e-02,6.252362556979591812e-02,-1.653026526715295895e-08,-1.899697698232599985e-01,-2.185644903701843162e-07
2.116801077667516615e-02,5.102147691274207947e-02,-8.154266677369308300e-10,-2.239560319309343572e-01,-1.478687266722332701e-07
-2.070349233331275770e-05,2.106621197443440952e-02,1.327805969181921784e-07,-2.307815170567353302e-01,3.334351403532538723e-07
-4.804789475810102538e-03,6.252407644949323602e-08,2.333998018468136373e-05,-2.247454883066939690e-01,3.961429057075780552e-02
-4.003879674276696055e-02,-1.330524860189027621e-05,2.188201925491008171e-02,-2.014258905844016900e-01,7.846774830469922801e-02
-6.733744212321096656e-02,-1.005360087093334388e-02,3.274377289014661352e-02,-1.645566520198116778e-01,9.849313351486521650e-02
-8.118521865493265322e-02,-4.116826810475893855e-02,5.065039801860365259e-02,-1.159958785941822557e-01,1.181894042119387284e-01
-8.219937255026785183e-02,-5.228543099724802107e-02,4.758155701818595623e-02,-7.860055551889719161e-02,1.255149294257402459e-01
-7.444422828450444896e-02,-5.572414467650440434e-02,4.691564695974809879e-02,-3.602734713357955837e-02,1.367129646140816945e-01
-6.003656855184286850e-02,-4.487102183687072948e-02,5.609755956851310982e-02,-1.554688793797832892e-04,1.423484392796091069e-01
-3.055081607298364491e-02,-3.128504013367756215e-02,5.632362032239652400e-02,-5.310978484156055962e-08,1.519686863105875752e-01
-6.728571456689951512e-03,-5.819262604360080603e-03,4.448128284175838915e-02,1.366346617777245212e-03,1.471122714577463020e-01
-3.858083869628749544e-04,-1.152227680035297657e-04,3.913652410352549960e-02,2.611843066291600832e-02,1.456283121958659998e-01
-2.095271960290796585e-06,-3.659522715721148214e-05,3.220726001644302200e-02,5.694268307757908987e-02,1.450853141314053796e-01
5.951192040729927324e-09,-7.052232298716571726e-07,2.847749880515059936e-02,7.334045097195021623e-02,1.414332239386076884e-01
2.116910238121254326e-08,1.613506262293718310e-02,9.737323748662337838e-03,7.719928536286456422e-02,1.377656228141166672e-01
1.585278981734600614e-08,4.053224615223376820e-02,5.463411241880295789e-03,7.640517235888599767e-02,1.221797659790506141e-01
6.246740707424673601e-09,7.005558549763463150e-02,1.089713866513340431e-03,7.337411501312307571e-02,1.072398334096726635e-01
1.466825483509088876e-09,9.432972949504372928e-02,3.302409015363121114e-04,6.389259803742357302e-02,8.961855581920791236e-02
-4.591454283163206429e-09,1.138571028304395105e-01,1.550379866143275148e-05,4.997184741646596567e-02,6.403152322698608956e-02
-6.671507205376627027e-09,1.297395587849616838e-01,1.504583891826217697e-05,2.671065144788247261e-02,4.164131151271832643e-02
-8.840759336963482773e-09,1.430155187274486650e-01,9.200856442709845414e-06,7.621617994726521657e-04,1.499839582675171687e-02
-3.354796581812890991e-08,1.467367406663749041e-01,3.149487203717976484e-05,5.514426745098207559e-05,2.114079010935991740e-03
-9.594630266945308674e-08,1.550490492683024857e-01,3.707129539336224803e-05,3.510422700940305579e-08,2.172727337903810133e-04
-9.311814325788035957e-06,1.580224374722935532e-01,3.730331270898291977e-05,1.137007166592017524e-09,7.836984443699922904e-06
-6.528197015426379264e-03,1.515433869713889437e-01,3.264904739447694568e-05,-5.040474890210370367e-10,-1.372981747053189673e-08
-2.476992138463573307e-04,1.435261840203996830e-01,3.014521245696352803e-05,-2.906964566439373703e-09,-2.427389629508183674e-08
-7.846395730717681608e-03,1.401744049201285314e-01,6.318801002458648433e-06,-5.691285811486739120e-09,-1.257542272518139134e-05
-1.029695309914857582e-02,1.331369429518864389e-01,5.976122066513554432e-07,-8.881665034743955245e-09,-1.591780271848745182e-02
-1.514299811203529376e-02,1.193595412327655841e-01,2.405214678840274423e-07,-2.856104800171320242e-09,-2.663156643477344876e-02
-1.859067362447031427e-02,1.081686957959441808e-01,1.126855268987832938e-07,-2.324131494075323391e-09,-3.116372347770584098e-02
-2.441306600956589731e-02,9.397870000932233292e-02,5.410037686046021159e-09,-8.827313718680745170e-10,-3.969172872352608877e-02
-2.790200313286630637e-02,8.285214125404308239e-02,-2.758009929344481668e-09,3.422465710419919260e-09,-4.115550360716849210e-02
-2.426961598684740373e-02,6.887102137514750089e-02,-5.405848745800575583e-08,1.010476258656155156e-08,-3.556556093956986936e-02
-1.294006691501108607e-02,5.865147220825119023e-02,-4.396733586220524792e-02,9.778972650555347028e-08,-3.433683327056222256e-02
-9.863184893433761535e-03,5.174575679163093134e-02,-4.551909204346790000e-02,8.313336206324177438e-07,-2.466184592210732968e-02
-2.422283299581072226e-05,4.738603909682867488e-02,-5.103387374008605537e-02,1.600390296284664050e-05,-1.213402456149002481e-02
-1.196909612144269733e-07,4.497760430064141890e-02,-5.420784253445137119e-02,2.055336088324909182e-04,-7.052984034323303304e-04
-9.812735935806789325e-09,3.298943654767645672e-02,-4.932677778097534910e-02,3.654024139257450263e-03,-4.280227810880406882e-06
-2.049194835797963108e-09,2.451280880762650785e-02,-5.691133623178302320e-02,5.793023781219486463e-04,-1.984267534318473583e-08
-3.137905949766611326e-09,1.579403994496857491e-02,-5.276915650651076845e-02,3.664804274186657016e-04,-8.520363921236738641e-09
-7.995517634589407007e-10,5.098250258097762914e-04,-4.745640745469349719e-02,7.278567607326639176e-03,-3.599248878647361102e-09
7.084622393434444786e-09,3.760491590892947069e-05,-4.156375184384173554e-02,6.860616138571033057e-03,2.548471178950074407e-09
2.436626021668044596e-09,3.383294767707641437e-06,-5.318995008694042681e-02,8.668691505628665743e-04,1.922640043706618310e-10
-6.275052201642936244e-10,2.299506082633061999e-07,-5.220378238480901517e-02,1.595039717457417288e-04,-2.409574016272471976e-09
-1.427143794266584183e-09,3.826788542458864067e-08,-5.488867324394312852e-02,5.363523224604769440e-05,6.416122767151359647e-10
2.496312343720862830e-10,6.871750411000642808e-09,-5.295611164011086724e-02,1.238656432661625366e-03,3.294277948678298237e-09
-4.746951971581752468e-09,-2.051137885432773451e-09,-5.653694269237194425e-02,8.315614695800305971e-05,-4.733641954371267798e-10
-2.607546142941299251e-08,-1.160391619772144726e-08,-6.180197639472638504e-02,4.572483909716422109e-04,-1.058198541881223982e-08
-1.411939536508050084e-07,-1.457099890033779563e-05,-5.315919299680767901e-02,3.481328140244631560e-03,-5.769988723694484524e-06
-3.441172783832916726e-08,-2.229841418854437013e-02,-4.792551488011726618e-02,8.294026043768325251e-03,-4.360303597471543727e-05
-2.395092693297338083e-03,-3.582258975056086536e-02,-5.495795590749774640e-02,1.239355337190424164e-02,-3.147881880775972498e-03
-5.518443903382759703e-03,-3.703021908723386907e-02,-6.187193261722202797e-02,7.538825514321806365e-03,-1.300934048604924370e-02
-2.460083861145913970e-05,-3.659647412939043970e-02,-5.840073410882302973e-02,1.646978524154894472e-02,-3.494456099068715422e-03
-6.896496065375920237e-08,-3.250328452135713142e-02,-6.267186690148250638e-02,8.710801580210899078e-03,-1.646716013878823546e-03
-7.217363398842949958e-07,-2.515790464327060175e-02,-7.616630804343986483e-02,9.117706167820052233e-05,-6.733745484404674540e-03
-7.131246538271340708e-06,-3.192204863178944863e-02,-7.403559504334239483e-02,1.353637224437831150e-03,-4.275716874937224819e-03
-3.070045486521241499e-06,-3.563399621205058654e-02,-6.949715465315557672e-02,7.719259003003678919e-03,-1.894077411782681825e-03
-4.356395793259544611e-08,-3.789862977089018120e-02,-6.725581981934682096e-02,1.056081803642466149e-02,-6.655771120427916984e-04
-2.677326405534978534e-06,-4.175336300729025341e-02,-6.861255059724058469e-02,9.176317111312797328e-03,-6.093093117565892732e-03
-2.807944176156953759e-03,-4.650376931336786673e-02,-6.430599126943849220e-02,1.215873770379124509e-02,-6.842382629083416587e-03
-3.025766169781001803e-03,-4.444844070562458532e-02,-5.815569708443540931e-02,1.118006790874537422e-02,-2.630460354901520761e-03
-4.773770764293664916e-08,-4.833010644322068006e-02,-5.384466168040612927e-02,1.323285550425242450e-02,-1.550065796750983271e-04
-6.236794179089761620e-08,-4.891408760552214130e-02,-5.136621328637806794e-02,1.035615365899335977e-02,-3.642742227410466246e-04
-2.365437245469354359e-08,-4.609091553993085316e-02,-4.825789390057937805e-02,1.096874074243716496e-02,-1.080304599142598140e-04
-5.062513346554518743e-08,-4.377119368236757901e-02,-4.442485063841931925e-02,2.328127257414034680e-03,-3.138697375566808635e-05
-1.777889076133790393e-08,-4.443570520591692136e-02,-4.340776246350391832e-02,6.466316429158213037e-03,-1.106624696998358885e-04
-2.820092696695055657e-08,-4.222534083928826398e-02,-4.644715899583386903e-02,5.970189085062422261e-03,-8.108072564537339587e-05
-3.030549776921973590e-04,-4.390843710534710065e-02,-4.554917804246187696e-02,2.160288164128198888e-04,-4.550924688609190097e-03
-1.282005637383161565e-03,-4.594226948096333252e-02,-4.223726456763732262e-02,4.158210307650551593e-03,-3.368450321217767492e-03
-1.801162578790156351e-04,-3.694550759124789335e-02,-4.384696333019259817e-02,4.859199046082582872e-03,-2.843519612068115890e-03
-3.290380243352237968e-03,-4.314108684910836905e-02,-4.880289660784709743e-02,1.547878358478304260e-03,-6.531618988598890570e-03
-7.893100665174561381e-03,-3.902517606549213425e-02,-4.839241402414955900e-02,1.369467212759372483e-03,-1.890029890796369062e-03
-1.319525108195162937e-02,-4.052845530476054114e-02,-4.101645710485965490e-02,4.146469593694383435e-03,-3.848800542767040500e-04
-7.675990987888811276e-03,-4.289268827529586076e-02,-3.857123065177594373e-02,2.684232558648504130e-03,-1.841325645139161487e-03
-5.922488710267142901e-03,-3.699554669576303467e-02,-4.192060564091155961e-02,4.299167461381815219e-06,-6.510902146931669791e-03
-1.481521303164203517e-02,-3.524229844643833598e-02,-3.721840878646046069e-02,2.062074771169964302e-05,-1.213429479922138385e-02
-8.139240391195510724e-03,-3.029403523323380767e-02,-3.700995160140278101e-02,2.902477418780071378e-06,-2.537573997696131872e-03
-3.259384845949354122e-03,-2.974974567118597590e-02,-3.230014762183450183e-02,3.924355493567404799e-06,-6.043816833468199654e-04
-3.814377978841695504e-03,-2.883458613557318001e-02,-2.790814981117020060e-02,1.886372221040384181e-06,-5.635091456100770302e-05
-4.171487138802444129e-03,-2.609029525623726697e-02,-2.792267655548821489e-02,1.028137269414355852e-07,-1.361493745572215731e-05
-6.748968820217223288e-03,-3.138948875623385343e-02,-2.971927142214919604e-02,2.777278653184488364e-07,-1.021340206361498645e-05
-1.811913741475879459e-03,-2.765176214055741974e-02,-1.614628838663421245e-02,4.521149954174525687e-08,-3.960158132663242851e-06
-7.073739415582426873e-03,-2.821844159586874359e-02,-2.039726107316425230e-02,8.314842860122740910e-09,-1.424331942888340139e-05
-1.806504564449509104e-02,-2.890278362760844225e-02,-3.988784559153358590e-03,7.502089541745000068e-09,-1.608059773796850550e-05
-1.914521866823855334e-02,-2.898545368655720475e-02,-7.617646389487341249e-05,3.478959058819305657e-09,-3.179251203114444223e-06
-1.586420590984533724e-02,-3.838234828165310725e-02,-5.772964986715651653e-05,4.159119014009889479e-09,-3.255382536152366363e-06
-2.178837544784804209e-02,-3.975199041359318147e-02,-3.504477984774962134e-05,6.113297691973635386e-09,-3.332902965845642153e-05
-2.155862533067710168e-02,-3.970630293681944034e-02,-8.524367643318796637e-06,3.588502286957012869e-09,-3.159826711761058494e-06
-2.919245904403167113e-02,-3.213066386931658081e-02,-2.337824596226351081e-06,6.000411151626352391e-09,-1.151807977747438473e-05
-2.176133251318484313e-02,-2.798052589677294325e-02,-4.698117863759438374e-07,5.747746042874698992e-09,-4.170139331590183493e-06
-2.038964080573677645e-02,-2.683128210358378882e-02,-4.503420677867506040e-06,8.263103015285714411e-09,-1.256878456919654773e-06
-2.519817781413805774e-02,-2.065281271405138355e-02,-2.699761433684358509e-07,1.009907161848412301e-08,-7.646481136612048797e-06
-3.008177047302789536e-02,-2.410310310737455095e-02,-1.461577390715813406e-06,1.532542135005154830e-07,-1.250855852618505858e-05
-2.920626077135766302e-02,-2.200548401514363164e-02,-1.565611067923305889e-07,1.401485064288408021e-06,-1.725927858113928217e-07
-2.489494173877980845e-02,-1.936732874088313572e-02,-2.787430038698922565e-07,1.488961802157744467e-07,-7.981120028233420320e-09
-2.467591676820849941e-02,-5.602544271806452446e-03,-2.906795642059002227e-07,1.012805990080004313e-08,-6.828241942100775242e-09
-2.239790740723444917e-02,-3.461648998666139263e-03,-2.164421965166413502e-08,7.303092468935644680e-10,-4.483414358522398084e-09
-1.409044620648322761e-02,-6.671960740537045964e-03,-1.076447630507261324e-08,9.361162916327834804e-11,6.871462556361589826e-10
-1.027582880141261062e-02,-9.964577839942617699e-03,-4.919591191936146850e-08,-1.630990131260323328e-09,7.771284118108681122e-09
-1.464180311761183878e-02,-1.616944542382351552e-02,-3.249398005442998307e-09,-2.868644906171482097e-10,9.030749648982445792e-09
-1.621419246489077051e-02,-1.333011094120658407e-02,1.633210777681010060e-09,-2.120943291453741692e-09,3.813841007800313055e-08
-1.604570122994897208e-02,-1.277758064173599439e-02,9.156913662890840875e-09,-1.987606902888141402e-09,1.122956807640514446e-08
-2.173746579757038569e-02,-1.290181472621532502e-02,1.300062315945150785e-08,-4.412742279380997201e-09,2.943597583873804292e-09
-2.539663462086500997e-02,-4.822229043515350103e-03,1.681373356471411156e-08,-2.855436461886590284e-09,2.732384013938116635e-09
-2.642268937035874288e-02,-4.610540196585475974e-05,1.466353390663335866e-07,4.156288346910054639e-10,-3.473560168574907887e-10
-1.991397548814807447e-02,-2.192445029817335442e-05,2.130123369999338651e-05,1.618347104167903171e-09,4.039581462671702919e-09
-2.300831947540064176e-02,-3.722630061710447780e-05,2.403849734255445443e-05,9.381867960476910154e-09,2.685346533756145774e-09
-2.778632126881506667e-02,-1.464263564242489581e-04,6.762078935306972856e-03,2.594319800630776637e-09,1.759988307645301303e-09
-3.304940789385191896e-02,-9.124864287915155638e-05,1.734346392597651762e-02,1.745700855065835701e-08,1.316023390755009286e-09
-2.930500480274479680e-02,-7.399635477580605110e-05,2.433628621200048872e-02,1.546501165169520517e-08,4.082097949420107890e-09
-2.248186167887264789e-02,-4.240847671662587563e-05,2.530789608713237410e-02,1.398255726027917050e-09,1.462132678827828226e-08
-2.708237665734805621e-02,-3.121586011667243082e-06,2.488014272306028965e-02,-6.439776651527090424e-10,1.090101312638418826e-08
-2.818821695881564005e-02,-8.560017357071441682e-07,2.914627819225285715e-02,-1.192211543062380408e-10,3.047589040284384615e-08
-1.064173839953560727e-02,-6.895046391730530595e-08,2.646589783250362024e-02,-2.978239948221352231e-09,2.773147655786614766e-07
-1.262100690396722805e-02,-3.314787558915137421e-08,2.120009564259212054e-02,-4.367854057148649967e-09,6.543463863112053037e-08
-1.563610331512560112e-02,-1.286080049501620976e-08,2.744571366597313780e-02,-1.361140246799220270e-09,1.303847284551810320e-06
-1.443921908507055096e-02,-1.003150013202469237e-08,2.670015370077010938e-02,-1.318792264370262241e-09,4.933041380622173020e-07
-1.678280111947278927e-02,-7.401686342423885838e-09,3.630654998588860732e-02,6.012543216591311402e-10,1.855354432324314182e-07
-1.675070126398109718e-02,2.190858755780394406e-11,2.829211222845626553e-02,-4.524850783661508264e-09,6.600105039243238205e-09
-1.820780924279580271e-02,7.800338015807390646e-11,2.740632674444346689e-02,-3.441616152655442049e-09,4.087015358534528183e-09
-1.744501232221570830e-02,3.902000415225143525e-09,2.811762444798514629e-02,-1.016145880631169394e-08,3.917267041675915593e-09
-1.207361461665006422e-02,4.751560931317478154e-09,2.825661214589731199e-02,-1.765848531466148772e-08,7.828404559285315559e-11
-1.400794035813712583e-02,7.008903365991090235e-09,2.545095268619421494e-02,-4.676731850110306365e-08,-8.619160111306950864e-09
-1.482952390623325234e-02,3.023115254750908886e-09,2.999891684744352902e-02,-6.552280842307938030e-08,-1.494813837466241264e-08
