1.336488983790421348e-03,7.024340229944431183e-05,-1.522329666348267952e-08,4.690984854551435357e-06,2.194413009802222495e-02
8.248975254894652014e-04,1.577989122779056526e-04,-1.961296336753072565e-08,7.579083892756668852e-05,1.893211260558182521e-02
1.001653270757016064e-04,8.921466325709697325e-06,-8.270403600811604025e-08,7.341247847846570529e-05,2.052954749876935436e-02
1.034413313804616872e-05,2.744074623120626460e-05,-1.647716567183009066e-06,1.064002407859286555e-05,2.553391278234471568e-02
5.198237265005029282e-06,2.280958671538123425e-04,-7.341958264780880498e-07,1.729923415759994881e-07,2.488412640349474056e-02
5.618944062675580584e-05,4.280149423127003073e-05,-6.857086358784875788e-06,6.984006689832236110e-07,2.227940134240264172e-02
3.546427079936052135e-04,1.364434179759460445e-04,-1.025616574749918991e-04,4.043966378729498189e-06,2.893822184851007479e-02
3.541773210735247083e-04,9.118943102456943768e-04,-8.738777141067268850e-04,6.342188103189231994e-07,3.419740475070139063e-02
9.671609475571110389e-05,2.515625958652609835e-04,-1.254952115140772068e-03,3.393914477583841728e-06,3.125797311126221611e-02
4.334496512664697335e-03,2.658905846721343249e-03,-9.963160877328534892e-03,3.867774833570145022e-04,3.104302739040429304e-02
4.166314316728989345e-03,4.433619675854802975e-04,-8.938446140983951141e-03,5.900681364913796731e-03,2.282279992025636542e-02
6.523948679498349848e-03,4.141653349072496083e-03,-1.012494411654761908e-02,1.930769571449806113e-02,2.575867602713204085e-02
5.903864718277853849e-03,8.806441690196762512e-03,-1.172880367080966421e-02,2.464538821779675010e-02,2.513590807174028580e-02
1.226815165187334668e-02,1.116446058305378686e-02,-3.464385162969091294e-03,2.710492136536290023e-02,2.485084542629988069e-02
1.211310529750941022e-02,7.126935312126902490e-03,-4.454197711529135108e-03,2.736470887953919989e-02,2.072367742018479606e-02
4.583437442320630745e-03,5.618320856161452929e-03,-3.587699810323884565e-03,2.745628101763509035e-02,2.868372699018100630e-02
4.089321142283264959e-03,6.787249359842737612e-03,-1.318928495837634921e-04,2.467339343933734608e-02,3.363217664859879247e-02
7.620136387665551363e-04,3.726087871373207853e-04,-2.019604854061048688e-05,2.869331847290584186e-02,2.798375195625203704e-02
1.562386230734501627e-03,5.251242006179616647e-04,-4.040090993131974098e-04,3.256026452275127131e-02,3.387460551516505158e-02
3.755528475272616133e-03,7.185783932860949786e-04,-9.471623059903558654e-04,4.178765987432356971e-02,3.146307102434518083e-02
3.402046314555447377e-03,6.632760170828585350e-04,-3.285453796603742850e-04,3.685786989477803088e-02,3.481373720546656475e-02
6.765556290415711271e-03,2.030883448095728745e-03,-1.612278564356586178e-04,4.176822962621825480e-02,3.363730537348637306e-02
2.984604111457197714e-03,2.294697446034984177e-03,-1.014510576673998452e-05,4.820888824003047995e-02,3.546983630581691110e-02
3.291962834979008518e-03,1.649859214979780336e-03,-1.502663337873083138e-04,5.462161383741095250e-02,3.395413368474370364e-02
4.664486702608116458e-03,1.361054394981982014e-03,-2.406051181281422687e-04,4.964447490952797470e-02,3.452827418536768417e-02
4.690625389476317866e-03,4.336248775714745922e-03,-1.038859030953590733e-04,5.391226900331146099e-02,4.017554482151793754e-02
5.442068683971944612e-03,1.878694726674308381e-03,-1.079547831984945635e-05,6.047833900404412516e-02,3.567824835271225098e-02
8.660270360093796221e-03,1.731494514976402105e-03,-3.409315495400450807e-04,6.312493584199833918e-02,3.559992887910226611e-02
1.425494625028993212e-02,1.263172280438648078e-02,-7.825449125425100293e-06,6.298236381252418636e-02,4.294275840967966967e-02
7.348233134236413673e-03,7.411225115080370164e-03,-7.928068213406253256e-06,6.075391772886685332e-02,3.938428559067760210e-02
1.076265017857048686e-02,8.686001230733944589e-03,-4.811388815620637862e-04,6.180405281947926044e-02,4.187606760119659544e-02
1.795933851982489324e-02,1.157821474736369684e-02,-7.176132852977993573e-04,6.796931699888791867e-02,3.915508770199637584e-02
9.053613080656601475e-03,4.423482215116905474e-03,-8.506194062055744078e-05,6.469478076030506231e-02,3.509703921541154625e-02
2.949265600226544642e-03,8.151019250173982891e-03,-8.897849602315518188e-07,6.809163136413248774e-02,3.471016086420309482e-02
5.812165706470639581e-04,5.435481631326135286e-03,-7.595258241711397956e-07,7.217957006980618706e-02,2.697408250456165280e-02
7.454244941181291818e-04,1.284655227992192832e-02,-9.509997283154931426e-07,7.227009499865041930e-02,3.948828544354549691e-02
1.223313245744776106e-04,1.732213199011639962e-02,-2.272835349156494080e-07,7.145505882699554334e-02,5.163037969665170562e-02
2.198319998718553994e-04,1.619245360969241362e-02,-1.095620447538896224e-06,8.285841802602443573e-02,4.791159156213765230e-02
2.629150643501670156e-03,1.073557020674569852e-02,-1.632229511805076677e-06,7.386955850009362112e-02,4.898068824243017455e-02
1.324220219317497190e-03,5.097128730392083869e-03,-5.094734092406957940e-07,7.274995333155183375e-02,5.096976198105013234e-02
2.543553011074232290e-03,2.006870580110264141e-04,-3.588659574701394914e-08,7.143244820197969247e-02,4.541576361654561800e-02
2.799372984899104171e-03,1.164175393966427538e-06,-1.460332287017538312e-08,6.498261586089883191e-02,4.421174489012753145e-02
1.946789027006959327e-02,-5.487274112674827902e-04,-1.509476313279107011e-08,5.563515944449032302e-02,3.818056905483707686e-02
4.420077665432414066e-02,-3.332276485635043278e-02,-2.154593898637755859e-06,6.835036252646198296e-02,2.529655439291788807e-02
6.298461002902867867e-02,-7.216046071103354720e-02,-4.930180197784203989e-05,6.928190663672655070e-02,1.794238079146351708e-02
6.121386704969717513e-02,-1.126291683487775641e-01,-3.514223555639867796e-04,7.102065748175498405e-02,3.318446625153180726e-06
5.283335793905716976e-02,-1.405782605422844778e-01,-5.050125192978016306e-03,6.380420895898050726e-02,-5.162966152926602996e-08
4.170692818202903496e-02,-1.556554033907051882e-01,-2.356168865485743294e-02,4.914728691486921347e-02,-6.513566882615002377e-06
3.687203126627819350e-02,-1.725879466295944797e-01,-3.441854601538724134e-02,3.665643223558558844e-02,-4.231351535093340896e-04
1.864481200814246953e-02,-1.851638615529044574e-01,-2.827680068623007054e-02,2.694324044751232258e-02,-4.638182129137904605e-03
6.150886551189233735e-04,-1.815586220727169187e-01,-8.654990095078463758e-03,6.646021857804519477e-03,-8.170245691427929693e-04
6.650473990689490949e-07,-1.771640235227222859e-01,-1.627058544343757589e-05,1.917040249119836694e-04,5.501624069879019390e-06
-3.473853700827388841e-02,-1.797186481028224259e-01,8.972921129653945203e-09,1.454391741430270295e-05,1.864488215737569507e-05
-7.415775860922796392e-02,-1.685101582564313416e-01,7.463050556180765224e-03,1.714832943295807667e-06,6.092986502849701247e-05
-1.250863280811697342e-01,-1.381464732450177757e-01,2.872041831418890509e-02,9.658233217875556753e-08,1.611834325751741043e-04
-1.705594443118391701e-01,-8.865483757201618464e-02,3.476053568929889093e-02,3.717596586202857397e-08,6.272100558028124377e-05
-2.062591127622512288e-01,-4.007824080030460145e-02,3.786846385308813290e-02,4.328917687721002255e-09,5.003794209574127821e-05
-2.332824916125933457e-01,-1.392460009195438343e-03,1.828051753336506699e-02,8.796185653753065548e-07,9.360833262056966327e-06
-2.213184166028099864e-01,-6.247352982949665824e-06,2.768640396255582029e-08,2.431265069283067347e-04,-2.547235004828770147e-02
-1.939917513996615439e-01,1.944852264401332118e-02,-3.124753420757871020e-06,1.248709318794412673e-02,-6.347162009687788709e-02
-1.670032727325441169e-01,4.356968421344667441e-02,-6.164093889788240313e-03,1.935428865856432534e-02,-9.800876843099985691e-02
-1.185976987581071757e-01,6.598661171639563783e-02,-3.619741053860513896e-02,3.938918458742183409e-02,-1.245487404827119171e-01
-7.219063942589269700e-02,7.504958843347050990e-02,-4.826197222700777389e-02,4.867786669048721621e-02,-1.401988945623542093e-01
-2.711151191669577964e-02,7.038353138952650745e-02,-5.517776170694480009e-02,4.592305359832782319e-02,-1.437235638774421731e-01
-1.975432016098473739e-03,4.993321380597350034e-02,-4.392803055413896374e-02,4.726937837683168470e-02,-1.519478566899860050e-01
-8.985213953079346732e-06,2.264299088907540530e-02,-2.758944972803012430e-02,4.090872985780335397e-02,-1.618311379673341155e-01
6.526851863247290671e-03,3.241535887502188309e-03,-3.368533497889621402e-03,3.281643064560712392e-02,-1.680113554893380712e-01
3.925883386167025590e-02,2.501521803637174642e-04,-1.765345683170836341e-04,3.675202348201316721e-02,-1.650018595447053926e-01
6.065426058147851962e-02,-3.235614118820155966e-08,1.249563688789910062e-07,2.608921567916912959e-02,-1.574393894216297995e-01
7.106707920287760882e-02,-8.297710279922187003e-08,2.639472346712403992e-05,1.428476835612229115e-02,-1.484416604372343074e-01
7.725832788240435955e-02,-1.468588639963145478e-08,8.437976910513381515e-03,5.420633950855169997e-03,-1.279211217116236476e-01
7.780136167627975385e-02,1.875769678240500901e-08,3.750058822318520779e-02,3.219413798726545044e-04,-1.069352992050977003e-01
6.600343003375094830e-02,2.342219951459270541e-08,7.422923432409327116e-02,4.842549788585250837e-07,-9.321103359575605429e-02
5.736664320263967776e-02,1.938552715152028921e-04,8.840238282648940626e-02,6.515605843992306824e-08,-7.108800639777335117e-02
4.707858397694172914e-02,5.376596213709932976e-04,1.049401358511714982e-01,9.518806722455594837e-09,-4.571657345260204258e-02
2.614153872992514005e-02,4.275036621862714388e-03,1.202126540237507396e-01,1.057575366584436663e-09,-2.888813488872926660e-02
7.937467313823769188e-03,1.124705502549703910e-02,1.386212095366888830e-01,-1.445197223497555745e-08,-5.130543255964663957e-03
7.603761037662591793e-08,1.150077772810487002e-02,1.536937223287966892e-01,-4.700994976979871862e-08,-2.312005042453784526e-04
-1.588154324979951163e-08,5.172164767704906518e-03,1.675339013208846650e-01,-3.257224461769921749e-03,4.892698940091796392e-08
-1.598474170398273759e-06,1.230534441756234686e-02,1.780199186529193567e-01,-4.532136315278625233e-03,1.459702050323592420e-06
-6.409567724982112667e-04,1.376919618267964315e-02,1.751816649092826084e-01,-1.427797060423551152e-02,1.013042297278928140e-04
-3.157769963855188312e-03,1.914029479089507380e-02,1.721914581404210554e-01,-2.189567931104698800e-02,2.009677733442835190e-03
-4.907614857549198566e-03,2.230603263749616344e-02,1.589537553096651568e-01,-2.286043662255825976e-02,7.256523756111407826e-03
-3.405922710454607283e-04,2.254582504777549040e-02,1.428711803305031391e-01,-1.853750627458794834e-02,1.631025117783966097e-02
-6.985025026623812975e-05,2.640691872062018303e-02,1.273513917186810118e-01,-2.337054962371500760e-02,2.650951694980879444e-02
-1.338558920772238287e-06,3.045200406812235625e-02,1.104701087995484665e-01,-2.120916694771269109e-02,3.629324574431858769e-02
-4.633497165137334288e-07,2.633979696930446174e-02,9.748178513952511504e-02,-2.656984986499381918e-02,3.360387922334218819e-02
-1.328816692278397516e-08,2.598444410862095488e-02,7.471601110248346500e-02,-2.732473862559904945e-02,3.494367641135051605e-02
-4.907328060621799826e-09,2.477801274123600864e-02,7.311348396006907280e-02,-4.245506148246144112e-02,3.997556138616486371e-02
2.369770307191914504e-08,1.781498795351766501e-02,6.592238951613305087e-02,-4.251622039971068856e-02,3.694878884676933151e-02
2.511486051413355910e-08,1.584472248884618434e-02,4.782566385101240380e-02,-3.741145331359200382e-02,3.553985626927236297e-02
4.859019686401741032e-08,6.077979535248359370e-03,4.260307442883991963e-02,-4.016913178726286282e-02,2.977765008553295498e-02
1.675678350856316882e-07,3.307198120817216952e-05,3.754495355408919016e-02,-4.260571693714755581e-02,1.671113515551088738e-02
1.854003551725624772e-06,2.009207565096847614e-06,3.538420296399914095e-02,-4.998123574697938692e-02,1.204110513045478052e-02
1.609235736760183336e-03,3.463259566930526802e-08,2.011458810629848659e-02,-4.981499591675162680e-02,7.970616816910857999e-04
5.022317699581464907e-03,3.150227023887542073e-08,2.903472007538168264e-03,-4.941136908373305880e-02,1.848525959149308247e-07
9.290852370157661952e-03,2.932899265540955863e-09,3.466426908236101010e-04,-5.541133686050372237e-02,2.533301608698716462e-08
1.095406750891938889e-02,3.051405868799729001e-09,8.973208570938036256e-05,-6.295053033714888280e-02,2.558120395836034810e-08
1.294551030138309418e-02,4.338083062891129788e-12,1.494908432414663934e-07,-6.492174152965955736e-02,3.183286435214416812e-09
1.251495022887073871e-02,8.247276307413291642e-09,2.288642366332394156e-09,-6.175235063433847510e-02,1.038956648008912392e-08
1.217622753141142135e-02,1.990865399791187388e-08,-2.319510963627979634e-08,-6.895989898504724380e-02,1.189248802952459889e-08
7.154349699611108580e-03,2.365734837508048911e-08,-1.468338263566219869e-04,-6.744519594816782149e-02,5.418920805557920819e-09
8.480485854467680051e-03,5.245363247324223694e-05,-8.597646902262959245e-03,-6.198970738881878773e-02,1.319335252137908275e-08
5.863899884554124066e-03,6.221717837959840928e-04,-1.681042885412089780e-02,-5.459484838832036335e-02,1.508979461628556714e-08
5.614443481289125085e-03,2.002353161857498064e-04,-1.638893319688659866e-02,-6.079201943770924654e-02,2.554789708281953494e-08
1.601804571647626185e-02,3.141397301349362981e-04,-2.464114375462734749e-02,-6.186904762738050512e-02,2.987179943356393530e-08
1.235977544644302657e-02,5.507465875722909271e-05,-2.468653374379489035e-02,-6.024937315884151129e-02,2.522286099685906515e-08
1.008652691232736660e-02,4.951225252070315422e-06,-2.283443583866111987e-02,-5.781964340013145270e-02,2.025872915280092291e-04
1.565522764008341755e-02,1.340968305581331316e-05,-2.439507752962253445e-02,-5.918803313598489102e-02,9.178921168676681442e-05
1.229819472743381818e-02,8.273167241351588245e-07,-2.978584050924608373e-02,-5.914105674520742095e-02,5.933745598803563678e-08
1.460696319246523531e-02,7.553088641955406663e-08,-3.278204630571567718e-02,-6.027471881619561600e-02,4.126280847719434312e-08
1.175104617858481297e-02,9.601309619148371413e-08,-3.830775341136909151e-02,-5.526074063048556917e-02,4.653023438370450563e-04
6.114938050994581271e-03,1.668357693041555173e-08,-3.612519564505943526e-02,-6.994750298408826394e-02,6.578867919517212767e-03
6.766902268577561219e-03,1.299545242100975908e-08,-2.826098614167665835e-02,-6.591151475590134590e-02,3.868280393920187684e-03
3.829618406020749485e-04,1.812947334717576477e-08,-2.451989738904637728e-02,-6.023325860261111858e-02,9.590621571397591263e-03
2.174227795463850102e-03,1.782634406031925509e-08,-1.888768030131918879e-02,-5.553521876363080173e-02,8.329218106462969728e-03
1.159332109702273725e-02,3.430639253866391472e-08,-2.908066442331357429e-02,-5.647254104473885955e-02,6.059037273186739479e-03
1.743590119222422977e-02,2.478632252082093239e-07,-3.154956648863147667e-02,-5.707089214034016811e-02,4.765840102167281066e-03
1.243314688117595768e-02,6.585687736391922871e-07,-3.298009668673525241e-02,-5.691176832073323311e-02,4.878250418581143479e-03
1.845038574057254743e-02,7.774604137699262266e-06,-4.381132184648128119e-02,-5.150807026886692480e-02,4.248492505562012807e-03
7.730293854675715677e-03,2.600705525358000558e-06,-4.414482608851974521e-02,-5.243887355825454372e-02,4.634919651527642966e-03
7.756728041941439097e-03,1.959870591332104326e-04,-4.419326659160950632e-02,-4.997032483543769471e-02,5.923719241572005488e-03
4.814785183581196931e-05,4.086652497611645979e-03,-4.036417769407358441e-02,-4.826608472118946308e-02,4.516855410661674113e-03
2.393675505487724143e-06,1.242520966550732416e-02,-4.759653096477948347e-02,-4.136932471825352509e-02,4.021991894710356952e-03
5.791070064545128708e-08,7.198187471108241815e-03,-4.354209212288808611e-02,-4.113966247110752150e-02,2.100768338692900097e-04
6.186865213288447883e-08,4.435895740435361057e-03,-5.164021987808366243e-02,-4.403830556110733402e-02,3.225127922690713706e-04
3.490492459295030989e-08,3.560008134623318709e-04,-5.187717529846901793e-02,-3.625507063033533983e-02,5.470389912916837094e-08
3.178627050940640618e-08,2.188868025510038156e-03,-5.129175365146165094e-02,-2.784422186477954198e-02,2.554681710844911523e-05
1.973511183240694151e-08,1.630471672645995634e-03,-4.384441279844426137e-02,-3.745028612428349946e-02,4.245285270051274021e-08
2.080342966159706876e-08,1.319947320804267616e-03,-4.134849614800146372e-02,-2.949901630556366061e-02,1.647656235745571092e-08
1.714038650913587808e-07,7.170293766137419240e-04,-4.214426742447174162e-02,-3.355377350413965565e-02,3.724595661429269915e-09
1.042650367059506755e-07,6.908188100252134721e-03,-4.879046951925006259e-02,-3.074267586303049485e-02,2.221387028382712309e-08
3.303124276226474614e-08,1.023989098305807914e-02,-3.504426084401205538e-02,-3.648128596601517282e-02,7.196988722955249549e-08
2.206299926564784284e-08,1.839986863620601820e-02,-3.124142752663687170e-02,-3.057314033672278025e-02,1.617003047743130123e-05
1.822536244705793029e-08,1.334857792430080986e-02,-3.504242845390234673e-02,-2.289494016328316381e-02,1.236655359682148783e-06
2.727435352936561826e-08,1.179396659000665412e-02,-3.890779641380594234e-02,-1.721426997765554412e-02,1.252536708678875433e-05
7.390734669466996345e-09,1.088868940679908921e-02,-3.708722840468865051e-02,-1.418372294274285184e-02,5.114674180495733485e-08
-6.729291679121513583e-10,3.185618689258620101e-03,-3.662877762056436504e-02,-9.175007821105184494e-03,7.804733712034699260e-09
3.570326754498207151e-09,3.374870638881362610e-03,-3.486919247610046485e-02,-5.821814809182501846e-04,-4.131202241787702754e-09
2.626721268082772641e-08,9.804592901257446272e-03,-4.576443516539170642e-02,-1.275059309254996168e-04,-4.315492578639393223e-09
6.731046284563467146e-09,1.751632286253145335e-02,-4.666809180721437356e-02,-4.808511970547757030e-05,-2.549016226346548283e-09
3.599708607942623541e-09,1.888241332133825529e-02,-4.279178993102737694e-02,-6.127095581778935185e-05,-8.988019120116237029e-09
4.382834687297077186e-09,1.960957922787601518e-02,-4.025671061937963896e-02,-4.688885365993896253e-07,-1.649050040381278460e-08
-4.732964260624449516e-10,2.174318688100629685e-02,-4.468252072082507659e-02,-3.606963668050754285e-07,-1.902545056458488213e-08
-2.668274732259662744e-09,1.171984352626390634e-02,-3.917042187940274200e-02,-5.963361344044796087e-06,-1.017412027770819249e-07
-5.769988019859096934e-09,1.612793829422507624e-02,-4.456417773830639861e-02,-1.442874862439582105e-07,-2.236234995627794425e-06
-8.384988324462463603e-09,1.804292529116258495e-02,-4.408037089880971482e-02,-3.252785947481678905e-08,-1.501305055562883957e-05
-7.304082451450776593e-09,1.717173784111505550e-02,-4.842693740704989702e-02,-1.869298575169870997e-08,-1.050392888197375879e-05
4.221563370023698691e-09,1.859054083203612664e-02,-4.400998616612578768e-02,-3.761389447932329343e-08,-4.555502843056746216e-06
3.729208950253967056e-09,2.513186874744971488e-02,-3.780033741943066017e-02,-7.327157340335214837e-09,-3.142416349237301880e-06
-1.717762293031990890e-08,1.815522261564701811e-02,-2.569882740001695406e-02,-1.367849687358750732e-08,-3.236603242618921223e-06
-3.792905620598351261e-07,1.449006375131164058e-02,-1.658624748627013021e-02,-6.773661460157260523e-09,-3.270960205973280837e-07
-4.372170398136299905e-07,1.232969793647970859e-02,-1.420025183255697356e-02,-8.872084837415254028e-09,-2.740602158726490030e-08
-1.955885322227038761e-07,9.207746033370383873e-03,-1.638513003597841244e-02,7.046393458912377653e-09,-2.470247402997966575e-07
-1.291149054606167985e-06,1.316989296920481958e-02,-1.411327570400086953e-02,1.533478018340152326e-08,-2.837680328140568633e-08
-2.399792280449638540e-05,1.333962825281889870e-02,-1.181581583318055788e-02,3.499047471887103554e-07,2.216064665530610198e-09
-2.571918922858972939e-05,1.121229711559788150e-02,-7.739823321452725391e-03,4.798675477430026541e-08,-9.699377446779246630e-09
-1.934572889242983566e-06,1.634107698436472467e-02,-7.785052467815310566e-04,2.596288205603052112e-07,-1.834367917258876875e-08
-6.899919832929000054e-06,8.900460435973197443e-03,-4.143010352482184638e-04,2.750641134546486073e-06,-7.392707698147252961e-08
-5.513960536305944332e-07,1.874882478715033871e-02,-1.075367379200853910e-03,4.951441099342996505e-03,-1.214055141203152127e-06
-1.711006392929847472e-06,1.444812378044001318e-02,-2.679139352727330069e-04,6.765003685124211172e-03,-1.693367694290822702e-06
-1.452861084190440921e-06,1.011019857229369066e-02,-1.792968433137064499e-04,1.063667242818312590e-02,-5.492850947007249334e-06
-8.669731281341065491e-08,2.105415007248008161e-02,-8.204554027399738481e-04,2.238878101094922413e-02,-3.870964867960466337e-06
-6.235382087179305626e-08,1.798355272072638816e-02,-1.961381053240118257e-04,2.516735825616016331e-02,-1.139589259909632455e-06
-7.243893807728162291e-08,1.819811098203724664e-02,-2.396443797875309780e-05,1.818181892403666552e-02,-1.000538873336272159e-06
-2.468244281554802209e-08,1.675813348416165319e-02,-4.923553910069887479e-05,1.765929291246351798e-02,-1.576616214644355244e-07
-1.174242498353586989e-08,1.024907917709452429e-02,-2.754196170779020128e-06,2.046078680015075285e-02,-4.026071027028241262e-06
-1.248999383170761563e-08,1.037858719385788449e-02,-1.280108884368176285e-07,2.255354067834752091e-02,-5.619533172315795899e-07
-2.606725646041671617e-08,5.937481118326013579e-03,-2.985029624052856551e-09,2.272890391566703000e-02,-9.593150344608125803e-07
-1.169679468812233477e-07,5.849346920024861909e-03,4.016104117354488597e-09,2.988762524142328167e-02,-1.038688147817350868e-07
-1.270661184110838951e-07,4.450085684060422347e-03,1.651418188085725549e-08,3.244203149963894445e-02,-1.330851999406536303e-06
-6.652879335738505445e-08,7.868131730348601471e-03,9.146088920000997774e-08,3.392964613471976393e-02,-9.174811470659898610e-08
-1.192120591977854999e-07,8.340262316239986651e-03,9.061496605749832367e-06,3.369784929934101225e-02,-5.407994134726307660e-08
-3.892705742101138368e-08,6.700011778237979776e-03,6.305541167283786660e-05,4.254407742429616723e-02,-9.779090718543389421e-08
-1.010275638366171811e-07,5.048205290661601612e-03,4.006356676580978471e-06,4.773260794331884299e-02,-6.228866337061414869e-09
-2.479335757911834547e-08,1.135700903491993451e-02,5.743978030230004542e-05,5.148958028097146838e-02,-1.001194559254168278e-08
-2.139742847447306624e-08,1.742233275489458652e-02,1.912070701499309360e-04,4.324004725471861793e-02,2.566889552705328393e-09
-4.007313143001846692e-08,2.409881201928774572e-02,1.795937172824995363e-04,4.633433171035294257e-02,2.827165397316250109e-08
-1.145670068562796036e-08,1.688236282864791563e-02,2.940235792624298322e-05,4.491975759248131861e-02,6.163088913511198446e-10
-1.964563343159682864e-08,2.086143595248882154e-02,4.249184170001201979e-05,4.449213990355003340e-02,6.546237206578938677e-09
1.122104708419596980e-04,1.314969296233676403e-04,-1.028988912229545983e-08,1.922079237494752475e-07,2.432394906155732530e-03
9.979491006363466234e-04,1.361386736249994584e-03,-6.559612534725849843e-08,4.724004798713341095e-08,9.888314376752105686e-03
9.108507337785724800e-03,1.703690307905331223e-04,-8.620282613431126857e-06,2.725419301554365913e-08,1.124059485888648235e-02
1.611050089239993155e-02,9.800288186192545123e-06,-4.190695754637916726e-07,5.241970046518962034e-08,2.085634222347261101e-03
9.732431242906635499e-03,2.454151362842242265e-03,-9.527105613828804743e-07,1.008105019091874212e-04,1.325057727206880101e-02
1.338639463896251303e-04,3.678817425733134968e-03,-5.732499630412238745e-04,2.435040819063759873e-04,1.680018840094417085e-02
1.385174023360213160e-05,4.132420993142208810e-04,-7.271467861243475508e-05,5.411265831449721985e-07,1.524468940763774177e-02
8.568631500522938581e-05,5.413988019964530683e-03,-3.717504548545690860e-05,4.282084065736748097e-04,2.194534375217583114e-02
1.887573971074199304e-06,1.536187629968717092e-02,-1.070481018785721431e-04,8.499904414265254879e-03,2.745025024233165023e-02
1.271621400572280602e-06,2.249728876281402098e-02,-2.941401115190392986e-03,1.697586414201270738e-02,3.398402751337373240e-02
5.223618464267704246e-06,1.601503566690271399e-02,-1.104044921790904880e-03,1.280976664161878088e-02,3.385283042336632853e-02
7.012234228520613675e-04,2.052331087125123035e-02,-8.150556270041923491e-04,2.408354944174467133e-02,3.525417689556838152e-02
5.839526458323128629e-04,1.884950993904853378e-02,-1.475125385762080773e-06,3.758868063179719721e-02,4.263258283362634377e-02
2.802121447429824393e-03,2.663988774177369206e-02,-7.283472119143499573e-04,4.722713366982794064e-02,4.167037262929939451e-02
8.214242933037461600e-03,2.595668715311635552e-02,-1.277659450048026710e-02,4.082260023023370765e-02,5.215474430447871595e-02
1.140070045247334497e-02,2.029957974030231066e-02,-1.057089419248369473e-02,4.424483425374840101e-02,4.448646258099516609e-02
5.604124022739836314e-03,2.408888440932369437e-02,-1.196495059302865680e-03,4.406498018803252370e-02,4.872327383208958224e-02
4.440168656869656304e-03,1.823886716875358638e-02,-3.269064381196091964e-03,4.650184904234806738e-02,4.899322230908854936e-02
6.916473879644509382e-03,2.450379896504709110e-02,-3.598706792810553012e-03,3.956936634853883139e-02,4.106208889091510911e-02
1.694826282146655316e-02,2.065346316854859213e-02,-3.346764751471420149e-03,4.643133486392317377e-02,3.046156305563050073e-02
7.638126068896138217e-03,1.712471333092724021e-02,-3.269185663997835854e-03,4.053461106900264899e-02,3.467229866638851798e-02
3.540743036830590502e-03,1.875352220042754078e-02,-8.413856683047339982e-03,4.252711741296780201e-02,2.803804903771019846e-02
8.359305374623269072e-03,1.342083747312145491e-02,-7.472744307166878652e-03,3.934633771575194588e-02,2.543187725842370114e-02
1.263386125804857006e-02,1.960483880769908760e-02,-2.810829761370215937e-03,4.475985375311846565e-02,2.454029427908315658e-02
7.504984003557624815e-03,2.249880441387536872e-02,-2.858084437664259753e-03,5.602577692417306382e-02,3.198511448055268991e-02
5.103424377403009574e-05,1.485119911692648134e-02,-5.526400445735844824e-03,5.778410160722862593e-02,2.183048278429380179e-02
7.282625727609791085e-05,1.962775756893261891e-02,-7.291914247979248281e-04,5.360270381264244793e-02,3.014967051976931781e-02
3.607427668534465056e-03,1.776641953332394608e-02,-8.841789465100680534e-05,5.662639733518350788e-02,2.630176275073758951e-02
3.277536523291829440e-05,2.013811670384651337e-02,-3.503605229696477522e-06,6.151707363066846040e-02,3.363345858649565562e-02
9.853841570126367893e-05,2.548115374214319009e-02,-1.984958572413411746e-05,6.390476345488038667e-02,4.178018093450733272e-02
1.455522152253326985e-05,2.408941169512431729e-02,-1.215175953823580077e-07,5.542370721013741702e-02,4.136385918073349349e-02
1.586508699594325704e-05,2.024653055459866083e-02,-1.603496037000893728e-08,5.626890961398410551e-02,4.176654156249255678e-02
3.520587324850590256e-07,2.607698820680798280e-02,5.744053244708020662e-09,5.994479152453988796e-02,4.749074182670964817e-02
4.744333815726992942e-08,2.379451561732373252e-02,-6.899242460541073365e-09,6.426535807563098224e-02,5.289830684005630834e-02
6.321827088021270091e-08,1.995776825930093909e-02,-1.320518704082345915e-09,6.412599554825226811e-02,5.356184858231393536e-02
5.546942555045706204e-07,1.101192525640370436e-02,-7.754253950267952127e-10,7.270294437362576079e-02,4.472192769920758232e-02
2.695009178429360233e-07,2.864942453386354337e-02,1.225929033783767877e-08,8.483977117820358516e-02,5.512802845765740062e-02
2.851116967727209349e-08,3.163156696660496953e-02,-7.825558015737089436e-09,9.594334137164768628e-02,4.498367802056290471e-02
5.621737694868460809e-05,1.888866022878794154e-02,-1.831166966281692888e-07,9.106798602063749526e-02,3.397381147527809425e-02
2.480873023261364815e-03,1.880309081942481766e-02,-2.993033604643199556e-08,8.919972007441534512e-02,2.334472603901069018e-02
5.099797674347346724e-03,1.197474660649013381e-02,-2.547083629076597372e-08,8.643081042947174664e-02,1.935279672428671938e-02
3.298556472590708551e-03,9.167885546935811115e-06,-1.658604398422058473e-07,7.980610232693709227e-02,8.075273674686442998e-03
6.104358201797059798e-03,-9.161974967785631260e-10,-4.921048630724679346e-08,7.325945609139222769e-02,1.663710483429300599e-03
3.797182815141115358e-02,-2.758437397941892327e-02,-1.810252986681637843e-05,8.130736456053862249e-02,-2.035273463063492361e-08
4.339125336976761005e-02,-6.258289755663466736e-02,-1.788823604013549856e-05,8.049235614276180339e-02,-7.855515141018665937e-08
3.368272874207475093e-02,-1.035426767544084664e-01,-1.708124243811448670e-04,7.550757973848087889e-02,-1.515003178809009626e-06
2.411338295400696288e-02,-1.355334875296266006e-01,-4.887163595435811475e-04,5.382880790446120667e-02,-8.165406263820113554e-07
2.165008252929728413e-02,-1.647188612601086788e-01,-1.452709381875238494e-02,3.218496823479918140e-02,-3.333018048493836642e-03
6.792573582783634385e-03,-1.790420631711710231e-01,-2.272675347628494089e-02,1.631572908986413106e-02,-1.904373393887646981e-02
8.145875412929313476e-04,-1.819249038159152787e-01,-1.106968657504455757e-02,6.514035257638475275e-03,-2.849116405842565258e-02
2.963378161895172109e-06,-1.738295470712962476e-01,-1.971437064325982228e-05,4.849071769126626447e-05,6.062380856127835465e-08
-1.610176246241399461e-02,-1.741874870540938425e-01,4.145309333924132152e-09,1.600757562720682390e-05,1.548608296039905318e-06
-6.020671622389406341e-02,-1.665719829874737212e-01,4.310109431224835690e-03,3.290616151205427223e-06,2.049766427994342358e-05
-8.588393550746885319e-02,-1.446657856947501375e-01,2.204456145181907245e-02,4.654881261738460474e-07,6.910966479458369974e-05
-1.211518678964753210e-01,-1.159960841972610263e-01,4.514834237206442891e-02,2.221106707888207504e-08,3.764117524908394268e-05
-1.530461120739277370e-01,-8.329820166760734668e-02,5.981654312899118558e-02,8.349513222961873841e-07,1.713351700241330379e-06
-1.779495898469245496e-01,-2.789551142123158217e-02,5.502421006332943593e-02,1.077231081511836452e-05,1.873651499502719861e-05
-1.931980220679864468e-01,-6.448409537116307592e-04,3.834563620731135797e-02,7.251146860346143808e-05,5.864123542856078790e-06
-1.875501060939130937e-01,-2.291750992587612585e-05,1.537399060360389313e-02,5.810235935105014437e-04,-2.570381362324248437e-02
-1.707861044828958008e-01,-6.272286515347769668e-07,1.471481220704510726e-04,6.328434327522124841e-03,-5.751653757786225063e-02
-1.522768481752261038e-01,2.140880065648049363e-02,4.685777043513446480e-08,3.240295679708422860e-02,-7.989530381725983010e-02
-1.317786486157528913e-01,3.630944446704047895e-02,-8.413244964273679127e-06,2.964976694941600863e-02,-9.224713613879972907e-02
-9.239900003916010074e-02,3.481766010883558665e-02,-1.012720519108012071e-02,2.936335410732970538e-02,-1.105444147616574391e-01
-3.725616614806478294e-02,2.006509238609239382e-02,-1.386507888872292975e-02,3.366593778808668613e-02,-1.350659240506172087e-01
-1.529561322154769035e-03,5.055329732318771495e-03,-1.277141825517482364e-03,3.920583771730431349e-02,-1.468518610017674197e-01
-7.871920861960460971e-06,-2.409067958510068275e-07,-2.377241085545229310e-04,3.968346101002004356e-02,-1.635570158259604112e-01
1.611778372620941674e-05,-6.174527418971288511e-05,9.247456910475149006e-09,2.868755824170513349e-02,-1.674611830569799620e-01
4.149492694771840517e-02,-8.928303942438384558e-03,2.519560949248145070e-07,1.605807519231167851e-02,-1.699365703415124385e-01
5.955176835464718460e-02,-2.905992859345413529e-02,1.190014177927138071e-05,6.044788200076327408e-04,-1.632041580012201509e-01
7.194359170695739658e-02,-4.001272363506733210e-02,9.564658918501364781e-04,1.230327191362194834e-04,-1.581659891722038969e-01
8.272752706238692411e-02,-4.304590563322073515e-02,2.575927529144165715e-02,1.275106300977024684e-08,-1.416998320842173809e-01
9.326672365140960264e-02,-4.394533771621655233e-02,5.330578211972296365e-02,3.127820937686232011e-09,-1.356773619431695388e-01
9.001591631781270808e-02,-3.525471162829085792e-02,7.161473975063863129e-02,-3.930867826747278653e-09,-1.095511871025782596e-01
8.025674740166376109e-02,-2.735216601894457228e-02,8.672639561503033001e-02,-5.835659917016175003e-05,-9.220372639992319153e-02
7.247597528730603811e-02,-1.875914966611066936e-02,9.817998747185313624e-02,-1.564391828241907048e-02,-8.107016205085422478e-02
5.928564874892332248e-02,-5.608204604324058991e-03,1.084344231800016128e-01,-2.896990379292823173e-02,-6.523570154508921692e-02
4.315875537130740847e-02,-1.271368708004082324e-04,1.205759031068200787e-01,-3.631348422066873333e-02,-2.922668940061249124e-02
3.210806113839944492e-02,-9.592617719678753622e-06,1.202789485162207017e-01,-3.585901925104862525e-02,-8.924866050194399034e-03
1.655911905963125888e-02,-1.504166204356294188e-06,1.132204559359500790e-01,-5.289723530352268693e-02,-2.554103214836294309e-08
1.339488195122881704e-02,-6.706678144892063346e-08,1.190242263546198581e-01,-4.880047185982919894e-02,3.248715660173233983e-09
1.255176142012732294e-03,1.742140336731216527e-08,1.127150043404745866e-01,-5.040549525400202929e-02,5.335723973058231440e-08
4.500472914361638668e-05,1.225456780652708113e-07,1.047732562019365876e-01,-5.011919941534566381e-02,2.255906831019942148e-07
8.060469897360482099e-07,1.605499740705831826e-05,9.131732973948582244e-02,-6.415015219907660438e-02,3.687940269361530971e-07
1.226522356856353188e-04,1.090590657414280788e-02,7.259615946188277547e-02,-6.277162390520936441e-02,5.997518580887188897e-07
7.012916173091224947e-06,3.163161140672779426e-02,7.007960951662015048e-02,-6.584511997597781996e-02,1.398091813784597612e-03
1.508964746783328272e-04,3.358074805884488090e-02,5.867162727357601304e-02,-7.616247630638495192e-02,1.382014859727923907e-02
1.218867719860920002e-04,2.928588740026149065e-02,4.740297132373860745e-02,-8.814654463911543447e-02,6.549996369177298744e-03
7.899790616156294673e-03,2.981226423448201865e-02,3.972247721971802759e-02,-7.684390444660577080e-02,5.230854788455970711e-03
9.428149223206564594e-03,3.979541069349000482e-02,3.360951174373617151e-02,-6.672872109416362607e-02,1.178981257817405918e-02
7.404449351389553536e-04,2.922605177845342614e-02,2.801144183477212793e-02,-7.391601703669035961e-02,2.057192775608976572e-03
2.776447619229565982e-04,2.349702684543004266e-02,2.379508865036358833e-02,-8.655866281549619290e-02,7.232789748592154296e-03
5.663583157887799001e-03,2.285960647426982240e-02,2.354171014115655908e-02,-7.970371430744525865e-02,3.043544243972211814e-03
7.529220458683556078e-05,1.621788092806173559e-02,3.216720625935845512e-02,-8.076000224812088235e-02,5.351562507690566482e-03
9.333833572919803759e-04,1.795737751892843154e-02,1.491873803620341436e-02,-8.110538471434722285e-02,1.027220251597619517e-02
4.762736678104202291e-04,1.419947590997356311e-02,1.321263969796718576e-02,-9.072861628835851566e-02,1.323674902965985174e-02
5.877476215793796645e-04,1.485566158018246374e-02,8.847221386894253995e-04,-9.054128047244264232e-02,7.609984885854442944e-03
6.958561309266804902e-08,1.054646566003324126e-02,1.495438346068789974e-04,-9.059321739972510390e-02,4.800515113289959002e-03
1.572041133662113685e-08,1.036357669896495600e-03,6.077739503011346109e-06,-9.198467661787643190e-02,1.136133474797298022e-04
4.933222062465486805e-09,8.706264330377144062e-04,8.993166305584134121e-09,-9.544396722172139580e-02,4.396871528581290341e-05
2.508501114171540107e-08,2.557976033261569461e-08,-4.842355185902084889e-09,-9.355640852552511710e-02,1.701245367949202848e-07
2.961796010059459705e-08,2.385562238279099448e-08,-7.113208203560739133e-07,-8.756112079989282482e-02,2.601418646191329465e-07
2.171882249322584288e-08,2.118120230381740495e-08,-5.633929639764370147e-03,-8.826026166951962681e-02,1.321950265592294310e-07
2.305574552267930193e-08,4.175843521810681374e-08,-1.876353211662048354e-02,-8.413715661000170654e-02,6.382645291218425034e-08
8.644601677245510798e-08,3.501004909086071122e-04,-2.101482889516536126e-02,-6.661237104343810389e-02,4.970504284845483190e-09
5.491434768442901773e-08,1.220735461649061562e-03,-2.870117767392438290e-02,-6.140556884486784300e-02,2.157792204167440615e-08
4.711670845921380753e-08,2.973183656789785004e-04,-3.599398068098496467e-02,-6.609510217630794326e-02,1.392647930693007518e-08
1.963065287290883149e-08,1.741114879332487507e-04,-3.243537791218138039e-02,-6.944004685209687056e-02,5.168373851699980878e-07
2.816402225156733645e-08,4.099246154793381346e-08,-3.601695038107786961e-02,-6.567861450040872462e-02,7.969183698786495683e-08
2.568666149890421725e-08,2.004077504443364872e-07,-4.079125114954132436e-02,-5.864100070736308346e-02,4.742733185379167441e-06
2.458436656042868340e-08,7.009038640638878034e-05,-4.310621037131300709e-02,-5.958823069996356525e-02,4.042157524063359764e-03
3.910583314065378072e-08,4.180876792593535206e-06,-3.697446610762576691e-02,-6.765486706700395148e-02,5.781304702490688147e-03
3.319056615733330261e-08,1.200931991856308462e-05,-3.318735608679651561e-02,-6.241442153865036507e-02,4.418085350002690440e-03
7.055434620708229280e-08,9.220466502924156880e-05,-2.634947848152427094e-02,-5.930905219286353863e-02,1.567902139022486763e-02
3.741650983887318353e-08,6.720918316019812364e-06,-2.801258160697674832e-02,-6.069937324431060044e-02,1.775125378919022168e-02
2.039457123647713037e-08,5.446367336956203215e-08,-2.819375911276211441e-02,-7.540470915484090431e-02,1.286980509350250761e-02
9.977472409482685693e-08,1.360574025195244538e-06,-2.673230510694715387e-02,-6.717278295418448175e-02,1.033600064505672475e-02
1.062292253727253871e-07,2.716287976996038056e-06,-2.965370828675265025e-02,-5.231462219273784464e-02,1.631555540037059326e-02
1.441798286783657872e-07,2.491177193201056961e-06,-3.549430010388904266e-02,-4.800380909580516386e-02,8.248133986292682449e-03
5.941854385524140007e-07,1.395033491479947221e-08,-4.007933936306500716e-02,-5.866385440405450652e-02,1.132032076521908648e-03
3.633759380121858655e-04,3.323466302572325366e-08,-4.815189004063857164e-02,-4.834215038481673443e-02,1.927711285927386073e-03
2.710244207782206831e-05,2.217659595580936310e-06,-4.522947619642170985e-02,-4.640342393928556519e-02,7.250816692979531602e-03
9.848072601372461799e-07,1.233264897432693638e-05,-5.176622767793098018e-02,-4.762958692236802377e-02,1.128987983785306043e-02
9.609303546668290730e-08,5.149105270241641116e-05,-5.239560187440997496e-02,-5.333180937373068614e-02,4.758204053285742391e-03
4.922329157332915571e-07,8.580086119403623713e-04,-5.645493765150457616e-02,-4.477761322437380509e-02,6.103900518216038001e-04
7.449119435288296932e-08,5.280497159643196547e-03,-5.454617505209999329e-02,-3.226842363938094149e-02,3.904007556725599352e-03
1.169327178553560201e-08,1.252094623027933187e-02,-4.403566661872120036e-02,-2.884044716632068808e-02,1.056691516994196813e-02
2.479996871940437538e-08,1.555434416660846260e-02,-4.945021883043659167e-02,-3.414322654911141480e-02,1.330244657659211509e-02
4.122973322282226143e-07,1.239172638893450140e-02,-5.632450697313177990e-02,-3.272529862387988514e-02,3.388474320933169189e-03
2.174988120860638552e-07,1.369688562399879773e-02,-5.657620758234636893e-02,-2.191114509652421910e-02,2.351175704354410353e-03
5.356948696812339851e-08,1.437887102390470254e-02,-5.935694088685303238e-02,-1.221782877273065726e-02,6.578266020301441882e-04
2.583574799215907848e-08,1.532269840672193136e-02,-5.209727951894952552e-02,-1.254848400226921644e-02,3.093026211598913326e-03
2.221905385597190001e-08,1.784133860706707542e-02,-4.719942390827459172e-02,-1.621023090703984119e-03,3.651831736192855745e-08
3.579079613043988807e-09,2.120236631793553927e-02,-4.783000046351734702e-02,-9.199197251861042271e-05,1.466674153881136408e-03
-2.628335209291330802e-09,1.510744862197003352e-02,-4.808023738455640544e-02,-4.510360677531260359e-06,1.629791766414489173e-03
-4.193201562381256401e-09,1.194262055072986550e-02,-3.814336239380023558e-02,-9.472520678911150151e-06,9.023858345736960815e-04
3.166336827006043957e-09,1.543670443116077103e-02,-4.405385751382698278e-02,-2.676461515421655055e-08,5.797382061957424906e-08
-1.144644112715138673e-08,1.749774596451489014e-02,-3.159662848089583170e-02,-8.654500835938575726e-09,9.247404425587894600e-05
-9.859131330147429209e-09,1.191546072169320618e-02,-3.719769912413535551e-02,4.033067438824620792e-09,1.144623736664410165e-05
-1.255539567308009452e-08,2.048626062634944719e-02,-3.824272886092480728e-02,3.139792482817765295e-08,4.495827619068487759e-08
-3.400095503654146133e-09,1.910272861028568941e-02,-2.939256560338645435e-02,6.922327829225185437e-07,1.282080522853582389e-08
-7.450535892587779427e-09,2.043353920879059302e-02,-1.804123907876339222e-02,1.056342386706623270e-05,2.749293115073586696e-08
-6.030613452057660976e-09,1.714484143154404450e-02,-1.736974256803871727e-02,1.114001690751429351e-04,1.298574387255611170e-08
2.100118638293035426e-08,1.359872505027076052e-02,-1.107909153059548346e-02,4.935712816868639873e-04,-1.055648286945310384e-08
3.093702491180121508e-06,1.024504138269853766e-02,-7.550606882902184160e-03,7.273014379251313034e-03,-3.731590455278526596e-08
6.498122750418343887e-06,2.083453600070058614e-02,-1.711520677230606025e-02,2.221786770414321821e-02,-2.539312842821975203e-08
1.980360837433653604e-06,1.708649593300062136e-02,-2.156564892647027873e-02,2.329067890485299677e-02,-8.236746717425553439e-08
6.921408633398497980e-08,1.300821530341609959e-02,-1.323159526440642955e-02,1.474523204225500726e-02,-3.928522720383653352e-08
2.159854347253637822e-08,2.376934437758043347e-02,-1.666337844432579790e-02,2.310268406868883073e-02,-1.608693410808288558e-08
-9.235614481145056836e-09,2.996654846271334591e-02,-2.712473127600739404e-03,2.333835209876972475e-02,1.354097391871408313e-09
-2.390502951339187788e-08,2.888346725985468932e-02,-9.183734024715175040e-03,2.765748144211192805e-02,-1.350405309536505398e-08
-1.866654827516031307e-08,2.430473483148332461e-02,-7.501531582141628823e-03,1.626857598456916271e-02,-1.274536338626221020e-08
2.408108768064931282e-09,3.014565812784434154e-02,-8.264675663937438637e-04,2.448390353946117495e-02,-7.572071003849369064e-08
-2.031397361463060552e-08,2.886446544219103266e-02,-2.159650302102862412e-04,2.805689509724879419e-02,-1.418440119347882833e-07
-1.310996794273589687e-08,2.371560883436887868e-02,-7.269640435887660341e-04,2.162069522512519507e-02,-1.813188525456172289e-07
-8.600381424231657230e-09,1.366340696790176862e-02,-2.038464205816139119e-03,2.448745382451618727e-02,-1.904246194269207326e-07
1.094072670777232542e-08,1.811288104431156565e-02,-7.028730412051358923e-04,2.184020398851307943e-02,-4.846832318094691840e-08
-1.350279648152288271e-08,1.828611962714254621e-02,-6.657385844416187999e-05,3.149048825431435827e-02,-1.355217530819119819e-08
-4.106576834386906306e-08,2.393581258687458788e-02,-2.923652463001130464e-05,3.734278514910249758e-02,4.451557215481929469e-09
-1.332610279419318319e-08,3.160646903637378408e-02,-1.118490204061784112e-05,3.492592800372806838e-02,1.707376832324937537e-08
-6.339039284303916017e-09,3.231507055193914152e-02,-1.781602019393788619e-06,3.457188254596010868e-02,1.568810526165029553e-08
-5.223559489597097224e-08,3.408676870871852477e-02,-2.047939220720017402e-08,3.551980880729677104e-02,1.073526492991883137e-05
-2.432943361536158928e-08,2.737918741096303371e-02,-1.372175615030136795e-09,3.391795137698150331e-02,4.685954580739462827e-06
-4.111215037928534550e-08,2.811043736165755660e-02,-4.201111566922330960e-09,3.366401395927724055e-02,6.187555860208626786e-08
-9.130560600418875721e-09,2.047025838565981470e-02,1.986212392160730183e-08,4.080058759240719896e-02,8.030317889504792141e-10
-7.911362458029944533e-09,1.916871708055584503e-02,1.788653034225215486e-07,4.223003004738505595e-02,2.811276927049184961e-09
-2.455142947866651788e-08,8.947626061374645140e-03,5.155804468388816233e-07,4.141163882671697327e-02,2.288766043115999011e-08
-2.797191392614714074e-08,7.175195193999735210e-03,1.539712173028520974e-05,3.149461844807036753e-02,3.772938313925122347e-08
-8.210701245416049361e-09,1.255215677359477339e-02,1.302019570421637893e-04,4.034515952277105411e-02,1.321436603337518852e-08
-2.651840350035367351e-08,1.605292179754395573e-02,8.283139226737859084e-04,3.576405816509589664e-02,4.966022401026736236e-05
-1.535497889715434227e-08,2.775176134762461638e-02,7.730135337007693628e-04,4.069497672863216231e-02,1.782736765716091542e-04
-1.784302600339020111e-08,1.290463382691103486e-02,2.370389965374751582e-03,2.862831222376047147e-02,7.933526006820388211e-05
-3.007651816020282587e-09,1.548384329941569770e-02,1.149245377795937647e-04,3.059273113610044142e-02,1.291968717911806284e-03
-1.607780962122094370e-09,1.232501371189975194e-02,2.500293258854468571e-04,3.076110401423797630e-02,4.536397384241580132e-04
-5.075132427333184076e-09,2.302578661643909716e-02,2.751242910732070585e-04,3.159722630070719435e-02,1.004794723425148605e-03
-2.050160451509961153e-09,2.824064548441357000e-02,1.147111395748948615e-04,3.541099516652836121e-02,5.131031939868353590e-03
2.803512767170555451e-08,2.510363241964458370e-02,9.052619342764506966e-05,5.095622931737755351e-02,4.883543853827918842e-08
7.888862326633990980e-09,3.714808493760945324e-02,7.694717724999630649e-04,4.238482725529326561e-02,9.433655783863301517e-03
-1.795266929765300156e-08,3.402112530964215148e-02,2.438297011049912690e-04,3.179558003702451230e-02,1.046574477832699912e-02
-3.881188984555272219e-08,2.648855418078977647e-02,2.022062337150601851e-04,3.122394201648292372e-02,7.566481218146013307e-04
-2.093201026687094008e-08,2.268415276637193376e-02,2.801358982946423252e-05,3.455395383588212577e-02,9.801164653159000477e-05
5.024160701747552064e-06,3.044496136479840555e-06,-1.774416082705013770e-08,1.129453168042347091e-06,7.621899183587721970e-03
1.930971204000744162e-05,6.307242124696718757e-06,-7.685746960170593965e-08,1.001498259182414923e-07,1.704002135284455460e-02
5.090963918823104080e-05,9.910415146109482085e-06,-1.639275580463814125e-06,4.205626095733662798e-08,1.385448303461223746e-02
6.518607147966937415e-05,2.213580458537115381e-04,-9.705596634198573481e-06,5.823066888373822053e-08,2.384581214443270633e-02
8.888040454224005514e-05,1.218567488386111545e-03,-4.166382263872011856e-04,1.283913611277720117e-06,2.693382373076095432e-02
2.893959262914717542e-03,1.099093292642285393e-03,-5.769703925943843459e-03,2.117787951198556488e-04,2.452962822612303126e-02
6.874382289991601974e-04,3.165994630901128749e-03,-6.855080506866585537e-03,1.588959351151329616e-03,2.821924109504107825e-02
1.905678451811523529e-04,3.157503802327316978e-04,-1.071144438021555574e-02,4.421234467795524987e-03,3.124227542845811612e-02
3.551485525263832705e-04,4.754117007287154148e-04,-1.366591487476436634e-02,1.229609215270746755e-05,3.589535131457551737e-02
6.777162657425191367e-05,5.326247928646332024e-04,-2.680854221488987617e-03,1.121452035895648212e-03,3.562887467233519928e-02
3.712693486388360716e-06,2.698364597981518399e-05,-5.146329029011187106e-06,9.179362882419207304e-04,3.029063831282583635e-02
4.256033587320366544e-05,2.475188032482093857e-04,-5.691048447857567476e-05,2.318923417731339615e-03,3.243628922121389452e-02
1.266694229123700331e-03,2.429654388075610835e-05,-3.756763188856819621e-06,5.358089190133895514e-03,2.834670402846034554e-02
2.005629287753185521e-03,8.733349177605447372e-07,-4.379122946855976243e-05,1.918109208865079532e-02,2.404594697603927578e-02
7.162689452217322478e-03,2.336897213455752569e-05,-1.038704626477923298e-04,1.790270273879186053e-02,3.170737053043362619e-02
5.736233065222686063e-03,1.874047922993585095e-04,-1.064051381548187435e-04,2.075416271544271857e-02,3.665125849293338067e-02
8.539144428920522611e-03,4.216866290061475160e-04,-1.721157314603733582e-05,3.165527909985025451e-02,2.939791583483928120e-02
1.543638314669539512e-02,5.536121398133784155e-04,-2.942868294192671401e-06,3.308270867628974876e-02,3.132924934591146959e-02
1.411501740711866050e-02,5.025405661497710057e-03,-2.499248212368285964e-04,3.172881883933306724e-02,3.362569441861155278e-02
2.147657419158239406e-02,8.760977299315785352e-03,-3.289606925389241838e-03,4.376850552108883796e-02,3.224946777560308564e-02
2.375055110986476828e-02,1.120041465079503994e-02,-8.291362729174576660e-03,3.522249919273681695e-02,4.150666143301907918e-02
1.466200253415216037e-02,1.191052780808214522e-02,-5.042903685327908628e-03,2.360970090284860573e-02,3.922956816738366187e-02
5.968731089814818466e-03,9.943681752730249013e-03,-4.579295257709991088e-03,2.101173656288416250e-02,5.266650789689079903e-02
1.881564170946651866e-03,1.426396857766627085e-02,-4.958590123071896123e-03,1.701273880181318823e-02,5.971450157607133963e-02
2.682680316548712810e-03,1.486560744953564425e-02,-7.642484865426256435e-03,2.906940993785027752e-02,5.343597536916529223e-02
2.633977240618037667e-03,6.858456225773688561e-03,-3.585230491882283616e-03,3.531622954880874604e-02,5.178651111599840567e-02
1.663955213351798199e-03,1.081066329690916726e-02,-1.120097418361047995e-02,3.784946644136252814e-02,4.830289727423608959e-02
4.600921719511925738e-03,9.877936184310799617e-03,-1.237189056867218917e-03,4.652887013516936177e-02,4.395121977008004804e-02
4.865522667392071891e-03,9.883168085395329164e-03,-2.537035908044155694e-04,5.348081052447699324e-02,3.903621736014380866e-02
5.715651965242665722e-03,8.621206082121874587e-03,-1.023941499151210599e-03,5.113989315704832450e-02,4.302866681616525357e-02
2.789273556921715008e-03,5.086851881445537960e-03,-1.001531949342435125e-04,4.931020435948609004e-02,4.391093275570075866e-02
2.592366734248392150e-03,2.236111388069369002e-03,-2.213715892732260115e-05,5.814374031479314225e-02,4.158992926555587361e-02
6.012738021036682055e-03,1.758202980633567563e-03,-1.390516749681597618e-06,6.381817581862746225e-02,4.202844619576026619e-02
1.366055312433741772e-02,1.136771611898708097e-03,-6.025033876081614567e-08,6.981018940881260348e-02,4.459962107553904626e-02
8.848362108516088717e-03,1.440925686183410241e-03,-4.109650559327345517e-08,7.371608730474191185e-02,4.690654123283490018e-02
2.709475253001060457e-03,6.804573396936684435e-03,-1.372129228074788553e-08,8.183996279242912453e-02,4.245689971822232817e-02
5.481685351437767806e-03,5.492128549940492217e-03,-1.255181547831459460e-09,8.935234537813457889e-02,3.655600199210125301e-02
4.325767481504474640e-03,5.459299293341702847e-04,6.804265125767348792e-09,1.013142773659527068e-01,3.234387474453917499e-02
7.056849762620891371e-03,2.633980448946528566e-04,5.010156877079631148e-09,8.215681628314532026e-02,2.884754176713303850e-02
1.245946036201906783e-02,3.847428229883619044e-04,6.174406638470016450e-09,8.311063585754724370e-02,2.960703939335424667e-02
2.537289644528531452e-02,3.446371479278919009e-04,-1.351674489751666578e-08,8.705183285972385721e-02,2.448750311023688633e-02
2.298111578805811170e-02,4.180108874255332165e-07,-2.445859760565946217e-08,7.410570244735649459e-02,1.692507300018865693e-02
2.618984222419807120e-02,-8.762550916490724918e-04,-4.800314054099530597e-08,6.222591352097892742e-02,2.171467643217781310e-02
3.953449314239635554e-02,-3.212253011917640122e-02,-3.148217809958726420e-05,5.658183262754891418e-02,1.686782109977113045e-02
5.660981576193086645e-02,-6.841605007460101195e-02,-2.570154571632755295e-03,6.267700836395553865e-02,1.362614433074394935e-02
5.914542313942376672e-02,-1.115447595690915450e-01,-5.955600636905910954e-03,5.434710240601868525e-02,1.163624552655593848e-06
4.734390753205083152e-02,-1.449684581828259988e-01,-7.499852022529954892e-03,3.846158816686235521e-02,7.059242798360781328e-07
3.970093456043699565e-02,-1.666450460393233135e-01,-2.454368384483620810e-02,1.633659883726952880e-02,-7.344197878272328403e-08
2.162025508289877607e-02,-1.917500483212635776e-01,-2.563226757472272105e-02,7.877172941703240120e-04,-1.195712776230547537e-03
1.886225432667834948e-02,-2.029222854170352752e-01,-2.099090090521744251e-02,1.168710110070035188e-05,-1.140509307129454822e-02
3.370850601329135571e-04,-2.002498167956226482e-01,-5.442707608036503495e-04,5.687489744191552643e-08,2.934908045274442609e-07
3.443889554601746268e-07,-1.962107993953244311e-01,-5.179010485058386945e-07,-5.699585531271995150e-08,1.017381510061450042e-05
-4.467026893025560774e-02,-1.826029202957847042e-01,1.611411803725501484e-07,-1.267228160379477511e-03,6.626756574972841776e-05
-9.004282731364020298e-02,-1.645075383877534214e-01,2.478624955648380673e-02,-8.193064782585969888e-03,2.643663982690368729e-04
-1.413912527577264322e-01,-1.282773541455878019e-01,5.454294797384771215e-02,-1.322043819552983640e-02,1.752584272076734200e-04
-1.905064614516862598e-01,-7.642394931615624498e-02,6.774031032668312302e-02,-4.898462803405709059e-04,4.778537870696206126e-05
-2.234480983438056623e-01,-1.670746896394587760e-02,5.380311940859937997e-02,-2.559732575459353706e-08,2.966083956479834951e-05
-2.295667753369911024e-01,-6.139923546063780332e-05,2.425429326122614804e-02,9.545682541228489701e-06,3.476614560558162285e-06
-2.235791307066532230e-01,7.472969587232788750e-03,5.540789748443384093e-07,1.534015699661206693e-03,-3.916550185775548309e-02
-1.998151352848712148e-01,4.113747536593936882e-02,-2.814310434891302534e-06,2.372754123817234426e-02,-7.947148075847611237e-02
-1.628770526957406817e-01,6.730611610247322352e-02,-5.082117071040201210e-03,3.854785077662888082e-02,-1.006959922571939586e-01
-1.137782557397639949e-01,7.911251816690381689e-02,-3.353960837229416625e-02,5.877606016684280843e-02,-1.212372006445504441e-01
-7.640004150839817265e-02,7.911867350703387369e-02,-4.337159854050959967e-02,5.492331806223627044e-02,-1.273900112352259473e-01
-3.334595996707743343e-02,7.115139326461539238e-02,-4.560371533680830647e-02,5.515792201597338046e-02,-1.382099969411921259e-01
-8.661335972813131090e-04,5.704447434414827711e-02,-3.391701774233184946e-02,6.311241510538180555e-02,-1.432891701167566534e-01
-5.797723321857377537e-06,2.773876938403097014e-02,-1.802832929392071681e-02,6.175877528052619442e-02,-1.520561630672502829e-01
5.128815072192375452e-03,7.388312376086380098e-03,-3.179310750912389206e-04,5.025750625404339089e-02,-1.468650273584259647e-01
2.924073697423574050e-02,1.528612376436224579e-03,-4.129108206712704537e-09,4.387500508085206974e-02,-1.459976326812194303e-01
5.938357310954455598e-02,7.256577642498014322e-05,2.479015201548112037e-07,3.279170969549061870e-02,-1.446681329633695556e-01
7.553771765051718601e-02,-1.520243565169771556e-08,2.365046192042830194e-04,2.443674837375458403e-02,-1.403613995497242084e-01
7.826703098410556225e-02,-3.982646356803023459e-08,2.700196455586478458e-02,1.047740998231943632e-03,-1.352402749070657217e-01
7.765454144986526364e-02,-2.715268687238511073e-08,4.930142879582715548e-02,6.005603938113586009e-05,-1.182303468350208997e-01
7.501065862990377586e-02,-9.759323611568369509e-09,7.684287788294624777e-02,1.918010343426336280e-06,-1.022811866677267451e-01
6.640368864054631282e-02,1.774171491662011100e-09,9.992677971984664786e-02,2.939634856301765075e-08,-8.210794531169185451e-02
5.206749899839564072e-02,2.186910275866906224e-08,1.165530504919591870e-01,-4.980012755929227838e-09,-5.546576261666519986e-02
2.983060354814371859e-02,5.470329196252049672e-08,1.321098709306891550e-01,-4.109989547156149964e-08,-3.067824938187829406e-02
3.459008396276289522e-03,1.423679538306453045e-07,1.432022682369116506e-01,-1.144078341693979046e-05,-4.507650871105462267e-03
3.504714768873886679e-04,1.763815500840666261e-04,1.463930553606331564e-01,-7.742642794699160486e-08,-2.100278296978668618e-04
2.228168480392031602e-08,3.691637174347230013e-04,1.554044027748233692e-01,-2.955413200237670914e-07,3.817498071509641826e-08
-3.610824875572094376e-08,1.183109932170421999e-02,1.573775209120754914e-01,-3.309547321802521185e-03,2.229761732203247156e-05
-1.509320742225246029e-07,1.707915459190658194e-02,1.500317481452563551e-01,-2.652613945506770380e-03,2.093392418467616371e-03
-5.305766283806464165e-07,1.023146718688775630e-02,1.422834461745294543e-01,-2.189347423798537634e-07,6.052213625601634596e-03
-6.269539565438980880e-06,1.413849848190796427e-02,1.380382848250078787e-01,-1.212825677122117245e-02,1.891380384747604407e-02
-6.511478521393815506e-05,1.500058238556710097e-02,1.318499760276761468e-01,-2.036013202475614459e-02,2.524830523938986424e-02
-4.602175736499807703e-06,1.879512064931401424e-02,1.172271955285015543e-01,-1.757565443124603152e-02,3.331877218349792169e-02
-1.191184437562748472e-06,2.162179995740738658e-02,1.075612721855570414e-01,-9.719767859486697775e-03,3.659102892827741094e-02
-7.145161535146834135e-07,2.763728945204954601e-02,9.137162907344226204e-02,-2.558215711289844874e-02,4.422692057133411486e-02
-1.927381878229208427e-08,3.153613047092861804e-02,7.916848088153846663e-02,-2.533747774914688750e-02,4.497369922513703988e-02
-1.552053649643049394e-10,2.742779920280102174e-02,6.544446958037168638e-02,-3.278518561393256592e-02,3.723529239756431797e-02
2.225196476109782321e-08,1.616415946099871576e-02,5.518566679069276254e-02,-3.494886429126506378e-02,3.472393774673508682e-02
6.243166085946343066e-08,1.395764899122585966e-02,4.703288267351942581e-02,-3.926837282562285758e-02,2.467099159281480047e-02
6.055057540670467640e-07,2.082878832470104816e-03,4.195424226084264879e-02,-4.825662461663550451e-02,1.220615476999280247e-02
4.343197850623139582e-05,7.680298909092896618e-05,3.875592960365104728e-02,-5.570278290158235668e-02,4.188245565662789449e-04
3.559424416687778300e-03,2.254701733206049870e-08,2.665304548807357135e-02,-5.164130572994764246e-02,1.999643236112046647e-07
5.057608352627220071e-04,-3.679628233322010915e-09,1.917263828541925647e-02,-5.920263842426493062e-02,3.382402111690610672e-08
5.288548031501245743e-04,-1.872018006277782308e-09,1.059705693446558357e-02,-5.667390178940046042e-02,1.700107292770283085e-08
7.112639921410237633e-03,-6.986074070901065816e-09,8.893961601020163954e-05,-5.006080441283460025e-02,-3.179326822672360329e-09
6.384975426822128187e-03,-3.043881464965440404e-08,7.334246789347376912e-07,-4.288195866296407727e-02,-1.361827563567572121e-07
6.753017677556563637e-04,-1.840801925302247376e-08,5.697131538783423687e-09,-5.308003687678218563e-02,-1.943378444474540411e-07
1.877471418418702703e-04,-1.205951986375404996e-08,-1.741542051824525261e-08,-5.172255060340442967e-02,-8.757180396946167166e-08
8.238418547637357456e-05,-1.031796011263243332e-08,-5.086553922371821063e-07,-5.331693869706056327e-02,-7.195174508515667321e-07
8.960315643706783786e-04,-1.258950019779546944e-08,-2.078265437360020905e-04,-4.961002544684527810e-02,-7.131363237820433118e-06
1.158844832836122433e-04,-4.126981314166948800e-09,-1.054567624334749182e-02,-5.308366487854655758e-02,-6.100138812395300556e-07
2.860628939376577977e-04,1.704427497009264498e-08,-2.096218690687798314e-02,-5.789506437871383415e-02,-1.325041254265194734e-08
2.472895657176776667e-03,1.290692922378910061e-07,-2.450469932696762443e-02,-5.036863172247716541e-02,2.581271399730338036e-11
7.167627696458555957e-03,4.337690346836988980e-08,-2.161488088719625000e-02,-4.447000043233671762e-02,5.134070008613955153e-09
1.039705123693027145e-02,1.938969964072610231e-04,-3.549980852402108422e-02,-4.994418472607441845e-02,1.358244600760457262e-06
5.474101793770957264e-03,5.803197146498457418e-04,-3.792743996999650702e-02,-5.672918217615791764e-02,5.125508608099221125e-03
1.446164061674716679e-02,1.824329766357355310e-05,-3.802461045878082618e-02,-5.540270724335579627e-02,1.566842847927160816e-05
7.314656850411202504e-03,1.532953448607954602e-06,-3.582240659618883549e-02,-5.878866971412897990e-02,1.051448787479285983e-05
5.523218174612270457e-05,4.149324137768340217e-06,-3.039821289693038844e-02,-7.188427928053088556e-02,8.729735966114648537e-04
4.559904661492537761e-04,1.368475742684376358e-05,-3.815077965124151482e-02,-6.990895477324060581e-02,2.756471290614320182e-04
5.813930172876141493e-03,6.998289427951413936e-06,-4.153227568570973943e-02,-6.455860135272666056e-02,8.769176848113872958e-08
8.810078170867966310e-03,1.830943462793338491e-06,-4.269394090733841934e-02,-6.180164144102621299e-02,2.456868526972597750e-08
6.959890399264065212e-03,7.592070413643196001e-06,-4.823124600707458937e-02,-6.261908403970825598e-02,2.349218069238952069e-07
1.025922932945579590e-02,2.309118441972890447e-04,-5.330211504105876463e-02,-5.951632717705955533e-02,8.849160386080407350e-08
9.751994460166536760e-03,2.334806825617307899e-04,-5.054621647507363119e-02,-5.392023004702330147e-02,2.342032184514746551e-08
1.184886888838894078e-02,1.929419390396396952e-06,-5.475822835999578919e-02,-5.124020272314415425e-02,2.872860870485536296e-09
8.531859238808321352e-03,2.820268141233818648e-06,-5.518950386644816408e-02,-4.894562444242823301e-02,9.824038973248770555e-09
9.380015471508244135e-03,3.359444447107879522e-08,-4.972618026177692829e-02,-4.663602921045736233e-02,2.610877446901957968e-09
1.013044316655681114e-03,2.629540646684841637e-06,-4.720777839007135601e-02,-4.086211962226650452e-02,-5.584785654368829228e-10
4.343178595677431482e-03,2.609482426979044584e-08,-4.677575276709431545e-02,-3.885024027093009896e-02,5.077769607665868419e-09
3.370401503641603548e-03,3.524596249610109383e-08,-4.665498439503469597e-02,-4.289109068331099783e-02,6.155614330675850876e-09
3.878439560701824751e-05,8.273984882498800831e-05,-4.813891017830313618e-02,-4.025104769021274620e-02,2.552991925246354582e-04
1.764777099347259511e-03,1.364287846981242843e-04,-5.076395596471304505e-02,-3.796788850630593987e-02,7.317148226204843258e-05
2.403965181844333089e-03,6.437596638318395827e-05,-4.141614368700084065e-02,-4.061274448894861694e-02,8.390602426823164962e-05
1.297880346801236391e-04,6.640245532664607866e-04,-4.787866416799700653e-02,-4.537181354807075240e-02,3.854026939792498468e-04
1.608469190245156663e-04,4.340446478611341939e-03,-4.280376863683680450e-02,-4.226533242210676888e-02,6.946413360099259895e-08
1.320234783968323193e-03,1.001313565679500493e-02,-4.399758766820761891e-02,-3.641337622705981270e-02,2.990482828471605012e-08
3.699098877549514990e-04,4.876832975838426773e-03,-4.654245248973702676e-02,-3.538630676681936427e-02,6.283187404907425268e-08
3.036805580927626968e-07,3.628273855218024872e-03,-4.198787438767042496e-02,-3.777453089795022173e-02,3.235609431984059060e-04
2.537933042765478589e-06,1.299849912964881442e-02,-4.028856118467976505e-02,-3.338289738657096439e-02,2.969962872773292042e-03
2.139087396533188343e-07,6.275268864704423161e-03,-3.610920075635317555e-02,-3.210357522503215488e-02,4.932673815130216195e-05
3.916318040550124602e-07,1.842247168284168700e-03,-3.514045054300692777e-02,-2.737090862545977013e-02,5.740166489802651330e-08
2.067004169428390621e-07,2.388609269726069042e-03,-3.445798045047662045e-02,-2.302603881173365466e-02,1.283255748077576775e-08
3.699269830594701888e-08,3.025055934444234682e-03,-3.212482599106623177e-02,-2.221063325772815872e-02,4.168461565020822761e-09
3.784555771398309766e-08,4.857774044862405056e-03,-3.589721984754696421e-02,-2.246771467512627060e-02,1.217558503053293646e-09
1.819314468498096863e-08,1.363571862059198385e-03,-3.199075683654092894e-02,-8.844079910534638489e-03,3.256418843913226055e-10
-2.608363557960180896e-09,5.239950217364504163e-03,-3.257163055841812149e-02,-1.261214709318242422e-02,1.109118314361938965e-08
-8.951781563028248870e-09,1.640906192287248586e-02,-3.220661790647854489e-02,-8.764843116291826022e-04,2.200585510952857517e-08
-1.834190789912482487e-08,1.733436834732180604e-02,-3.096646854065701962e-02,-2.771848317353158653e-06,9.159440759071122531e-09
-1.183743404915465014e-08,1.343856876719984154e-02,-3.928208650252090067e-02,-7.150262130190637915e-07,5.405738138895263043e-09
-7.987494351403384941e-09,1.942046662701172460e-02,-4.068514089242531578e-02,-5.974166371798894580e-07,2.794007246727640641e-08
-1.899872785533506054e-08,1.993549906962566523e-02,-4.020955153061610277e-02,-7.099106493278360891e-08,1.150192526559691184e-08
-1.443288916424436233e-08,2.738400483847925823e-02,-3.189042531832603916e-02,-2.706157037061740290e-08,3.173216896658871935e-08
-1.384207149754049965e-08,2.012963450751887109e-02,-2.777647591264392063e-02,-1.298720147653650457e-08,1.404072802747516713e-08
-7.996921971378186314e-09,1.861535499731776025e-02,-2.779086955571402964e-02,-6.084742785735036703e-08,8.023310376772659005e-09
-1.046918945087423162e-08,2.432821772090728099e-02,-2.058925860845840089e-02,-1.519566854128144879e-08,3.734812558906254644e-08
-4.558994133734383580e-09,2.890980778678742605e-02,-2.423541970093805176e-02,-1.618322097488391242e-08,1.919011545694219570e-08
6.984111291316354491e-09,2.846969538347740927e-02,-2.075944935700944557e-02,-4.206410954282606075e-09,3.722290409197351850e-09
7.689535946223898844e-10,2.456949287112735261e-02,-1.730738620116704235e-02,-5.835769022752237292e-09,-9.598327224338390989e-09
-2.387881869066005726e-08,2.477214726964328123e-02,-4.994626889277042903e-03,-1.174432713774978604e-08,-1.130040750052052934e-08
-1.324137616464290130e-07,2.170354308249694206e-02,-2.589276588297612178e-03,-1.175428624299929254e-09,-1.783981859787491148e-08
-5.794231001933491985e-08,1.332424909022239361e-02,-4.647068087626464970e-03,8.005673817958340179e-09,-6.759435602320376346e-08
-1.159151270781426409e-07,9.505272610113984014e-03,-9.626152774618302460e-03,4.211695124563371825e-09,-2.537409979140841606e-06
-4.921309516392040258e-08,1.368819777698940254e-02,-1.498242752762244355e-02,3.669377414691746597e-08,-3.310017255454216426e-06
-1.292297062730601738e-07,1.462827792013175927e-02,-1.091974010084307938e-02,9.585872304929744339e-06,-2.077353387148421737e-05
-7.143605967907262108e-08,1.374145520859634297e-02,-9.598164441856269630e-03,1.074275881614969799e-03,-2.643141329830928779e-06
-3.221565592730427439e-07,1.966965185889648846e-02,-9.983923073014438695e-03,1.511248889739549536e-04,-1.093461677470297647e-07
-3.185893223334738786e-07,2.416032996424344673e-02,-1.428174368280548572e-03,7.262899817963325180e-05,-8.630170656320505081e-08
-9.300416752033583400e-08,2.610179248173359612e-02,-1.227607914498098001e-05,2.453408156105922264e-04,-1.759023181201774824e-08
-3.178679376550383790e-08,1.918318989210583345e-02,-1.661190112519301709e-06,4.429526368874530350e-03,-4.205773962007159201e-08
-1.552426156304260380e-08,2.211645250552803782e-02,-2.236175729663636148e-05,1.294309630749500587e-03,-2.561198855749233412e-08
-2.999574484383231797e-08,2.687091791184845549e-02,-6.282943408303749081e-05,8.462756154305930978e-03,-1.950441934930638687e-08
-1.464114468330336266e-08,3.254893393858745987e-02,-4.329216717730511243e-06,2.153045511357996183e-02,-1.635562877003290256e-08
-9.505768091716070465e-09,2.891142904426815402e-02,-2.995441107682356487e-06,2.797504525876294557e-02,-3.116228983288950959e-08
-1.998183258240709865e-08,2.186801001959497517e-02,-1.114787976185528705e-06,2.781532956605307222e-02,-1.981091789858197733e-07
-6.876811812658613780e-08,2.678314989698628301e-02,-2.718518413761291396e-08,2.606680998822636861e-02,-6.470472893745563544e-08
-5.610994769080606852e-08,2.798500291160423148e-02,-5.876208098551399262e-09,3.096423987128940972e-02,-1.008548465196026961e-07
-7.570632710418065664e-08,1.040989312968064462e-02,5.426676184361088987e-09,2.711690383558828035e-02,-1.552965619863290109e-07
-1.515076814305575045e-07,1.290531429948285971e-02,6.363183701214131860e-09,2.222237179065109439e-02,-7.066258442320983638e-08
-4.849045848229778069e-08,1.662473188665303594e-02,2.799033254577821951e-08,2.795689288200159731e-02,-1.149174458716337707e-06
-2.842548616488335493e-08,1.486116361658776017e-02,6.096399318780886024e-08,2.783403448178140699e-02,-3.434024879856685104e-07
-1.282526109388764106e-08,1.690558762013523106e-02,4.125369203715952708e-07,3.685003178854830141e-02,-4.244812404946157953e-08
-6.970757889692106602e-08,1.701530339942210202e-02,3.004942633886120747e-05,2.880126223891025378e-02,-1.027238406386363485e-09
-5.332717990000647958e-08,1.879297989066086236e-02,4.769047915541660307e-05,2.633296702564566147e-02,3.436742661447080645e-09
-6.386671048532747504e-07,1.833073339628737974e-02,2.515843590264507765e-04,2.646715082124657600e-02,7.799980860693466752e-09
-9.741095272475357011e-07,1.297953780494479764e-02,2.398450968454113612e-04,2.757072020747827756e-02,2.062391989434918433e-08
-2.168443286786531464e-06,1.478324212624882936e-02,1.728659834452305171e-04,2.402770039240394867e-02,8.325834770690991162e-07
-3.146509237052137222e-06,1.594486848711308691e-02,5.138123650165117058e-05,2.855522595757296542e-02,4.028829881180501606e-06
