7.339140672898527879e-05,1.083252880178432004e-08,-2.670355662303328109e-05,-3.936581122351745819e-05,2.047844690517125477e-02
4.800356676681556879e-05,7.957723632676997935e-09,-3.532134439492542923e-05,-2.305496580103013888e-04,1.865444323023839751e-02
1.052535969403059863e-08,9.902942173609657041e-09,-1.196893957448862796e-06,-7.259744709061803679e-04,2.018804195478746122e-02
3.592199608188434529e-09,2.707291498436248437e-08,-3.206018228926421046e-06,-3.651591729926590346e-04,2.622190984219572793e-02
7.085317245264332723e-10,3.455538271640221263e-08,-1.189397440610970584e-04,-1.187928871574301840e-04,2.608892854103925588e-02
7.697201948726858251e-09,1.073770873867149903e-07,-1.209259576105317359e-05,-9.344612815904445213e-05,2.306873696066070317e-02
1.275500541393016733e-08,2.955578371305425146e-04,-2.628053271881009351e-05,-3.362759023894976271e-04,2.874281417217381882e-02
9.338378538972818568e-09,5.786052061135205267e-03,-2.337749714189589327e-04,-3.690246894219192074e-04,3.419914241140403766e-02
9.498951288920614416e-09,4.112157261999346662e-03,-3.654831673186596433e-05,-1.000318001932503026e-03,3.080645759375056150e-02
2.381799279079421725e-08,1.610435489933454214e-02,-8.581238518595735729e-04,-7.906297188553046071e-03,2.815664920870908014e-02
6.505057639952948776e-04,1.378877323726454898e-02,-8.759992430113317603e-05,-1.351545360306427405e-02,1.838858723633188946e-02
4.047642943927860955e-03,7.970028457334343942e-07,-1.042561548834111847e-03,-2.669596648217963802e-02,2.238387285709170921e-02
3.686658338609742017e-03,1.270080662700599077e-07,-8.830189137715889480e-03,-3.257963654007489662e-02,2.202813871462415418e-02
8.905801736668123719e-03,2.045401417548828622e-09,-1.130423064380102136e-02,-3.109352701670000177e-02,2.277517343509814426e-02
8.892547562316541199e-03,1.152690634765139139e-09,-6.562529726469395162e-03,-3.234733695815556614e-02,1.647218501907669538e-02
2.438809982815951568e-03,-8.702731693807638996e-10,-5.432621682925849009e-03,-3.206320413299170585e-02,2.556737693835321387e-02
8.736110906482722546e-08,-8.017180969357027751e-09,-6.631806009384442514e-03,-2.870027240413496744e-02,3.167886843395751467e-02
6.491386303549851634e-07,-1.427243459676890341e-08,-5.880543802931123131e-05,-3.336579306563507846e-02,2.350345145133567529e-02
7.530598470142751933e-05,-1.636280625699844524e-08,-9.485920423719100992e-05,-3.975555520471021897e-02,2.989089302623956779e-02
7.892901482139018723e-04,-3.251176753325446444e-08,-1.093019901362368376e-04,-4.936073246421618377e-02,2.659441553060588534e-02
6.947456871673709415e-04,-3.440566337603794655e-08,-1.344873565404005038e-04,-4.344859039657750915e-02,2.992332129486054496e-02
3.637144893413606691e-03,-5.224595867119130619e-08,-1.450618820536801789e-03,-4.504978919251492048e-02,2.966603241557558279e-02
7.777624980148285794e-04,-1.412885267397905987e-07,-2.417784320592108061e-03,-5.231775677865176805e-02,3.093848439543219267e-02
1.579747931815387489e-03,-1.693688346150248454e-07,-1.353976137718796878e-03,-5.873218848421185578e-02,2.925317429658335841e-02
2.943626747864098309e-03,-1.412978911932774874e-07,-1.060252233663927859e-03,-5.270081587679888852e-02,2.989764509555814520e-02
1.866953495917843221e-03,-1.849954080247988690e-07,-2.606381108588714472e-03,-5.670493499233326962e-02,3.584796726251036902e-02
4.007032389514096973e-03,-3.180025797530121316e-07,-9.572758247314192784e-04,-6.452657724552128549e-02,3.220778659927449328e-02
5.600936719853156186e-03,-2.121415049810930061e-07,-6.447823239800614141e-04,-6.592973073809423046e-02,3.191799367142614946e-02
1.149374144412967404e-02,-1.074886111912109205e-06,-1.347616780875014048e-02,-6.506563730369839538e-02,4.238869323677346007e-02
4.187193750671047536e-03,-1.039520302018927286e-06,-6.369876066249505024e-03,-6.375036184553201091e-02,3.464692753598030972e-02
5.765829300445005773e-03,-4.219561479292638062e-07,-7.446138444982357101e-03,-6.692427008853162052e-02,3.346062575627851282e-02
1.490959627730785268e-02,-5.505875037670703408e-07,-1.190230127708261955e-02,-7.119672603341772876e-02,3.202372921542161882e-02
7.775262499693963957e-03,-4.980212245733414101e-07,-3.900480147545778119e-03,-6.959841939374615538e-02,3.094109078204140134e-02
1.201656699270703172e-07,-9.735124218030623363e-07,-7.279014791395747863e-03,-7.282615820386448280e-02,2.795566768652843481e-02
8.948575426557168824e-08,-1.039329960511428320e-06,-6.291924072773280412e-03,-7.607553312270791401e-02,2.046734769626324529e-02
2.513683737265096031e-08,-1.421305050214383142e-06,-1.261345212154601700e-02,-7.549415499573025601e-02,3.346849383884257373e-02
2.909334434469488469e-09,-2.371778737064652487e-06,-1.773769471238896556e-02,-7.923035561929610282e-02,4.577675762287437833e-02
8.750229235439627770e-09,-1.661249237831788963e-06,-1.579766855400958556e-02,-9.037299367852623388e-02,4.081951907615428976e-02
1.020164302939195227e-07,-1.973808802764627242e-06,-8.605380251409789835e-03,-8.332704578408108020e-02,4.109563862224199782e-02
8.475959221720108683e-08,-7.462038241239750134e-06,-4.859346093777215658e-03,-7.977874881616442426e-02,4.041302833174918729e-02
7.697472265837648745e-06,-4.997885732780382332e-05,-1.493661093378410333e-04,-7.582920421409927725e-02,3.517205353351515740e-02
1.801241375558705691e-04,-5.841560769509901961e-03,-6.373680188483889999e-07,-6.759703680245252033e-02,3.342946621259264978e-02
1.707702471102889863e-02,-1.397601078343592602e-02,-2.163750454797243307e-09,-5.705684011409830475e-02,2.951688123621196147e-02
4.761666884936174154e-02,-6.166798304089515315e-04,3.321126328514712595e-02,-7.047504775604421234e-02,1.712484629930364349e-02
6.883142281797154094e-02,-3.136544897297782850e-04,7.053278969183410241e-02,-7.080152469215519884e-02,9.894984259081650996e-03
7.200458343883342494e-02,-8.422994203027809354e-05,1.117026679922012988e-01,-7.215203204421319350e-02,2.690709025210869641e-06
6.611562421176134241e-02,-1.112229133314658330e-05,1.395794236690529044e-01,-6.625182714049498989e-02,1.103395134023396980e-07
5.330433331741459696e-02,-2.121925630787101157e-07,1.535233379017584554e-01,-5.020614856754970767e-02,-3.266839964303140463e-08
5.416614524138183007e-02,6.110173190602166546e-09,1.696073996305173248e-01,-3.804752941820280926e-02,-1.451692553823435766e-03
3.828253819550500592e-02,1.181337139516238034e-08,1.830090481780700939e-01,-2.473610394302867832e-02,-9.774749429305609402e-03
5.386742711161719710e-03,-3.211587717432499050e-10,1.812452565317198561e-01,-8.644304014245784897e-04,-3.367846582387792800e-03
4.492131917477403224e-05,-6.771056800163539354e-08,1.782791584575519617e-01,-3.280070700613432614e-05,-5.481950769122169276e-07
5.108556680926345592e-07,-4.403060367704892016e-03,1.818219460560324408e-01,3.314383017279586698e-09,-1.763647915702532396e-08
-6.950331586209149148e-02,-2.842697167853172266e-02,1.736448939378016088e-01,1.819254310958463221e-08,-2.340588634244285868e-08
-1.182367035557077145e-01,-4.149546472550722648e-02,1.478197551499025320e-01,6.411902547821605280e-08,-2.987733392614478433e-09
-1.655405923464967621e-01,-4.488115356009911294e-02,1.013129231441113193e-01,1.086964335497755862e-05,-4.085693255736081459e-09
-2.031925925427507940e-01,-4.845395943899867552e-02,5.616935803590299842e-02,1.103620278162571015e-05,-6.176819438373703826e-07
-2.336746936334440639e-01,-3.138358735276103317e-02,7.799292349347026337e-03,-1.471777842389890590e-09,-1.856920140467293147e-03
-2.195948212399836674e-01,-3.608340186975861038e-04,1.576179752532400145e-04,-6.372104778177078290e-08,-3.782749149874168465e-02
-1.911276782655125517e-01,-2.439515141484150771e-06,3.353631483662700288e-06,-7.624178758575025612e-04,-7.403257967687063013e-02
-1.658498596649037038e-01,-3.575010923918835078e-08,1.937397978774227866e-07,-1.251560366658382821e-02,-1.075956725407021392e-01
-1.179140731748782311e-01,-1.357202628305250273e-08,-6.354780230399392771e-02,-3.744933299051726727e-02,-1.350688318957988243e-01
-7.282682484262181788e-02,-2.160552365084291978e-08,-7.406946108452013011e-02,-4.833125489376115247e-02,-1.504963869549674205e-01
-2.722421729255295950e-02,-9.823084409774040682e-09,-7.048269731773197655e-02,-4.734477656376246540e-02,-1.531561455320022969e-01
-4.106348428553834680e-04,-4.768292276385336472e-08,-5.170625565163960990e-02,-4.862146602596300465e-02,-1.603077384189254551e-01
4.627184207238501953e-06,-2.003217621264657999e-07,-2.725440600512398642e-02,-3.915359088718315533e-02,-1.672538814076162950e-01
1.325087110223112895e-02,-1.959370563730092299e-06,-5.105355214238503463e-03,-7.117781163082827697e-09,-1.719625087651212580e-01
4.709058885735961653e-02,-4.184508652016349391e-05,-5.462710025284676441e-04,7.289962163543080530e-09,-1.678861767615493772e-01
6.749081155396557952e-02,-3.648173833576003034e-04,-3.114308038714706556e-04,1.172029031171001340e-07,-1.575225365399148814e-01
7.758170989791315919e-02,-6.725345453747168939e-03,-4.714300482308349390e-05,9.373579032743488767e-07,-1.447912113074322493e-01
8.216097402630694047e-02,-2.864792043775618927e-02,-1.506761969133958050e-04,5.907719953400287500e-06,-1.225841054391067358e-01
8.098198499988816523e-02,-5.168574078698148083e-02,-4.949751764244079977e-04,4.987683327990430088e-05,-1.007423791408019742e-01
6.793979697009246144e-02,-8.452731314578658395e-02,-1.489485685843535204e-03,4.218782289524154456e-04,-8.125600023289249185e-02
5.859583303956913264e-02,-9.322963898061925603e-02,-9.457964786552195899e-03,7.513635389886852900e-04,-5.536923462975898436e-02
4.775549473107730536e-02,-1.109114169534537453e-01,-1.516824577384163347e-02,5.923053969073377271e-03,-2.507740836170131715e-02
2.689002106655802304e-02,-1.214976310853448233e-01,-2.137229335618040515e-02,1.237188078936712725e-02,-5.092185042252102410e-09
1.034774612922293238e-02,-1.389770261609193647e-01,-2.578225556221384884e-02,2.328120554617663096e-02,1.110720303635985540e-08
-1.272691738695365333e-09,-1.472474386603195851e-01,-2.179800282685497373e-02,2.772843966306659524e-02,7.814984519801123541e-07
-3.504957295741311477e-08,-1.589340030658090985e-01,-1.273988476239511398e-02,3.411966265435854156e-02,2.965590572621862623e-04
-3.695119296816842262e-06,-1.653530594010213239e-01,-2.051300314022492036e-02,2.982034527499105234e-02,6.437379508384961750e-03
-1.599260691033804749e-04,-1.586701790758425490e-01,-2.102069422016433764e-02,3.348046901308233264e-02,2.643025832607089065e-02
-4.946518615400491859e-04,-1.588457697419729808e-01,-2.436848164318217852e-02,3.802677850684141325e-02,3.685548497748252633e-02
-1.893704523883624376e-03,-1.485946630026689919e-01,-2.832675725084453019e-02,3.542920027466176652e-02,3.781824103708184004e-02
-4.872308730234748645e-04,-1.338845334924387565e-01,-2.729106055516555135e-02,3.031497529008729194e-02,4.203476903114997110e-02
-4.720937570667371893e-04,-1.198137285851793993e-01,-3.212426733029188214e-02,3.265187747495013754e-02,4.897993047138233386e-02
-1.202919589491885068e-04,-1.062061223657601722e-01,-3.347167445950584297e-02,3.008941613610732757e-02,5.326075904290250573e-02
-1.011373988426903512e-04,-9.752488988403644476e-02,-2.829418022431765337e-02,3.429230544917315909e-02,4.489076088714503282e-02
-2.409446018686534630e-05,-7.089489334694352995e-02,-2.877692571566247207e-02,3.319846207137754079e-02,4.545311647884027473e-02
-1.865639697465135483e-05,-6.791652545739636226e-02,-2.884085441168619465e-02,4.758243121420406563e-02,4.889905402218763103e-02
-1.064446169330746254e-06,-6.643027925929756439e-02,-2.173776638470108213e-02,4.712675935067833083e-02,4.387818446168177677e-02
-1.364306294819710810e-07,-4.769159876409092419e-02,-1.926135958498135722e-02,4.013403936890699852e-02,4.087627220904879038e-02
-3.840388509000635365e-08,-4.342180521148020222e-02,-8.812460638388091780e-03,4.214112901023186336e-02,3.731557379165374028e-02
-5.116058409024667577e-09,-1.952290939773506344e-08,-3.024802785572321340e-08,4.378276913768754108e-02,2.878006766073432435e-02
-1.959495769321995705e-09,-3.453353649625559115e-09,-1.917790073445383724e-08,5.424223061314121380e-02,2.613390534986222147e-02
2.381577891604191759e-09,9.831878712344010664e-09,-1.110985253245573417e-08,5.203122927375108259e-02,1.594280545616900968e-02
8.548419890481490112e-09,2.426616000738332986e-08,-1.286940967075364064e-08,5.225613337953316506e-02,7.663419487693516954e-03
9.402221215179269037e-03,5.452159168579997637e-08,-3.605471146059980662e-09,5.603632066811058826e-02,2.762253859860361077e-04
1.074392512746965081e-02,1.180856342741520190e-07,-3.856977628817881193e-09,6.303459220717549938e-02,2.757290694214090641e-03
1.455719108289405504e-02,1.230095397559267071e-06,-2.837305219356273368e-09,6.534770277221219059e-02,2.636357639351153271e-04
1.311973306320650227e-02,3.960753839623979734e-05,-5.331232182299119350e-09,6.126232713492942711e-02,3.558536806465829178e-03
9.373712888933060164e-03,3.212665359906170261e-04,-7.527663990862086215e-09,6.719097060994330683e-02,3.900737893897340304e-03
5.073544315262480328e-03,1.175347656152868174e-02,-8.081076032566017111e-09,6.360343658292055835e-02,1.101096064840309909e-04
3.989774999429909243e-03,2.482934745944840454e-02,-2.221898940446151765e-07,5.713700086398285083e-02,6.517538137798778268e-04
7.569564741477752224e-04,2.743119593829192876e-02,-5.962394104675884514e-06,4.871064609846208898e-02,3.754354872574641668e-05
1.941020335574127629e-03,2.623288892057311361e-02,-7.077515319001316060e-07,5.420936584157839966e-02,1.951623629783265455e-03
9.387527417086160425e-03,3.328410610469294956e-02,-7.076527688971860817e-07,5.531418026905546986e-02,1.797598421619621672e-03
7.312152795219086475e-03,3.169970681434149118e-02,-2.033867750567843454e-07,5.424442634737406538e-02,2.477849682972602693e-05
6.491104750854931327e-03,3.120395672938929346e-02,-3.936041049572070673e-08,5.211510137477244620e-02,2.956060998162685256e-03
1.412767205735115245e-02,3.698560959298613504e-02,-6.310176846369958133e-08,5.389586603702114370e-02,5.746682218082063177e-03
1.077133342992078226e-02,4.105834869271370036e-02,-2.514561991289450688e-08,5.268998723115548427e-02,1.187514481561130687e-07
1.489721415784384974e-02,4.281597565894253860e-02,-1.310804463407290447e-08,5.543583291989876566e-02,3.866242520071788913e-08
1.031722566073754906e-02,4.892033500043264233e-02,-2.147969723259511378e-09,4.910611723813183144e-02,6.832361812105746919e-04
3.735773601934015177e-03,5.024715381304379475e-02,-7.348620926932617016e-10,6.216781589562236227e-02,7.943208257485401269e-03
4.049883353756065021e-03,3.787957695135569375e-02,-8.424684706470788835e-10,5.993682979144528827e-02,4.731704258721123289e-03
1.174265451934096137e-06,3.123994662355612795e-02,-1.474051495397832963e-09,5.321064394627458838e-02,6.912453655054880824e-03
5.574801439931256866e-05,2.556811550186963156e-02,-1.115521859742398901e-09,5.196598207151226917e-02,6.254843929757730389e-03
6.183423850972267870e-03,3.497801966838134241e-02,-4.415653088490337542e-09,5.322775692095485511e-02,8.604014270765224818e-07
1.259346864755305113e-02,3.778902174999099889e-02,-2.247524118943249160e-08,5.382756269060574167e-02,3.643224997536405190e-08
6.059014013434298532e-03,3.722697892949410753e-02,-6.928620414466692561e-09,5.305145180767033286e-02,1.739505528318945393e-08
1.022311950974508742e-02,4.585100894147502160e-02,-8.917393049831163933e-08,4.784961915796356186e-02,1.099428019394864346e-08
4.048683782465172242e-05,5.079696458935283043e-02,-1.024525608841739421e-08,4.681973438932209020e-02,1.464995618545160009e-08
1.660213426184861713e-08,5.088514454862322345e-02,-4.323018821269281229e-07,4.732667499594785804e-02,1.658914644268709974e-08
1.046589348557512818e-09,4.496991886558279750e-02,-1.489933433319900232e-04,4.583458114829293967e-02,8.584857882036201168e-09
-1.212494589851848843e-09,5.357429929442600325e-02,-1.008544538418665835e-02,3.612907129357129099e-02,5.997458282116391102e-09
-5.891026267792736576e-09,5.231782395885992143e-02,-4.568480518081658934e-03,3.594493385435575117e-02,2.161846918094489645e-09
-7.451331205557493723e-09,5.798790314917922489e-02,-1.544387274805332716e-03,3.580161025545848530e-02,-6.314595429898561396e-10
-7.933302213353718611e-09,5.672745311441438482e-02,-6.535852774656766022e-06,2.835031693583322035e-02,-4.407143873984258746e-09
-1.015954796070862097e-08,5.910014911208551214e-02,-1.670598089221256007e-04,2.063430940690991813e-07,-3.110951316250147074e-09
-1.789037614863426858e-08,5.239896800777178038e-02,-1.728889987804320329e-04,3.161499105322305297e-02,-4.624188383236060996e-09
-2.197855778374119841e-08,5.027782228899439765e-02,-1.465691426151681683e-04,2.593677181829185524e-02,-6.698088571553725208e-09
-5.273956703897771865e-09,4.705366669703129473e-02,-3.030355946648815947e-05,2.785394322065422659e-02,-1.319545951479844903e-08
-1.041635267121115539e-08,5.369643741259939873e-02,-3.432010899792183566e-03,2.612682197731099054e-02,-5.917825856022200299e-09
-2.702769913651978971e-08,4.185377640389668225e-02,-8.924639793938135557e-03,3.039592966336375143e-02,-3.320337428888434342e-09
-9.036284950344891624e-08,4.050001898161449676e-02,-1.550163137083405279e-02,2.621280379738833571e-02,-1.952877811920686857e-09
-6.524223830339866446e-08,3.684894478612724816e-02,-8.713199466064665624e-03,2.652041696565429149e-07,-3.788644661886784021e-09
-2.050639127180881034e-08,3.693336131649073428e-02,-7.131394446485764260e-03,1.614381050777386290e-08,-3.479288050026438849e-09
-8.453977330339172854e-08,3.504283541248824629e-02,-7.733118914799641183e-03,6.449098431382394815e-09,-4.767508809456347623e-09
-1.594107858160479640e-07,3.537106178086540931e-02,-1.233913550606695710e-04,2.878945031496336494e-09,-1.347975312644903356e-08
-3.453062612824999295e-08,2.957638484644988311e-02,-2.894027071497909994e-04,-4.875225587447993879e-09,-1.153810314052479972e-07
-1.171529063058168384e-08,4.266026645459437827e-02,-6.109045874134386850e-03,-1.644246503691853179e-08,-1.128754772540988791e-07
-1.070698430799494991e-07,4.519284371083082813e-02,-1.578084482761876739e-02,-2.615833851885246069e-08,-1.716016621822189902e-07
-3.197443231918023934e-07,4.095700050977028189e-02,-1.741510530168339371e-02,-2.656177533379340453e-08,-1.198253258410399201e-06
-1.916437734017605539e-07,3.783305801592704715e-02,-1.701151015724804150e-02,-6.759888980510443557e-08,-1.263073220955520753e-05
-6.975367766053831188e-07,4.229173505742159223e-02,-1.990089330100346110e-02,-7.469419723733350358e-08,-1.840896637722005806e-05
-3.352821895523973755e-07,3.939076887408027999e-02,-9.369549510673287965e-03,-3.403571806942434629e-08,-1.126033782395783088e-04
-2.501796454823110060e-07,4.533710736962859311e-02,-1.328114988686836771e-02,-1.385189093046572753e-07,-5.415555516909312077e-03
-5.994493239011763688e-07,4.088368993189785139e-02,-1.590920680771571241e-02,-5.000606457635208484e-07,-1.218229733609627746e-02
-2.414738715242656073e-07,4.847271079443932901e-02,-1.404234590673835749e-02,-1.106263751031381521e-06,-1.149511626439147019e-02
-2.849200964935051952e-08,4.291033939080561577e-02,-1.789547192898715416e-02,-2.032447992192855572e-07,-5.052367203045611890e-03
-3.859011981016610127e-08,3.586436635178354843e-02,-2.365557490047879435e-02,-2.686205308521226373e-06,-3.930290639574826606e-03
-4.088365025162385930e-07,2.300293278684969675e-02,-1.695829819484019271e-02,-2.922115175247350492e-07,-4.444317476163660297e-03
-7.150353294336700546e-04,1.447732066005189173e-02,-1.449918097704448218e-02,-6.913468165854012492e-07,-1.689419037758891446e-03
-1.574909621578573864e-04,1.434538124703453772e-02,-1.228332663979393724e-02,-2.634343440326317909e-07,-9.664592182778141628e-06
-7.066859368183644747e-05,1.730864009766193770e-02,-8.799479584864901976e-03,-1.372848684971149749e-06,-2.067684198266290727e-03
-2.126359102914944770e-03,9.173824335090960749e-03,-1.176504149407978095e-02,-6.470301549264677596e-06,-2.639177548560167651e-05
-9.137678869656287728e-03,9.744624488374377738e-03,-1.095132493576359348e-02,-1.044707110396342835e-04,-5.571991144346077765e-08
-7.778202109783786782e-03,7.353985687756079900e-03,-8.875895949278483910e-03,-1.103615528065897457e-05,-4.892277983558264182e-07
-1.377135700122544609e-03,8.968767398805104927e-05,-1.436551450083495447e-02,-1.621342261116691253e-05,-3.893001433665064590e-07
-3.195108102647423003e-03,1.182748328168037971e-05,-5.088995564729410608e-03,-5.818118027767381546e-05,-1.275286287789384107e-04
-1.061751529618269805e-04,8.108476994541536445e-09,-1.587988600102906156e-02,-1.056291415397191819e-02,-5.232520045534254371e-04
-4.338103039191515322e-04,3.524826803766578014e-09,-1.272047227432254735e-02,-1.279333378570085035e-02,-3.670732398274495316e-03
-1.939457494555394583e-04,1.326216434619153987e-09,-8.978938687448595121e-03,-1.455710177777479013e-02,-7.267353987607792255e-03
-3.168085447783653326e-06,-6.442824364999199490e-10,-2.091217613186126256e-02,-2.751718817442272078e-02,-4.552268084351355701e-03
-1.868698810429264144e-06,-3.832376668850962386e-09,-1.812558659716788367e-02,-2.832111728837163542e-02,-7.116881081128043334e-04
-2.980369666060870069e-06,-3.773654359731774357e-09,-1.845579971566004701e-02,-2.129750536860883225e-02,-2.891747875185117804e-04
-5.309966772431662116e-07,-5.419609879234105143e-09,-1.840161252253433299e-02,-2.004019355374889871e-02,-1.761992564052028607e-05
-1.550216157558159259e-08,-1.154434526967716999e-08,-1.114680077615260757e-02,-2.273004515338979820e-02,-4.850953854163917302e-04
-3.429224967444372770e-08,-1.881415068015801067e-08,-1.163744172218081178e-02,-2.228174959320712231e-02,-1.216252488285248846e-04
-6.359785076516260380e-07,-1.054217493820077352e-07,-8.279100826324574045e-03,-2.255910448985820604e-02,-9.510857658666019678e-04
-1.928225262633167090e-05,-4.797479322029461895e-07,-5.324664786919944791e-03,-2.840745916499650206e-02,-4.594550603870644332e-05
-1.251450655565438754e-05,-3.465559886434151688e-06,-3.161373175105614344e-03,-2.979370110232596944e-02,-2.508555829284509213e-04
-1.600296305897180044e-06,-2.169088956039690901e-05,-7.932224577503591695e-03,-3.102826912670384255e-02,-6.576233644228382207e-07
-6.908956332151299390e-06,-2.964270122754001919e-04,-1.066506365225434669e-02,-3.173596548482076479e-02,-1.963235678241701012e-08
-5.974342967650491475e-07,-3.152546852907444318e-03,-7.998801962249434475e-03,-3.619561266608534861e-02,-1.798666029029724431e-08
-4.825441128066612899e-06,-6.024688409610684612e-04,-3.895493709558968745e-03,-4.503708608894684690e-02,-4.497325311684439800e-09
-1.175712901419901124e-07,-1.350863495911608760e-03,-1.079189120887484241e-02,-4.725986264775636908e-02,-1.946387047604686599e-09
-1.895722126023058851e-07,-6.200964434354397717e-03,-1.787217434185536108e-02,-4.037832497498435730e-02,5.416743853976933878e-10
-2.191124041193774817e-06,-1.014749835333473085e-02,-2.390044439467385595e-02,-4.340892334476208897e-02,4.938160238896829821e-09
-6.899000928500540158e-08,-4.013689855522611059e-03,-1.788051770975898971e-02,-4.309228629386070708e-02,2.800223813357650482e-10
-7.757618101510663483e-08,-4.940421868594147524e-04,-2.225839943077081301e-02,-4.367791403685375440e-02,2.586920894030553372e-09
1.385132678895900597e-08,6.129261162503468106e-09,-1.553449200479760600e-04,-6.835894390389677228e-08,1.116600980375258550e-03
2.370066541480751647e-08,3.565044945583928312e-08,-3.609833421134096137e-03,-7.605144242615855382e-08,1.041957009412660361e-02
8.364503527765503738e-03,6.250448240423574374e-08,-4.853765465090778292e-05,-1.195056411405737794e-07,1.045414104417024051e-02
1.546827063858856148e-02,2.313095523385981392e-08,-1.357540703116628470e-06,-1.119667710171102003e-07,1.530701441217052674e-03
3.647323964332051336e-03,1.151187530177206480e-08,-2.248559448149761025e-03,-1.295290360227088766e-04,1.017738731795279211e-02
6.561365958102255616e-09,1.784349587312574425e-07,-3.302598547805888230e-03,-1.185030708370345132e-03,1.266898370116058617e-02
2.812441718609309698e-09,2.151992772394737827e-07,-8.853355625755126570e-05,-3.431997853240867445e-05,1.274536296219567696e-02
1.756438736022468480e-09,2.668776856487563430e-08,-5.363742988331967818e-03,-1.904494904456976827e-03,1.515468427018962748e-02
-2.613534244179399567e-09,1.870627172785681372e-08,-1.485405895746877598e-02,-1.248684431191528568e-02,1.978095135870588592e-02
-6.097731341633833050e-09,1.868662485344563494e-08,-2.011807373054332396e-02,-2.373226213186892600e-02,2.591945408618510222e-02
-3.134569535220268228e-09,7.718480584576214306e-09,-1.309990893388009517e-02,-1.955399354782441645e-02,2.939796357631162954e-02
1.574432567562417004e-10,-2.366382225940366359e-09,-1.889610738204091506e-02,-3.048797002625395006e-02,2.987811938554921914e-02
6.368203810349885618e-10,-2.578911953632036933e-08,-1.700800828893165098e-02,-4.282827066506188912e-02,3.949814205427905345e-02
2.573302557816676238e-09,-2.574338556796492422e-08,-2.622080765064615029e-02,-5.355430780084948633e-02,3.989931724082245584e-02
5.701885895315173658e-09,-1.158845280457311733e-08,-2.570378427619629882e-02,-4.969749326881631180e-02,4.885548958948654485e-02
1.307739741677655312e-07,-2.005086687895097742e-08,-2.049465553027126144e-02,-5.352082055172289327e-02,3.921195437182283666e-02
1.089033204920463710e-08,-5.548314388345389211e-08,-2.554288172776983390e-02,-5.159585079933229346e-02,4.512950592207064238e-02
2.052466380743064503e-08,-3.879710786833917194e-08,-1.822456609597544047e-02,-5.487696527098114702e-02,4.226345553481398315e-02
2.501046233175199328e-08,-2.328122447042653179e-08,-2.609134847026717274e-02,-4.597541920484093242e-02,3.554444530885318004e-02
1.196222043282341684e-02,-3.142806471825747194e-08,-2.330640179223925426e-02,-4.837418770103497218e-02,2.278647418194659074e-02
9.097742165701704019e-08,-2.608477100857956837e-08,-1.863888195912203477e-02,-4.417496410788002148e-02,2.747020543659327296e-02
1.311468740710145467e-08,-2.015379640143352812e-08,-2.040754459541598703e-02,-4.513063757103714241e-02,1.883775101981500708e-02
6.522855490631160845e-03,-2.164624700094501751e-08,-1.414740990681420674e-02,-4.259203592449746500e-02,2.061076873952658040e-02
8.138713295645239737e-03,-5.297987802596418308e-08,-2.179181393459403426e-02,-4.663386955923552735e-02,2.011618457226417578e-02
1.188505409648151373e-08,-1.364456041040611963e-07,-2.409979963470030781e-02,-6.001069992472330555e-02,2.610967432750952583e-02
3.811568654055760309e-09,-7.900373285183220070e-08,-1.633779730544537498e-02,-6.313461542618964417e-02,1.534566538407561645e-02
2.351770763902995173e-09,-1.301845670175478112e-07,-2.113289869563061626e-02,-5.712765778353205703e-02,2.459323427548893229e-02
8.758219101747195807e-09,-1.847882558739901400e-07,-2.043220972296240154e-02,-5.593134925875425240e-02,2.050439208248408529e-02
7.134566301908841441e-10,-3.369729951023614346e-07,-1.953599835262863002e-02,-6.266399999003101351e-02,2.759090586680314899e-02
-2.197394367755203277e-09,-3.567910743914979786e-07,-2.394593121257863888e-02,-6.568575507248326784e-02,3.514086143519443151e-02
-7.970790985361866372e-09,-8.151793588172277884e-07,-2.463593545552024769e-02,-5.737826812123771048e-02,3.606369637528392819e-02
-7.415183994209258080e-09,-1.450068032903362936e-06,-1.979708384309005961e-02,-5.941759969821795023e-02,3.567996147270238727e-02
-3.584603311196681974e-08,-9.817255803948606477e-06,-2.476850964821034756e-02,-6.316003910685186185e-02,4.111521580115527763e-02
-8.558678694434807482e-08,-6.171906600044582259e-06,-2.221439719112196925e-02,-6.854853576126349046e-02,4.507967221229725041e-02
-3.734470932142525788e-08,-2.117704546308725469e-05,-2.038696716830226685e-02,-6.778266330845929277e-02,4.839103803993054925e-02
-1.151740178312214941e-08,-4.585067705986909005e-05,-9.833382561364572769e-03,-7.688587997976539801e-02,3.957136467595068902e-02
-2.005412013545684120e-08,-9.885699550296324313e-05,-2.755058466191289898e-02,-8.674562198301603855e-02,5.040394612440235456e-02
-2.205008848361684325e-08,-2.749219084761498098e-05,-3.088016321575555792e-02,-9.908639754667637745e-02,3.935276899796379124e-02
3.502200867650183895e-09,-8.425911967821400861e-06,-1.957457602209624475e-02,-9.512734203014684697e-02,2.848817265225766018e-02
2.064893819901030682e-08,-4.567540451702760054e-05,-2.173243516851643825e-02,-8.930320528671878422e-02,1.405748853290565877e-02
2.757865217898488954e-07,-1.161734261379878395e-04,-1.469242640342874676e-02,-8.507421562982724061e-02,3.693875345483526879e-03
1.549851409479971074e-03,-8.768020935842754052e-05,-9.831187900987935755e-06,-7.783165160491810342e-02,4.802436364763392839e-06
8.113816345858627585e-03,-1.204279479894257258e-02,-8.420319374699560496e-09,-7.405887524268751909e-02,2.487612813846843012e-07
4.362842270644153725e-02,-2.995550343230088050e-03,2.657575061941078870e-02,-8.173620787683807953e-02,1.943307012524706460e-08
4.886963510682086620e-02,-3.772435768269137308e-03,6.051341672719449949e-02,-8.131438650231523346e-02,4.840151489538011500e-08
4.128091465060988730e-02,-5.397620727943023243e-04,1.000486924178757148e-01,-7.217684292667367330e-02,4.495499055443655907e-09
3.575400843601687223e-02,-7.148939282888586784e-05,1.343710276349527610e-01,-5.246016348907876770e-02,8.692522526672351642e-11
3.811820488350426556e-02,-4.305218685449139963e-07,1.642885956249010293e-01,-3.015299645243755405e-02,-9.743379572142421910e-03
2.297685759909103009e-02,-1.559343597335752105e-08,1.785660778140735483e-01,-1.369190684578971279e-02,-2.668360327117190803e-02
8.474953697700075145e-03,3.782522857866002858e-09,1.810828535892795021e-01,-1.482307851728609715e-03,-3.070287498713052468e-02
1.467197789288663832e-04,-6.805649830140223899e-09,1.738839249867980274e-01,-1.082928797246334715e-05,-6.763535270502963985e-03
3.876144886613252299e-06,-2.801846330025291364e-04,1.757832646413845790e-01,4.114978919543469443e-09,-5.188547030348421643e-04
2.939988404152432577e-08,-1.441967238833608694e-02,1.699373675870517741e-01,2.018192062453636354e-08,-4.038240557004730941e-09
-8.642905701170004729e-02,-2.235484087383303453e-02,1.484134043089579413e-01,8.131422282218763857e-08,5.953614523454126691e-09
-1.173496396309811202e-01,-4.630316690448298828e-02,1.209919262989412325e-01,7.799850948281598310e-04,4.621490996846802229e-09
-1.489140670026858349e-01,-6.487747431761052563e-02,9.065118972986584145e-02,8.383656994373998443e-06,-1.292397091907039535e-08
-1.731691212551120518e-01,-6.486373886268562150e-02,3.995772449173527752e-02,1.119736593745686080e-08,-6.567722203061655947e-08
-1.875769812610740273e-01,-4.843646786739382731e-02,1.979969471633896260e-03,3.655701063480433428e-09,-9.889737891371610319e-05
-1.809637528312117438e-01,-3.782461228039717821e-02,1.562879294881683887e-04,-4.368644446283360972e-10,-2.765938076701422027e-02
-1.658462741830332154e-01,-1.587731740555759982e-02,9.974212074040404857e-06,-8.266969392949607791e-09,-6.125700371959254958e-02
-1.482849269656929259e-01,-2.028596231240891151e-03,7.822883239346263222e-07,-1.844123371493885943e-02,-8.537311882058438994e-02
-1.285757220549422764e-01,-2.755193283665437160e-05,-1.877363680531660405e-08,-2.296660666723619390e-02,-9.798681752341130424e-02
-8.856550957234313182e-02,-2.816568771552922531e-06,-3.336417478815383031e-02,-2.498567405496080265e-02,-1.168631371971802502e-01
-3.414302898955751814e-02,-1.673792779870627017e-05,-1.825450736024459772e-02,-2.810368810016508276e-02,-1.436619861217500460e-01
-2.170124520668808511e-08,-1.627028026054632662e-04,-1.149878316852402833e-03,-3.301129327297364080e-02,-1.528156254747511655e-01
2.335378408965538762e-05,-4.418688236320843471e-04,-3.288470648970849027e-06,-1.811493592839284036e-08,-1.672264389882903712e-01
1.543929780083786764e-02,-3.020820120566574968e-03,-2.611901259123504322e-08,8.891370405467441130e-09,-1.664258719275961140e-01
5.284585205341226638e-02,-1.454793767598616151e-02,-2.080175464462930352e-10,8.630612219211340985e-08,-1.698910891061123918e-01
7.070650229233495232e-02,-2.276914770909224672e-02,1.153456573253148412e-08,1.201974998894781711e-06,-1.585600014745884578e-01
8.384132791474492585e-02,-3.046556100329616754e-02,6.109241612247592397e-08,9.039989807223950251e-06,-1.538506940347061647e-01
9.352662628913305243e-02,-5.275047630539651811e-02,4.524967096785495468e-02,2.205514503279265700e-04,-1.342254870642078934e-01
1.034256351031568738e-01,-7.671955334621426148e-02,4.374845333839782330e-02,1.119506893047747661e-03,-1.239008903156211122e-01
9.870346797017244544e-02,-8.983989110225956698e-02,3.486275770039118670e-08,5.944960720879228708e-03,-9.392240920825696560e-02
8.735728258460929985e-02,-9.585439988954322366e-02,1.538166292222005825e-08,3.198857929317916460e-02,-7.135620138261446199e-02
8.234223676428069350e-02,-1.005442505471369485e-01,8.367873086814236590e-09,4.906303215447577193e-02,-5.243257608516893598e-02
6.559312233387942781e-02,-1.052268740143143116e-01,1.556928788172596836e-09,5.889534195107464648e-02,-3.074255408295007916e-02
4.892192039605753467e-02,-1.089499843609087470e-01,-3.372680829638471776e-09,6.042017252397396954e-02,2.267183999033477148e-09
3.934541711251277746e-02,-1.040719261263648582e-01,-7.334150328899445265e-09,5.706178831507410093e-02,2.278679920391071771e-08
2.405813671423603917e-02,-9.425553517245956192e-02,-9.996250386006613095e-09,6.911098273358232125e-02,9.810760633851855247e-05
1.963313655770027033e-02,-1.080452562259656968e-01,-2.433690032902121932e-08,6.284476647238186608e-02,2.776999177438499488e-04
8.641735493695291196e-09,-1.015719398324959749e-01,-3.925835379899083786e-04,6.157756223230058390e-02,7.195731063067735411e-03
-2.237413612533969975e-09,-9.733797556680801044e-02,-4.673027220474653028e-03,5.865865803433909648e-02,1.372783756186850453e-02
-4.421368392766524241e-09,-8.749596966361204708e-02,-7.889021655882360110e-03,7.133556467293998560e-02,1.065140748845726411e-02
-3.466064257197596742e-09,-7.217181507858028144e-02,-2.001238203350606815e-02,6.963937279831058924e-02,9.891642104713629230e-03
-2.231582887990806036e-08,-7.297497024824971257e-02,-3.918802483093840328e-02,7.264562830495313595e-02,2.498211402352510865e-02
-2.830909173917007253e-08,-6.532433188640718313e-02,-3.736402906578480815e-02,8.137676867213669563e-02,3.357857958286972894e-02
-2.458167967727544291e-08,-1.198157080559560869e-08,-3.303770934321198505e-02,9.152490087379319683e-02,2.163601919300125673e-02
-7.088920410018054796e-09,2.396408861505479352e-09,-3.235494419852889825e-02,8.086270523599324578e-02,1.581446777374065707e-02
-1.574950319619899511e-08,9.062293911601128416e-09,-4.107218232379266504e-02,6.956810383268186015e-02,1.969641953301000045e-02
-3.464389704432211663e-08,3.840813144853274564e-08,-3.170571278275349097e-02,7.567155433291010425e-02,6.218299943183546938e-03
-3.356232300151063042e-08,8.413297410669201992e-08,-2.652190361473042921e-02,8.791648775448908382e-02,1.463204868063312618e-02
-7.370812295655090746e-09,8.189199953722357874e-08,-2.640140333622535002e-02,8.146411873521960945e-02,9.939697977238683146e-03
-1.541932908517250097e-08,8.774622497781445278e-08,-1.874831829208576175e-02,8.098699497915537449e-02,1.293833301815082090e-02
-1.323705624740642506e-08,3.845687855642639102e-07,-2.167359565860443524e-02,7.969937440157656705e-02,1.955600219679843807e-02
-9.017713714570142754e-09,7.869847761470294453e-07,-1.767078650486672911e-02,8.988387126977377684e-02,2.628738049365629201e-02
-5.159337312377859609e-09,5.463251662478964999e-06,-1.999444276115569866e-02,8.899783805854823149e-02,2.117207016997058391e-02
-1.761969678844829130e-08,1.246051291564417778e-05,-1.588716890068818735e-02,8.951475652262551319e-02,1.967218002412039757e-02
-5.479564563005389626e-08,3.179273499053751080e-05,-2.028765242348049557e-08,9.113594445634345953e-02,1.323793491811810219e-02
-4.480659137959439819e-08,1.986865763107099631e-03,-4.436465317670014113e-09,9.429904376371905927e-02,1.329990883348119469e-02
-5.966755333551571781e-09,6.098532879639345129e-03,-9.706358330404993187e-10,9.136583971467285292e-02,4.780966622860680667e-04
-4.882878233529576541e-09,1.901072196169944703e-02,-9.878535645282122798e-10,8.406589563670888166e-02,7.657401687443443411e-04
-5.625783849294046813e-09,3.301159157254167364e-02,3.353482286969339638e-10,8.353498970612818764e-02,1.267474841504488692e-04
-4.567320286829011550e-09,4.153021921324032140e-02,-3.385361242970085175e-10,7.690335548213876604e-02,3.055503905006109028e-08
3.341998541798841501e-10,3.633472819637314360e-02,-5.970115686147860097e-09,6.290927558678811871e-02,5.513726289755256655e-09
-1.493520745088595529e-09,4.362878508240375375e-02,-9.570024166843034349e-09,5.797616634238500488e-02,8.220286065173496274e-09
-2.150680922799617831e-09,4.482579176739417970e-02,-5.953545271089689899e-09,6.157480084205108062e-02,4.364907187773130601e-09
-6.283647480237945795e-09,3.609435914575997301e-02,-9.229211323418916460e-10,6.629368972458611620e-02,1.402811217070357813e-08
-3.235031672963142458e-09,4.157133360489269347e-02,-1.853993632281486929e-11,6.368742258060906825e-02,4.164880485246402819e-09
-4.192556282375084746e-09,4.650531074183040375e-02,-7.399376212824847862e-10,5.439897424771867468e-02,1.033469308495720871e-08
-6.728795992199374702e-09,4.968573326291258335e-02,-8.263374020181497377e-10,5.410291573699155948e-02,1.092511921491098924e-03
-4.620357195586806861e-09,4.360189089395049428e-02,-7.715268668504383052e-10,5.986496833990059829e-02,4.288452914544090520e-03
-4.966392274599588492e-09,4.447840494692999191e-02,-4.194553636373080853e-10,5.471747883918028077e-02,5.121697156968652194e-03
-4.771270822959690426e-09,3.887452857273088203e-02,-2.695447030672630639e-09,5.222915271389041991e-02,1.617115911678726828e-02
-5.913824577849497381e-09,4.411028678902568362e-02,-6.483320828355806561e-10,5.249774369071721208e-02,1.875427071387485850e-02
-6.572405361425362954e-09,4.295845497215956821e-02,5.631087552892696805e-10,6.675577822619355173e-02,1.603978010905690588e-02
-1.257156461002495110e-09,4.171807661541365730e-02,-1.707041982518738972e-09,5.969355374410753590e-02,1.450364485221015791e-02
-1.463648149666906192e-09,4.240629025971099503e-02,-3.111494505256407879e-09,4.580292219105228102e-02,1.591252018299079557e-02
-9.482886284820815320e-10,4.323781696271273428e-02,-3.937634468262578298e-09,4.069479103037280943e-02,5.145523869595932526e-03
1.519211181604943029e-09,5.184814310298017925e-02,-8.433249404726990017e-10,4.999005443681282801e-02,3.076286425250467343e-04
2.175337383125138350e-07,5.832181770622400785e-02,-4.682071452802720137e-09,4.219117503323475266e-02,1.651186396319289023e-08
3.897583907432801896e-09,5.370246574224360470e-02,-8.435944044172363461e-09,4.088009287159421329e-02,2.039900889775989638e-08
-1.346498080403941638e-10,6.273544961775420759e-02,-8.918686477091669337e-09,4.095990222643470374e-02,2.906480623284029484e-08
-2.465888415709983309e-09,6.189515561100162461e-02,-7.829318436124582819e-09,4.902971938596556445e-02,6.021427747971698198e-09
2.592322511635085655e-11,6.194387384346123487e-02,-2.027700931088328961e-08,4.154068075822819200e-02,-1.813826410422506966e-10
-3.447506436885609243e-09,6.015558049284451536e-02,-3.346248367943512907e-07,3.123861124768522249e-02,9.769000608516697763e-10
-8.614103499252589853e-08,5.375584962636158898e-02,-8.459921283210446868e-03,1.107803281136098445e-07,4.496771071264354647e-09
-3.508248990460064464e-08,5.553034883644024367e-02,-1.313790233332334800e-02,3.222400081982944309e-02,5.931643837228504625e-09
-6.647306357558990623e-09,6.472249567818605387e-02,-1.195414003876201642e-02,1.765336423260230702e-06,-2.948525349245436455e-10
-1.833059452687354493e-08,6.284318532460950180e-02,-1.086475323257569264e-02,6.081591146138650425e-10,-1.859326820500263872e-09
-1.144130220556626450e-07,6.585693283209331783e-02,-1.172815342933471172e-02,-8.487832084855435427e-09,-3.300329561694462136e-09
-4.957745629265529596e-07,5.553588425551889141e-02,-1.386502504016401578e-02,-5.925084544867420171e-09,-2.939715752978698632e-09
-2.441423663433141210e-07,4.827788790902157873e-02,-1.587416422963297546e-02,-1.439439196429193870e-08,-7.842835539068943043e-09
-7.486240567534815635e-06,5.488091700854677568e-02,-1.729882080395317434e-02,-3.045993009023085337e-08,-3.986080327185826063e-09
-4.042119498023744555e-05,5.421933181617415165e-02,-1.093657887388405428e-02,-7.509996791679562987e-08,-5.040033515888710091e-09
-4.704069047228864197e-05,4.512848404227411125e-02,-8.619729126894286331e-03,-4.484526339857739176e-08,-3.260883968001736489e-09
-2.977509674638034787e-06,4.654203498234529834e-02,-1.350464563873686637e-02,-1.916592443136060020e-07,-1.020348365558015042e-08
-7.301120582874927713e-05,3.347687799376302537e-02,-1.457380735231132707e-02,-2.767537052522271745e-07,-6.102552336670410125e-09
-2.146957511401972524e-05,3.851304099977239520e-02,-9.495189584133294919e-03,-1.611566912630618775e-06,-7.878986977553471158e-09
-8.768430360953303180e-06,3.741945705781172388e-02,-2.053483160582983413e-02,-1.918978730964931436e-05,-8.587663604779107961e-09
-4.819507637780624816e-08,2.865187089739398146e-02,-1.825579642976593239e-02,-3.504452754545024114e-05,-1.115077535356676847e-08
-3.489917992638160526e-07,1.920030576667679928e-02,-2.084677428372492050e-02,-6.419633735069678196e-05,-8.399135596551636077e-09
-3.786038711260744768e-07,1.934690016224166129e-02,-1.871188631313426554e-02,-5.248357832797000784e-04,-1.156836400894236338e-08
-5.752447234655479803e-09,8.537026153448493138e-03,-1.539494879182674338e-02,-4.598881253755183291e-04,-3.703181922353156022e-07
5.899555646793056855e-10,1.364626324233272123e-08,-1.326546396518518342e-02,-5.132973707080462633e-03,-6.085838322464812682e-05
-1.663011296287320620e-09,1.360963206266240152e-08,-2.214990619244585138e-02,-2.236767867629062614e-02,-3.943114522706229162e-05
-2.464686948424048420e-09,2.036928724390293932e-02,-1.751973224953578406e-02,-2.420771384952276686e-02,-2.026091789611331282e-04
-2.979957597668618922e-09,1.198463692635737959e-02,-1.340790651984395329e-02,-1.645593987802764294e-02,-1.105295822858722412e-04
-1.907541752065885845e-08,1.210298599491057748e-08,-2.443367262956208999e-02,-2.314503408920194974e-02,-3.610339392361749028e-05
-4.399565583101018386e-06,1.047826465771324786e-09,-2.984653222365141190e-02,-2.388892949232410134e-02,-8.604772463479188380e-08
-1.610369281039039118e-05,2.791865858746705939e-09,-2.878281228578082745e-02,-3.136833759152659468e-02,-6.859066298713142913e-06
-9.593534568558331678e-06,3.312488141452033251e-09,-2.365217587305546570e-02,-2.136734296084155313e-02,-5.030745825807194938e-06
-2.111765746345413938e-07,-1.854517257434295552e-09,-3.140525800874340717e-02,-2.721041853943389349e-02,-8.423481352712978857e-04
-1.914162394551195155e-05,-5.746123614779304159e-09,-3.061525169034593277e-02,-2.975674075727576667e-02,-3.374902111227946061e-03
-9.536276975919447154e-06,-1.868981048184842118e-09,-2.431542386953498489e-02,-2.582183563881555732e-02,-2.793994793495198532e-03
-1.148821589961057697e-07,-1.206833067654319150e-09,-1.534788408119087434e-02,-3.101933580552575578e-02,-6.008367601396096686e-03
-9.160082492541311220e-09,-5.494395508965244643e-09,-2.086664797685755871e-02,-2.574620544182856796e-02,-6.600116753262070450e-05
-2.725160985184447782e-06,-1.504827686316789468e-08,-2.011791936041789491e-02,-3.550642210009313099e-02,-1.428171982088135048e-07
-8.031165979535794051e-05,-1.598001513944483676e-08,-2.588559961923667108e-02,-4.319829982935576018e-02,-2.424486910167700216e-08
-6.021207791988270652e-06,-1.243599539760069465e-08,-3.311943898862833302e-02,-4.025834278449880177e-02,-3.098836615105652408e-09
-3.877013476267421506e-07,-1.759427149336501964e-08,-3.363659337258192994e-02,-3.738951347767404537e-02,-3.491007546273497955e-09
-4.613215736270755239e-05,-4.328369886755515467e-08,-3.433238506389943434e-02,-3.943412517255199395e-02,8.065793128128019761e-10
-2.275580324746617254e-05,-1.042637957925193864e-07,-2.684847182489507808e-02,-3.798110617035506398e-02,2.206230881487717762e-09
-3.235650685430947938e-05,-1.272631421911006964e-07,-2.629591501953040117e-02,-3.662587063065649018e-02,5.560412901647067898e-10
-6.728563792772138709e-07,-1.769648881019209242e-05,-1.937559612793736397e-02,-3.924497801896745242e-02,-3.221720917109596310e-09
-6.161804153817182556e-08,-5.680237475753810135e-05,-1.840462528465431138e-02,-3.913267177081144327e-02,-1.913267498202754471e-09
-1.095679983238402450e-05,-5.000998244159572919e-05,-6.964251414157164588e-03,-4.186802423363733539e-02,5.825105632367365406e-10
-5.220731143391695822e-06,-1.140521846026319665e-04,-5.417544566234657084e-03,-3.089318543941914699e-02,2.610035938430323379e-09
-4.910729876739526686e-08,-8.559046209342417375e-03,-1.233874949709015331e-02,-3.717251402732960758e-02,7.314710652877259319e-10
-8.701305254453081122e-06,-1.268180835774140175e-02,-1.491878748067961523e-02,-3.289082281428064997e-02,1.541687195644417014e-08
-2.140946232461442910e-06,-9.127860446684787910e-03,-2.797380397518092754e-02,-3.769198909095705652e-02,9.131136571904320181e-08
-4.594704021647695076e-06,-1.403102281299548060e-02,-1.348667605976400403e-02,-2.739391213916055404e-02,1.683816557394083565e-07
-4.117169210494397495e-08,-3.495662585436242961e-03,-1.535137168509468145e-02,-2.986834837475281154e-02,5.051890895686564646e-06
-2.977652428995210288e-08,-7.203416245931648122e-03,-1.307907834086135743e-02,-2.855483355055771569e-02,6.795260603887410054e-07
-1.099963086221307112e-07,-3.509009990760691804e-03,-2.398421657788282757e-02,-2.974514477943024718e-02,5.553193891956422604e-06
-6.686155865290691040e-08,-6.332978232604245718e-04,-2.793190786990515720e-02,-3.447881194919336784e-02,1.017781294499088512e-05
-3.789150501791838689e-09,-3.087703551063825016e-03,-2.769111210699358797e-02,-4.762641318837256693e-02,1.005838293974753830e-08
-1.893903053009153682e-08,-7.594316220303791963e-03,-3.836230219819679321e-02,-4.137631051868896626e-02,2.299427846692117696e-05
-2.430539413260765015e-06,-3.694255626912383247e-04,-3.543505095425100032e-02,-3.035791288136214724e-02,6.823982110108161279e-05
-4.122712566280366622e-06,-1.112208905503881892e-03,-3.001892361234197518e-02,-3.094522656993376614e-02,7.504324160908080156e-06
-8.967802441211566006e-08,-1.837333498865870130e-04,-2.731626254670496343e-02,-3.367700717104045449e-02,5.019361328631767644e-07
6.968825362147763525e-09,8.907884220255951431e-09,-6.236884681992770439e-07,-3.338838223732664914e-05,8.424220975020451155e-03
6.742353914763150226e-09,1.079866064267835984e-07,-3.384403487415596604e-07,-1.895824047207666271e-05,1.896737970783081081e-02
1.150130920076123365e-08,7.125126807421496055e-04,-3.970132503322072594e-06,-1.655852807500385679e-05,1.521694125383134949e-02
6.163146214099089010e-09,5.975305927276864651e-04,-1.193745775918025377e-04,-3.377511907143943627e-05,2.346839741267089940e-02
4.722301341859665273e-09,1.138010548042913024e-02,-2.760705502516803793e-03,-3.720614224358742865e-04,2.685301160215972788e-02
4.272506501215642293e-08,1.805551508289381102e-02,-9.039772429473940090e-04,-6.416218523278053275e-03,2.250801358304453312e-02
9.617480619994606819e-09,1.901438935955407014e-02,-2.319167729058888364e-03,-7.605808322925475783e-03,2.645900977042548591e-02
9.070261618563972937e-09,2.244862024725824759e-02,-9.137244341333863125e-05,-1.021604353069152302e-02,3.112170478354947534e-02
4.795075421963558668e-09,2.743291939596778986e-02,-1.083093609169052718e-04,-2.062766707007945193e-04,3.523819172422659740e-02
2.966626838418953971e-10,1.432905481814963911e-02,-4.907314569639674266e-05,-5.263638592701534724e-03,3.384496993039077389e-02
-1.145564664707335972e-09,4.306186730304457832e-08,-2.811786909351947025e-06,-4.113886247248213848e-03,2.972074420410807799e-02
3.916829891298337865e-09,2.973755934721965305e-08,-7.496536931203058064e-05,-6.316013464992581428e-03,3.246939764940076634e-02
4.109425990717070867e-08,7.149711821992046084e-09,-1.007293018240793207e-05,-9.681173537709858792e-03,2.641135253677802386e-02
6.840420564171630904e-04,1.058422823313032786e-09,-2.014585593294525046e-07,-2.267304817904900599e-02,2.199005896585761247e-02
7.024040615079990037e-03,-1.778330458565226671e-09,-7.814793049718236296e-06,-2.110357409656124159e-02,2.942257762645752311e-02
5.018802739950593145e-03,-4.961379359871279661e-09,-9.454126186790541347e-05,-2.371932699838657718e-02,3.557801875322019053e-02
8.000713687622380485e-03,-2.155757721473659759e-08,-2.656174502685428843e-04,-3.315008548809525446e-02,3.029038724705787611e-02
1.713596262427049405e-02,-3.353848969315967083e-08,-1.312530255521405479e-04,-3.468113364655116965e-02,3.234653477065469601e-02
1.577334099291585745e-02,-2.020724682361388508e-08,-5.080963427737165104e-03,-3.325876675237274954e-02,3.574180150580612975e-02
2.096775423322845208e-02,-1.812916976940515764e-08,-9.985902867946159014e-03,-4.775991995929471101e-02,3.095278504083842988e-02
2.211413754484592084e-02,-3.400536731332926322e-09,-9.868376883908522648e-03,-4.049862988743033881e-02,3.859836911354386918e-02
1.242404324798313670e-02,4.417272819834014358e-09,-1.283929488141978721e-02,-2.762573634358253191e-02,3.622987917500270633e-02
1.346511852209274630e-07,-7.884807027178189139e-10,-9.816438951425410925e-03,-2.548514658549367110e-02,5.115716804153058045e-02
5.684442504809100115e-09,-2.791617506232109380e-10,-1.408237801722785933e-02,-2.218994964444132717e-02,5.536244815451037138e-02
4.609523772370304723e-09,-3.353846492372937812e-09,-1.175191517171464244e-02,-3.719946993407258207e-02,4.906682688300009060e-02
7.168185470043879574e-09,-1.577013139428599230e-08,-2.675731469099735822e-03,-4.170463327893322164e-02,4.629250798189481902e-02
1.012004520166483844e-08,-2.319199413341778565e-08,-1.055570157194756983e-02,-4.441377777701108198e-02,4.126283133804391212e-02
2.784649077663482540e-08,-1.151811743050761743e-07,-8.865878882357344087e-03,-5.249887250743694167e-02,3.755466405961752074e-02
8.077321733681473478e-08,-2.680841645623236467e-07,-7.844954961841076740e-03,-5.939083111603712245e-02,3.223336730802467409e-02
1.717828238689927696e-07,-1.744100221562576852e-07,-5.212843680031309899e-03,-5.657126726614378903e-02,3.666649351158482451e-02
2.639996955380733787e-07,-3.324218940228817444e-07,-5.073358307562937609e-04,-5.323798597718724934e-02,3.887930938184968460e-02
4.816088580391325210e-07,-1.288594716456240673e-06,-4.151750615355827225e-04,-6.285291182067559435e-02,3.541571752034437109e-02
1.801229993130953820e-05,-2.523410274265337786e-06,-5.316405375498557554e-04,-6.763413528412630382e-02,3.625426071171153342e-02
1.107891913872153557e-02,-7.533840112743232876e-06,-2.581947768717835390e-04,-7.274872544545962771e-02,4.114899606122554565e-02
8.350635056654205982e-03,-1.068193598847103487e-05,-2.227337463109641696e-04,-7.731030283339850040e-02,4.189710824596922650e-02
1.726689166799975526e-03,-4.054633515757975721e-05,-7.596315270425867648e-03,-8.465281116545762818e-02,3.809711633041561879e-02
5.212383307854242219e-03,-8.900053806209392540e-05,-4.949678243004867854e-03,-9.145272833191127326e-02,3.584845789379667580e-02
4.831489415442005025e-03,-1.548201871982916292e-04,-1.801071994963122534e-04,-1.019885051373348589e-01,2.935013914063366869e-02
5.949998072367652414e-03,-9.697527121513318236e-05,-2.346993677676418308e-04,-8.589744653632869209e-02,2.486565980313358570e-02
1.154636562778842308e-02,-1.017969248908518441e-03,-9.832803442258197281e-04,-8.654463107181180337e-02,2.559154884254797105e-02
2.371469943576744524e-02,-8.990586212617307775e-05,-5.690713936286833459e-04,-8.878428338771765516e-02,1.864710026318976491e-02
2.124980467426303143e-02,-1.811066684739160294e-04,-8.091264902124954394e-07,-7.633665411574883097e-02,1.018259981258234741e-02
2.614176046561866515e-02,-1.833129898100860627e-04,2.173875597979500705e-10,-6.220396194831049469e-02,1.506667529310118034e-02
4.421394563262667776e-02,-2.822285992094892328e-05,2.936535818377298754e-02,-5.563942117385251712e-02,1.098571274509291436e-02
6.217968541174163921e-02,-8.617973837137138206e-06,6.630761251550364166e-02,-6.179362757140055562e-02,3.349958637181924947e-03
6.644054205201033181e-02,-4.355378815318832271e-06,1.104223272896431990e-01,-5.209321600691903947e-02,1.925080152771238321e-06
5.745647776069581769e-02,-8.114581337482455513e-07,1.431139438127415897e-01,-3.753452661335660023e-02,3.082450346260448663e-07
5.211068753559308653e-02,3.469913512237162272e-09,1.638082454308842084e-01,-1.702755182978469076e-02,2.497558575792497020e-08
3.426101393473898749e-02,2.383180519595210628e-02,1.893112669711518314e-01,-3.981033976712136874e-04,-5.284913099156953072e-03
3.456789753040908492e-02,1.841460070140655061e-02,2.011252394737311766e-01,-3.930759580728851053e-05,-1.899717352975613741e-02
2.172896053924784025e-03,3.476381462508352925e-06,1.982637719564859236e-01,8.929932423063495681e-09,-1.215363923681775501e-03
2.339845094585849661e-05,-5.476684726711734483e-09,1.966382356811594012e-01,1.585263673812240730e-07,-1.202433209711797105e-08
1.582960087262585222e-07,-1.100215297555426006e-02,1.866620689913938980e-01,1.246177987806565239e-02,1.201165902290489498e-08
-9.002045801131100533e-02,-3.913051774962584411e-02,1.715939166773721991e-01,2.198504898707431474e-02,2.725590562063267938e-08
-1.349165368090649297e-01,-6.113581776286890895e-02,1.381764245096588350e-01,2.725987747476975309e-02,5.405566558936426096e-08
-1.826946574385193978e-01,-7.365163754543144203e-02,8.878125251813419327e-02,1.501269189950195544e-02,-8.028432706650128242e-09
-2.208421942698004792e-01,-5.841954250146694921e-02,3.292777626698058929e-02,7.915521540807445825e-05,-9.677345753861116488e-06
-2.258748646625716450e-01,-3.150436861867019628e-02,9.800321333928692716e-04,-4.986596136525263948e-09,-8.780930211894610524e-03
-2.222456090633340431e-01,-2.781162022763462448e-04,1.215557774199768005e-05,-4.675777898390810900e-07,-4.903937352779261238e-02
-1.979043465154566861e-01,-1.720256948565388106e-06,8.072519825509996657e-07,-1.454284724102484876e-02,-9.138103794995061646e-02
-1.654877658695651232e-01,-1.567134281064901460e-07,-6.149989656363586549e-02,-3.368655737968310332e-02,-1.139249251920862183e-01
-1.164095607090733231e-01,-5.389485739248989295e-08,-7.322425607238934597e-02,-5.851643042842731568e-02,-1.336100729843944512e-01
-7.617422874305369851e-02,-4.087624035801561959e-08,-7.535902459507254347e-02,-5.527071667869722787e-02,-1.368168853173584443e-01
-3.393371748131053522e-02,-4.032090488815518920e-08,-7.012401064924039806e-02,-5.641972207812442214e-02,-1.483874770403328380e-01
-1.336224051523540648e-04,-1.991516258455477793e-07,-5.928161216200252687e-02,-6.154399091405306915e-02,-1.524220520922955069e-01
4.299736713950416046e-06,-5.268102477962888839e-07,-3.299574408584063367e-02,-5.580056573246298945e-02,-1.595960550596857430e-01
1.274027293138475271e-02,-9.312465367566259773e-06,-1.195213893202521846e-02,-4.137400416355528632e-02,-1.522102369438413649e-01
3.489031723318965911e-02,-1.527953363254897867e-04,-6.133874992634917936e-03,-5.433339290277369083e-09,-1.500770921024716376e-01
6.321150432821608101e-02,-2.005023242034475670e-03,-9.428048716833177523e-04,2.945788149338558432e-08,-1.424530036897218854e-01
8.274904313377566545e-02,-2.410777100952937041e-02,-1.816933941449231575e-04,1.969184812562284604e-07,-1.342563202635812802e-01
8.802022161032688197e-02,-4.945316939058113509e-02,-5.813756899173160220e-05,9.695078941571601855e-06,-1.243486572276469998e-01
8.838592052688067080e-02,-6.870431761245393565e-02,-5.698230296229897664e-05,6.080168162944443933e-05,-1.033003588694851593e-01
8.347032559732144030e-02,-9.178853062641072202e-02,-1.189094207157300994e-04,2.558673102089035491e-04,-8.344511649607418147e-02
7.317705271077802609e-02,-1.143746013270280637e-01,-4.289443323865478695e-04,8.054762117640788853e-04,-6.051338586072743664e-02
5.867056334988265953e-02,-1.216905928460090547e-01,-3.299386121473561317e-03,1.397255227788323818e-02,-2.849603150172765054e-02
3.590146191542730597e-02,-1.353327762850450866e-01,-4.825821517368260316e-03,2.390289854228526065e-02,-1.474251810846901787e-09
1.090712511082188134e-02,-1.388076743605723418e-01,-3.427947342761100951e-03,3.465465162013840750e-02,1.909844175139707270e-08
1.949239501542988664e-08,-1.417585370588272109e-01,-1.010804704595009637e-02,2.477075324609346110e-02,5.854304071990490526e-07
-6.527396800368770593e-09,-1.485354804967358444e-01,-1.056340525656950663e-02,2.415479310354943718e-02,2.379438161904873564e-04
-2.478771661297308350e-07,-1.487680054193362411e-01,-2.285368634785118688e-02,2.402066707302971671e-02,2.110198326508336969e-02
-1.325030584323808415e-06,-1.423309261804613368e-01,-2.484924012745905880e-02,1.854112086326277845e-02,3.586950839745962905e-02
-3.273688446299999067e-06,-1.344217312849451396e-01,-1.589855185122557649e-02,1.372344198786854506e-02,3.659450782934420970e-02
-2.018253543261890420e-05,-1.283949745974565793e-01,-1.907824121895628985e-02,2.304116024196204565e-02,4.590988857628890835e-02
-5.666678955967524540e-05,-1.233451839211787276e-01,-1.848788079428564241e-02,2.865040278649261946e-02,4.897267868264260082e-02
-4.890122192785167037e-05,-1.090369238495498133e-01,-1.952605949562973009e-02,2.537778856729389423e-02,5.322906198920140247e-02
-5.569356090716482121e-05,-1.083411351178908688e-01,-2.219576672548182264e-02,1.748750019850014645e-02,5.116951094169398806e-02
-4.691867398806409022e-05,-9.050676821580991294e-02,-2.855507851982623524e-02,3.043890290254362696e-02,5.725296732308575443e-02
-2.220933609435310683e-05,-7.928503159497228558e-02,-3.430740244379009568e-02,3.070816551286315726e-02,5.539948401213137807e-02
-9.101570819675811535e-06,-6.495004503931535444e-02,-2.938097094266643380e-02,3.836813981874126478e-02,4.418155130973619449e-02
-4.287618125141222557e-07,-6.027080439993852401e-02,-1.755830168181993570e-02,3.921038078658548032e-02,4.207085877293710585e-02
-3.257613334124896050e-08,-5.129035581106355240e-02,-1.826468312421826445e-02,4.466211324841228014e-02,3.215749319421010860e-02
-6.086093449966237677e-09,-5.055634198498190623e-02,-7.572644406411553619e-03,5.264239277503034858e-02,2.306224873249993965e-02
-2.423820728965298958e-09,-4.879281938862449069e-08,-1.227394574273833056e-03,6.136347399233328670e-02,1.406554521499373510e-02
3.308131559553353232e-09,-8.896896401747746862e-10,-9.464711036275839905e-09,5.313030080837471275e-02,3.567854348646651991e-03
5.613599296026034413e-09,1.441223851099947576e-08,-1.169569647681857784e-09,5.941304259252849773e-02,9.482311585032986840e-05
9.175967121328643657e-09,1.967896296610761957e-08,-2.453959833958325521e-09,5.652132962229194230e-02,4.591551984498750809e-05
5.357556990870876966e-03,3.907294937727467741e-08,-1.912597017004708023e-09,4.911640586682688298e-02,6.189579527957742859e-07
8.510637600454293641e-03,8.488951359692237685e-08,1.484553942838677875e-09,4.155617778317687028e-02,1.361411304318222600e-08
2.694179437104269551e-04,9.193971948511210507e-06,1.863351291427681001e-09,5.026241333540912293e-02,8.049251277997522303e-09
6.283996107466243613e-04,1.315271381448502035e-04,1.260964223460891772e-09,4.972553763855116354e-02,6.164113858322577348e-09
8.959303397810599800e-06,7.583293205115485859e-03,3.099668464634051570e-10,5.216974977776506206e-02,9.456525582400563724e-10
2.924046233546428748e-04,1.315508553124586887e-02,7.283892528052018671e-10,5.012496025707986053e-02,-1.576515116506088795e-09
2.568913470250823260e-05,3.005689065868622986e-02,-6.274492155627916211e-10,5.501634811141085241e-02,-5.602692076126452547e-10
3.836598796763223388e-05,3.411522313417247876e-02,-4.131826241570976860e-09,5.710366604304255994e-02,2.517326456988893392e-09
3.405827275733871984e-05,3.534187521522360459e-02,-7.982242713050894605e-09,4.830628210762555330e-02,7.089185936962682653e-09
3.534113747456389069e-03,2.759277666759715059e-02,-5.517112468470093711e-09,4.152353749748371320e-02,9.908465134869505382e-09
8.292757706740837287e-03,4.126120163742080099e-02,-1.016921121119167470e-07,4.480480245003843481e-02,6.167077703977446787e-05
2.873968242251320526e-08,4.412515956537470946e-02,-1.404202505064401121e-08,4.864799134905973405e-02,8.680474618071054929e-03
1.181216562577474399e-02,4.350698229799138117e-02,-7.696419409314663740e-09,4.929698019988969920e-02,2.618069311436179466e-04
4.493768538117087763e-03,4.172975108698341595e-02,-3.153951461756696021e-09,5.217327914793524340e-02,5.736518936161820014e-05
2.128029855977983018e-08,4.171603240037215915e-02,-2.150060763327508954e-09,6.511699874853808800e-02,2.873794028237707464e-04
1.332682642562690059e-05,5.149301077046224834e-02,-4.711561477939483777e-09,6.217356951628322248e-02,1.050331265591911145e-04
7.456374905906685972e-05,5.515289120347834084e-02,-5.624213203563596387e-09,5.745360819342062997e-02,9.818792468873062995e-09
3.607213753629238615e-03,5.071607163343554853e-02,-3.728847618494822357e-08,5.381105153995058982e-02,4.258422276221579672e-09
9.046452364126628121e-04,5.980305731751022619e-02,-6.727542906224346802e-08,5.430356116962704871e-02,6.232568098192914692e-09
3.424144998513652029e-03,6.582355148557880731e-02,-8.597962976188100018e-07,5.148481910173719617e-02,3.776069441770638166e-09
7.281590039587641219e-04,6.299591802395043683e-02,-1.173606171783949234e-06,4.646350620144863719e-02,1.538505428776813706e-09
6.358900573829971183e-03,6.521559956188920093e-02,-5.944630813681207407e-08,4.485843845484682735e-02,-1.487447906678402342e-09
5.064403604660637189e-04,6.563543565673178593e-02,-6.127729785520241337e-08,4.299218677548680145e-02,-1.923840776875803768e-09
1.574079997205373978e-03,5.499371815841806732e-02,-7.931100831959602677e-09,4.103300570712638262e-02,-3.462280811481646586e-09
1.540954757232677875e-06,5.398740116122957566e-02,-6.606981358613595215e-08,3.553571099814600148e-02,-4.898348852669109789e-09
4.668982806658415853e-06,4.750517172675849942e-02,-6.288494317796771224e-09,3.217251967264072449e-02,-3.820309468713933013e-09
2.881083795555996255e-06,5.121750444136909802e-02,-5.884233460155022502e-09,3.742899781015652377e-02,-3.836396997045962239e-09
5.914247129160859760e-09,5.109641029079343283e-02,-2.366119850615245557e-07,3.171231668025663308e-02,8.017488605069917524e-11
7.674283310317015888e-09,5.460288416111440390e-02,-4.484990042142465146e-07,3.042942785714467663e-02,-6.667410038571626594e-10
7.603351498619286535e-09,4.281460702274340890e-02,-2.080555159788617220e-07,3.589963272825111296e-02,3.258956429429645839e-11
3.034693732179855690e-09,5.063929052110856949e-02,-8.151997151356703979e-07,4.039019893454511012e-02,1.580016098455190665e-10
9.471771474167500525e-10,4.532135352960221103e-02,-1.697983632795173380e-04,3.420034769981008388e-02,-1.561803748743114445e-09
1.734485588911642356e-10,4.943846354273637861e-02,-7.432547936559032002e-03,2.967037313556240841e-02,-3.268855747092100438e-09
-6.283727024008780844e-10,4.879775470022105349e-02,-3.030543174696473884e-04,3.048586533845232607e-02,-2.488067456128049369e-09
-6.045140638845648807e-09,4.918060293101569197e-02,-1.689763392778229479e-04,3.259087360534461408e-02,-9.187341451900326984e-10
-9.412958205208391919e-09,4.435446892921306172e-02,-1.171611190257297076e-02,2.753661376090980883e-02,7.297300639453872174e-10
-9.310795500363748494e-09,4.516555751586780187e-02,-4.392729625346865167e-03,2.619708344224303334e-02,-1.838962777239241696e-09
-6.554143016458524728e-09,4.324315477403722213e-02,-1.550077047330736843e-04,2.202129975948372009e-02,-3.257947919954940725e-09
-6.677727931511771768e-09,4.538238475088281210e-02,-4.944369363226308730e-04,2.002010221772212994e-02,-6.520123394131301897e-09
-1.031106343088953384e-08,4.375808736262580545e-02,-4.939835461870697129e-03,7.231611379369183831e-08,-1.102733189217325344e-08
-9.900062831616200723e-09,4.305155169690104422e-02,-6.713825461843688815e-03,1.659378780041833311e-08,-2.193556023603036368e-08
-9.733076472042661569e-09,4.143397973307598459e-02,-3.151415639172605002e-04,1.526475174872391259e-09,-3.003222211749751049e-08
-2.831812254370329178e-07,4.291833770812789051e-02,-4.068795693904355033e-03,2.387119437204222495e-09,-1.676914301124935067e-08
-6.765661926348083564e-06,3.653192801976816451e-02,-1.705039679681172315e-02,-6.777992739993082997e-09,-1.243968321718039986e-08
-1.738378047283351663e-05,3.240677152153900731e-02,-1.475042436518869855e-02,-1.965837489673008072e-08,-4.424320371285700220e-08
-4.073085121436234398e-06,3.914437325617995539e-02,-1.035111731411917854e-02,-4.920608792378501992e-08,-1.171819572651067934e-07
-1.476380658359914563e-06,4.019136387749846356e-02,-1.733719029490092198e-02,-5.723390950845320099e-08,-1.432701741274233230e-08
-6.117290604794112103e-06,3.991107380820899803e-02,-1.897654924180851646e-02,-7.919613020129129019e-08,-5.846808128560575928e-08
-1.310159062431317511e-05,3.302245769855425422e-02,-2.456622955767204589e-02,-1.279406698957727427e-07,-1.134380978949490163e-08
-2.667648800598565232e-06,2.629567869051736492e-02,-1.706088870441683364e-02,-2.616706355708285400e-07,-1.515832487799564093e-08
-5.809314650386282180e-07,2.996108395358237225e-02,-1.628807295756305382e-02,-6.275255012109754925e-08,-1.744854119712687311e-08
-1.047423840900422914e-06,1.834477828087838214e-02,-2.209599011982196076e-02,-6.105665575313452220e-08,-7.125667880912902094e-09
-2.907126500746043401e-06,2.497841558028465747e-02,-2.699822967466807694e-02,-5.380397135171350782e-08,-8.091949628191103823e-09
-2.985520013176385621e-07,1.722898655817907410e-02,-2.663053676131782455e-02,-9.416808147542298606e-08,-1.176619656617531660e-08
-4.853005591155485826e-07,1.266998247343368786e-02,-2.356188763875978129e-02,-6.078374796761343977e-08,-1.133875824911617970e-07
-2.428870693726784127e-05,6.054333517693905389e-03,-2.479777298624435272e-02,-3.020687397357795200e-08,-1.097953191905293980e-07
-1.224693212868134746e-04,5.140400853576522662e-03,-2.083140876128231414e-02,-4.413728440144935089e-08,-2.449054491797630983e-07
-9.539573867637153885e-05,3.083373973708377312e-03,-1.234499648814034282e-02,-1.263141141216934273e-07,-3.837770688762017071e-05
-8.717219931620061378e-05,1.063768516011668989e-02,-9.322242746468896793e-03,-1.115998715414196370e-07,-2.297942497271832085e-03
-7.376659254555577202e-06,1.556171606335308120e-02,-1.357189919118628567e-02,-2.210157615134137107e-06,-3.119916437241049278e-03
-4.774725416558969320e-05,8.105342436148306462e-03,-1.317241854567600783e-02,-2.777267069201345010e-05,-1.116221515883259428e-02
-1.374975353784163011e-05,4.128361489406436047e-03,-1.044755798922291333e-02,-6.930921488442534292e-03,-5.616613168094625359e-03
-9.026100995639723345e-05,4.057462736389348689e-07,-1.661683144106436069e-02,-3.218691080312256064e-03,-1.347989191911263098e-04
-9.979254161762017474e-05,9.864840622792107933e-09,-2.260411409639457095e-02,-4.680141198755191200e-04,-6.335958787955230402e-05
-1.169915995075003972e-04,-2.946970876629681546e-10,-2.615647572602162324e-02,-8.233788369959199908e-04,-5.767679894578702836e-07
-3.273640868185457930e-05,-2.706794461610161999e-09,-1.987419582830634440e-02,-9.718084265573762731e-03,-4.447237222210854036e-05
-7.197941820083706995e-06,-6.950134205615154249e-10,-2.160673122816946651e-02,-6.034843447186935723e-03,-1.442699757541543143e-06
-1.890638877710428860e-05,-3.371173082553498819e-09,-2.613265237178378012e-02,-1.360304682442689712e-02,-4.780429062166916919e-07
-2.077099685887965906e-05,-5.422341180563224380e-09,-3.174670754340950390e-02,-2.574541815995175578e-02,-3.323441599258666541e-06
-1.121638650223478847e-06,-1.042573525597438576e-08,-2.777509079838443029e-02,-3.039321559410651519e-02,-1.709532547963009280e-05
-4.148477352438989301e-07,-1.163925136441199172e-08,-2.133629035691198689e-02,-2.779299356767281348e-02,-3.552852213117618828e-05
-9.061960634608044236e-06,-3.557292421781092174e-08,-2.733379719027972943e-02,-2.802995044781404418e-02,-3.112045298791805354e-06
-4.301972528810555407e-06,-1.727549474048130667e-07,-2.923844627766294946e-02,-3.100630579069356754e-02,-1.455805509481787548e-06
-4.148425733932214839e-06,-1.810925331471523953e-06,-8.651260193528399062e-03,-2.560876458126203070e-02,-4.145114192945105966e-06
-1.756214306205770633e-05,-4.487098680268385851e-06,-1.384819541011286965e-02,-2.285658055183057910e-02,-2.941472947518426447e-07
-7.915838906172655997e-07,-3.639229478812913509e-05,-1.936889293325936429e-02,-2.656980836809745214e-02,-1.613855034928301249e-05
-2.842964796051144188e-07,-2.508360283988568358e-05,-1.649926519884330547e-02,-2.712717408551540421e-02,-1.707754487216345397e-07
-4.682845202071492460e-08,-7.037636612223099419e-05,-1.627794128908096466e-02,-3.657955868652789516e-02,-5.412883765165744813e-09
-1.844029960336236177e-06,-1.853156941955417050e-04,-1.670544853124850820e-02,-2.855199079154706679e-02,-4.491675893139308453e-10
-2.139336410198115228e-06,-8.307431838098651130e-04,-1.960235680951821075e-02,-2.472017379933046100e-02,7.837962684377509737e-10
-4.323741975605817898e-05,-7.291452591058301611e-03,-1.860222053067151632e-02,-2.173236766129177031e-02,1.720080408637133589e-09
-3.017614561170051338e-05,-1.980036408286576979e-03,-1.258096483168233935e-02,-2.426585964046951149e-02,3.556450805148919627e-09
-3.135460526899442821e-05,-4.208571643211588519e-04,-1.489406237114136895e-02,-2.000662161534387876e-02,2.217905633448919243e-08
-5.661392240416090039e-05,-6.496361099092420660e-04,-1.670095859723177631e-02,-2.661060531545456770e-02,4.132770710210937226e-08
