2.741454111702581672e-02,-7.308751000342607791e-09,7.067708130632560561e-06,-3.314113808814847170e-03,2.823581451524525415e-02
2.882844463216822223e-02,-4.239519793879071953e-08,1.443021923472256360e-05,-1.271544246972831395e-02,2.537601433909978527e-02
2.840332638075111424e-02,-7.868159647765893673e-10,3.539911025794237483e-05,-2.708346005972160284e-02,6.670917267935476055e-03
3.407502579055594893e-02,-1.753784011547223693e-05,5.406874524843220639e-06,-2.561968732924110523e-02,1.214520958520129944e-02
3.119489656217322437e-02,-7.134043953045232644e-03,7.963273496819001086e-10,-7.549749211077865819e-03,1.098644175847346763e-02
2.181137069672963585e-02,-2.581609034084825140e-03,2.030002360633844420e-08,-1.506635347816687176e-02,6.949687336221299465e-03
2.764902403446253820e-02,-1.601180553522695623e-04,8.794381007590022245e-09,-2.240723137648563748e-02,1.396530260327472246e-03
2.509263516014145073e-02,-1.093264379320647676e-02,-4.857502699489148548e-05,-2.550116936610563600e-02,1.601449019804347673e-02
2.221167955852478004e-02,-5.489194990612434287e-03,-1.378995761413420664e-08,-1.244874806975646182e-02,7.818103379213932683e-03
1.535090682661616537e-02,-3.777823054545611495e-05,-5.479042910386569730e-07,-9.923329017397980456e-03,1.487740159529712773e-02
6.374855697689685990e-03,-7.374108721194446705e-04,-1.855388124278923873e-03,-1.329784094827994763e-02,1.125052311755729909e-02
1.897457979802234448e-02,-1.001579802199603630e-02,-1.176166717793484085e-08,-3.373253570337974433e-02,-8.113136460108951179e-10
2.221017700644262877e-02,-2.169586023897042762e-02,-2.542588765684390597e-03,-2.838516374544346535e-02,-3.345595083635548241e-09
1.398919665830011816e-02,-6.350812757534197647e-03,4.246614874232269999e-08,-2.934048131993560043e-02,4.471024208853264202e-03
1.393400400685396688e-02,-1.155966868319740354e-02,2.800519120128305196e-09,-4.102851878227407878e-02,9.377522653350738209e-05
2.733032540423236192e-02,-6.605718993421316569e-03,-4.211266151553226907e-09,-3.666550414732884511e-02,-5.230074480236842753e-08
3.289284847945337514e-02,-9.403818718396217066e-03,-5.642144930726591685e-09,-2.251981429453937117e-02,5.754988191271136894e-03
3.377072113238907547e-02,-1.315165525046944333e-05,-2.175422179739763210e-03,-2.850756166960697821e-02,-1.982097212050701703e-09
4.054748888039905880e-02,-3.471478880835357360e-10,-6.353749662383491612e-09,-3.676375203777816625e-02,-8.362251454224608872e-10
3.617477508933383129e-02,6.945158690881698545e-08,2.298753875331917121e-09,-4.842742575070610456e-02,9.856627692083520451e-03
3.475131633575871681e-02,3.157677092544302368e-10,-1.157354807184189661e-08,-4.843457642043203643e-02,1.291218854283020405e-06
2.240305978500917866e-02,9.584563859685970877e-07,1.359589446371779955e-09,-5.798341634885473272e-02,1.072224780361881192e-04
2.593649016006971744e-02,6.703158660584068188e-06,9.979024854256671467e-09,-6.426161649921646735e-02,-8.612865796925999314e-10
2.513751315100954883e-02,2.791574263136989694e-07,-1.503904650621437200e-09,-7.456408741762303449e-02,1.759029268079224991e-06
2.113652598559689205e-02,4.664833949636550356e-06,-1.712065224392356504e-08,-7.033103129443123158e-02,8.353181022618071799e-03
2.088256029984640258e-02,5.435718336627669120e-06,-3.966060033203940361e-09,-6.368363469671682597e-02,-1.017266515309151316e-06
1.458762667659192075e-02,2.753074201583474300e-04,6.171464802104713492e-09,-7.045621447913515134e-02,6.382864830629187206e-03
1.753105069806992072e-02,2.249155117005049228e-04,1.047441395813616881e-08,-7.344234633127277867e-02,1.181695129144788060e-02
6.318453531721937230e-03,1.161155766717019210e-08,2.855642355909847514e-09,-6.862613713691570472e-02,7.732161844773101714e-03
5.923132940822937141e-03,4.873041051321291038e-09,5.652037621431479065e-09,-6.891065307430419007e-02,2.167442108158748452e-04
1.784198879697292952e-03,2.453120249350397260e-09,-5.396872045243149852e-09,-7.611537329973823429e-02,1.111860318847786473e-02
-4.122652636650369540e-10,4.822652754619701705e-09,-1.496268632037182043e-02,-8.059635101468291818e-02,1.571485271279911625e-02
8.176402521339509039e-03,-1.023394075428825725e-02,-9.927897688730010287e-03,-7.283200395876225641e-02,2.709927288543291144e-06
3.188357906295371386e-03,-2.855038776497361916e-03,1.556153050741026530e-06,-7.314664803920434277e-02,3.862919036716855214e-09
7.388096710625705228e-03,1.526088241171404582e-07,2.934872497013936366e-06,-7.133229424772542793e-02,-1.414868495273710607e-07
1.527510798645604663e-02,4.663574918815288200e-12,1.128799784905913834e-08,-8.309671402329464607e-02,-1.616672191036894109e-05
1.143077220403088991e-02,9.701371160443210991e-10,1.170865549217261571e-06,-7.951399088044948382e-02,1.351553590116769741e-06
2.451406110466688906e-03,1.791317285934540456e-05,4.041155370455280259e-06,-8.492691657600127952e-02,2.260888046439967446e-04
1.897961550915659018e-02,2.226313899876392688e-06,4.020032180410269619e-06,-8.752856061813882316e-02,-5.468263854745469649e-06
5.989525951632697874e-03,3.775818464851558781e-08,3.081848813970646027e-05,-9.943579029948376724e-02,2.657966736284854588e-03
-2.809113210127301918e-09,1.134935784820175600e-08,4.605538864011314158e-04,-9.694961987317629593e-02,3.250212969722876126e-05
-1.937830936315506443e-05,3.264360135388415802e-06,9.298157494958133110e-03,-9.568444689977453899e-02,-4.557418359513936562e-03
-8.357897595505548935e-03,2.252718690097029602e-02,1.518593949732351123e-02,-9.681004440210640161e-02,5.244528417919048953e-06
-1.296986967836317138e-02,5.401141205046351701e-02,1.667333595392669204e-02,-1.131453418347190681e-01,2.647469601349961357e-02
2.758764404020669618e-07,9.707256565996526254e-02,3.272516352134451773e-02,-1.165361290369627961e-01,5.141686938923418354e-02
1.114672764501181500e-04,1.300309489976748945e-01,4.699878804168609175e-02,-9.572701905218393426e-02,4.607859056595282887e-02
4.650307244915479426e-05,1.568222764870063068e-01,3.821251861081991635e-02,-7.808602884680514167e-02,5.180269245326157845e-02
6.943854920487981094e-05,1.804519483704317973e-01,6.676991192953017455e-03,-3.773444744538967388e-02,4.645678893593673670e-02
4.826651218512887173e-05,1.944888733523019164e-01,1.748230977868357725e-09,2.138250226738391322e-08,3.172985294522110561e-02
1.641518814745793468e-09,2.214559156759681458e-01,-1.035081114008150512e-02,1.969369292560322216e-03,1.564749303831898530e-02
2.370295616602654466e-05,2.140678195896153491e-01,-1.173741013842339101e-02,1.531603230008032196e-02,1.078607303180918395e-03
8.590426715427664991e-03,2.104352517463081718e-01,5.496109373947236238e-09,2.495660797333636161e-02,-1.232370151615888620e-04
1.013869392195870626e-02,2.113050172908447766e-01,2.972453877240073235e-04,4.516297668037685259e-02,-1.270307333406174067e-04
1.317423039885170545e-02,1.972692545520524920e-01,7.201360394252107923e-03,5.055707948866399598e-02,-1.305520196094144686e-02
2.966452662273981467e-02,1.542241164014631072e-01,1.836473674466772288e-02,4.182419497364173178e-02,-6.927074928443094359e-02
3.568909840421356783e-02,1.228753465359820191e-01,3.489185492146765905e-02,2.987471070368868595e-02,-1.079426235504720999e-01
2.465388459818185218e-02,8.073229175460286400e-02,4.247953951635421305e-02,2.706611621347165472e-02,-1.541157306729852572e-01
-8.550494832029846830e-05,4.878920530864164912e-02,4.430411376064687795e-02,2.385070208532966834e-02,-1.964558965394328782e-01
-5.950726494324458035e-03,4.713960673030996064e-03,2.159052908374072335e-02,7.327118135460267655e-03,-2.147607580951704787e-01
-3.188997911615969877e-02,-1.083252800296542404e-02,4.145856283381122017e-04,1.246714110889391375e-06,-2.043257396217170174e-01
-5.706060257803672459e-02,-2.578377469475627570e-02,-6.843345656796770426e-03,2.423791004163111922e-03,-1.930670667998585222e-01
-9.539488518552635687e-02,-4.182052297489288750e-02,-1.942370143279821548e-02,-1.594424881336814815e-05,-1.791280695165933246e-01
-1.366848134648543656e-01,-3.825430619840867325e-02,-1.909561983314378431e-02,-2.757733660500328876e-08,-1.487655626269008269e-01
-1.582523468192650606e-01,-3.812160088620331067e-02,-2.245998892967881327e-02,-8.631577638021072127e-07,-1.192256400533872468e-01
-1.756769178237624629e-01,-2.931934863412451533e-02,-1.345840262028129806e-02,2.582372204008036579e-09,-9.048634880723370466e-02
-1.958461248085361928e-01,-1.385681536959769942e-02,-1.541827172755289022e-02,4.091055396853359782e-09,-4.248097187034256816e-02
-2.090372928027856847e-01,-5.030745120934120886e-03,-1.533873047726317350e-02,3.454988753634478157e-04,5.559567921468006296e-05
-2.056370783473742692e-01,7.716839811939896301e-09,-4.301440343447216971e-03,1.965243811106065649e-04,6.400945746637183185e-04
-1.974731128702955640e-01,3.856482204331451273e-06,-2.564055339751118356e-06,1.642200898658397606e-02,2.950554166792926369e-02
-1.817159545447799285e-01,1.925322520955979671e-03,9.851264801026633749e-10,2.056613941237959639e-02,4.818400757892103009e-02
-1.557745785601173938e-01,3.328892526818317475e-05,2.525153833870857206e-02,2.071774334011555058e-02,4.599453089665428429e-02
-1.271678145481389133e-01,2.643076348374850670e-09,4.807134383144861384e-02,1.725895674790552115e-02,4.420781752338221599e-02
-1.026369746648842646e-01,-5.998113189989165282e-08,7.369469345253343295e-02,2.371914020660876796e-02,3.760348703611787052e-02
-8.333708752246728191e-02,-1.980622593395564915e-03,8.599374707572013388e-02,6.764638220222958694e-03,2.971691739727020179e-02
-6.410208719617792317e-02,-2.259782757780429661e-03,9.916747547943707830e-02,8.885761165375094528e-03,3.432161794143510913e-02
-4.093884536972391269e-02,-9.045333730933180212e-06,1.145786981945123850e-01,1.491287717365174029e-02,4.093595371223634344e-02
-2.162505327939223329e-02,-3.969670352543282557e-03,1.341814063469458917e-01,1.864610668021013037e-02,2.673039113227472854e-02
-8.830724969239270739e-04,-1.490237495562065501e-03,1.471539500549447210e-01,2.397810050491954240e-02,8.567114435565903463e-03
-5.423454460364802917e-06,-7.628566483370453854e-06,1.579744730684055076e-01,2.713734373259335184e-02,3.150167235614208423e-04
3.778461890735906794e-03,-2.197482004836431052e-05,1.703141899347414834e-01,3.910154954810230593e-02,4.125908246391704176e-05
1.710910709336777719e-02,-9.612577057900805431e-04,1.724455341671475017e-01,4.012758404734478174e-02,-1.226100471129680861e-02
1.067456362065332363e-02,-4.340225697873838218e-03,1.720319010781301561e-01,3.714750038611509125e-02,-1.212906701011367931e-02
1.408579864225766552e-02,-9.674668788414173340e-03,1.633536866699154266e-01,3.816777794118299261e-02,-6.309862013175215542e-03
2.611813051445611294e-02,-4.604230258545076795e-03,1.491256191556052102e-01,2.795549580736800613e-02,-3.129906030523202218e-08
2.954225541302025679e-02,-3.100207505287514310e-03,1.349780628433250862e-01,4.175740622952343190e-02,1.096002998531108038e-09
1.930227972098951666e-02,-3.749751830327818498e-04,1.278507641329696132e-01,3.568112940426894364e-02,8.432587812806177792e-06
2.123521561508250749e-02,-1.754944864680671134e-05,1.016028470774204134e-01,3.811956647837739381e-02,1.381801251758565376e-08
2.483755345692886460e-02,-1.717925706273704602e-05,7.545756065083816799e-02,4.439334088808157691e-02,1.296910810747969433e-04
1.813987643434755020e-02,-1.333808918058411261e-05,6.563044885435455333e-02,5.645252178765142181e-02,1.431586006675715332e-02
3.965935570877938965e-03,-2.450940799030546114e-06,5.564074585053963018e-02,5.562007631224726717e-02,2.201010122594419458e-02
1.267483262206565812e-02,-2.598791980638936780e-07,4.772043550368373910e-02,4.960368212689862666e-02,1.528207412840179927e-02
2.289610308046037199e-02,-3.370098037908958684e-09,4.088728049319830665e-02,5.228574809891690239e-02,1.054343127718980998e-02
2.072962265986764627e-02,-2.415326307034079471e-09,3.486799932636540367e-02,6.650847688558060578e-02,2.167827287386927052e-02
5.603795427260196797e-03,6.824573538873759464e-10,3.266347899512968278e-02,7.006298051427285734e-02,3.194270262476091304e-02
1.085792636187554287e-06,1.092319466532571249e-08,1.914908885572867703e-02,7.657105783194305404e-02,3.502069456188540431e-02
1.318623853756152187e-08,-4.604412225571752731e-10,1.481038882576372721e-02,7.302284147284651694e-02,2.777116409448756457e-02
-1.558365133630755738e-09,-3.373306934198548325e-09,1.183271533285635613e-08,8.061078360202081350e-02,3.681666804347306227e-02
-1.147480460079621303e-02,3.829762290322766582e-09,1.644272552398383380e-02,8.220188013629974033e-02,3.289377956642121348e-02
-1.610785108985448091e-02,4.107870592902629444e-09,-1.860529756104379000e-09,7.727122056386999394e-02,2.501303257890877610e-02
-7.234799393372653986e-03,-2.256292618171594142e-09,-2.647164161879143948e-09,7.207939914490933686e-02,3.597159448467271425e-02
-6.118744807257278130e-03,-6.720022674617368239e-08,-1.772439232671095973e-07,6.677957747121288090e-02,3.825914329117162394e-02
-7.639978738367662545e-03,-3.450105424462316038e-09,-8.422133807091968015e-06,5.848318816291234873e-02,3.227305374686981893e-02
-3.132249547975366616e-03,-6.490865421381570350e-06,-2.943306575080504971e-05,5.832500459712546687e-02,1.762231952274654137e-02
-1.107053679121247682e-05,-2.115895657370730565e-05,-6.167132576624224200e-05,4.687462233350396523e-02,1.571055355923136124e-02
-1.225464800353228377e-02,-1.325859194322567593e-06,-7.337538034004598836e-03,4.745723070897151646e-02,2.668502145893651700e-02
-1.513276430055986686e-02,-8.101954134294110545e-07,-1.742582931747213570e-02,4.358984458223046782e-02,3.312931528491555588e-02
-1.282025689280629800e-02,-1.254721434725808286e-05,-1.851995554084228529e-02,3.959396837047662876e-02,2.287520733994873046e-02
-4.250349361429046902e-03,-2.804693704537451846e-03,-2.404421396081935988e-02,3.106382917132231858e-02,3.103520043384117022e-02
-4.864740327648808092e-10,-1.479413029012578533e-03,-2.721028598911130400e-02,4.094237958079358086e-02,3.428574991914874054e-02
-2.589783111846566694e-09,-1.900755967941585917e-05,-3.336718614251919790e-02,4.463172394768906426e-02,2.425703465999611355e-02
6.175766240574471420e-11,-1.165512801948936027e-05,-4.384239204601694112e-02,4.558471182667902383e-02,2.212088403165058878e-02
1.790823920101019608e-07,-1.789605145258338656e-07,-4.668244365432713122e-02,4.206619442107221996e-02,1.928299138044255526e-02
4.216647536480958415e-05,-5.124756245585548830e-06,-4.501350175986128244e-02,5.725617797571899009e-02,2.212327669460268514e-02
8.842984062879455802e-08,-2.145788318362457295e-06,-5.193280703416636168e-02,5.560208061676000929e-02,4.604209913185319109e-02
3.017986790785489112e-06,-2.178390795543234688e-05,-4.383036206074850116e-02,4.844676385888662534e-02,3.269654731198017028e-02
6.674056555414453041e-07,-7.076914581917471416e-05,-4.278446707401362820e-02,4.750141089682233253e-02,2.493744286276606756e-02
2.102452519059760890e-08,-5.925162508535774565e-04,-5.394824642280153515e-02,5.442186589775497435e-02,2.931568240307446879e-02
6.958862362376516643e-09,-2.486549938549284779e-05,-5.537358380658124329e-02,5.215342956904243932e-02,4.262880550229588422e-02
-1.311334345966542843e-09,-1.307042926437109820e-04,-4.747873185158034415e-02,4.497855882245780507e-02,3.308282289126609349e-02
4.072761976662849044e-09,-4.649178023570006311e-05,-4.821488681447762964e-02,3.232338143189011220e-02,3.695388556950428977e-02
2.488341453337626786e-07,-2.446160593044692522e-03,-5.386214229375913681e-02,2.579768855697783803e-02,3.744274023210477503e-02
5.166768892931850850e-09,-1.464945180679255515e-04,-4.985303926464418334e-02,1.775571859535993863e-02,3.047848405029273539e-02
8.313842952453533104e-09,-6.997204273061470060e-03,-4.262167772846807423e-02,1.908769849205266267e-02,1.210693993063089932e-02
4.439078379989412279e-03,-1.164765459685646737e-02,-3.984796375193846302e-02,5.325345848461713660e-10,1.568749858785346797e-03
5.192343983557049479e-03,-1.213664273429007970e-02,-3.210441943620303412e-02,1.198873876826837305e-02,4.446870080589583331e-05
1.098922551818170523e-07,-5.433377287661613798e-03,-4.114046134391129844e-02,1.360786073807925683e-02,6.067890217289284051e-03
4.754081447483777864e-08,-7.989739836930971617e-03,-4.153060142479651773e-02,-8.608422843345268294e-10,4.311384679704475539e-06
6.121083599925741838e-06,-9.137535649617695155e-03,-4.345992321113945761e-02,6.415874600719100275e-10,2.315551680360264935e-07
2.415202084017422320e-05,-1.305487020136446470e-02,-5.070309123198390305e-02,1.469346598556100711e-02,-1.916813691990344432e-09
2.542447919874031025e-08,-1.181567522634817749e-02,-4.880321108019076287e-02,1.862546764724942044e-02,8.026108787685073487e-08
1.167004742256939243e-06,-4.545993766728351725e-03,-5.248393377538303206e-02,2.903473609562073551e-02,7.384736177279438756e-06
2.680683055462887866e-03,-1.601047340351004905e-02,-5.161831906267392439e-02,2.354575219741425127e-02,7.898426751122056971e-03
1.682689170094445533e-02,-1.780271092707010755e-02,-3.776503428705090676e-02,3.835141629809445812e-02,4.145461907434748461e-03
3.592361636579847507e-03,-8.399925547161860018e-03,-3.934456698224601118e-02,3.942870287027454984e-02,1.432563021574271970e-05
2.584964409947689154e-08,-2.232133408856820222e-03,-4.559694407165791608e-02,3.084482753237813291e-02,5.216537179632768986e-03
6.689160399076561054e-06,-6.686867994017235966e-05,-5.071651805723670359e-02,2.930208249557770053e-02,1.535387443949055722e-04
1.836843140976456967e-03,-5.578946647346531840e-03,-5.032643341144534682e-02,2.690318653274819879e-02,-1.306247810593436074e-05
-5.609068892909092328e-07,-1.929956452634236711e-04,-4.458647751656461683e-02,2.193389191653246501e-02,-7.907663045559561822e-09
1.210864091326327280e-08,-3.920785611296015091e-03,-2.959908960843532152e-02,1.861590020852223540e-02,-1.373277025871560324e-03
2.786310743689373026e-07,-1.345077194852972897e-02,-4.619642167001566241e-02,-1.924736044954251964e-08,-2.091997058408471901e-05
3.155915985940926126e-07,-1.543023909803620253e-02,-4.022157841558468561e-02,-1.104926771474113310e-09,-4.588917819239197830e-03
-2.097852767308547196e-07,-1.854985337586308874e-02,-3.871486307168000435e-02,-2.510865853554998888e-09,-4.905122617166835473e-03
-1.492630549294673710e-04,-9.312748791920595973e-03,-4.002795973963926834e-02,-1.412656411432312701e-07,-1.092213798055959029e-02
-3.180656771761757279e-05,-1.083729653662523357e-02,-3.952365759313548887e-02,-1.927987642463038889e-07,-9.755338480852724509e-03
-9.677681779233247226e-06,-1.193837251096525887e-02,-4.060327535424579359e-02,1.792684194686565457e-08,-1.015118712743580051e-02
-3.843405814484746508e-04,-7.900154543557261211e-03,-3.834250588401497822e-02,5.166327906807463392e-03,-2.407319983053467574e-02
-1.452230426150367265e-03,-9.739637617265695796e-03,-3.703554611998732815e-02,-2.506531535712285992e-09,-2.036135535296848195e-02
-4.836697591708802470e-05,-4.983812039313396079e-03,-3.903543181863573103e-02,-3.069046973771461151e-09,-1.369520148597684270e-02
-4.268846851712649812e-03,1.356552877868673449e-10,-4.109425008701322185e-02,1.091864113106540829e-02,-4.288518759357841208e-03
-3.582975346083957461e-03,-1.056968334187934495e-05,-3.013102821330120029e-02,9.525734895902249200e-03,-6.770647470516364883e-03
-8.374458230115666962e-04,3.077078444255993936e-09,-2.287382974853763642e-02,2.017081646249679200e-02,-8.351572446143819620e-03
-1.133767204780362063e-05,5.742873945010528126e-06,-8.777493932675260735e-03,2.293714070777258529e-02,-5.963031965300232027e-09
-9.879587457700391222e-09,-3.307305186346501003e-08,-2.180594646668806719e-03,2.888593137146046319e-02,-3.272285384324401507e-03
-1.687855444460039980e-05,6.499093578159887474e-09,-6.671668029453674915e-04,1.923647208255798227e-02,-1.538616597067769094e-08
-8.403050050060758072e-04,1.759041774053916415e-05,-5.520138627452750471e-06,1.348641243315448594e-02,4.861411606079265147e-08
7.270023196385347677e-03,3.084807487365235567e-07,-6.479055022807236842e-05,6.702478848844595737e-03,-2.124141039053913105e-02
6.527881257955516996e-07,-1.090319376809090303e-08,-1.901960310784969440e-03,1.213201777290697642e-02,-2.932576439866892148e-02
-6.745652052511082002e-05,1.422316825442003758e-05,-2.201501555213438581e-07,1.087666388121449890e-02,-1.805449350413734083e-02
-1.479377138495756457e-04,4.228669393954245966e-03,-1.209581940412763089e-05,1.094606658764561702e-02,-3.101113665887460236e-02
-6.372387667759305506e-04,1.459161554869255165e-09,2.086934582759675222e-06,6.292388819917064239e-06,-2.374157650479245471e-02
-1.038951144145574492e-05,-1.022134256062893798e-04,7.775996931223734272e-04,-5.171869299959614181e-10,-3.046881234379573283e-02
-2.921951589515643777e-05,-2.318947685419610662e-07,2.409151633145888583e-03,7.375004901804113776e-09,-4.138632128504547703e-02
-5.319998305139515696e-04,-2.198929027954026736e-07,2.565166095988531960e-05,-1.155642363586376252e-08,-2.522144840491297169e-02
-4.168347534589089801e-05,-2.773946083718957026e-07,1.732498009788649478e-05,-1.760719933174915508e-07,-2.243279322196822106e-02
-4.897011538712796021e-05,-2.624813349760591417e-05,2.305560606648588905e-09,8.096222356029991613e-06,-3.372905510920310573e-02
-1.319891140800696309e-03,-2.282538390190869929e-04,4.321751181637082497e-07,-6.006475736931416943e-09,-3.648479310529308822e-02
-8.839073965377135245e-03,-4.350606702091835596e-06,3.210766371762832699e-06,-2.654930521407009762e-06,-2.874315610928315431e-02
-1.356968377407953097e-04,-3.735621824061959124e-08,7.318133873157145431e-04,-1.963254958245794555e-07,-2.416277512486487630e-02
-2.127089677331098737e-03,-8.965241940557534858e-08,7.148336188930982764e-03,2.972685005403588430e-09,-2.349564854973098388e-02
-7.479013040423512261e-03,-6.348712846704000738e-07,1.215786082292049861e-02,-2.385038306729569840e-05,-2.865033421524520313e-02
-7.173051592343694660e-03,-5.655114440632111008e-08,1.530334768102573767e-02,-1.467986828334320937e-05,-3.512096130508959857e-02
-1.316102710868711969e-03,-1.489342119254693097e-07,1.795718176216620776e-02,-1.055794493532695327e-09,-1.724156066007729096e-02
-5.729450064051808643e-03,-2.803317422840335673e-06,2.589334581872195645e-02,4.233732079217815387e-08,-7.435081730810533251e-03
-1.879242405624914278e-02,-1.581894305588329989e-09,3.191648393497337893e-02,-1.325497429743935851e-08,5.237300056362170050e-10
-5.141246324998983622e-05,-1.597505545629136476e-08,3.450206542751029642e-02,-1.094359308043872832e-02,-2.618149969657308090e-02
-8.872700167133249860e-05,-1.581072033196666041e-07,2.954371453351179941e-02,-1.630370057737080824e-02,-2.265932774384552678e-02
-1.989158004278800389e-04,-2.694037189247752299e-05,3.103649073764129518e-02,-1.575161109335826773e-02,-2.006333517817528167e-02
-6.969506432647848415e-03,-1.146849461440974702e-07,3.598966295098524754e-02,-1.760993019069898025e-02,-1.430638118501019115e-02
-1.216437030310838288e-02,4.422744624236231843e-05,3.534262523107908893e-02,-1.638064837969446796e-02,1.602252907051112139e-09
-5.498953980705475163e-03,-3.700628840678268738e-09,3.612259070568706043e-02,-2.239618096705108669e-02,-6.335269849421323353e-03
2.913719371891881113e-05,-7.138873025188787803e-05,9.971166868667861528e-10,-6.790671441970645488e-05,1.177610135384440405e-02
1.279289318142686968e-03,-1.124087520720939634e-03,-1.263626606063393380e-03,-9.643736951271341621e-04,1.006521655801338039e-02
3.690345711239412674e-03,3.355794746573098994e-09,-3.122082013878081826e-03,-1.661254197012165230e-09,3.080771425597938346e-02
5.565708022109448950e-05,4.475372403552125775e-03,-3.790759838447122792e-08,-8.133487656234433681e-09,3.414295401568900878e-02
5.581591291612974956e-05,2.298687046838028460e-03,5.743872589484361348e-07,-1.166991832413533277e-02,1.899970889177138300e-02
6.228324657403238110e-03,1.092639734898685159e-03,6.113796565766249668e-07,-1.040875189403536565e-02,6.386378965578649869e-03
3.473304962417705401e-03,8.853666350393909253e-04,3.479540315513875056e-08,-5.534488132333611685e-03,1.904710973258162687e-02
9.132195579443226977e-03,3.730133605844871992e-09,5.783359208667936108e-06,-1.393561265576556858e-02,1.009717668667674262e-02
3.579121972809413531e-03,-1.566079910223705442e-05,3.340878210353403329e-06,-3.196461990775091577e-02,2.120436277685591438e-04
9.427594114070047757e-03,-9.585996118642706176e-03,6.186683869493525309e-08,-3.837095826438358809e-02,-5.759341779145345456e-07
1.582194357762324588e-02,-1.137909815518051149e-02,4.728777164088536018e-08,-3.419688936589966588e-02,-1.560711686459666525e-09
7.473089855148572214e-03,-9.456630697907066063e-03,7.425390204225868667e-04,-3.397159281139256609e-02,3.213670227077232953e-03
2.195240915456571872e-03,-1.735679746833478261e-04,9.697971354544025757e-05,-4.749654533437810272e-02,1.649507274876619006e-03
6.368019835246973952e-03,-1.777556173035289534e-09,9.217341454388664214e-09,-4.184461807867937561e-02,8.402240365033299978e-08
1.548690653634552869e-02,-1.774288980694431862e-09,-1.143712736470071324e-07,-4.236498637387196148e-02,-1.003541769747801168e-08
1.914539905148416460e-02,6.468194270060375056e-09,9.851090177151917188e-09,-4.596227639779711799e-02,1.911223838290895013e-04
2.019022602745248682e-02,-8.040244422418976566e-09,7.763215337147742409e-03,-4.515874682066722823e-02,1.834188186343600063e-02
1.548845226642973742e-02,-3.646975723419702496e-09,2.208996842812717488e-05,-4.722235130352493010e-02,1.462210468749333171e-02
2.527848707688677352e-02,-5.365902871388960639e-03,2.957999034798354368e-06,-2.672371996558646490e-02,1.056663380431917786e-02
1.734556927966696138e-02,-9.641047117506689954e-03,1.277031160860002556e-05,-3.302623973923607403e-02,2.009046311917345192e-05
1.998370191097865664e-02,-1.322620049446905817e-02,1.341347725848244781e-05,-4.629085041659787569e-02,4.267245100614290599e-09
1.243853740008789765e-03,-8.946516086171477783e-03,-1.898911864815727496e-07,-4.892653049654903386e-02,7.051050234631332705e-04
1.979335935995623979e-06,-1.166573052177806061e-04,-1.929660734034340311e-02,-4.547367071758431911e-02,1.334449869481228561e-02
1.876130572979610274e-05,-9.607854985504939898e-04,1.635889050003218488e-09,-5.361254368348451066e-02,1.107892002231016665e-02
-3.234574204243598694e-09,3.876456197577977220e-10,2.345241310089126225e-06,-6.513155603754085254e-02,1.410815525643799133e-02
1.394413997183095132e-09,5.217020307669343535e-09,2.169779622007631009e-08,-6.345087349333843052e-02,1.211199562430479186e-03
8.995914543093013957e-03,-3.315759803213924779e-03,5.228126177159372193e-09,-5.290353071984903177e-02,1.582837807284163912e-03
1.494757846670675397e-03,-7.868932104571860209e-03,2.464325774008778187e-08,-5.699105301002017204e-02,2.192038741177135773e-05
5.750197887362400867e-03,-9.746624211521049547e-03,6.113947091922792276e-06,-6.746627457441665976e-02,1.561438030948583819e-05
4.393704750084347944e-03,-1.500683293434258367e-02,4.585224072347322287e-06,-7.356994781810823059e-02,7.865579594850281159e-03
1.816161877335497471e-02,-9.932803488412170548e-03,1.535669846109195527e-06,-5.903054638861547632e-02,7.124874767167116950e-03
1.644372967115607931e-02,-1.568402552076077899e-02,2.116149700306140229e-03,-7.612630783990084749e-02,9.582564346270766829e-10
9.413085535194903875e-03,-9.690491668568942257e-03,5.268400302587866561e-03,-9.169080695683862192e-02,-1.654925704108364634e-08
8.638216800103811974e-03,-1.406932049970035332e-03,9.574828246228139945e-04,-8.936398879187747168e-02,3.349852269631810274e-09
7.788519038564723287e-03,-1.555892552265865977e-03,4.823838184152331836e-03,-8.280935659234062163e-02,1.099001590582357642e-02
-3.719282316121708390e-07,-5.465134469055790700e-03,1.066309668754068275e-02,-9.382375913982814175e-02,1.701866786187987622e-05
1.118100835258583063e-09,-1.132642290678745160e-02,2.410095521202161584e-02,-1.049148615223054332e-01,-1.797557332286767303e-03
1.590104388224003809e-02,-1.635759628616812941e-02,2.529142426095000104e-02,-1.002634998942730088e-01,-2.304131908840886117e-02
1.051588752560220465e-09,-7.523395314242116265e-03,1.578783517117082064e-03,-9.452362140544279256e-02,-1.175256410683615631e-02
-2.030142469487092003e-10,-9.731085034995362940e-03,2.607167870625867745e-02,-8.960156099182525757e-02,-1.524128634751896298e-02
-2.962427456497878947e-07,-1.462520948397115148e-02,3.007265060385795954e-02,-1.067416360664957403e-01,-2.513653817466634036e-02
-7.158614722163241580e-05,-1.779150461344601152e-03,9.420366330225211221e-03,-8.387760175134685581e-02,-3.427858035895135075e-02
-2.251957153967651306e-03,1.158315625850733581e-04,1.863648223449815289e-02,-8.013064117545543041e-02,-2.829287230340663331e-02
-2.861105235702150404e-02,4.913244451811675517e-02,2.013826608782596020e-02,-1.028170679658124836e-01,3.758108484108999600e-05
-2.683126796767639974e-02,9.025154758836002877e-02,4.125131100975636123e-02,-9.524509356212021438e-02,2.466152791880206821e-02
-2.403602440189226211e-02,1.420060436996321007e-01,4.031467044308172792e-02,-6.844171850564448323e-02,3.707706105647409073e-02
-1.443815146547437158e-08,1.528741746164164750e-01,2.303008310988287691e-02,-4.714136795894499632e-02,2.800221633287348563e-02
-3.457775443378283191e-08,1.719265373556179977e-01,1.044774656851399991e-07,-2.626731279104937630e-02,3.249332920532845004e-02
-1.178628626617914974e-08,2.018946872671088244e-01,-9.909873065021728919e-03,3.320266799289606997e-08,5.335503697812543980e-03
1.909542074877385517e-07,1.969188307390581094e-01,-1.573118625550734215e-02,5.133935304559193030e-03,-6.761127705347366908e-05
2.235299556170650820e-03,1.944265458216544729e-01,-3.975769274614146184e-03,2.926194438932485861e-02,-1.562951670965409892e-02
8.069207729970884568e-06,2.010113930202183929e-01,5.214182017145765208e-03,3.819214811203980320e-02,-4.487591362442270616e-03
1.725379585540107410e-05,1.976821659333804493e-01,1.231832984793356130e-02,4.218958874412356147e-02,-1.574432000222027866e-02
8.261986344459902251e-03,1.714237446152867272e-01,1.282564455563705435e-06,5.539088426009552979e-02,-3.223090717735626470e-02
2.215298460548477746e-02,1.299997896329666280e-01,3.234680374999506034e-03,5.163706230554092336e-02,-7.146413643802981830e-02
3.423614487926786642e-09,1.035462477070798748e-01,2.213133755038595649e-02,2.769978431282205805e-02,-1.074165891596436662e-01
-6.301669588724541139e-07,6.812815293051938115e-02,3.172646998441380761e-02,1.938811194617419539e-03,-1.527659414220050860e-01
-1.134976551034209334e-04,4.923636036782697012e-02,2.667128516667582189e-02,3.000454055244819191e-04,-1.705114366404230641e-01
-3.275077711579057332e-03,2.789721017753532886e-02,1.366573227487264536e-02,1.343884619161215513e-04,-1.650569824459550139e-01
-2.727944303791334998e-02,3.051743296200999482e-03,1.011608760548974272e-02,-1.397313404694130216e-08,-1.518941001276667147e-01
-6.894074564401235505e-02,5.838676454026088684e-09,5.358813304063920124e-04,-3.630218530206162988e-03,-1.387308840953273836e-01
-8.762203383818591151e-02,-1.882198440074243237e-09,-6.337096568416611918e-03,-3.310401274816454024e-03,-1.224605351233742090e-01
-1.113515580634387298e-01,5.145616115868994451e-08,-1.843285173670210914e-02,-1.578207219270548207e-03,-9.343346952795859861e-02
-1.428034282534771104e-01,8.749586976455643535e-09,-6.385448001756771109e-03,-3.887973681987779914e-03,-6.231821262712245596e-02
-1.548347587430680405e-01,4.573972804413958121e-04,-1.963525110384078646e-09,-1.161978784375681910e-02,-2.849526953775908394e-02
-1.703394075989882461e-01,2.740641102962655326e-02,1.267321145020970017e-09,-7.095854764994127338e-07,7.972987303646618114e-05
-1.656739884388273298e-01,4.342958592306091214e-02,-2.775666873558627968e-08,8.347421950153809177e-09,1.609141553945840630e-02
-1.747332439808176874e-01,4.653413108267639986e-02,-1.708241964899513037e-08,3.847380722679982370e-09,5.824874221655732681e-02
-1.725121061506493247e-01,5.243106568772366860e-02,6.205187531561520524e-03,4.410490037102503267e-09,8.144931988821935143e-02
-1.606005762718201724e-01,4.365196636103139266e-02,1.835957140164666199e-02,5.544390748694945930e-09,7.882424852404414095e-02
-1.355943451641087316e-01,4.103669343847852341e-02,4.002040416112039728e-02,6.019408695181901157e-03,8.407711635775394488e-02
-1.400095889612810174e-01,4.174874360009414587e-02,7.194879583035650172e-02,6.371328790267488489e-03,1.007378828536425741e-01
-1.151287646958690791e-01,2.889618486784385418e-02,9.320565293375704385e-02,5.133217970330056218e-05,8.904752907524086936e-02
-8.155986724580974179e-02,1.762529570944413454e-02,1.060107557086180236e-01,8.480222825014264738e-04,7.971109340218275607e-02
-5.093530304680929377e-02,1.010597408340761436e-02,1.177048715088995640e-01,2.014574049772747608e-02,7.552785247794911727e-02
-4.674573743988760105e-02,-1.999337395433701054e-10,1.298578881116318473e-01,2.900115964942738545e-02,6.485165233801191975e-02
-2.268120881178527226e-02,-2.684032069750605785e-07,1.405208022557669356e-01,2.441990840227828072e-02,4.773175076510868114e-02
-3.120202820570471462e-06,-2.069001143035550001e-06,1.437511560850414927e-01,4.106770421638337304e-02,2.949963904806778003e-02
6.688907292912544926e-03,-1.792563642989164857e-05,1.357122471570209044e-01,5.914776744153806692e-02,2.583627993920041901e-02
5.881778319168056400e-03,-1.545433844295862054e-07,1.476663048744484841e-01,5.918000013411661014e-02,2.112253842421344188e-02
2.271647829476794792e-02,-9.698685030938329827e-05,1.298152215699582279e-01,5.818347205298167457e-02,1.965874214508177364e-06
3.049158080319224612e-02,-1.157268184263948751e-04,1.159277620367349382e-01,7.400355364515608103e-02,2.267686388164795973e-03
3.794621046653404856e-02,-5.294596817202420688e-03,8.949363823938935592e-02,8.889059660967042753e-02,1.003753076148606108e-02
3.291885846965986878e-02,-1.137664510926521787e-02,7.718332807648967120e-02,8.770314523688248209e-02,1.210340051151053385e-02
4.055446108976500097e-02,-2.947404849194495274e-02,6.930461197203330315e-02,7.992114098731546712e-02,1.446169973267549633e-05
3.791788656039014188e-02,-2.875561002906748542e-02,4.020011456445114068e-02,9.360731131467862898e-02,2.995099922585584950e-03
2.980074082680092551e-02,-3.631676150809071829e-02,1.864808555312644570e-02,9.376016376340760849e-02,1.040966334987897257e-02
1.206595044247174564e-02,-3.793272707512035380e-02,1.896665643514280908e-02,7.650984610359155835e-02,2.247670150835206528e-03
6.638340035214848785e-03,-4.405227337854397685e-02,2.946573647457195050e-02,6.578450827009496571e-02,9.016854020674782533e-06
2.506546999103371558e-07,-4.538073204396748939e-02,1.257281936135573770e-02,6.865067200074945197e-02,-3.927684764169431047e-06
3.221081330111304995e-06,-3.613583248717829738e-02,1.125455828440000833e-02,8.559510622007791836e-02,1.173987858673087177e-05
-1.097010787391507175e-07,-4.739416965866825870e-02,2.656609465950541052e-02,7.762018447261977150e-02,1.111208445312090917e-04
-1.190490584976839695e-04,-4.384149737769785227e-02,2.026458798226492275e-02,7.254898798167218332e-02,-9.466692939885262994e-10
-2.899308685976520363e-08,-4.186512345185666034e-02,1.314127890016748845e-02,7.592318061070260637e-02,-8.108218319619365524e-06
3.935355245203274325e-04,-4.525967486159192948e-02,3.693539787700900851e-10,9.529715203582282690e-02,-3.584786207353889107e-06
9.781628662007310184e-09,-4.793639706606651896e-02,2.557356621622932275e-09,9.230412945082309972e-02,1.881972894028594746e-07
8.666119736552924409e-07,-4.254506038338502077e-02,1.567813948397377491e-02,9.849937166999421512e-02,-2.188218590879020273e-09
4.498452706206706241e-09,-2.723990574282808899e-02,-4.009405125110329567e-10,1.117461466199375086e-01,-3.743861077714879474e-03
9.053599051755664706e-03,-2.308234121268703393e-02,-1.758865713959396269e-05,1.249893889059720820e-01,-7.681832282944206676e-03
-1.423003444854228568e-07,-7.939921607495363867e-03,-1.570393285073335102e-05,1.174216174412091168e-01,8.494806764935513947e-06
-1.175704052119248740e-04,-9.598136305915736487e-04,-2.618852870451351261e-03,1.072924094581569482e-01,1.111925951728214667e-05
-1.201773183232274743e-02,-2.093327985149291812e-04,-2.734665347554398468e-02,1.034251980379696928e-01,1.056243558528203487e-02
5.621537795353478892e-10,-1.908310486879685701e-05,-4.116035979005765871e-02,1.025444996576825724e-01,2.903988979490665367e-02
-3.939207071004942502e-03,-2.039379625176758077e-05,-4.283886609023863923e-02,8.973150817616235009e-02,1.932887097545544358e-02
2.752310895259494765e-09,-4.988971567133539814e-03,-4.963438997702938199e-02,7.254418176164044441e-02,3.840852087556617840e-06
3.693465731308861959e-07,-2.193793494632633890e-05,-5.973944978255416038e-02,8.279519764664491910e-02,1.811842267734190687e-02
7.917649570813240824e-06,-7.637423104384257460e-09,-6.155333554821940112e-02,9.127283247526737919e-02,2.969261854628365768e-02
3.130987970266294931e-07,-6.906334273856776869e-08,-6.978500491461615829e-02,7.828555447227744657e-02,1.110583395061118077e-02
2.401591421154626400e-08,9.615491337936801471e-04,-7.519371917754703871e-02,6.596276695802820444e-02,2.243619631166578199e-02
1.839360190937956602e-08,5.080684179686962600e-03,-8.074966331851604617e-02,7.112911968888048497e-02,1.480456378623037743e-02
8.636082282911299127e-06,-5.709507236700574826e-09,-6.771294639846871244e-02,7.766745745430753134e-02,2.812888667607246762e-02
6.312323345796088347e-07,-1.445131314622757124e-07,-5.711493355874145555e-02,6.618773651647549827e-02,2.282427372381350128e-02
3.356173963468862639e-06,-2.171301539525333690e-05,-4.675631415790355155e-02,5.361223587347563324e-02,1.498748858209475628e-02
6.769589159603820513e-05,-9.570549978281967871e-06,-5.315831930529489602e-02,5.912067587537863517e-02,7.533783475092188306e-03
7.072130469010098376e-03,-5.005978228403789139e-05,-5.487621320219829291e-02,6.542171591028726751e-02,8.824183986248713973e-03
3.028242077141813783e-06,-1.047955783420237690e-04,-3.836915314167804736e-02,5.101802450620752938e-02,2.069076118865814315e-02
5.646823666776670152e-04,-9.701073719101301141e-06,-4.309403093604953494e-02,3.349628121010624765e-02,1.810324729075088804e-02
1.875983817804692493e-06,-1.739716882774202085e-09,-4.563524657033710130e-02,3.871139125541735171e-02,2.706800947616809505e-02
8.773227539338431858e-05,-6.367351377873794155e-10,-5.112374821151934035e-02,5.177688123926847685e-02,3.191952815752096412e-02
5.425249009470667797e-06,1.418699028555785260e-06,-5.460953348981729266e-02,4.150268620249773777e-02,4.226715383600981174e-02
1.078319969938025915e-06,3.129527288174874877e-07,-4.902767870822310331e-02,3.228750003587045614e-02,2.958118175302441172e-02
6.093673318383646675e-03,8.308594402216866879e-06,-6.255621970936832421e-02,3.146918895486244816e-02,1.631094833496562341e-02
8.208631123202980023e-03,5.206889030700656425e-07,-7.475628671070796982e-02,4.958615467590577613e-02,2.122374236669038669e-02
2.792114620128562162e-05,1.224190447267331218e-05,-6.649326513490901036e-02,2.997946394409964355e-02,2.055777339090060149e-02
6.872371000614560192e-08,3.895515124832231541e-09,-6.624061834218207545e-02,1.974319855012268352e-02,1.551996350808698688e-02
5.658280134034644479e-08,-1.438933300330106176e-05,-6.505054830234596741e-02,2.731480817259202346e-02,9.867028358428378901e-03
2.130267229762966631e-08,-1.528844656126180203e-03,-7.194376101597943496e-02,3.335167252668302940e-02,2.447390404897770502e-02
-9.980671182912188855e-03,-3.113594532881195894e-04,-7.305745425751884736e-02,2.943701439301078804e-02,2.635688311147639865e-02
-7.465222107260930696e-03,-7.590252346627099009e-03,-6.165550887005789849e-02,8.131370859072459962e-10,7.363784913520128421e-03
-5.443467635278365080e-03,-6.017624820391594999e-03,-5.936897349612262759e-02,1.450122570594831496e-02,6.997180734525382771e-03
-1.750006106478275546e-03,-6.188685384409218192e-03,-5.640301426671896073e-02,2.096780246450970567e-02,9.436216912621312597e-03
-8.810577889296736936e-03,-1.056124109666852287e-02,-3.633540078019853459e-02,1.024681136065014493e-02,1.085926456272611786e-03
-3.013300577771429637e-05,-1.505973789489375124e-02,-4.643838036422855836e-02,-2.052190567880365600e-06,1.464145072578055943e-08
-2.069495744155373638e-08,-1.266133980098334451e-02,-4.152651259915199344e-02,-9.540059657288854351e-06,-3.951623155600572819e-03
3.652001153696796815e-03,-8.320777771038543463e-03,-3.389013254500228972e-02,-8.330395215976996239e-09,4.674136666925137518e-06
3.175011640723974062e-07,-1.628034359771855441e-02,-2.732633162828251167e-02,-6.781492846723232186e-06,1.984997824602888083e-08
-3.541386316547143453e-08,-1.241524269719648278e-02,-9.935313832051359539e-03,-1.048833821338012243e-04,-1.661520376873334940e-08
-1.223405577532566239e-08,-2.053328622652304813e-04,-1.680377490875013466e-02,-6.142419779813260486e-09,-6.894984022549611319e-03
-1.673434529601437287e-09,-6.141470407531737959e-03,-1.100433250478853771e-02,9.599158639586741300e-11,-7.432778080937358506e-03
-2.530261443594807017e-05,-2.330774213804543381e-03,-7.173547458303440243e-08,-4.038390450939398301e-08,-9.439903058612577430e-10
-7.690995705095571614e-05,-6.685718218504797263e-05,4.849225128039480445e-08,-2.504093996330847802e-08,2.742458656937529844e-08
-1.702214734175612316e-05,-8.001405590544234073e-05,1.845582694914641848e-09,-4.792506191099465529e-09,-3.296140470038692178e-09
-1.044806798650000160e-02,-1.417163613965992580e-07,-3.104829073554019669e-09,6.227568454056653391e-06,3.601505475017453760e-06
-1.414184897934479303e-02,-1.775414717787108753e-08,1.664226349751280672e-09,9.772111914920031432e-08,-7.850250926852342089e-10
-1.446775228755617371e-02,-7.969698250507140471e-05,-7.830665403332857089e-10,-6.791761524331515164e-03,-2.299457522731793505e-02
-1.230627221797164772e-02,-1.341024241921025079e-09,-4.162225569949753491e-03,-1.068445007090039039e-05,-2.921408328380437416e-02
-3.995491335334953702e-03,-4.049565487966806799e-06,-1.343254646368123757e-02,2.561471526116350874e-09,-2.920669910687234694e-02
-9.570189184243549016e-03,-1.787964379329941495e-05,-4.547941713867314747e-07,-3.637024020769608594e-06,-3.346442479993424340e-02
-1.257030578887616788e-02,-1.362934157847470262e-06,-4.270125189145400558e-08,-6.332284648737001925e-04,-3.270911809166379691e-02
-1.705069976378621038e-02,1.714135871567627826e-07,-7.575240143553785745e-08,-3.555625105970927104e-03,-4.025041304373392498e-02
-4.146600360321493414e-03,4.860458667010356056e-05,-9.309233498983984540e-06,2.624144324866691295e-09,-3.297138479392604238e-02
-2.562725704202305482e-03,1.090575709145248516e-09,-4.647904752831677373e-09,-1.645226821881880245e-08,-3.136346494062601520e-02
-1.611067998307409710e-04,-1.432959096691128594e-05,1.938149236746262473e-03,-1.744938321513513411e-07,-5.412752069810419092e-02
-3.304702158794518190e-04,4.509253032570147739e-09,7.278961309309808043e-04,-1.044108331659243649e-08,-4.437527009932262095e-02
-1.015102414648477154e-08,1.976901244360842640e-07,7.894972982285955522e-09,9.937831146228082539e-08,-2.913825192878071943e-02
-1.064334053406865189e-08,7.407301060605127361e-06,6.371961426493479193e-03,4.994212084376848956e-06,-1.286054703222392834e-02
-1.831981427568796930e-07,5.621287385414115118e-09,8.942769402939823586e-03,-2.336092279674099493e-05,-2.072179137200548527e-02
-5.796884749153851656e-07,1.907216231771719040e-09,7.379828367951123298e-03,-3.294722498915909438e-09,-2.385359768227213878e-02
-1.049794732193144971e-07,-5.646616378218659615e-09,8.223388261137312078e-06,2.267691308302698069e-10,-2.236236910229830871e-02
-2.624010913400946731e-06,-3.695527942336903494e-07,8.365272519129114681e-03,-1.130225561569775675e-05,-2.940941728277308639e-02
-1.737475767062424120e-07,1.697740154488136025e-09,2.009996235432557135e-02,-2.212549456323730825e-03,-3.286890178805531443e-02
-1.881189058185126247e-07,6.728247442147526198e-08,3.073101703899840109e-02,3.863842568476312467e-10,-3.201412628141304256e-02
-3.183613849798228759e-07,6.554122713268801560e-03,2.745848423231928709e-02,1.542317707312503597e-07,-4.044367931554464224e-02
-8.999122355452917124e-04,1.959419574447654119e-02,3.709918138028957257e-02,1.491177361886313463e-08,-2.135065687876437288e-02
-2.903994636209496563e-03,2.181045909111724995e-02,3.926943370535322664e-02,-1.161611089586367211e-02,-2.270772443631701235e-02
-5.842003725183807838e-06,2.571675270454955309e-02,3.652238536178262912e-02,1.097473751832712834e-09,-3.643970680039353843e-02
-2.017800542933910219e-03,1.504575758665842311e-02,3.367569101127645959e-02,1.288624574112784286e-08,-1.402045053593907985e-02
-1.251707174422239839e-02,1.345158281188515818e-02,3.470840341306492133e-02,-5.268741193030022918e-03,-8.864169613938003541e-09
-5.935738842758895954e-03,7.623418053572932410e-03,4.095124136022983141e-02,-1.203463216082995869e-02,-1.409206974777164022e-02
-1.748067961860175668e-04,2.900154839837364930e-09,3.231298338535057435e-02,-1.138506913165034801e-02,-1.941311689888161260e-02
-7.353067822850706012e-06,2.767342844474580496e-09,3.274971988146050533e-02,-6.149967364448757738e-03,-5.388913702027069673e-03
-2.118166138310338735e-05,1.045031576072252919e-03,3.812480438669119814e-02,-9.670054140403346044e-03,-9.151479068675968248e-03
-2.325537796938393666e-03,2.061343172954106535e-03,4.296783813072454355e-02,-1.081908887320241763e-02,1.755419846269126087e-08
-9.049332005023837905e-06,9.216289665219480967e-03,3.942099955696418134e-02,-6.063651423784574904e-03,-1.016523486476972327e-02
-1.768777053315039072e-06,1.829427516160018335e-02,3.451589720995908855e-02,5.796636286794714427e-08,-1.044875449150035884e-02
-1.049171067353544401e-02,1.603398516143762775e-02,3.827256371431400628e-02,-6.280124161364203993e-09,1.321797443242124559e-07
-9.849842417257018742e-06,2.780984078879914344e-10,5.242571942782425776e-02,-5.017885973037865266e-03,7.681012014518467261e-09
-1.225085600676405227e-05,-3.240421690649465309e-07,4.209405841511250357e-02,9.999610239709180213e-08,-1.820945641594796591e-02
-6.984377224200152151e-05,-9.937340938718318117e-08,4.301115748986061860e-02,2.433541830460606362e-09,-1.987063051458012528e-02
-4.768153662345300965e-05,4.488268960435990947e-10,4.622838068100737496e-02,-1.067436187372205157e-09,-3.054731286048940203e-02
2.765457542292507802e-04,-4.377472149590986607e-03,8.532639038464166217e-05,-2.425611670900804442e-02,3.139650345030998903e-03
-4.614379965822880196e-10,-1.199238189426445750e-02,7.885066176510782489e-09,-2.039826974099241685e-02,2.889742807614933135e-05
2.651066630625210802e-05,-1.278436922284320945e-02,-4.851249154190390676e-03,-1.452307220401228248e-02,9.073591550972794073e-03
5.100850485254224478e-03,-7.597643495929519084e-03,-5.423042276536753879e-04,-6.737500561288903810e-03,1.267388892749597880e-02
6.229413280818173941e-05,-8.156285743578198244e-03,-5.888674458008626676e-03,-1.619782735506737972e-02,1.651871828904355119e-02
-1.825791975095884510e-08,-5.786489700520340215e-03,-1.716199111305265895e-02,-2.295053915989963764e-02,2.936402079450183694e-02
2.795042459392113512e-04,-6.191943226201998638e-04,-1.159653731678036287e-02,-2.262627467642818260e-02,2.945834806465635891e-02
6.700034847276419708e-03,-2.720617675847613776e-09,-1.772067327045317303e-02,-2.944959747432664490e-02,2.291349704978721050e-02
4.446322223682481990e-05,-1.828214783831379092e-05,-2.583659052947788123e-02,-2.753453895207762236e-02,3.826723950877628649e-02
1.251097559349727952e-05,-3.941629064451700881e-05,-1.108048733018500778e-02,-2.554128693282063656e-02,3.550503627055615063e-02
1.034791478879611148e-02,1.481689494285817920e-07,-1.552633450793119724e-03,-1.816521103372439536e-02,2.340246412536587522e-02
7.125128471476817327e-03,4.648279168315241029e-08,-7.248889617524208867e-10,-2.342784492659821458e-02,2.443871506763901219e-02
1.760267281662350816e-03,-1.517067133923176455e-09,-8.110236078242876284e-10,-3.355036888992180000e-02,1.702202874716345418e-02
6.253863299030376329e-04,6.662049665087320090e-05,-7.090339148689599018e-03,-4.131172481425990362e-02,2.560814805627717832e-06
3.293935273254780516e-05,2.566838009933339183e-05,-1.446892146207552458e-02,-3.740376999895408949e-02,1.872768368935446084e-02
1.480685232916695813e-02,9.962018289532568929e-04,-1.324540667806561878e-02,-4.228041412106074703e-02,1.525195674996627886e-02
1.021920781142016295e-02,4.969612372131359569e-03,-6.248281570252591201e-09,-4.634728179986304791e-02,1.817885349685039939e-02
6.782790700075032146e-03,2.104466468380230583e-03,2.367534450308108255e-06,-4.546099967140405929e-02,1.595055805470394633e-02
2.335502694966395953e-02,1.459446729430824708e-05,4.109057407725460644e-09,-4.298451565613557041e-02,2.044419157155983116e-02
2.121779145991993173e-02,1.935532963678123663e-05,1.831245825985219106e-08,-4.890027862957931765e-02,2.918015940177504444e-02
1.870444304631448812e-02,1.126959151097264329e-08,2.342232107038935540e-09,-4.844776256076707699e-02,2.484254266888788823e-02
1.716293456024690217e-02,-3.143211010919279725e-03,-2.752787620120463255e-03,-3.476038597906355027e-02,1.534915096594682490e-02
3.059997547058748713e-02,-5.266850385489481621e-05,-8.787018712374554050e-03,-3.388633411889467595e-02,1.969808526110782346e-02
2.963348085833614892e-02,-1.139217754562363153e-04,-4.202013227308389227e-03,-3.591817735816323770e-02,1.986762721814762031e-02
3.053151283533492300e-02,-6.076941126050760741e-04,-1.534566608190899753e-10,-4.499875296651238005e-02,1.853516991246493065e-02
1.894700637067294954e-02,-2.227816322433073706e-04,1.144932068595112326e-09,-6.304370195790059972e-02,2.690334062221065928e-02
1.586119467762194327e-02,-1.144537749014938284e-09,-3.704465635190382053e-09,-6.089584976527803034e-02,3.216346005070894881e-02
2.221570156887254024e-02,3.134067924489657556e-09,4.151990815455288305e-06,-6.366347565728953939e-02,1.553937014954785700e-02
5.738765151970563576e-03,1.230796613574043631e-07,7.764309834921771477e-05,-7.137896754303482694e-02,2.105014061826685975e-02
1.662247041055277068e-04,1.240290839699936845e-08,4.834417181693289055e-06,-7.542776766065907579e-02,1.755250367044013105e-02
4.805350959022021418e-03,3.195991697457230220e-08,6.808199529910004298e-10,-7.517698028802288768e-02,5.296569636689831169e-03
8.385563003852075301e-03,2.722318220221580886e-05,6.908878825660496138e-09,-8.808189780144221048e-02,1.798850053635591903e-02
7.597750969945704820e-03,2.328673942250673854e-06,2.991103881435960697e-06,-9.667973283767092307e-02,1.470104435396479663e-02
3.026377290628793514e-09,1.255973096150155835e-03,4.309339340807093181e-06,-1.018088853494223678e-01,1.112271948642048688e-02
-2.000632003480183512e-09,6.754650236184594949e-05,6.132703517030632215e-07,-9.308736615549495497e-02,6.043214107795424374e-03
-8.336331411999767956e-08,3.454162111484078684e-06,7.570194050261148575e-05,-9.420577011048061888e-02,1.745843603816529940e-05
-4.910818580780876406e-07,2.672362879131352400e-08,1.042748805640590984e-02,-1.026354290963109595e-01,8.234293430382747930e-10
-8.766803769663046499e-04,6.789500759829379367e-09,1.462837156417487114e-02,-9.678047043704227081e-02,6.850213771531286330e-06
-2.913056188368862861e-05,3.290709973634824938e-09,2.038148227424866376e-05,-6.718920100905501069e-02,1.180356541925679618e-02
-3.900071853046591986e-05,-5.290797819104417111e-10,7.143909642261330427e-03,-7.583776380776828530e-02,1.485893844143745812e-02
-2.486080856944173034e-05,-8.823983416733465965e-03,6.801659310108678150e-03,-9.665033973495282260e-02,1.083817895380271949e-02
-1.211541950013206477e-02,-5.303191935520007549e-08,1.068320872195758359e-02,-7.757646550703310717e-02,1.178861014719678919e-02
-2.253278252486035776e-02,1.937790938015039599e-02,1.468497023421846265e-02,-5.947971963400873474e-02,2.047779578596013034e-02
-8.251117609602660538e-03,6.111860677951460458e-02,1.561849255745762638e-02,-5.189321689261687520e-02,4.615854827931242105e-02
4.197113223993922243e-06,9.583740690685886576e-02,2.709961508923463061e-02,-5.779577205626207359e-02,7.884481373844512420e-02
1.171179123042441364e-04,1.378625856596486510e-01,3.396326028673839204e-02,-3.804280597772626699e-02,8.491079159081418859e-02
7.326618024546527157e-03,1.573881767097883577e-01,2.416080556571155447e-02,-2.535726528882452716e-02,7.412390822729678086e-02
7.276867868286077817e-03,1.821060001913693549e-01,4.201762064385725333e-07,1.275377706054015423e-08,7.313668140279064311e-02
1.289701206470182399e-03,2.031761563193304199e-01,-7.444426959985076322e-03,7.808336233981716737e-03,5.222586819629670973e-02
5.948942613456750037e-06,2.167854525296145085e-01,-2.687592057875742152e-02,1.964230934861276728e-02,3.422263657928792391e-02
2.342195141237505185e-04,2.005026501069125666e-01,-2.642051552110966442e-02,3.590739771685072523e-02,2.285677421477084678e-02
6.644557058439803932e-03,1.972108065401400878e-01,-6.542736939946801333e-03,3.974152575293650458e-02,7.999679162165311814e-08
7.072051868476119567e-04,1.918686351953107494e-01,1.423055352151962654e-08,4.462094274637105201e-02,-2.170600094124178145e-06
4.075589932376990406e-04,1.693403587552180511e-01,2.479436857773464464e-03,3.586973658479021554e-02,-1.965282461564617916e-02
2.491367421353180012e-02,1.233307025921412947e-01,2.284690004153174317e-02,3.838757299863617550e-02,-6.514964983265059129e-02
3.466913829865546359e-02,7.999323863049996597e-02,4.315550124815907551e-02,2.686289736371770542e-02,-1.272276886980662491e-01
7.169420330512264540e-09,4.014484234314222993e-02,5.355461243003948463e-02,1.242996258440266615e-02,-1.843519805619829033e-01
-3.981304960892690682e-04,-5.796992546091279448e-09,5.187186900694901875e-02,7.089005104537927796e-04,-2.204137698144996438e-01
-5.454938122468401193e-03,-1.478047487052462985e-02,3.237753122699562475e-02,7.432274422599682894e-04,-2.330777565934983864e-01
-3.374481206387935917e-02,-4.022251948490173507e-02,1.554881154956290999e-02,-1.566131177915992616e-09,-2.377504744605953846e-01
-7.512155163366857069e-02,-4.902544101879423299e-02,6.810165850870515144e-09,-8.172701706238190861e-08,-2.188182277475951287e-01
-1.176065443015712891e-01,-5.401413554217030649e-02,-5.661571587359993767e-03,-2.699136113799240847e-03,-1.836534457378234952e-01
-1.214308046063835578e-01,-5.279177654005588749e-02,-1.786107710448063546e-02,-1.207913181392257003e-04,-1.601970674910581094e-01
-1.356561736656778927e-01,-3.990886212868519772e-02,-1.669830074578945722e-02,-9.057563652192802681e-09,-1.381289025117177216e-01
-1.618849293972704773e-01,-3.528858725119512346e-02,-3.941920592414766347e-03,-1.943595167839544426e-09,-8.625476147156160844e-02
-1.752327796561605200e-01,-1.306822160171682533e-02,-1.020446029204782369e-02,3.820403891699370240e-06,-4.506847248467237693e-02
-1.673156831586450899e-01,3.165969749969306120e-09,-9.695131094276309910e-03,3.384229543293120878e-03,2.048474494468764095e-05
-1.653084818901055242e-01,9.522751970140348868e-06,-8.032932838980571660e-08,7.007921516888363130e-03,8.770737942457324660e-03
-1.765767166998621074e-01,1.640154635271432577e-05,-1.093719267938818030e-08,9.387806622966664641e-03,5.011451017131553914e-02
-1.633934750120586143e-01,3.145812992633001410e-06,1.729618342148501260e-09,8.457289211926182979e-03,6.094674105237188333e-02
-1.454778328553411604e-01,-1.959865726015982182e-07,1.792803837911136761e-02,1.225041575802749381e-02,6.819906772932789185e-02
-1.228279375380861432e-01,-1.487410010068654235e-03,4.025423459965125905e-02,3.154076155493955400e-03,6.629574845230856717e-02
-1.125124480540092842e-01,-8.527092312199675839e-03,7.101143285333055832e-02,2.597462917687306388e-04,5.038544122085911875e-02
-1.051223422851603195e-01,-1.756848817726260059e-04,9.124353426556011670e-02,2.474192076522913931e-03,7.286663626748518530e-02
-7.800085477734988726e-02,-1.734348089968319609e-03,1.062176139042844136e-01,1.614027012783419632e-02,7.521214792771697966e-02
-4.613067820993124041e-02,-4.015952877941145714e-03,1.293865683810043188e-01,1.235210180928756132e-02,6.063361798281016735e-02
-3.124857684830890936e-02,-6.174095845528082549e-03,1.441832389620962551e-01,1.306098597410490156e-02,3.055584701637336503e-02
-2.719479175102702123e-02,-2.889237862242970828e-03,1.471389322683074041e-01,6.166455033528639440e-03,1.653415093212604742e-02
-4.275345031573620294e-03,-8.532525843020271068e-06,1.593628292705710769e-01,1.226867770159045107e-02,5.127216902968034090e-03
3.622412168690727415e-09,-6.167271245140085907e-07,1.716744479188194727e-01,1.066326169881834374e-02,1.631031783124524666e-07
-1.633091397691630724e-10,-1.956935259595502192e-08,1.625524988880877042e-01,1.380921513822995148e-02,3.940657401938516290e-09
2.154185642882595393e-09,-1.843250038664026167e-09,1.525875353963366543e-01,1.214430364148295222e-02,3.600287945303207054e-08
2.782341854335028397e-02,-5.152697979888904907e-08,1.413099456001118970e-01,2.002501794719236533e-02,-7.859485041105324590e-09
4.307998486652716424e-02,-6.442924672802773621e-08,1.351304596286117543e-01,2.154967759408270289e-02,-5.508520841925816891e-05
4.602711450484962830e-02,-6.707627649141173055e-06,1.203345629461812227e-01,1.972349382871515719e-02,-4.891560303943012777e-03
3.290242877584791115e-02,-5.972925546896351380e-08,1.042861004742617198e-01,2.089088265279468240e-02,-1.094490999482584183e-07
4.163334294520965040e-02,-5.576426521717749474e-09,8.525693817671124719e-02,3.312502040260818098e-02,7.298493443357563647e-06
4.399572650897966286e-02,-2.845891273622782305e-09,8.428046246641369976e-02,3.709020202306999997e-02,1.142532195065026337e-03
2.608804334553119914e-02,-1.595163055941162133e-08,6.861613136893988940e-02,3.740479031756960282e-02,3.025134136569600750e-03
1.952066458259526377e-02,-7.587754039474387201e-07,5.197814222618647728e-02,4.089959010905824810e-02,6.237557946583678972e-03
1.999782168667515667e-02,-1.089972824633898532e-06,4.893121850327246392e-02,5.124470815330488260e-02,1.382497268259929094e-02
1.288748663329256604e-02,-4.143605883373397401e-09,5.394213268220012653e-02,5.846686310904432998e-02,2.158544163620611245e-02
2.081110613442445257e-07,-5.145263485172279996e-09,4.844044217563408389e-02,7.027911184779733755e-02,2.626124595973888462e-02
8.050632345306887199e-06,-3.100728492085094103e-08,3.939265099385650531e-02,6.145564046878082554e-02,1.465822852586297007e-02
5.941634223296839975e-05,-1.953700815650732231e-09,2.718418109394458645e-02,7.452708200148291939e-02,1.772926444310097757e-02
4.773500004142219112e-08,1.471069902471952746e-02,3.119322414702316304e-02,8.082721378690910230e-02,2.470514371622192437e-02
-5.960150095394498201e-09,2.515642726891284542e-02,1.919789304201482277e-02,7.196343257646357905e-02,1.999745450113820863e-02
-3.018385150937005613e-05,3.370373114917308427e-02,1.640900064406764294e-02,7.047080069429348392e-02,8.785154553946027817e-03
-2.956005788335009579e-09,2.661518027248245197e-02,-1.084707948170504620e-08,8.274765204452533274e-02,7.959643599842156384e-04
-2.636837126191736975e-09,3.214240351092447628e-02,-2.266192977403253872e-09,7.183229128781398742e-02,1.005686933428297696e-08
-3.853924189138690712e-03,2.738669112217646806e-02,-1.061597895645987921e-07,7.448246324678206576e-02,2.003242886465940949e-08
-7.914469887611621721e-03,1.872818592141401242e-02,-7.221332076733820745e-06,6.763965373000548065e-02,2.993447896444577036e-05
-6.601828151371613718e-05,1.289453846177773463e-02,-2.132796355408189595e-03,6.652614694319095023e-02,1.117274752244482528e-05
1.546989519538148791e-06,6.319664270015366398e-09,-5.135979462843902679e-03,5.903437306123185402e-02,5.263013330165213107e-08
2.616621614162705625e-07,-7.289712160083335462e-08,-9.182313740672472246e-03,5.546629181054772706e-02,9.585557011258563284e-03
-2.213799067458523281e-09,-8.217362844492049894e-09,-1.391934876255281409e-02,4.682437417612531766e-02,1.002366895945852425e-02
1.876436971193195583e-05,-1.701143112978099829e-05,-2.995824600601801682e-02,4.505613053398462020e-02,1.517645679336437502e-04
4.405832384300538061e-07,-1.535927419157833009e-05,-3.957695959115338502e-02,4.728484514894234353e-02,1.089570838217645415e-02
-7.750007917423796383e-04,-1.507809570189827576e-07,-4.566323547293510421e-02,4.300051796376985064e-02,2.172985078032024786e-02
-1.969647187839788580e-03,-3.789726387887968168e-09,-4.344600656750582240e-02,4.785111116495414929e-02,1.839526640530476584e-02
6.270534717580540334e-09,-1.489086404516032675e-06,-4.677124619594919680e-02,6.446626981972737591e-02,1.368150258439466450e-02
2.937899923493815599e-03,-1.946709420169509338e-08,-4.681187894992284992e-02,6.225497969088649580e-02,1.471569887103575842e-02
1.210929833111268175e-08,3.955470791103179052e-04,-4.586657695747338448e-02,5.228720763797044258e-02,1.616333599128075629e-02
-5.623245938911137012e-03,1.545778242352914902e-04,-6.553951278872123531e-02,5.190480415610668197e-02,2.831249951078191815e-02
2.091715297289251420e-08,9.813073499288313846e-09,-7.220410755170193762e-02,5.209046303819842016e-02,2.663787375491009218e-02
5.003901354103613731e-09,1.197035760733256453e-08,-7.151166739419945184e-02,3.398022118835495459e-02,1.803274075134568902e-02
-2.072179876018984731e-03,3.715945403019281354e-07,-7.413354562169288675e-02,2.692411402698711986e-02,8.822934948189224344e-03
-1.193534518418855848e-02,3.523889057455380073e-04,-7.322351204082876153e-02,2.593139822309739953e-02,1.462609306301432613e-02
-7.986595792733945307e-03,5.696453458180639889e-04,-7.232602682566462160e-02,3.073794124045426193e-02,2.035008726161841378e-02
-2.377633115754107755e-08,6.541144791892771447e-04,-6.162497406890566493e-02,2.599283265173311583e-02,2.302613110605636337e-02
-1.911110890915577575e-03,2.046264069759260559e-08,-5.115742564477888249e-02,1.878105268913017253e-02,1.798008669693083872e-02
-8.677465178445047949e-09,7.347521914731883940e-06,-6.084916760731356317e-02,2.341070962899718597e-02,2.513120816772831598e-02
9.979478446025492982e-10,4.742012890274654256e-09,-6.566924646641372765e-02,2.812632053748134048e-02,2.830371906923693365e-02
1.577493247025625096e-05,7.278898373272547586e-08,-5.620295525134542947e-02,2.440487599636125687e-02,4.693112178492559426e-03
5.241579353086628486e-06,4.985754240876707743e-08,-5.186075179236827176e-02,2.115577101133768803e-02,6.669152639590649780e-03
1.677641046150567216e-07,-1.707812840944879516e-08,-4.554376357438127271e-02,2.377918740723583210e-02,3.958905417351674463e-03
1.184048007244013810e-03,-4.141313466987287363e-05,-4.728682939215558823e-02,3.601390517225649957e-02,9.136372083556637547e-03
3.296069970457545049e-03,-4.298745582495205365e-03,-3.990246293010938500e-02,3.046853452480014282e-02,2.356130616794275059e-02
3.483446121065694647e-03,-1.086814439877712042e-02,-3.610212894909976822e-02,2.138346331580371837e-02,1.242382073336833689e-02
2.391828572687965983e-03,-2.973261504735341242e-03,-3.450300174421660343e-02,2.218058595257740503e-02,8.114817845731993212e-06
1.740920330733311885e-02,-4.814035122759808757e-03,-3.440191020311170189e-02,3.299562656527139232e-02,5.830323279556473708e-06
2.257645704458883032e-02,-2.826330382373628582e-03,-2.878298825363305793e-02,3.603319152346463883e-02,7.453360491633677365e-03
1.740801764450915570e-02,-3.371770177056537462e-03,-2.952565864024685530e-02,3.552819121759143162e-02,5.295078090309295570e-03
1.437387066789006483e-02,-1.097592540337370974e-04,-3.575623204955250684e-02,3.050744222210262369e-02,-1.472781687246894846e-08
1.888117403929963703e-02,-2.823438489236622731e-03,-4.492206554222554632e-02,3.644060594758601057e-02,-3.632628693845348690e-09
1.853854509448573176e-02,-5.268637664699146912e-03,-4.912899824243262270e-02,3.543208464158387194e-02,-3.044666472072931018e-08
5.851856630662101351e-06,-6.869418535819070068e-03,-4.972442224981565850e-02,3.344651899993888317e-02,9.578153528338121181e-06
2.984999604413651502e-09,-5.128479678338149564e-03,-4.381660112184638384e-02,2.700626671948538546e-02,-1.286467591248910274e-08
7.608226258912839857e-08,-1.292288805914759524e-02,-5.420480304985531711e-02,2.832523014285171642e-02,-3.427522595988398077e-03
6.306219662872041790e-08,-1.470479826250882006e-02,-5.049405254715755992e-02,1.568852176589574307e-02,-5.343141407152232538e-04
-5.053111977930836925e-09,-1.334257187554150834e-02,-4.205343741504193739e-02,1.501130115019551348e-02,-1.025699501481246861e-02
1.251310621244681999e-09,-5.803902719200124474e-03,-5.122425340649416209e-02,1.423785106995966582e-02,-5.560331227096019027e-03
5.842096133160810651e-08,-9.962767542517224698e-03,-5.270290369222835336e-02,1.396025382447816689e-02,-8.971683276678007414e-09
5.811653841850094313e-05,-9.482690711484761947e-03,-4.379742489795786231e-02,1.228515920180231306e-02,-1.059131816656251830e-08
-3.269761819257465120e-09,-8.828994063237068091e-03,-3.713011562054427395e-02,1.355724066596823360e-02,6.724887854805433431e-06
-3.682644304417792731e-03,-7.016378693865961413e-03,-3.442399693865144661e-02,1.619426930301298001e-02,4.059789224581471975e-07
-2.250709179169267932e-09,-1.434172372254046042e-02,-4.513482882214860797e-02,2.016124561342578017e-02,-1.199080727738792342e-03
6.665485777258495277e-09,-5.316096560756963622e-03,-2.471860202232091172e-02,1.407746186399759861e-02,-5.864284294802987567e-03
-5.423608772848886189e-05,-4.903526703260057025e-03,-2.552504134357009430e-02,9.835563942116343564e-03,-2.485281976440365850e-08
-6.517602062774956184e-03,-2.208989240325493137e-04,-2.620098066124494640e-02,6.063704760392268737e-03,1.942960620080663362e-05
-1.032335395910971076e-05,-1.479867005911475708e-05,-2.071135586928287906e-02,2.186219824620942720e-02,7.293328147558937397e-06
1.593964752112180560e-05,-7.179680251537731532e-03,-5.236902560562704638e-03,2.384784661663744837e-02,-3.721947838276206018e-04
-1.380075476344753365e-05,-4.093137712788830727e-03,-2.981976489406606799e-05,8.355606333914829612e-03,-1.487990311408860997e-02
-7.496392143453350053e-03,-6.329534118593921138e-05,-2.670518795628785275e-03,1.734692612083873348e-02,-8.432448776896750431e-03
-1.139156601597599884e-02,-2.240651619461135681e-06,-1.042503987432275708e-02,1.891536767482237744e-02,-2.158653423745371946e-08
-2.580635386458458077e-03,9.381865422573096520e-09,-1.231175807688614579e-02,1.681995325105033537e-02,-4.313027045243775399e-03
-1.811162889249397223e-02,1.030575801389446184e-06,-1.617667997809629082e-02,1.836829580009450083e-02,-7.123891729020721646e-03
-2.078794420448791536e-02,1.214511856694801867e-08,-1.123476331369540650e-02,3.791655927579859822e-03,-1.057097850628202375e-08
-5.450669303763359952e-03,-9.360956125581603116e-06,-1.174775831369707056e-02,1.140443546160704522e-02,-1.099003275771787136e-02
-8.813403045641891506e-05,-1.233100878858081248e-05,-4.553955538835722724e-03,2.972331399765684463e-03,-3.097824166506257110e-02
-9.628348747828158888e-03,-8.181277346424223980e-04,-2.739464291789676372e-07,1.601454634760320463e-03,-1.259132851074021807e-02
-1.106211066806582315e-02,-6.377522553900373807e-05,-8.909472945345192927e-08,3.011834660404247906e-03,3.083834831008356223e-09
-1.738839452060220894e-05,-3.903111275311518281e-03,-5.292014796733642001e-03,7.513278486584709995e-03,-4.473737268759894747e-03
-2.479517933898807707e-06,-1.866517081421223542e-03,-4.522607432539225805e-06,2.611233533436408023e-03,-1.000417517210130253e-02
4.837803874404466332e-09,-1.698436080361419558e-03,-1.813275691283881297e-09,-4.117838957998088748e-09,-1.626822206922955497e-02
-2.847609486160649177e-07,-5.108055277337443176e-03,3.290008832633569113e-07,-2.073827169993230552e-06,-2.053349059300683607e-02
-1.794554370508048575e-04,-9.621219718142289424e-04,-4.659841442377261776e-09,-1.957255287096819248e-06,-2.578103702972752223e-02
-1.275791772296706482e-03,-6.029667981249159023e-03,1.568917971182324633e-03,-2.629140762776338916e-03,-1.572407535051062455e-02
-1.081344485378972833e-02,-9.612656921418404055e-03,8.745679171947557881e-03,-8.223900534684027222e-03,-1.189398869004658701e-02
-1.144872876809132321e-02,-7.464198076060740402e-05,1.271377114898217427e-02,-3.951458397827908343e-03,-2.548471207652448778e-02
-1.211041847399755775e-02,-4.965621227440831744e-05,1.583493664515463542e-02,-9.184352632465535887e-06,-1.629086966155843599e-02
-7.653107596242849503e-03,-1.707507171829240626e-06,3.495435749751359122e-02,-2.847936526297833570e-03,-2.189646948885930894e-02
-3.493216938311330053e-03,-4.725342455152792623e-03,3.418404417573089188e-02,-1.476286632204463177e-02,-3.129071641269252912e-02
-9.968175387605341178e-03,-1.387390010012841125e-05,3.471938400530583113e-02,-1.137669288764936101e-02,-3.439538897247793742e-02
-1.356808508164178417e-02,-5.158371592558463961e-06,3.273839452523071014e-02,-2.583935628010323169e-09,-3.147213559168977187e-02
-2.156536489634719098e-02,-1.098127590391497086e-08,3.274425894827805161e-02,-5.723653687736767560e-05,-1.182311301902645891e-02
-2.594559496636419244e-02,-2.458413771223144691e-05,3.664969483054963950e-02,-5.033417682269399930e-03,-1.953607893418309732e-02
-1.804276734908101532e-02,-3.092395360633040588e-07,3.534453254253451526e-02,-2.809089126820035571e-09,-2.472617725282003770e-02
-2.460300748443490352e-04,-3.697531680894010223e-05,2.343836199400406439e-02,1.750429275590626123e-06,-3.301400985137760424e-02
-1.058192613476804458e-06,-6.292863361570468113e-03,3.518688503893689645e-02,-2.298414848267177780e-03,-3.495116756783903794e-02
