3.931290164224159056e-02,8.575477150537701848e-03,4.264600596350443281e-09,9.919572255412254018e-06,-4.254223822779457010e-08
3.957514698547982823e-02,9.523921582249043546e-03,-6.919804401161152793e-03,1.842416190314766337e-06,-1.038426142647884334e-08
2.577966041731574037e-02,1.348000099249414135e-02,-2.474278131982389842e-02,6.886447554367501206e-09,1.004023366757351012e-09
3.260859854232357052e-02,1.776855166584720425e-02,-2.174666030478402540e-02,2.648200782934430436e-09,1.373615371751474405e-05
2.772858783893599605e-02,1.567507108781629119e-02,1.307156879751952130e-10,-2.994356875511163870e-07,5.928784071918710014e-03
2.223182829006517536e-02,5.797871269982676420e-03,-1.076387005232431852e-02,-8.998009959329755320e-06,6.678374985338836724e-04
2.150460087171171542e-02,1.209299242124763085e-02,-1.926153318973262973e-02,-1.298969384908123465e-03,3.617196665590657526e-05
3.527648314685376263e-02,5.801316610340136876e-03,-1.654177388572618604e-02,-6.894502633907301052e-03,8.762967582791367227e-03
2.329063441777293533e-02,7.374452056689582806e-03,-7.554219599421584455e-03,-2.468128909214007023e-03,3.030431181507065117e-03
2.583501827111215135e-02,-3.668393940535368415e-09,-6.570333755732613058e-09,-2.635193920406496328e-03,2.261485108869432024e-09
2.120379995426227224e-02,-2.674459581271088325e-08,-8.337127147598258402e-10,-9.215712382872215738e-03,3.565582032558213365e-09
1.731930369361541974e-02,1.006759709749183800e-08,-2.918656176926515133e-02,-1.250518613051931210e-02,7.849819790529155225e-03
1.754895594521229882e-02,4.759624792525063430e-03,-2.270139837727243315e-02,-1.556436520142509550e-02,1.805951478640954039e-02
2.191957068476764470e-02,1.175895090050686618e-09,-2.458265617669135039e-02,-3.528992205036529748e-03,2.247741072163055194e-03
2.107830738845605650e-02,-3.719364308171831000e-09,-3.526183425981496006e-02,-9.676407050747286298e-03,8.709958277878095817e-03
1.882602176365067229e-02,1.290281452870365754e-02,-3.221769797091854348e-02,-1.377882266972498687e-02,4.492046778559035357e-03
2.849957466948803420e-02,1.664660392439520561e-02,-1.669537751405141338e-02,-8.069948185539556340e-03,1.125162596905734910e-08
2.049163400875791269e-02,2.019501294784167150e-02,-2.429018083303785894e-02,-1.330799591587589030e-02,-2.939658054588545764e-08
2.677735534565920533e-02,2.419124340295026113e-02,-3.154246017101563354e-02,-1.309994318479144708e-02,-8.861717631762964114e-09
3.765172999882546861e-02,1.747824201133044847e-02,-4.086453279316096254e-02,-8.736702491334492893e-03,-1.880021366514320577e-07
2.957671401153950594e-02,1.886119242714246955e-02,-4.111648917049657431e-02,-1.624538005385578812e-02,-3.626428615303222069e-09
2.586950676055287113e-02,3.304439010648828320e-07,-5.062859440526756849e-02,-1.490864246430553298e-02,-9.848105428210424786e-08
2.311243648011426788e-02,4.922221959959254356e-09,-5.949938883478588653e-02,-9.924060042551660285e-03,-4.892880655120086571e-08
3.206323582917274678e-02,6.841511024511602167e-09,-6.525737704953585294e-02,-2.194285437575032097e-02,5.500605252195778055e-10
3.564322615805126659e-02,4.188525391150414412e-09,-5.914236896527468729e-02,-2.212961618051113508e-02,-6.505112598432398615e-08
1.693202934260928938e-02,7.880379104834164431e-10,-5.871374062205374222e-02,-2.179886564136565910e-02,-8.630579855237565926e-09
3.225082814131442072e-02,-1.546259878314493643e-08,-6.224770502322776039e-02,-1.516292084310458602e-02,-8.279605377062897935e-05
3.752527654948529384e-02,-7.268107572890108025e-09,-6.432952353783935595e-02,-1.473836879939047044e-02,-4.647325134479458035e-05
2.909848068918016381e-02,-1.767946731970770749e-06,-5.962311530985144048e-02,-1.575449699853391158e-02,6.182811099103597255e-07
2.230380020896294627e-02,-1.479695960512312159e-06,-6.189000702443452073e-02,-1.524420148588566046e-02,1.784947023011428820e-05
3.210729152193696895e-02,-1.981370625711949333e-05,-6.376197134718945836e-02,-2.307210758375879966e-02,1.191532745586593796e-04
3.594357486403118584e-02,-3.233673733858183699e-03,-6.423713642915393485e-02,-3.368070443773069078e-02,1.323072208752171155e-04
2.523118526306797338e-02,-3.931959117497556078e-09,-6.208398586000848929e-02,-2.791070320783858860e-02,1.290483602841707884e-02
1.557807985321581559e-02,-2.668887296432169395e-06,-6.836321657029860444e-02,-1.098680956776676085e-02,5.811897261266158778e-03
1.309369272331586953e-02,-1.478758884883636725e-08,-6.791836548642622706e-02,-8.744162375229826145e-03,8.116180888685535765e-07
1.525291852410680209e-02,-1.369835585512125897e-09,-7.843506571588464149e-02,-1.875777000866928057e-02,4.152919516455393784e-03
2.380281043979748379e-02,-6.256657995171843923e-09,-7.326568121045612392e-02,-1.123912808971934754e-02,1.749268618366136728e-03
2.418822792909394032e-02,-8.999566668076382879e-06,-7.862615008225962154e-02,-9.135726115538939790e-03,-1.255335753711503966e-08
1.885933203367642919e-02,-1.483105485212703816e-09,-8.412117794681950311e-02,-1.188076534422569802e-02,9.947999798249890876e-10
3.165209447518376601e-02,-6.694346769562567248e-06,-9.156665096294712425e-02,-5.179223945380839744e-03,-3.018029200486228265e-09
2.100357821722054208e-02,-3.650291361029297258e-05,-9.201121554686145232e-02,-1.760631355116334745e-04,9.821992134186917453e-09
3.693933790083895382e-04,-5.069999615594817933e-05,-9.868024567538474789e-02,-5.893145508899874115e-06,-5.007889792902538571e-09
5.461841973281024616e-03,-1.659239064887858134e-02,-9.691842735411582144e-02,4.561722580128076672e-09,-2.036356585443414510e-02
3.492457447229944251e-02,-2.984946627806473254e-02,-1.060468831915238191e-01,3.067693023144528911e-08,-5.322898807158232826e-02
5.875769110813233026e-02,-1.835169183609448515e-02,-1.094809302930013634e-01,1.158356918650661413e-02,-9.662646282539252840e-02
4.889080699920292372e-02,-4.777054368664736088e-03,-9.438214824451764129e-02,2.894192524215852963e-02,-1.290531572833468199e-01
4.559381171966572777e-02,-8.532763520272122759e-03,-7.264834669070979745e-02,2.420535304072487029e-02,-1.563850567974144623e-01
3.297072500635760128e-02,3.993831873718248060e-08,-2.903911701547273391e-02,2.092162147744955895e-05,-1.810751172753304328e-01
1.468911461007142011e-02,1.086803416024430489e-07,-9.014894152685231694e-06,-1.732399027809799087e-03,-1.962841013309477023e-01
-8.194219190275494019e-05,-1.010832424042161677e-02,1.639814920782514869e-10,-1.257724275864565387e-02,-2.242982982872021858e-01
-6.572753994627863333e-04,1.407494378093606827e-08,1.653119461809457805e-02,-1.312754151713571051e-02,-2.161031039767870032e-01
-9.904189443980256080e-03,1.705029903325284632e-02,3.560592131047472646e-10,-1.755827050115796881e-06,-2.086408351560841701e-01
-1.754360018754829928e-02,2.490791053931261725e-02,3.009187570829480185e-02,8.167869476314655597e-03,-2.087813004683709284e-01
-3.415910850238131069e-02,3.776591646932909996e-02,2.866765125022512767e-02,1.517165358017612785e-02,-1.926587136572359971e-01
-7.417605718244238422e-02,7.131075416103432874e-02,-3.844034056754010876e-07,2.162416777873137075e-02,-1.438428599899735094e-01
-1.037794130396339914e-01,9.183622910129833616e-02,-8.209240100081094697e-04,3.473808812541604590e-02,-1.073480642764975401e-01
-1.451234341494224145e-01,9.521613892682215252e-02,-1.327701893189901956e-02,3.705775952422511732e-02,-6.233154064946166972e-02
-1.886339780492514717e-01,8.288452275394593560e-02,-2.434372738639474509e-02,3.258553495602258682e-02,-2.821168293443626282e-02
-2.049777430286410518e-01,6.057275039984974518e-02,-3.679337670575131419e-02,-9.858250317676297178e-09,3.705580816299032477e-04
-1.963175192150997672e-01,2.825285493757052901e-02,-4.303415938563850268e-02,-7.834186519515896647e-05,3.115765082968569716e-02
-1.943132090619442143e-01,2.521897574914774487e-05,-2.063655910517099915e-02,-2.020588929661793626e-02,4.425461570280966178e-02
-1.901120160532438208e-01,-2.209951194218212622e-02,-3.087892486555891131e-02,-3.616806840758357566e-02,5.796312669113205113e-02
-1.794648392109807200e-01,-6.827850107319789752e-02,-1.952444162651725823e-02,-3.186224702904653927e-02,5.201201593166762671e-02
-1.612772198934376289e-01,-9.815969017985379241e-02,-1.355311723622081022e-02,-3.257263180488272764e-02,4.858164218246284471e-02
-1.452807932164012772e-01,-1.216887355175227253e-01,-4.545958996623401110e-03,-1.908507521392246303e-02,3.691725974928175558e-02
-1.103138460081029559e-01,-1.585012920380751977e-01,2.954247726463575643e-09,-1.923348504417840207e-02,1.557329351359748766e-02
-8.366536706775057342e-02,-1.834514880641303358e-01,5.636138942262841275e-03,-1.456748466866307490e-02,2.795415214116260191e-03
-6.267062572058511305e-02,-1.900716430389958189e-01,8.476105734629278687e-03,-7.120765802250628905e-09,1.124756535571069315e-05
-3.440162794913535771e-02,-1.941736921912740332e-01,3.034590263814247388e-02,5.081498265955500943e-07,-5.743349983705062960e-04
-1.418602271349228734e-02,-1.882515172368431355e-01,3.356799497324494674e-02,1.237888925324943760e-02,-1.471641530242603912e-02
-7.437480186805286303e-03,-1.636132376244006092e-01,2.942258709018487003e-02,3.221567428842235514e-02,-8.485358112465120686e-03
-5.692080559997199189e-04,-1.345204487209504252e-01,1.946338595969668295e-02,5.427874196272673007e-02,-3.478079638264480137e-03
-3.364256172223203511e-04,-1.100279422563554960e-01,1.731275070380423539e-02,7.960784302611285945e-02,-1.753307321410175611e-04
-3.429819100153026674e-07,-9.258549647204104838e-02,1.954116522725283039e-05,8.718512320976687380e-02,2.173838314142985436e-08
-3.816928692207383709e-09,-7.464917270200735477e-02,1.228942899076228301e-05,1.008573876844737066e-01,-1.505150486562472531e-09
5.724340197344335822e-03,-5.320464682976656923e-02,4.040144684355518072e-05,1.195855519588330390e-01,-3.487023348937928272e-09
4.335806835199364169e-05,-2.883675841441056195e-02,5.494709414064704732e-08,1.395301129003661822e-01,2.218961757680471680e-08
-6.734531881940970629e-09,-4.741270051650700763e-03,1.137513239459679681e-08,1.507432085626744245e-01,1.947092387209019822e-08
-1.665413797426227834e-03,-2.738960478423956451e-06,3.623976704839194677e-09,1.619532181617711064e-01,4.320615296918583543e-09
-3.843509249262268539e-04,6.347513543299002081e-03,2.603450137208073303e-08,1.764529282921085407e-01,8.999954493703588770e-09
-2.191613062715153451e-02,2.928876937887399737e-02,-1.778054310136750539e-06,1.768867445400668370e-01,1.075486286189782019e-05
-2.413828831144143594e-02,2.476073585116574799e-02,-4.154248869790562213e-06,1.756190464694595554e-01,1.991329041917831201e-03
-1.668362476356077123e-02,2.635137790712703543e-02,-2.280114582829626915e-10,1.690699475361441273e-01,8.215676831636476579e-03
-1.844251397221366570e-03,3.444402499795452821e-02,-4.865301526700110484e-06,1.558001537294705363e-01,3.901487268257620902e-03
-2.036697115435472723e-04,3.804726303339146798e-02,3.358309222039023312e-03,1.459635038661538098e-01,2.287839647563087199e-03
-4.751767183726145296e-06,2.505241925066289260e-02,1.094342380788923862e-08,1.365795419642773512e-01,3.049914938603148605e-05
-1.223766491224929147e-05,2.687101310023960049e-02,8.621557720019695087e-03,1.100634713088163019e-01,2.675272463913610148e-08
-1.549346750099869184e-08,3.017779299961665176e-02,2.187236619314389396e-02,8.822873647677532960e-02,1.947842331879512679e-08
-1.731593435027440386e-09,2.249885900675025266e-02,3.906874533073797368e-02,8.381567293260555607e-02,-9.069945851985382791e-10
8.217883991782768554e-09,5.619200305521748068e-03,4.255054907499708494e-02,7.364941966228319425e-02,-2.378741923694794887e-08
5.184585378179112715e-09,1.648430493253217818e-02,3.679248389735802205e-02,6.338465552378277912e-02,-7.124029374425285647e-08
2.252011577261001473e-09,2.606334925731211213e-02,3.846151288943718688e-02,5.659510341634615971e-02,-1.406808210244122953e-03
1.636442249656906245e-09,2.072652318508437508e-02,5.652131958997656108e-02,5.551001682882870936e-02,-3.955492617473621401e-03
7.375206829940061618e-11,6.024169368020444205e-03,6.289963210621626888e-02,5.581065930212981974e-02,-1.164519896149258937e-02
-2.085862005804038384e-09,2.459734583625211236e-06,7.389946759980710322e-02,4.531087859382174760e-02,-1.350197935537454826e-02
-3.750630858317604391e-09,1.019319102467958780e-06,7.000344396453092588e-02,4.038701702254420683e-02,-6.025469629062696342e-03
-3.718838985103158810e-09,1.002451763282390861e-08,8.141095115363869428e-02,3.778378477230537325e-02,-1.687962328322183125e-03
-7.896786482820685163e-08,-6.218362268638377166e-09,8.060340382821958027e-02,4.336190580202476524e-02,-1.050141483510184590e-02
-3.310102809906652419e-06,-9.825451306565894868e-03,7.733804763913317004e-02,2.814196990656721645e-02,-9.128119186521274631e-03
-3.875901633061658333e-09,1.984449465648836029e-09,7.481833329287752854e-02,2.823521580887376758e-02,-2.498953944932714912e-03
-4.212873762512615239e-10,-6.809305129554703642e-03,7.253273216924831235e-02,2.144809124061161296e-02,5.282101630795683448e-09
-2.968062595575551304e-09,6.589567944496980995e-10,6.453416352557407587e-02,1.229818089595038737e-02,-2.258790313088886369e-08
-1.983429377843192245e-08,-4.869702064101775164e-10,6.125736821752619105e-02,7.098445110705053733e-03,2.918442128714926158e-08
-1.262496127815654541e-08,4.519528792381817555e-09,4.976822383503945457e-02,3.976764651708603569e-03,4.745020640964117259e-06
-7.762202430700396784e-09,2.961903413137504303e-09,5.650508404814984925e-02,2.369404975363550851e-06,3.932973813146530169e-08
-1.426231010301436710e-09,-2.947589169676294010e-08,5.713263927924861624e-02,-2.876350647697512378e-07,4.415989094887945202e-08
-4.980827190094237945e-09,1.493417665584943085e-09,5.088903119289005239e-02,-1.913940636723209464e-05,1.851068182245669347e-06
1.673467173073843808e-02,9.253001866708451116e-09,4.562352605801376498e-02,-4.662598791971688320e-03,1.743625184050373415e-03
2.107636696587658967e-02,1.549005835800378933e-08,5.652390567409773525e-02,-7.269889171724027224e-03,5.896108717049200265e-05
-1.325235491332749924e-09,1.696505333458763963e-08,5.935024455846061447e-02,-1.465499658005946400e-02,1.106785088308665843e-06
-4.093882291033586988e-10,1.817143406879083494e-08,6.131744637304998441e-02,-2.543463154302321588e-02,1.987610496148401014e-07
4.789689763675255689e-09,2.086697701679304902e-07,5.734767263753674793e-02,-2.973789308632859146e-02,2.085739521096656502e-08
-2.024653350509405393e-09,2.217749547020919060e-05,7.252752304457828203e-02,-2.558964976178182069e-02,1.364760298900388779e-08
3.090539831100862223e-02,3.199383606110949223e-08,7.841469851652843603e-02,-3.125654873764845132e-02,-5.331462536935095090e-09
2.296277328309810975e-02,8.345835643730769163e-08,6.710871593514110278e-02,-2.557596866221845816e-02,1.185187213066604843e-08
1.537617359155178144e-02,1.529874410601794181e-07,6.399071019991872666e-02,-2.398049604765233392e-02,7.254239157786004639e-06
2.575927938978648562e-08,7.630374163249258411e-08,7.407466043511128084e-02,-3.259700869502880211e-02,1.577227577804044982e-05
2.683829295558399358e-02,2.618373435940506202e-08,7.507789034928268046e-02,-3.388511312075285359e-02,1.672424504263599243e-08
1.780135359295972192e-02,1.568038974268441445e-08,6.452005990094154819e-02,-2.772682407613085570e-02,1.313566644434362021e-05
2.588851901599912783e-02,2.042805587761594235e-08,5.282474495746350418e-02,-3.039244202563259542e-02,1.842817610614143666e-06
3.077611353519769596e-02,3.206372711639435493e-08,4.857196586343848904e-02,-3.745185961726914953e-02,8.719890310924157946e-05
2.516181047043703281e-02,1.555387814071670903e-08,3.846105204013283013e-02,-3.589423489189613736e-02,3.145196986489866606e-05
9.670901564182264251e-03,7.247698383619218181e-08,3.393091173316636899e-02,-2.964635241412363550e-02,7.024872500756759557e-03
6.892373678415968617e-03,9.534341399991555499e-03,1.670394744469155812e-02,-2.861788509939256972e-02,1.483327297099312596e-02
3.291651356306921072e-03,1.037684768424948674e-02,2.156613361718336466e-02,-2.040572790368996858e-02,1.402736401474550566e-02
4.320818544366577564e-03,5.165160139130156906e-05,2.610485239559501985e-02,-2.967654334465165064e-02,6.620596370857950545e-03
4.710611276604421624e-06,2.459033704815102341e-03,1.213060818265531034e-02,-3.308057803818412190e-02,1.140021823818103582e-02
1.558557080825726201e-06,6.764699653278660220e-03,1.351929089134831785e-02,-3.356841518089961202e-02,1.302148219598014967e-02
-9.077776075923421057e-09,8.008478309434295325e-03,2.642816422000790824e-02,-3.874356832445010473e-02,1.646320878720836448e-02
-5.609048579251535615e-09,1.009582345239808880e-04,3.072171985084749812e-02,-3.883210589682112301e-02,1.331611235898902054e-02
-1.593420628864783716e-09,2.808773731266506202e-03,4.126573434282871516e-02,-3.914612068379511034e-02,6.505844253795929795e-03
7.341941472434226554e-03,6.081721927308176429e-03,3.862201601438178256e-02,-3.704912606862374724e-02,1.780683676424018799e-02
4.867682771981297375e-03,2.031284321319365774e-02,4.850733694627198250e-02,-2.113753019450855669e-02,1.866563518999994967e-02
-2.771422041540629184e-09,8.550078986754319765e-03,4.818328066584472852e-02,-2.580505734162515802e-02,8.744833811451628580e-03
7.228224833471584691e-09,-6.832827167759906265e-09,4.391544772334128599e-02,-3.436691176001129000e-02,1.756152938912643787e-03
-1.164493317861512587e-09,6.423202944142408191e-10,4.195806617068609939e-02,-3.964459134182146682e-02,4.457986041034331604e-05
-1.233472896993269020e-05,7.147282941323387755e-03,3.573047923015668093e-02,-4.240083196366420393e-02,6.270903368013328559e-03
-2.083349568558713190e-05,-9.892195106151070040e-09,3.095406106527942569e-02,-3.956784081603227643e-02,8.212968383872627223e-05
-2.088525401813832788e-04,-3.952640472418117698e-09,2.249768541749012224e-02,-2.517994552123557425e-02,4.143944815627005271e-03
2.117153253885923536e-08,-2.755730480846480001e-09,5.743884649517623162e-03,-4.479738124535145166e-02,1.367681295391747973e-02
-1.681423674288588335e-05,1.601188591486013897e-09,7.117833501776790750e-03,-3.868362227322604679e-02,1.576129921636973408e-02
-1.645702114448504692e-08,-1.032925479659077465e-08,5.691077929393476356e-03,-3.814749118169709352e-02,1.889435174748525445e-02
-6.748497953493513314e-03,-1.113391374739917214e-06,1.267936352008853094e-05,-4.146906236348769925e-02,1.079427715809111801e-02
-5.046196373931410330e-03,-7.192499946642722909e-08,6.575311392866000763e-06,-4.138443620733227996e-02,1.177826779213015686e-02
-6.761151730464848297e-03,-3.287684851677218892e-08,1.097816792775047588e-02,-4.033673792522483870e-02,1.093712295063228174e-02
-2.262269104898412611e-02,-1.312292183388332827e-07,7.658577986307908356e-03,-4.177930422974671099e-02,7.905029319584965311e-03
-1.777059599866909201e-02,-5.377455224160062087e-06,1.100224954298237778e-03,-4.227191888994843300e-02,9.513568035397743788e-03
-1.106564314468579287e-02,-9.908132759976202757e-08,1.762910974972541631e-03,-4.298466153823127245e-02,4.703778974445758931e-03
-8.575837406402244539e-03,-1.177994583461427960e-03,1.839411865382501593e-02,-4.261608186082770089e-02,1.837360023007495885e-07
-9.805106409637952963e-03,-7.404599303154586276e-04,1.404953307614156301e-02,-3.279523494008890899e-02,9.921417492391105392e-09
-1.285178852257707303e-02,-1.860036799067914929e-05,2.180731648581907961e-02,-2.431159209176002658e-02,-1.175953215093165320e-08
-3.132152521734499814e-03,-7.248153559573751216e-07,2.330962463655531988e-02,-7.143354076509158580e-03,-8.376425011927542239e-05
-8.002719540494392450e-03,-8.955978249459696981e-08,2.539109104510312367e-02,-2.606916447880552662e-04,-1.421525846631672561e-07
-5.847626375485836733e-03,-1.717097854178062724e-06,1.667797598354781377e-02,-1.376746149811303209e-03,-1.420367002565152425e-05
-2.670227903687289774e-03,-8.495091952107925457e-04,1.017109041024114209e-02,-2.222009583081771501e-06,-7.150257396610406333e-04
-1.293505461199016479e-02,-1.806144901998308177e-08,3.590337722404682268e-06,-4.077047828712069763e-03,-9.500289666564737100e-06
-2.441116155370970722e-02,-1.994322101095275766e-08,1.693575864933967445e-03,-7.386888744831903060e-03,-1.269408780315989139e-07
-2.037408019416196009e-02,-9.736765981017366129e-07,1.523676090107785449e-03,-1.979482720432226955e-05,-1.733966788114805276e-04
-3.214190211260832541e-02,-2.314693708226318985e-07,4.561194537240890361e-05,-2.729337861337659699e-03,-4.880900076060802270e-03
-2.412037185507220211e-02,-3.541167485687246720e-06,4.769601725324755950e-09,-7.996922830728426953e-08,-2.428012508997548306e-07
-2.438352640939918381e-02,-1.365020030220885791e-07,-2.647274499815914159e-03,-2.853136884079920566e-08,1.008270992404295761e-08
-3.436280590565193166e-02,-1.463200909754808465e-07,-3.387451217688693984e-03,-3.450606651126651868e-08,-3.534219890204956278e-09
-2.233246945666648997e-02,-1.206412900415372717e-05,-2.773688525866080997e-03,-6.955196428223896308e-08,-2.752869051555976709e-08
-1.798424653970246215e-02,-8.066856332211382996e-07,-4.781726955632082179e-03,-2.283336760075528349e-08,2.336779996690351800e-09
-2.990159645410289321e-02,-2.222265235294611168e-07,-1.009494700432817132e-09,-9.600581572586443099e-08,3.428000287823258855e-05
-3.305036587575364143e-02,-6.246769010275399297e-06,-1.890648022298199943e-03,-1.341633884671129547e-07,5.459378187015585067e-04
-2.805736314780411800e-02,-1.274072534907491356e-03,-5.540011259389621828e-03,-9.582871378884188487e-08,4.271096168068291329e-06
-2.205029036575091236e-02,-2.500154587518270999e-06,-6.159398785816725883e-03,-2.177040460485105595e-08,-8.639775371902427699e-09
-2.419750220191215981e-02,-1.703876263469957468e-05,-2.514892827317743301e-03,-4.565200391486330437e-09,-6.308073798495220828e-09
-2.854684557258503272e-02,-1.343018675169206427e-03,-1.178454463794447599e-02,-3.558136649045938201e-09,1.221263173772413428e-08
-3.450438462249059979e-02,-6.639398493345162380e-05,-1.412586269423733373e-02,5.153462782647797369e-09,6.601676538190601749e-09
-1.814943366487968904e-02,-2.361654317283463776e-05,-6.061624066024540701e-03,1.082236523450415960e-02,1.064827228324022021e-08
-1.219448683189535906e-02,-4.142956550112046783e-03,6.078316309899693244e-10,1.933483693923239780e-02,-3.041243967633355451e-09
-1.497390135654522690e-02,-1.627630684205834746e-02,-1.137305460368655824e-08,2.259083329063277593e-02,-3.206422158884445262e-07
-2.099922628499687957e-02,-5.572801643239742045e-06,-2.784019818596508711e-02,2.203374280085295539e-02,-1.336046636103289939e-08
-1.641061240801389154e-02,-2.439905578419367536e-05,-3.110961488584879781e-02,1.631881681264215483e-02,-4.249409852147030478e-09
-1.438647464443568863e-02,-5.471331138835774217e-05,-3.077800514863303361e-02,1.855615625932368479e-02,1.738027643832702220e-05
-1.237041225258619231e-02,-7.084725715729250223e-03,-3.189208371218160004e-02,2.151493001217549481e-02,-1.061538890323995329e-08
-6.107193486267184031e-10,-1.692604596958270993e-02,-2.703261463417988217e-02,2.072446246996084013e-02,-2.842594236362276476e-03
3.262124369377909441e-09,-8.979758834996196329e-03,-3.409299556007786003e-02,2.156977787111402992e-02,-3.853578959699915504e-08
1.428860971864919643e-02,-7.117544922837193965e-07,3.257003124347281277e-09,-1.214783996859750015e-08,1.809733820015574989e-05
1.527166186052248201e-02,-8.773019893899888677e-10,1.606467344546968685e-09,-1.283861122983440996e-03,8.719355263158611253e-04
3.088994756839105044e-02,2.005176907068330032e-09,2.959561661668076542e-03,-7.040799111629567667e-06,-7.588810558748823967e-09
3.165220871653503382e-02,-5.133323667893607085e-05,3.725649376609708465e-05,-6.599237741314409758e-09,-7.101179749621489012e-03
2.257212217152705994e-02,-4.609316490691722213e-06,-5.259156516296614042e-03,-5.731281469971304501e-09,-1.919895040400236130e-03
1.302558430882039264e-02,-1.331662560732287197e-08,-7.438578575928671451e-03,-2.374030727504615776e-08,-1.233579788900426649e-04
2.297512057949522082e-02,-1.369426356965102429e-08,-8.520481158211465626e-06,-1.856468019722830482e-08,-1.167411736399337485e-03
1.925964880628833892e-02,-8.662018986265853272e-09,-1.070181083086268331e-02,-1.441055588515947804e-08,-1.290513655519521216e-08
1.502738842445285571e-02,-1.244211672321970643e-06,-2.870516706975206889e-02,-1.613856080632330598e-05,5.565121804161127887e-06
6.523446549094439641e-03,-4.230201004850832826e-09,-3.733681837373817314e-02,-5.791794698354838650e-03,8.988118040230929501e-03
1.262693772210869009e-02,7.392456277514340875e-03,-3.312925867033959804e-02,-2.100377895569419898e-03,1.134973170951533543e-02
1.726372720187381235e-02,-7.007880497763190872e-09,-3.434925340938736749e-02,4.533083571895723439e-06,8.439192293161895675e-03
1.805436520041934015e-02,-3.826412023608918859e-06,-4.556340129209651008e-02,-4.004218754839303611e-10,5.509463330544549800e-05
1.410401540431987198e-02,-7.164835556639193620e-09,-3.813982402078597983e-02,-6.849357424815318701e-03,2.247696999860238518e-06
1.230939244367509205e-02,8.741843329860313000e-09,-3.912736723003563261e-02,-1.547631214646782299e-02,2.373272137439093581e-05
2.307783961301522122e-02,6.076050014326712066e-03,-4.296816592628927706e-02,-5.618184097942512632e-03,2.229533399955653298e-09
3.742643670505343273e-02,4.717949200435929127e-09,-4.246818271151116958e-02,2.150220597711360003e-04,-6.085212402692080252e-10
3.173921207675247519e-02,1.159195096907945081e-09,-4.170244990070993973e-02,1.304511510906002221e-08,1.229453813555048755e-08
2.819397087549807557e-02,6.826030093773962120e-08,-2.292253217659614636e-02,-2.968368430007854900e-09,9.540590110550622310e-03
1.646908927367802741e-02,-3.197119960462325768e-09,-3.264872306765752991e-02,-8.548236614213228566e-09,1.378771393934984449e-02
1.595536182919701784e-02,-3.193398533749364066e-10,-4.503184936746603556e-02,-1.234264436659567172e-08,1.914841143639316179e-02
1.719958305097170695e-02,-5.163098422412401201e-09,-4.058725162023866379e-02,-9.848016716588163175e-03,1.515444758575942331e-02
2.734175923887862195e-02,-2.393559753349532227e-06,-3.083196324506018091e-02,-2.276274104895480502e-02,5.506056977023119151e-03
2.541141801130057318e-02,-5.399590552005040034e-09,-4.366704866445132727e-02,-3.657782031035396089e-03,7.704890069205977583e-03
2.719095187303888564e-02,-1.386406272654610803e-05,-5.520195295696435356e-02,-1.047836034578123575e-07,2.314829767991647238e-04
1.715758088000405093e-02,-3.691904131956398051e-06,-5.533786363445752227e-02,-5.091164087531186745e-03,6.893660819950173969e-05
2.120729173839825191e-02,1.942991111108746183e-08,-4.510776459458640947e-02,-3.186978564565232704e-03,1.270614214063432723e-02
1.570618150421432269e-02,-3.851316732261394754e-09,-5.174062106880356060e-02,-4.113680751166373661e-04,1.613102876006864903e-02
1.945355239145034679e-02,-4.703060931479838418e-09,-6.391587643690294085e-02,-3.495889580024308003e-07,1.779050947954163159e-02
3.002751236640293156e-02,-6.084563427406000998e-09,-6.716022281722827669e-02,-3.851321191117626063e-04,2.040199364244906985e-02
3.208121857594801313e-02,5.321487807645966357e-09,-5.442556965617920822e-02,-3.844914940097101622e-05,1.408349315146765340e-02
2.042787258524969216e-02,-1.118720250310986323e-09,-7.754457898093063128e-02,-6.912172234143001031e-09,1.955097393494107522e-02
1.655498513785294210e-02,-1.388269320010949302e-08,-9.456001938366245807e-02,-1.153557221173439358e-07,1.413009776057016186e-02
1.843576693523821253e-02,-1.840703538761955669e-08,-9.053982953216534180e-02,-1.027218908655126947e-05,5.841117169723757455e-03
3.454770208969285689e-02,-1.172868871616471592e-08,-7.986710856781445433e-02,7.541759783805807202e-09,4.466418688036504284e-03
1.875208356306481972e-02,-5.948244507828450751e-05,-9.412278019999457956e-02,2.536247939385121216e-09,8.334150130464240344e-03
9.541139631694025777e-03,-4.245615699511000622e-07,-1.113964128307871199e-01,1.737016196295919284e-05,1.613505629355178536e-02
9.524721651714357438e-05,-5.667910557305201215e-09,-1.121706874502219897e-01,1.296751829540802415e-05,2.194424588145324484e-02
1.110386547292709081e-03,-1.724670363391876634e-08,-9.765357792925098701e-02,-2.526313997749158984e-03,1.226832649764357519e-02
1.080490338276206042e-04,-2.390033633721266731e-08,-9.791821677910322874e-02,1.415453245689995152e-03,1.511070887032005088e-02
3.230323560275652104e-05,-6.593072479567019143e-07,-1.173494434275440812e-01,1.649974449191268615e-03,2.150934249417871258e-02
3.331806078978271188e-08,-3.106930373926205770e-06,-9.381883883927354117e-02,-6.859106544528117656e-08,1.060182642295246815e-02
8.510008753703697963e-09,-7.652401789502312796e-06,-9.139920746552442077e-02,2.320059112712754861e-09,9.140973223169207516e-08
3.417656432025288410e-04,-3.046838040557371327e-02,-1.038017499468167626e-01,1.692871360348755586e-08,-4.440659078348955374e-02
2.092323319098611523e-02,-3.457764350421015098e-02,-9.489453753261326008e-02,1.973183671659739166e-02,-8.803041375025326409e-02
2.321994561439727836e-02,-3.176455044277091966e-02,-6.765641678758776978e-02,2.684169375962523751e-02,-1.408486660651179223e-01
1.809217818179141221e-02,-8.603016570790428599e-03,-4.506403525189354997e-02,1.481677997134366043e-02,-1.508950665255782975e-01
1.688793906906796427e-02,-1.792808358687090695e-02,-1.603737083747498390e-02,-6.578398978874636199e-08,-1.747858643255682243e-01
-2.172441971313745539e-05,-7.138039991823769484e-03,-8.666631766983626741e-06,-1.579639563575197664e-02,-2.046566802539435126e-01
-7.129046703086550779e-03,1.005232014952496896e-07,-6.152119229689299931e-09,-2.120295764277966774e-02,-1.998021082669450277e-01
-2.725956468332388014e-02,1.208503514794430356e-02,2.396874957379088554e-09,-4.817135777336399409e-03,-1.940464741580839592e-01
-2.796676935732387778e-02,-4.571121264988483722e-08,2.316341119798933854e-02,9.263187861892245925e-03,-1.997452508480282163e-01
-3.856948446504809835e-02,-2.540921450473044406e-08,2.247940336539428277e-02,1.621346907345214833e-02,-1.949593785579673000e-01
-4.973961557850680587e-02,3.583889783498882958e-02,3.346480174262480428e-02,-1.670112974336469392e-08,-1.658839349299160160e-01
-7.679764560248510119e-02,6.232191511498903075e-02,1.950000633000221334e-02,-1.535401667934252747e-08,-1.198274056154529227e-01
-1.088421359385317311e-01,5.693334423032622715e-02,-1.692614168794320752e-04,5.743920505755738914e-08,-9.086919651498753803e-02
-1.412310583491511728e-01,7.083301405461911449e-02,-3.085935201239031755e-02,-3.248952350746254595e-09,-5.151791510442370325e-02
-1.590746446491778099e-01,6.189544907106862143e-02,-3.567709928300897421e-02,-2.100621565114532227e-09,-3.209011740363684750e-02
-1.581238837116710205e-01,4.386296599466793511e-02,-3.170847099611188991e-02,-5.677818369938636558e-09,2.637579284192283779e-08
-1.479558615050559356e-01,8.707905240409525779e-03,-4.091562467150413468e-02,-4.316108373102662532e-08,4.735176163449100457e-05
-1.469117082059956947e-01,-1.883838104682009074e-02,-3.876145697740907697e-02,-1.691558882311668078e-03,3.420535310325601742e-03
-1.388907691147249213e-01,-4.045085543328906519e-02,-2.794397782387412349e-02,-2.651307558950762727e-02,6.161638731479893681e-03
-1.220208890988415812e-01,-6.864418770890347299e-02,-1.840466333420434988e-02,-3.480149613891774657e-02,1.496684792741974140e-03
-1.074922789349081198e-01,-1.049983058642337402e-01,-1.662326822306696775e-02,-2.087535678955010354e-02,5.072237635839937833e-04
-7.998600907785571867e-02,-1.326084292359538397e-01,-1.983503369869453470e-02,3.289358341461190099e-09,1.398348361928962111e-07
-6.062751222739926754e-02,-1.572162943940221547e-01,-5.700415779169345706e-03,2.758097062718737649e-08,-3.438747339338910081e-02
-3.009676304912139652e-02,-1.661419490908392915e-01,8.510738358363207848e-06,4.587577576449855093e-08,-5.447034095424109490e-02
-1.734740262727958993e-06,-1.904154914834579604e-01,2.089798672188042557e-03,2.318082190167767652e-07,-6.234439316718146801e-02
8.248653843748327370e-09,-1.950571405045514461e-01,2.522159459478822991e-03,5.103992222624803045e-03,-6.926844727451016148e-02
4.744337511695844063e-03,-1.803091836710247198e-01,1.391053457225526000e-04,1.948759502243823175e-02,-5.865617941879280178e-02
1.187587448114101572e-02,-1.529152739725986587e-01,1.777425552777590206e-02,4.806503856862640034e-02,-5.600393190626882373e-02
2.452736240048319916e-02,-1.625339737572967236e-01,1.515734668863102236e-02,8.111303665370618587e-02,-5.868746947318302654e-02
2.537415240096676725e-02,-1.360596048687328918e-01,2.982633783246443855e-05,9.810402684525014461e-02,-4.440309600541933466e-02
2.805737706582665802e-02,-1.016527943337261902e-01,3.974061989217552983e-05,1.123447481274921916e-01,-3.243806084444678106e-02
3.209884629801809663e-02,-7.096217367594738479e-02,1.164852802672955434e-02,1.282520595394510965e-01,-2.472514295784982580e-02
2.121108969801327113e-02,-6.152351498404202285e-02,1.597971378064083972e-02,1.409047226120024310e-01,-1.590736327795454555e-02
1.589448501971819916e-02,-3.724479692327521685e-02,5.677773135880301476e-03,1.468734631558240022e-01,-2.397834405076356302e-03
2.563918522401048734e-03,-1.162194794920889084e-02,1.598287132099325894e-02,1.517674066288951518e-01,-2.349710778760857855e-04
5.702736435630909734e-03,1.471722902480900302e-03,3.284945653121799924e-02,1.496531106335369510e-01,-7.864626224972660026e-09
-4.257544736696208977e-10,5.641013843527158990e-04,2.945661695795677437e-02,1.593425326904031603e-01,-8.040322339870054329e-04
-9.718545341735471339e-06,1.992788157965220269e-02,2.609158528122262552e-02,1.371150357664301656e-01,1.266377548570029020e-08
-4.276968827648731082e-06,2.972580020704238685e-02,4.521101683378465907e-02,1.295048568761397456e-01,1.377495683142129637e-08
-1.775312788041679972e-08,3.643433061923252031e-02,6.669497159462862979e-02,1.080615345982448017e-01,2.018138889390169946e-05
-1.785015276466725072e-09,2.947265445706566400e-02,6.861052703017986309e-02,9.573388727042507484e-02,6.842309915892667675e-03
-2.716928691943220507e-06,3.966310775212072981e-02,6.015679650131244838e-02,8.545200747707232258e-02,2.707253894896726951e-02
-5.307020806805191693e-06,3.778860342168575970e-02,8.030268916828242620e-02,6.143803644005512571e-02,2.800835065592493373e-02
-4.410326496400152295e-09,2.902432754509017693e-02,8.691470555507488371e-02,4.144904871139928199e-02,3.464423145535251714e-02
-1.022836157770748855e-05,1.280761473076351756e-02,6.807622677485362928e-02,3.679244711978832405e-02,3.583122719479851087e-02
-1.687124251027700495e-05,6.729806267026357258e-03,5.502229688023550780e-02,4.430996911191754234e-02,4.176913827838792809e-02
-8.845526933821344293e-03,2.832499688245536992e-03,5.871562094996247289e-02,2.720585050466694382e-02,4.489441220574149488e-02
-6.239469803091050567e-04,1.194592009681406464e-03,7.862542664587279795e-02,3.143534449902883610e-02,3.452028432796191287e-02
-2.363858899579520615e-03,3.426842805693955575e-06,6.861530745176618040e-02,4.547513492562117038e-02,4.519307099759707624e-02
-1.457093187079493667e-02,9.270635996072646248e-08,6.334530204365960981e-02,3.656779659057361742e-02,4.238010726325353722e-02
-1.320971830175584651e-02,2.606553531553679022e-05,6.773444620783905523e-02,2.927667107087180906e-02,3.961241556042393447e-02
-1.199907475885741807e-02,1.228025261188225511e-02,8.666666329066283203e-02,3.026573043039582772e-02,4.295149154130335073e-02
-6.028454386689382702e-03,1.307853578209858345e-03,8.570270469985720452e-02,3.221041020573093411e-02,4.309934070150176627e-02
-1.334550174570702137e-02,6.041597936043291601e-03,8.901625518688048577e-02,3.644791000162067585e-02,3.751446177997871945e-02
-2.878254047287593514e-02,9.844624141611305751e-03,1.002550443866994795e-01,3.129754980159067668e-02,2.343672323529647633e-02
-2.861606356686652655e-02,2.156796713939265753e-02,1.147913870386290391e-01,1.443449723262109526e-02,1.802080793800532599e-02
-1.415329555950811322e-02,5.105548379985264407e-06,1.127815294482345798e-01,1.544651828300543615e-02,2.027635794719273750e-04
-1.451157509678311155e-02,1.913595907972996750e-08,1.066000490748089946e-01,-5.444828129277146144e-09,1.013194556718675822e-05
-2.756507245394315166e-03,7.739867792786584076e-09,1.119936351415000697e-01,-4.370002926808183585e-03,1.564403544177041901e-07
-1.405438567879284157e-07,1.195523595151326253e-08,1.165291554184451212e-01,-1.812248676029325906e-02,1.023843468943937356e-08
-3.407203391244077079e-06,-1.088263489523809240e-02,1.014189754908879360e-01,-2.277293599103053651e-02,2.102377688483097685e-08
-2.259842789630344182e-05,3.601452195258232308e-08,8.045949839460031505e-02,-3.429642188699510291e-02,2.129305205839973603e-04
-6.566066708678035635e-08,4.997086299028587722e-06,9.743473313667476432e-02,-3.669032411921788889e-02,7.575997289263892410e-09
-3.755008885893380847e-09,1.537726568098022226e-05,1.076411172374016068e-01,-3.422062417797389067e-02,-6.537721960887647038e-03
-4.541955961832510681e-07,3.103268513093539569e-06,9.301219756681319839e-02,-5.012439868881819055e-02,-1.383917449858561993e-03
-1.084596515619406122e-09,3.956050096305119441e-08,8.558131277975458695e-02,-5.827688304858850282e-02,-7.559381068481586287e-03
-4.357187087441108491e-09,9.249528080231513187e-08,9.032700560969555981e-02,-6.365587240370999822e-02,-1.090613538312818973e-02
5.095781499785846680e-09,1.798333441912618363e-06,9.572412326498468127e-02,-4.567537782507857802e-02,-4.600001812436547120e-03
1.069919763676766671e-09,4.005543669835522439e-07,8.167987027052220350e-02,-3.888901791239476186e-02,-1.683343269051379997e-08
5.463206032308052899e-03,1.765937739099886127e-05,6.620522040860737922e-02,-3.069006885582482164e-02,8.088334523660245879e-08
-2.949539295922054500e-09,6.902019038907439459e-03,7.136243873442171815e-02,-3.448107705842397980e-02,1.930503278451852109e-08
-1.334796116730172684e-09,1.425955296828449424e-02,7.894925028773358555e-02,-3.345711046235162051e-02,1.595161850082834620e-05
9.751285064772425432e-03,1.515230296855750558e-05,6.469437146865136823e-02,-1.936338425533737015e-02,1.708017320703811423e-05
1.444067384667633777e-02,1.170138863664196621e-03,4.905185495520936190e-02,-2.815341661606603901e-02,1.489004368097789552e-06
1.776237636307068102e-02,2.978032983206943292e-07,5.613956493368314066e-02,-2.906998991602035773e-02,5.304580057774360709e-09
2.037228871580704440e-02,4.556390629545089486e-05,6.975670657267588060e-02,-2.979347213982890680e-02,3.496867824124927152e-09
2.918396003767446609e-02,1.181796041280297674e-07,6.228737261225567728e-02,-3.392641418378304630e-02,-2.029469092575997052e-04
1.974556917631767675e-02,9.899416947283278042e-08,5.007621248252568796e-02,-3.231767482364129862e-02,-1.369249555056755286e-08
1.388827708897753636e-02,7.911269527459107928e-03,4.914335375941723816e-02,-4.609003020753268259e-02,-3.219816461210882093e-09
1.665087915566782276e-02,8.422856972935035755e-03,6.982848002848673907e-02,-5.469174555529185411e-02,4.063806051767300571e-09
1.659546375572677410e-02,3.024551062925459254e-06,4.908866258589431042e-02,-5.183349438084183802e-02,-1.012535849384598119e-10
1.182195083399991027e-02,1.637971155810976505e-07,3.787242328688179838e-02,-5.267207561670159133e-02,1.110458794852351836e-08
5.569585724172653428e-03,4.997183511917707889e-05,4.424290310051683800e-02,-4.879259579428093380e-02,4.036531736620598497e-05
1.818562559669605755e-02,6.032538721656195271e-08,5.491565359126601709e-02,-5.318527869544115855e-02,2.149486269227248499e-03
1.254425547202362747e-02,-9.859581534803435118e-03,5.216321967197604798e-02,-5.640181131680389176e-02,1.690203853277290390e-04
1.067329933437079258e-03,-2.909535266262597026e-03,2.526491900965001716e-02,-5.107030284327936098e-02,8.970877240739104364e-03
2.557141448563648301e-05,-3.623644318850005293e-04,3.056323646973554964e-02,-4.819418898301427306e-02,7.163292097451035012e-03
1.117178149504643612e-03,-9.660822448253014684e-06,3.658425382585017011e-02,-4.282127507884932877e-02,7.727749155065992068e-03
2.670332370254713552e-10,-3.019617478747806637e-03,2.003018647669417562e-02,-2.842095850365446846e-02,1.039730381031962053e-02
-1.520814731609502830e-09,-4.027901591677116825e-06,6.189215149870901144e-04,-4.429448930939551554e-02,1.630843062597604060e-02
-3.467713251767519133e-09,9.040570546136591021e-09,-5.029887277818054884e-09,-4.008422856816982321e-02,1.569964062152694184e-02
2.253428694582972818e-04,7.869935333710350797e-03,5.812048026520690372e-03,-2.778837872720290800e-02,1.075537260346957555e-02
4.205588302081559256e-06,8.617003056402667074e-03,3.603156318259422918e-09,-2.331170664713858726e-02,1.953988841622908423e-02
2.573211867876323695e-09,-2.855382086771356617e-09,-4.287185610178703948e-05,-8.557576044691053707e-03,1.597010682901192635e-02
-5.687280941364215838e-08,-4.033614912275019908e-09,2.629077706035250240e-09,-1.371025315783470228e-02,4.007478591794711408e-03
-1.515427193269277207e-09,-2.796862006914686064e-09,2.720551301137826554e-08,-6.865058718248313527e-03,1.068656085683427834e-02
-4.898514761603423009e-09,-1.908492420888162434e-07,-3.842327050505926283e-08,-9.805691540788162041e-08,4.920179348167364949e-03
-1.070171770126653411e-09,-3.703896812664905719e-06,2.581174378127826983e-09,-3.400533850043402114e-08,1.114574354861152953e-03
-3.330505299013608242e-03,-1.259342664715454454e-07,3.733370744028052246e-09,-5.922829916172738748e-08,1.404606178199349674e-03
-4.240069941835475993e-04,-5.408460540634999793e-03,4.416525658302887641e-06,-4.582015048026644117e-08,3.842120600850103596e-09
-1.373272691920748856e-02,-5.441488785670172551e-03,1.078011773092025520e-08,-3.178956701919350823e-08,3.533632910308927169e-08
-2.210040306745369998e-02,-4.569458439487076272e-03,-1.413291062181029796e-02,-6.603165078668455680e-05,3.907000530231509298e-04
-2.856966701770946929e-02,-3.024792667913988112e-03,4.795874798702310146e-10,-1.301008286177716099e-02,6.897366478305644768e-09
-2.844616618332872215e-02,-6.213313884030661159e-06,1.868984127697765572e-08,-1.913960614036668006e-02,-7.261998912399846431e-09
-3.307838914614997378e-02,-4.087745998937281983e-05,-5.289058261727925918e-03,-3.395349170509470021e-03,-7.593305794008177045e-09
-3.186808401219239084e-02,-1.846444549906623637e-04,-1.004843376250760985e-02,-3.634701582682017817e-03,-1.705028396829073764e-08
-3.968536974415099589e-02,-3.402590430103833666e-03,-1.363182531003471858e-02,-7.570263479310265775e-03,-9.528875782822107914e-08
-3.152257675276073229e-02,-1.367106790159639059e-05,-3.218331445963665534e-09,-6.121739367627655054e-03,-4.212400835603805511e-05
-2.736636232271654964e-02,-2.571102754775991567e-05,-2.013952530145787099e-07,-1.561152539458411539e-04,-2.644036003497579311e-08
-4.564956590699906225e-02,-5.684738636850625574e-07,-1.256041073114232826e-02,-4.889936079078491667e-07,-2.371587474177303635e-09
-3.883381498078804922e-02,-1.333415095931729287e-06,-8.975451191313920177e-03,-1.955590587279737146e-07,-7.661875665004508009e-08
-2.073926607925856078e-02,-7.253225480998184562e-08,3.180093824474708367e-09,-1.282481380551229189e-05,-1.594490762248432954e-05
-8.860573720030408620e-03,-1.923347223526234742e-07,3.879591047302024870e-09,-1.861920428078821422e-08,-6.827743514599407190e-04
-1.325544688379348343e-02,-2.601388408674918894e-07,-1.042401786793404478e-02,-2.274765174096768429e-08,-1.031079082081913483e-06
-1.687045528145811671e-02,-2.994202879326653305e-07,-3.635429060714174586e-10,-2.675057233724791993e-08,-1.482102804004205966e-07
-1.387383347138022513e-02,-1.945159325666215099e-07,5.148651258979322639e-09,-1.113588957927414451e-07,-8.707775998844535245e-09
-2.013179910415106508e-02,-2.438362646640537585e-07,-1.125553791290818430e-02,-3.134614806844034397e-08,3.733535044574790769e-10
-2.224954752219764076e-02,-1.631670098289648088e-07,-1.888827939346638188e-02,-1.353967592046497450e-08,-1.762870332337775559e-07
-2.467263873826947007e-02,-1.680685866965936239e-07,-1.541949593767038586e-02,-1.239095923256474428e-09,-3.031906022970739254e-04
-3.307077075603707950e-02,-1.148622818628052301e-07,-1.151071817467216873e-02,-3.844211725709892643e-09,-5.258999730551737473e-03
-2.367161574968103949e-02,-2.647369278239690500e-05,-1.312166212785906456e-02,2.713806786135975271e-02,-1.990778723527743613e-02
-2.085922701489421188e-02,-6.171863706775701638e-04,-2.949650689589072144e-02,2.480992492292576068e-02,-2.233420315399436973e-02
-3.208226251850587740e-02,-2.069300176526929598e-07,-2.098273271463420298e-02,2.561937448442288059e-02,-2.270488562128237728e-02
-1.731669242623161062e-02,-1.884620338704044728e-05,-1.112058311080970849e-02,2.784252172844016437e-02,-1.387583377450258421e-02
-1.551093812450395765e-02,-5.745450822062321897e-03,-2.030006555014514380e-02,2.722695200883030672e-02,-1.245030055371094437e-02
-1.533733400222025978e-02,-5.338052866219674959e-05,-2.898957756233744298e-02,3.377379315035493323e-02,-4.103306224958182431e-03
-1.660524447811428245e-02,-3.294712711360931360e-06,-2.699169610482166082e-02,2.522798895738845651e-02,-3.463979165071869595e-08
-2.893518411568709973e-03,-1.360632043243773569e-06,-1.891766673601790252e-02,2.769321653615308687e-02,-1.245014437343183258e-08
-6.898866141621922549e-03,-1.790293317944759838e-06,-2.520468260653371123e-02,3.330302704038745620e-02,-6.149785467707542589e-06
-6.775258929775050321e-09,-3.099366866112955110e-05,-2.404709135340370521e-02,3.892787108453555495e-02,-2.122596051527586482e-05
-7.525557959243945119e-03,-3.516135622058140380e-07,-2.163294561550807571e-02,3.531471578877751899e-02,-4.789828204880736823e-03
-1.045145677615056876e-02,-1.043217583233558417e-07,-7.846764184467043199e-03,3.412293848512461952e-02,-1.310964100408450010e-02
-4.183622536720437747e-03,-4.162205135268793980e-03,-1.372613564074421505e-02,3.773974214335792249e-02,-1.234688242848338245e-02
-1.954387533631638653e-08,-7.035288438852744060e-07,-2.144924489812504234e-02,5.137782590861381810e-02,-4.839328202074214862e-08
-1.986069269816801916e-02,-7.424005239158487843e-08,-1.008865290385698235e-02,4.347239498209532621e-02,1.022803987905797822e-05
-2.220751525600421494e-02,-9.544802406589350189e-08,-1.508180825600353818e-02,4.382180000118981317e-02,8.114805151667201449e-06
-3.094145957563719865e-02,-9.149428472013770705e-08,-2.030786273175994028e-02,4.295330175291790786e-02,1.286521438569603740e-09
1.148047264652236714e-02,-2.698414382236041726e-09,-2.171518924472281079e-02,5.823853036121129678e-06,5.047395951431422889e-03
3.593927540590754685e-03,-5.112416494432970390e-09,-1.665113118559284969e-02,-1.412670008291316259e-09,1.359664310304634430e-02
1.613691220624267550e-02,1.003848589023920392e-08,-4.711381138495999120e-03,-5.234269657911608600e-03,1.344579589223621197e-02
1.997102949802793265e-02,3.232514601998073314e-08,-1.168630418491312948e-08,-5.634054590221939567e-04,8.197381394798855178e-03
2.254045160470300943e-02,5.971982370762425915e-09,-4.335513070487782318e-03,-6.594740969896823422e-03,9.437656079774269652e-03
3.171254575121894986e-02,-5.841392049783141090e-03,-2.972830160295967880e-08,-1.607091544992612225e-02,7.082382724622892853e-03
3.621877307075739572e-02,-2.939397921347075706e-08,-7.558545124488386460e-03,-1.000714833689518753e-02,2.076136221027681094e-03
3.581834843674803343e-02,4.877441301962991559e-08,-1.457075291812086858e-02,-1.929691263478509888e-02,1.389624764590030960e-05
4.472122844069333775e-02,7.646231729644178360e-09,5.147761213151710985e-10,-2.454669781523646094e-02,2.574897414531057479e-05
4.070940757994410270e-02,-2.083133725272596191e-04,-9.261404905113644614e-03,-9.557019006653609886e-03,4.276923576363417083e-05
3.403259872708266909e-02,3.028298895521236402e-09,-6.434134398440583685e-03,-1.801196243378135053e-03,-6.407859700140557988e-09
3.444678005363756984e-02,-4.051814485523057231e-09,-1.129709675042029141e-02,-1.142253408207455009e-03,-1.053358571113917363e-08
2.705788907376211264e-02,-1.944280601778920579e-08,-2.242913667290546628e-02,-5.084152908670491050e-03,-6.043871331563995120e-09
1.088165035408150162e-02,-2.361651037181115554e-08,-3.323457379007688922e-02,-1.562538829052413994e-02,-8.322791747053744228e-08
2.933720244912979905e-02,-1.626283222892108647e-05,-2.246868459908291787e-02,-1.895299700559925637e-02,-1.636121136168570734e-07
3.262500801583764071e-02,5.720629920551775355e-09,-2.788359904266936307e-02,-1.933961503617580638e-02,-2.217445896778349188e-05
3.476127962313153852e-02,-1.084122886702231020e-08,-3.369264738483904870e-02,-1.095892964313703415e-02,-2.593117527570520074e-03
2.944602653607177739e-02,-3.238512484008782796e-08,-3.751549780441650050e-02,-3.984605375798198588e-07,-1.092646082022320834e-04
4.046395583687131120e-02,7.107214867886566654e-09,-3.266367982452759999e-02,-1.485766422020434784e-03,-5.141969470622053865e-07
4.906666227563508120e-02,2.734051340347854115e-10,-3.652609814408409872e-02,-1.567421079472475524e-03,-1.191218149300836165e-05
4.252393796808233428e-02,8.118734020291788647e-09,-3.608692919101947477e-02,-5.107651347688631736e-03,-6.749533140510968784e-09
3.158886803273387028e-02,-3.000864349208985023e-09,-2.308510847929188745e-02,-9.648604094010065219e-03,5.393482922120801382e-03
4.099939889488571354e-02,1.395868470065941662e-02,-2.048325168869125773e-02,-1.374957025342780741e-02,1.068367796584873772e-03
4.106012146421449821e-02,1.524565735819597041e-02,-2.366943422901508776e-02,-8.226223091270115986e-03,3.488070263514708984e-03
4.045296841834819523e-02,2.034938076117924835e-02,-3.393887917699858758e-02,-3.935270285662107945e-03,6.165911300689818145e-03
4.855703675713254203e-02,5.177886000138267469e-03,-4.909663121870605496e-02,-7.289986447656497844e-03,4.894905442460639917e-03
5.267044464833377931e-02,1.004630062692161421e-03,-4.439097869152409254e-02,-9.700326014638511324e-03,8.460981409798874753e-04
4.053560464918725542e-02,1.099523829904776664e-02,-5.408225972992769526e-02,6.186920903220302479e-09,1.983585594286357812e-04
3.875386462558676193e-02,-4.026567026639048422e-09,-6.262713755316456909e-02,8.748534172670024232e-08,8.168455041905774980e-07
3.373369813145566526e-02,-4.566922224368445193e-09,-6.532308097889047427e-02,2.768542508423215753e-09,4.258379567836556356e-05
2.678770702367966328e-02,6.489442312725268569e-10,-6.352455405033249902e-02,-1.534091960216729320e-02,1.143612489260125185e-04
4.295947528191368381e-02,5.398938030724582592e-09,-7.370745824579501282e-02,-1.347658153956991268e-02,2.042690366712981341e-07
4.021846378222451723e-02,-1.725558489554342465e-09,-8.496412643898987316e-02,-6.175775256218588548e-03,1.524288882754457401e-05
3.364710987103620987e-02,-4.232420994591567690e-05,-9.141299504362954131e-02,-6.021429157582890331e-03,-1.613503504481827245e-09
2.808100834013293676e-02,-3.663932879410700490e-05,-8.305088076419327170e-02,-8.088958513422431565e-03,1.722371396776453204e-07
1.764122275442105495e-02,-1.771956930918829382e-05,-8.837718308235385789e-02,-2.661176474285430145e-05,2.257989740291978218e-05
7.290709742037910536e-03,-7.969673137152894925e-06,-1.022272031869403408e-01,1.320686129990681235e-09,1.216160085280842051e-03
5.139079641509544660e-03,-6.193821301811284910e-05,-9.678171018356689081e-02,4.471150163691942802e-05,1.136677010539287542e-03
2.172560518039634916e-02,-2.800173260911228805e-03,-5.776266680512508883e-02,-3.472898178090245138e-09,1.539612304145188734e-03
2.708923414350035419e-02,-8.881576189837201915e-03,-6.703383885990688018e-02,3.533714376330936826e-06,3.215728857010423727e-03
2.780635858056528659e-02,-5.170709565072943194e-03,-8.906178676390735793e-02,1.263996370631939786e-08,1.488490597719697300e-02
1.798005816836393406e-02,-1.705506374627701813e-02,-7.327550568114413188e-02,1.036522776761989996e-04,4.746699461936497791e-03
1.594134105475891738e-02,-2.867938557159897470e-02,-5.558540120945876933e-02,6.447451304374773526e-03,-1.688333972290360571e-02
3.967611946055688704e-02,-2.247539153738196266e-02,-4.368428526444639859e-02,9.681650969015985486e-03,-5.969156642536182361e-02
6.984632994759622238e-02,-1.832591360581834264e-02,-4.558916557413728032e-02,2.429041783150386394e-02,-9.595223127282173636e-02
6.908439180113185030e-02,-9.001462968049408001e-03,-2.762938100922515336e-02,3.491748303468184683e-02,-1.389740297838271410e-01
6.455613224462106170e-02,5.244664470779664840e-07,-1.425481288952321068e-02,2.467437107529909038e-02,-1.591662554709104005e-01
6.076643293689661801e-02,8.136721271921291409e-07,1.372994010921191869e-09,5.806067710735854004e-08,-1.869692387795258148e-01
3.270191412796395053e-02,4.310977920506131037e-07,2.323772364588956238e-02,-4.622965193702321257e-03,-2.086819394273678741e-01
-1.603385905028480829e-07,8.656363770037043340e-09,3.353743598993214059e-02,-2.378023988976292122e-02,-2.220325693371081321e-01
-2.953962814079501672e-06,1.378780176095781975e-06,4.543103625863405270e-02,-1.929538121289140623e-02,-2.050593386629008530e-01
-9.933927410612874813e-04,1.344293016826912830e-02,3.751023810989993074e-02,-2.123121103145129865e-04,-1.977845493772641405e-01
-1.328903735600374218e-02,1.663480346355744599e-02,3.341085760154276219e-02,-2.383193475209747143e-10,-1.904317944937483631e-01
-3.984798871824817013e-02,3.266110684568013928e-02,1.470655030659370407e-02,1.258662691165556707e-02,-1.618858196994548970e-01
-6.943300085479692241e-02,6.848293900288617009e-02,-5.589196875095280182e-07,3.014420651974868831e-02,-1.119313083960364330e-01
-1.171981632830907116e-01,9.649528064417048356e-02,-6.871306023212925274e-03,4.310191990160687492e-02,-6.263271239527291867e-02
-1.700496562362073527e-01,1.004225322383792696e-01,-3.534247982537362665e-02,4.533231928378924497e-02,-1.757224591602245256e-02
-2.074023095115343496e-01,8.544250471142150749e-02,-5.373451580677672534e-02,3.748916827973855503e-02,9.694755153217363705e-04
-2.182230255205668268e-01,6.857220324476370754e-02,-4.965173180948702358e-02,1.635962772288208911e-02,3.953858291586787033e-02
-2.262136981999198215e-01,3.626672903967699535e-02,-5.842819478160391627e-02,-1.760890030837748543e-08,6.339532157621970143e-02
-2.224212702371292094e-01,-9.766270870845209697e-07,-4.947152990331436795e-02,-2.175698683172475403e-03,7.108508419206588380e-02
-2.034410144737308357e-01,-3.989440261283001832e-02,-4.254726308891630671e-02,-2.321660529458473288e-02,7.189631656714519370e-02
-1.836047431365819549e-01,-5.376408609812863976e-02,-2.963732577876183188e-02,-3.237832409224316449e-02,6.766275415914226044e-02
-1.720427340336249389e-01,-7.309214984453145381e-02,-1.848751034242992336e-02,-2.799114763654126856e-02,5.271586857198906628e-02
-1.371735418951558205e-01,-1.133315506831509972e-01,-9.664873604911505475e-03,-1.078409881045496593e-02,4.286798923985786491e-02
-1.081761563711381574e-01,-1.378345771783312523e-01,-8.823225974471895617e-08,-1.166293354598932006e-02,1.666130402492644810e-02
-7.179585259420952215e-02,-1.444910537375307669e-01,5.302807701013916714e-03,-6.971406917575078722e-03,8.084831859682324899e-04
-3.985609309076822149e-02,-1.567680998005419601e-01,1.402879068858471981e-02,2.655735460449696811e-07,1.633209621298798019e-07
-8.519385620504436873e-03,-1.783488963636843394e-01,2.526732408226042143e-02,8.238154631454957903e-04,-1.906086690565948587e-03
-8.890087944232123993e-07,-1.708384760731478658e-01,2.422260550494069464e-02,1.339123101889229742e-02,-2.692378765294536555e-03
-8.600953186298880131e-09,-1.604592531739246486e-01,2.694758512842438183e-02,2.939344095532539849e-02,3.324447338453914579e-08
1.123094125456722986e-08,-1.396449507039728422e-01,1.280222016623567063e-02,4.879471792883910419e-02,2.718983083229041427e-08
-7.893524290091073553e-10,-1.225091500542111189e-01,2.647684652109609505e-05,7.687973187486221716e-02,1.552374468087787214e-05
1.501274450807071892e-02,-1.209416860991259085e-01,1.150539837714277839e-03,9.994413728321924206e-02,8.382568919978952474e-09
2.475521401507799896e-02,-9.843009005872309369e-02,1.091903688663251916e-02,1.166384514746276052e-01,5.557726437407819302e-09
2.176116408180360506e-02,-6.313892546266350325e-02,3.862130940851979627e-05,1.373511671423330860e-01,8.339186536704545857e-09
2.501782767129678562e-05,-3.645609655507107971e-02,1.782695590306986471e-08,1.494466596857995377e-01,5.251318784084746783e-08
1.672488714492648322e-08,-2.747935852551236166e-02,-4.671096406679745063e-10,1.502060839776678258e-01,1.056348111930345291e-07
-1.695594929927442544e-08,-3.038184291428391165e-03,-2.430910537077444252e-03,1.621525310446244317e-01,5.026013598491962897e-09
-4.720952471252354461e-03,5.107040601247830360e-03,-1.239806847947266116e-02,1.733591492332529072e-01,2.141030037276120889e-09
-1.130399879877421083e-02,7.371534906604395622e-03,-8.266744323764502536e-03,1.649763224671018380e-01,6.719235416057973927e-10
-9.677973578696843354e-03,8.843832975919148701e-03,-7.582402929988471020e-03,1.543946587920515257e-01,-5.370046424505544279e-03
-1.039096864309597559e-05,3.142667352754659194e-02,-1.644667049727476863e-05,1.445232441414435187e-01,2.765275568823436601e-09
-1.904184218295980890e-06,4.469635634421741804e-02,-1.329095661996374961e-05,1.366520345505073120e-01,2.103485034531488263e-09
-9.062196668335610985e-06,5.250535023439697330e-02,-2.092711462811300949e-05,1.231224541029940084e-01,1.355302314307971991e-08
-1.296356768225784756e-06,4.043182720301172206e-02,-1.370097754736210517e-07,1.100533269270492776e-01,4.453559272716449064e-10
-4.129227364541964831e-10,4.492503026300891794e-02,7.353247754748111487e-03,9.552148263292292718e-02,-4.349548889443109940e-05
2.577209120624911217e-09,4.702355804610351686e-02,1.218751625381500787e-02,9.604320432812325781e-02,-2.135353775268419331e-03
-1.122904496389441109e-09,3.168679581533769690e-02,1.625785149683992709e-02,8.122125638413736637e-02,-7.115842297083431358e-05
2.974150902284181082e-09,2.558934165482542461e-02,2.384997325867790896e-02,6.635373582200401743e-02,-1.011356452930096961e-08
-1.932143837261670749e-10,2.085897251467999300e-02,3.728175155058649493e-02,6.534339628834621994e-02,-2.235597680542050234e-09
-1.738983089136926406e-09,1.183775201489367310e-02,4.576043122648810330e-02,7.219134975834201606e-02,-2.596198572908505441e-03
-2.491653512275443476e-09,9.126594937366507254e-09,5.867737913445666975e-02,7.025323116227011333e-02,-5.691611649618573410e-03
-3.409898768571792521e-09,2.027585565190083254e-03,4.914713102996450672e-02,5.861291456507411457e-02,-1.008992455638388136e-03
-2.344135641214209393e-08,1.693064272483320396e-03,6.588121297672952514e-02,4.832400929107250054e-02,-6.358152969496677111e-03
-4.515267925942521938e-07,1.868241183751227306e-09,7.368206719559099172e-02,5.216171951115615435e-02,-2.046489025344929227e-02
-3.239551813799391030e-06,-2.774808287898508248e-10,6.689876931242681735e-02,3.607068921269978440e-02,-3.180409030353803512e-02
-3.859543644945527703e-05,-6.961950208915241382e-09,6.363191045511037980e-02,3.102281473463154582e-02,-3.974757299729420046e-02
-2.624484594194614363e-03,5.368129292438452854e-09,7.750922229742014669e-02,1.759308445991394215e-02,-3.252432941996600407e-02
-8.132007593403654463e-03,1.340088947251073506e-08,6.509806677403850994e-02,1.306171565608676283e-02,-3.778541207227036763e-02
-1.609948402232232526e-02,-7.875307370118930623e-09,6.768364484210452614e-02,8.480364268374319947e-03,-3.302104939253144855e-02
-7.580904978493937206e-03,-5.045474589130266585e-03,6.419730601031800599e-02,3.721649302680052167e-08,-2.568407210272549354e-02
-2.845872339601357177e-03,-4.370017372631553358e-09,6.592172646064624331e-02,-2.508509689184928525e-08,-1.961707073578630028e-02
-1.392537323747752659e-05,7.477315214992201576e-06,5.872582327774866079e-02,-5.387664780945789398e-07,-6.924520375731443335e-03
-1.605672879559575858e-08,1.632209893872680851e-08,5.938345345910928802e-02,-4.809402539163711204e-06,-1.162888734083436992e-03
-4.685442470091078733e-09,-3.451967399486564853e-05,5.177313484075480449e-02,-3.945566618298275603e-03,-2.277205433778458060e-03
-1.025435647639096981e-08,1.631008512948540893e-07,5.250198523482554891e-02,-2.151851659502141551e-02,2.642482376307331342e-09
-3.585064202736377283e-09,7.200693963883478455e-08,5.957107707161825999e-02,-3.053341110454066074e-02,-3.019718039087504337e-09
-6.328861865810698559e-10,1.045153912298256502e-08,5.910518645330414128e-02,-3.588487468592074792e-02,-2.507939083359251486e-05
-3.054983491429749188e-09,1.663682886605342623e-09,6.162058047780769043e-02,-3.198493161067530316e-02,-2.647451414521038472e-03
-1.059719593852184425e-08,5.017172513200769185e-08,7.699857368139007008e-02,-3.137352854569230159e-02,-2.264198795281921399e-07
-3.791491491345972911e-09,1.319554824660857523e-04,7.494124624292576586e-02,-3.225024164612898953e-02,-1.065672824090981529e-04
-3.753443641748246947e-09,3.935974919160670009e-08,6.581178398712046740e-02,-3.383577698730729638e-02,-7.383548639702205464e-03
-2.525707637743318309e-09,4.792570976633331425e-09,7.369891014435070442e-02,-5.147510699046128207e-02,-8.131845980459032064e-03
3.267085066929718044e-10,2.945066219847056455e-08,7.493685317728575324e-02,-5.810367957828659058e-02,-4.415450462400897754e-04
3.412051240112524855e-09,1.430067572781629497e-08,5.635820648980492675e-02,-6.264794601444166611e-02,-1.705465605003831975e-05
-2.813653087326226362e-09,3.362842404481106502e-09,4.767563326353865122e-02,-6.710394235019022380e-02,-7.938166053909753099e-05
3.707024951963230685e-10,-1.439673618599773657e-02,4.693710325176921050e-02,-6.469282281455518424e-02,-5.899579685626405758e-03
-5.067007795591318395e-10,-1.150784619459655628e-02,5.235378132266921281e-02,-6.098892736792350944e-02,-6.121335536365628445e-03
3.472889033779402373e-08,-1.481775267079470565e-10,4.579783003063028768e-02,-5.151529449627591239e-02,-6.574749708469966245e-03
8.509612911976677935e-03,-3.784196710297428167e-03,3.485832822357055188e-02,-4.176246246673047391e-02,-5.473176406678405341e-06
1.442533440219759093e-02,-2.007840456858501156e-09,4.299130478183334908e-02,-4.956758129090871323e-02,-9.141321160385537745e-04
1.940474045676114645e-02,9.318629325996243404e-09,5.031392797256309390e-02,-5.309851036547021813e-02,-1.363391925988971293e-07
5.076006457602220967e-03,1.324806222092327101e-05,3.880748876572520656e-02,-4.707797429030356057e-02,-2.926262343188511446e-07
5.419680170688166362e-03,3.511391955157505455e-06,3.443643109324263929e-02,-4.214525147262257465e-02,-1.432976435868031631e-07
1.180795537226128709e-03,1.092283075847339595e-06,3.514930562418983745e-02,-3.564438029587493201e-02,-1.017442055379075190e-08
9.919981198082732108e-09,2.395963178231594066e-03,4.848767022684977168e-02,-3.402930385129669666e-02,1.384177275458471339e-08
2.076670384179455167e-02,1.531991202417379207e-04,4.591287193424607033e-02,-2.560368907221276247e-02,2.039979628409638920e-03
1.348670943885935981e-02,8.618124202292002278e-05,3.399141556447357604e-02,-2.617570618447550776e-02,8.047773603752646221e-03
1.839193819506226677e-07,6.196469544222993515e-03,2.974976228944174045e-02,-2.405698440253254550e-02,3.015205273735285709e-03
3.995441984082671004e-03,2.034000266686348743e-02,4.047078955391050781e-02,-2.012822343886957674e-02,5.839207244278571234e-03
1.126384542037215004e-02,2.448195932775156652e-02,4.434487231297511156e-02,-1.231918517198664006e-02,4.848828457986949052e-03
7.156358594277677232e-03,2.012568211305047761e-02,4.344080079755322649e-02,-1.330553156355601500e-02,5.695763013629944783e-03
-3.631484564511855826e-09,2.343903739344740250e-02,3.646841386722898121e-02,-2.095380588078101652e-02,3.226981702929006962e-03
-1.700608749879181998e-12,2.652321637401776344e-02,4.573738669894000797e-02,-2.776647884904032831e-02,7.468426293047615051e-03
-4.506610060100429519e-10,2.152746874421897910e-02,4.690203319327339304e-02,-3.575691664609943060e-02,7.872443270799684562e-03
-1.910717829048008013e-09,3.383468087496296385e-03,4.672500633580766588e-02,-3.487892645605681491e-02,9.869201181443394352e-03
-5.437822021362075580e-05,8.943255248324499890e-10,3.556751018838596318e-02,-3.112908547086179825e-02,1.045861945181335642e-02
-1.658907886823972593e-03,8.496719500163441713e-03,3.813458540926341345e-02,-4.263635343678449235e-02,1.840019734156199752e-02
-3.882229651651852116e-05,7.213302130733159970e-03,2.622423456865292934e-02,-3.991876505373691264e-02,2.094276230534149186e-02
-9.714670559049523590e-03,-4.993433771779210319e-09,2.050356362337995425e-02,-3.175542262959211298e-02,2.043294424276004620e-02
-3.355642802930366552e-03,-4.807642170747729609e-09,2.282595534856891178e-02,-4.146293024360204332e-02,1.189404463920905666e-02
5.417140047461411430e-09,-2.811402016613641204e-09,2.656484848468164059e-02,-4.270784585486320922e-02,1.444014951035644395e-02
2.910293651656394159e-08,-5.500080141550786320e-10,2.299194113613770366e-02,-3.571883225630181902e-02,1.298216204420841492e-02
6.232002313876078745e-08,-5.525794961793225795e-08,2.328902959293250446e-02,-2.837157576732561581e-02,1.168546783707156457e-02
-1.344638284621642844e-08,-6.734232668728384133e-06,2.384367600960547035e-02,-2.550527458916749049e-02,1.124286973423793516e-02
-8.235791561830860057e-05,-1.991099937548575004e-08,2.914490924396674273e-02,-3.730785031168809551e-02,1.818840394421033721e-02
-1.062581627198325119e-03,-1.602286723672475915e-08,1.720878577782151281e-02,-1.838752602977355294e-02,1.018363102141982106e-02
-4.889308143126196637e-04,-3.191391482996189170e-07,1.402231011833526830e-02,-2.012860409644840268e-02,8.438034953168789196e-03
2.756735388961266285e-08,-3.203430457715578713e-03,1.458949237195077825e-02,-2.078441867764464421e-02,1.200689954720392813e-03
-6.980057269440961589e-09,-1.094156741806199959e-06,2.775690830024149167e-02,-1.314271349721339577e-02,1.932765956254353522e-06
-1.416787788266609944e-04,-3.142430602293377004e-08,2.251436248559356840e-02,-5.776916214279853866e-05,7.617537068470933530e-03
-1.503741203824573817e-02,-8.112569854218877830e-08,2.986263963605713303e-03,-2.342362369941030717e-06,7.219932525925309465e-03
-1.596498413091403459e-02,-2.120047548722501626e-05,1.388051526794535639e-02,-2.453119353372150860e-05,1.442659929180152795e-04
-8.923808663949144016e-03,-7.185670767674959963e-03,2.041810206208342915e-02,-6.711357053781849026e-03,8.562369943415179644e-07
-8.690823047227165185e-03,-3.096978590814660664e-05,1.768746073180665554e-02,-9.825033520270021886e-03,-5.438907159196694253e-09
-1.834373883706893679e-02,-9.655957493411948186e-03,1.885051751924912006e-02,-1.405887992370929117e-02,-5.309571184364836735e-08
-1.434797179089198314e-02,-1.415284372561999120e-02,5.277667994715010656e-03,-1.170149738937464011e-02,-6.477297115775401782e-08
-1.529982697863798910e-02,-1.843925950063947668e-05,1.068032231071080682e-02,-1.057913616181526545e-02,1.411028512019557182e-08
-2.808167202379599492e-02,-8.667193004745464466e-08,2.243043216599485827e-08,-6.342729893862912582e-03,1.135710150851657697e-04
-1.785304978896372699e-02,-1.054338414471149798e-04,1.176046437042847884e-05,-1.717617644614160800e-07,2.128467299809537212e-03
-1.171532878057518837e-02,-2.843667649383273960e-03,9.895563676472164324e-04,-5.537545079198880472e-08,5.570182473122107483e-05
-4.640539899679967627e-03,-2.996639321542140417e-07,8.010256248516508040e-03,-3.469252818331916479e-03,3.623732576303585751e-03
-8.543120380945326900e-03,-1.231776131114002300e-07,3.423003470447315744e-04,-8.803160564122043409e-06,1.296265149108595267e-03
-7.289722163213314607e-03,-6.852091094791038875e-08,4.201104793476855529e-09,-3.515547174640350420e-07,8.455601458561691312e-04
-1.227245511582374625e-02,-1.592668655185353651e-07,-1.030276580606279092e-03,-1.067025593332624274e-07,5.018090157349925848e-03
-2.103864190079419300e-02,-6.642624200889140916e-06,-1.923624743008578769e-09,-2.177969829889523208e-05,2.087634542609614029e-03
-1.324735625910354944e-02,-5.208750309759861967e-05,-8.638240581985342018e-03,-2.825286802473678250e-08,6.310027795369137042e-03
-1.274961993284037115e-02,-7.455543730380710145e-03,-1.518698978330948988e-02,-1.225654952373179572e-08,8.858785019775435726e-03
-2.727632932575904320e-02,-3.185952442340856360e-03,-1.557963453374247922e-02,-6.886769841651533406e-09,9.721568990861582872e-05
-1.955428399352360583e-02,-6.412142443776736728e-03,-9.004713741251214182e-03,-1.204739106613474683e-09,4.295227299507622953e-05
-2.346822386206256009e-02,-5.993111023994959416e-04,-1.952583445739423593e-02,2.408875413396173101e-02,5.174429460277814359e-09
-2.766165338164344387e-02,-3.638555409695816764e-05,-3.339162883972161822e-02,1.986699165676472645e-02,4.873593107108047974e-03
-3.471089973149304314e-02,-9.966955383983495281e-05,-3.121218145372155195e-02,2.078015673534756511e-02,1.861935788905239408e-05
-3.560058812337240502e-02,-2.267435271157975784e-03,-1.510216715424057658e-02,2.224774509702982794e-02,1.230097182363239100e-06
-1.992514763990657634e-02,-1.759980520645825983e-02,-1.462446987263988675e-02,2.213867688031987205e-02,-2.309676276057244482e-08
-2.738544822035826262e-02,-1.940876386411514651e-02,-2.039063522125420316e-02,2.488059994864153315e-02,1.400487143137439933e-05
-3.056941999929405768e-02,-9.373466108211188710e-03,-1.395399239164064019e-02,2.506096596669471835e-02,3.361788085177461632e-08
-3.286796009618274395e-02,-2.032368907698800579e-07,-4.556354225015926337e-03,1.638460890410978199e-02,9.543764293402032803e-05
-2.712478443824622998e-02,-3.131773261797789087e-08,-2.057432716233566911e-02,2.508417170510753025e-02,8.597340697254639633e-03
