-8.713421156048650117e-09,-1.413742075472328207e-03,-1.494638742750090934e-04,-1.293530091031580837e-05,-1.955256806473617756e-02
-6.825847502479753047e-09,-7.116032369773998313e-04,-4.995211478070377175e-04,-3.455509343422945979e-05,-1.723435425849505903e-02
-3.749723609105437157e-09,-6.210591659538896052e-05,-4.479178893024616278e-04,-2.588453970441251195e-06,-1.766534059279963390e-02
-2.117625057290741723e-09,-5.988640882675944573e-06,-1.408906727586102558e-04,-4.628293825509586197e-06,-2.526502114583062397e-02
-2.927884757074418648e-09,-3.438720548892405749e-06,-6.314614142734149881e-05,-6.477504134298451243e-05,-2.415319261678291335e-02
-2.249505528832756506e-10,-2.871551691911345227e-05,-8.394562296603015801e-05,-5.701612489272989040e-06,-2.274606567183351177e-02
5.723373173139950012e-09,-2.173780079171144515e-04,-1.758550481098283391e-04,-2.802838233750825175e-05,-2.974738835445174187e-02
1.531347205701898679e-08,-2.593691255328079608e-04,-1.370033199842768303e-04,-1.965947171735666493e-04,-3.454372344371889336e-02
1.968875816790445669e-08,-4.922463091060282249e-05,-2.099569654658017814e-04,-6.577785820706937849e-05,-3.052476686397813735e-02
9.702966554241906211e-03,-5.725454858347992122e-03,-5.899037247575665034e-03,-3.590932849010373853e-04,-3.093156059747783834e-02
9.345644751317404297e-03,-5.235415620532856210e-03,-1.176194164210855354e-02,-4.082245072564812582e-05,-2.210838973659727535e-02
1.125137179246617387e-02,-7.612086368209073153e-03,-2.500593506873710278e-02,-6.523433789355932971e-04,-2.466932468191880556e-02
1.499068546625842088e-02,-6.938421117199713647e-03,-3.032575098548848797e-02,-4.587581657975620467e-03,-2.250271160811606955e-02
7.305120691066141828e-03,-1.315778188428790886e-02,-3.063219498318348055e-02,-7.135636720021905702e-03,-2.113118180012808073e-02
6.498248466077561833e-03,-1.268286448819934235e-02,-3.043992378950930930e-02,-2.893289961845224405e-03,-1.850980563846547911e-02
4.974596389947689122e-03,-5.487356631340887213e-03,-3.109751815008882786e-02,-1.291203711450534869e-03,-2.687843419352869967e-02
3.873757173792526161e-08,-5.925792965125111812e-03,-2.903367181881089110e-02,-2.570079975361001454e-03,-3.051222876984114457e-02
1.380824025013177479e-08,-7.440370907282395016e-04,-3.089825722992066426e-02,-7.173908309905514227e-06,-2.369747935316392565e-02
2.176133129535798830e-08,-1.635984896816367311e-03,-3.543219790201643932e-02,-4.960400780887123365e-05,-2.735717239955042998e-02
1.338407937577787073e-07,-4.666046787541926720e-03,-4.498008517084921970e-02,-5.533161284249550837e-08,-2.591715216575970343e-02
3.295584270432080299e-08,-4.278423039730669224e-03,-4.063624957830695716e-02,-7.423872796262514756e-08,-3.101170147276174557e-02
3.897550417877693622e-08,-7.948554299352865449e-03,-4.533792716527248329e-02,-1.027932760596800559e-04,-2.986287285958632090e-02
1.058852477582668268e-08,-3.328353404606964293e-03,-5.239845313580195757e-02,-2.638351679693231536e-04,-3.280644801064457050e-02
2.258763784794008009e-08,-3.766769560473088186e-03,-5.884604234033274234e-02,-1.610878336062352529e-04,-3.272375018173395017e-02
2.835982539275952045e-08,-5.387184782124862861e-03,-5.467763559894471548e-02,-9.713158245732275893e-05,-3.052062039824898071e-02
2.062943328520411429e-08,-5.615498651862230878e-03,-5.864463139501552985e-02,-7.380921949344667688e-04,-3.499006972433887225e-02
2.283252511098528531e-08,-6.212948661537499515e-03,-6.585449346085021916e-02,-1.945704428275771270e-04,-2.790773305275735805e-02
3.188967764267390819e-04,-9.666601478247363946e-03,-6.964499851670773178e-02,-1.566517971442991117e-04,-2.680085183432145621e-02
5.556432535738775264e-08,-1.582128137593050154e-02,-6.924080938375858085e-02,-8.401673810902890102e-03,-3.533328789190579022e-02
4.736055166304862781e-07,-8.931285275202963461e-03,-6.497341342643705997e-02,-3.049177243250007514e-03,-3.270939247328719102e-02
7.384141124450131939e-03,-1.230109054664997245e-02,-6.664266886063446860e-02,-3.197662241175823657e-03,-3.534428430157780104e-02
8.622865488657887115e-03,-1.905900676257711243e-02,-7.158816147503339888e-02,-5.644084028736150345e-03,-3.390112286815542830e-02
1.859609592781073491e-04,-9.875090375035784976e-03,-6.729882526595255821e-02,-1.046677230853348788e-03,-3.227913382481656379e-02
9.272686038559606801e-08,-3.888187689858881805e-03,-6.997381992307337428e-02,-4.605370545885038684e-03,-2.966424733381857817e-02
7.254235553947153137e-08,-4.137925321481688581e-04,-7.454353941750010981e-02,-1.683350714071929531e-03,-2.073325688784848075e-02
3.169523526293110935e-08,-8.007403615009544770e-04,-7.490012291943136391e-02,-8.149267293529672759e-03,-3.189818331064857293e-02
1.106758386344687048e-08,-1.000455905476481584e-04,-7.695598399305023096e-02,-1.419296704016121194e-02,-4.245131778932570432e-02
3.359304723047357557e-08,-2.603993438055968103e-04,-8.797376822343749847e-02,-1.132862066295409371e-02,-3.644888755166301314e-02
1.789822321577418956e-08,-4.223638341505036968e-03,-7.930527496690063793e-02,-4.749179869166771616e-03,-4.062881418842215209e-02
8.909717815504848186e-09,-2.151161948561108959e-03,-7.814774322088520464e-02,-2.113445024867790989e-07,-3.972361493575982810e-02
2.996800855790769378e-09,-4.076402212329321463e-03,-7.639277955169562762e-02,-8.536213446796511982e-09,-3.399358875096445548e-02
-5.521618239151650825e-09,-3.620630358169162847e-03,-6.969393804538971671e-02,1.773805974815677832e-07,-3.313371741951798288e-02
-3.847129830140812112e-08,-2.028854700310267836e-02,-5.788653229475072826e-02,1.325976645579916976e-03,-2.951433605237000976e-02
-2.566516773421805390e-08,-4.364463478131188484e-02,-6.867787094968087758e-02,4.048272544415194157e-02,-1.611409238045710679e-02
-1.987719562598871789e-07,-6.127732730763102431e-02,-6.919984874936913055e-02,7.820602163318719768e-02,-1.292974373266944535e-08
-4.625274625029408520e-07,-5.786966029793925298e-02,-6.852315361824659612e-02,1.179229442416679513e-01,5.232008230642740718e-07
-4.297567836979961586e-07,-4.841836485381720290e-02,-5.943079805497356038e-02,1.456585666845641169e-01,8.629642980789283072e-06
-2.823566251875226998e-07,-3.707510682668398866e-02,-4.001627880014251709e-02,1.600089340501682500e-01,3.244089877760835582e-05
-1.954145136305346745e-07,-3.017841682772752152e-02,-1.996834973466973112e-02,1.771880240260697847e-01,1.933851877812931116e-04
-3.990040067462855110e-07,-9.278937534283319966e-03,-4.402453945674649674e-08,1.898440553278276377e-01,2.075524454521484718e-03
-4.160518472004154172e-06,2.543237550085114696e-08,4.346803356374923316e-08,1.842297958424679583e-01,2.099197878017945371e-04
-2.691722395027393408e-04,1.129391299772134405e-03,2.455086535987556957e-07,1.776951053236366374e-01,3.430352084485332989e-06
-9.307718609727523226e-03,4.175556131627213702e-02,1.188360447178420411e-06,1.778435177955401958e-01,4.716464184053763894e-06
-2.798045081777279092e-02,7.929087941737243683e-02,1.074900632505357726e-05,1.651067086174377585e-01,-4.047916641103512023e-10
-4.571005128575082038e-02,1.288988087050835507e-01,2.460174048135171186e-05,1.304678046164059746e-01,-2.403686152830220233e-08
-4.592168484025730552e-02,1.725289118069613381e-01,5.733327939505677230e-07,7.803359478930338433e-02,-2.195526482623563597e-07
-3.903563201867354948e-02,2.068733716174293580e-01,6.486878708496463581e-08,2.597938736103065985e-02,-1.537936374665502346e-07
-1.067307918728853215e-02,2.331354717066255466e-01,1.216080211117273874e-08,-9.485595997292942224e-08,-1.419679795697944126e-08
2.916356609543118139e-06,2.213758304193567672e-01,-3.169284955420839600e-09,-8.684380242223730447e-04,2.737187398759383106e-02
1.365709380582247898e-03,1.939879570015430876e-01,-3.801861355877390620e-03,-2.506263164925072798e-02,6.376211664315324656e-02
3.006968560522439715e-02,1.671392902454831020e-01,-8.763903995504475700e-03,-4.574469871369776092e-02,9.585780042531903689e-02
6.152998133890034971e-02,1.190086147204820755e-01,-2.764902881148596434e-02,-6.350241128980088634e-02,1.223796244923652937e-01
7.325247209685971372e-02,7.267909521987199473e-02,-3.554067343973455612e-02,-6.997800311698526565e-02,1.369873238178272168e-01
7.828250253011483084e-02,2.758339544064513510e-02,-3.309419092836139720e-02,-6.286620129342887497e-02,1.399133054854042324e-01
6.667129098465675308e-02,9.036338016192473673e-04,-3.493648584261433571e-02,-4.163619268698856568e-02,1.488353710605982982e-01
5.381834337360604653e-02,-2.245059516796131659e-08,-2.870426791141476169e-02,-1.181934142752170090e-02,1.599443339170450729e-01
2.923934108336594118e-02,-3.870462169801325205e-03,-7.043875508472132821e-09,2.311152633845533449e-07,1.668445808782590134e-01
8.810806920710196471e-03,-3.610733153110916305e-02,-3.587326314694392831e-09,9.636364348816293726e-07,1.650306299928939180e-01
5.169576014009145460e-05,-5.802145084966518068e-02,6.017955368098687335e-09,1.289226576592318419e-06,1.588592794382862883e-01
9.867117727440403321e-06,-6.879978591644490826e-02,3.350975806183729877e-08,2.125079666706130208e-06,1.505544911085967275e-01
3.499509992583103249e-07,-7.533375195326356966e-02,3.482359216534051068e-08,8.559934177333814657e-08,1.318314750367299004e-01
-5.791377831641549400e-09,-7.691622260613412143e-02,5.510845271711487633e-09,-9.220677140657063607e-09,1.147112714978561765e-01
-6.407347716984904129e-02,-6.547327920641389520e-02,7.328643871432611587e-09,-2.604078651286178823e-05,1.024876335042841508e-01
-7.947762445838853218e-02,-5.712980516953338611e-02,1.324834783855021538e-09,-1.000743003857216748e-03,8.314892550519173420e-02
-9.662633851629738591e-02,-4.719457077812642953e-02,4.145622719524066455e-10,-8.447491721365456632e-03,6.067621775313069427e-02
-1.144941003221650599e-01,-2.657652869073871132e-02,-1.205768568932749595e-08,-1.963434564891074555e-02,4.807378385888187722e-02
-1.332428555074208210e-01,-8.351749743609537119e-03,-2.617641922319813492e-08,-2.880074212376188686e-02,2.668386785756290958e-02
-1.512323812093654130e-01,-1.229200630069095109e-08,-5.471030664832651852e-08,-2.994492585323688463e-02,9.781354934413698243e-03
-1.665508785398280567e-01,9.782376753843357075e-09,-4.510083865241036825e-08,-2.479511583286468646e-02,2.847277708018894002e-03
-1.765260187110750389e-01,6.225772538903377133e-08,-6.266272524177883647e-08,-3.151642795777585826e-02,8.803084008396754728e-04
-1.741812601628200674e-01,1.720531300215173438e-04,-5.828781272036371470e-08,-3.388032756293566511e-02,2.186478382968207494e-04
-1.691621922070392081e-01,1.639503784422068370e-03,-1.811528763217993586e-08,-3.749096313626220506e-02,7.010414590858903548e-05
-1.562938378365382741e-01,2.352275043665766341e-03,-8.514337228236893116e-09,-3.849534444224507468e-02,1.719075883167654138e-05
-1.418391934906541862e-01,1.120836396697292583e-05,-3.331412832871324820e-09,-3.688877236902895346e-02,2.354351728512416476e-06
-1.282448601302392521e-01,4.405402066430953712e-07,7.050819947992652107e-09,-4.089329011034585626e-02,2.494797053283142285e-07
-1.113190074007909397e-01,2.280633017734674430e-08,1.923596250662000316e-08,-4.309075364022418864e-02,2.739247226641959524e-08
-9.777503447894254907e-02,1.660425441008745038e-08,2.214087098502913464e-02,-3.729517742854455281e-02,-8.947610640412214950e-09
-7.933963246559672111e-02,7.551974028114511165e-09,2.343208836178183388e-02,-3.493189070260938056e-02,-3.740515130388495646e-02
-7.699920336362367501e-02,3.341332949458416924e-09,3.651412828183301512e-02,-3.443405473281173357e-02,-4.418742154271781269e-02
-6.780245233628100221e-02,-1.444395075668545918e-08,3.696455741094249736e-02,-2.710285724925117282e-02,-4.101641751289514248e-02
-5.079932409056065606e-02,-1.657392278737378800e-08,3.110458979689184611e-02,-2.480620098345208066e-02,-3.971529638691053549e-02
-4.760141905180689109e-02,-3.213932924494842524e-08,3.404512159444150060e-02,-1.581827515823273911e-02,-3.551945846096501991e-02
-4.314191272390485027e-02,-3.478285934702645826e-06,3.767422334751216462e-02,-7.245727666131787301e-03,-2.305892550571025240e-02
-4.090501551762734667e-02,-1.439648962801314176e-04,4.559154409554291854e-02,-5.068693076883034644e-03,-1.793133399584241963e-02
-2.474926705297924440e-02,-3.811683764645415733e-03,4.693430000464503954e-02,-5.341542911449070202e-04,-7.150907945277511397e-03
-1.193703280900136783e-02,-6.722301591807255949e-03,4.701806275419951470e-02,-1.508081734639378935e-03,-8.710688290195790209e-04
-1.522125408549271711e-03,-9.840943263009712533e-03,5.326263151346614239e-02,-3.998412662579913586e-06,-4.692550202756976576e-06
-2.730974650314785799e-04,-1.128546237843222437e-02,6.190107761629321664e-02,-8.736229364362881302e-06,-2.257685853774209789e-05
-2.552555472742385171e-06,-1.265491602488000300e-02,6.390584954681365060e-02,-6.533675229157142872e-07,-8.832547602639556693e-06
-3.767742009786334986e-08,-1.273196949417374282e-02,5.995775296861190901e-02,-6.826937869365778325e-06,-1.227139866222549556e-03
-5.633003909447814892e-09,-1.280720621080557418e-02,6.923234676425189804e-02,-6.608743789095917608e-05,-7.448731019364670559e-03
6.792316565130276265e-09,-7.499293863380857884e-03,6.814240198038544472e-02,-2.358698094144268215e-05,-5.358548490611615006e-03
1.066132665117318468e-07,-9.477541806818647399e-03,6.232057723841677443e-02,-1.372887603263135345e-03,-1.030664130356008165e-02
1.143750042929658241e-02,-7.057774453150366355e-03,5.512926030052220372e-02,-3.148092756904430963e-03,-1.039285961195628508e-02
1.309592738470809203e-02,-6.362798452896324848e-03,6.008508004289252885e-02,-2.518748937831293976e-04,-1.118745392170293965e-02
2.125473753439479849e-02,-1.716155028634754401e-02,6.169628640144687870e-02,-1.523090289188024061e-04,-1.324532879618835028e-02
2.045469141787239001e-02,-1.328177474899353526e-02,6.093412516006278118e-02,-4.572797095082507595e-06,-9.697097895649420957e-03
1.860409995627091556e-02,-1.062605509417849023e-02,5.886604062262119907e-02,-6.204124684156254227e-08,-1.604278815611136569e-02
2.184409405408627852e-02,-1.575016585720090401e-02,6.082559181676850529e-02,-6.005160357828558251e-08,-1.434051633325232264e-02
2.442043192197854845e-02,-1.215175884566898137e-02,6.098446565702172334e-02,-1.558487004445122880e-08,-8.380780559779001798e-03
2.872748681629884795e-02,-1.399419556272467162e-02,6.208706591322128016e-02,-1.021865459622320032e-08,-6.024373496341241078e-03
3.247267567947612760e-02,-1.182817045016239590e-02,5.723762848710377271e-02,-5.798692697938479791e-09,-1.199831954338547411e-02
2.921547381656861356e-02,-6.370952175030419017e-03,6.986012418393770795e-02,-8.264366878042196075e-09,-1.791267735737163760e-02
2.497487782378331883e-02,-7.103231329727979944e-03,6.627937308979414688e-02,-3.325435143107857259e-09,-1.357430552047078458e-02
2.100256610273490421e-02,-3.605900603147658653e-04,5.942645446088626326e-02,-4.171331222933482681e-09,-1.790018582934261096e-02
1.606560757736492928e-02,-2.773139649434847032e-03,5.628527830945751625e-02,-4.594171942189865572e-09,-1.745180360235480677e-02
2.568105281291351016e-02,-1.243561966879165766e-02,5.660230446935578252e-02,-4.247476584515647583e-09,-1.564055756085166657e-02
2.952184421872952255e-02,-1.774987704962647378e-02,5.807857482164162366e-02,-4.978907731496532832e-10,-1.497160202159509255e-02
2.999151504223871237e-02,-1.301707766741446587e-02,5.819805913338588210e-02,-2.453751712035151439e-09,-1.524598875281368317e-02
3.907601581655466283e-02,-1.962533719531653689e-02,5.252772317014114262e-02,-5.704819438177825481e-09,-1.569973267237725900e-02
4.019009048187888872e-02,-9.033906779028431575e-03,5.426671387813958303e-02,-5.501343363760824657e-09,-1.869554129885943328e-02
4.013460648614257387e-02,-9.485529142502162336e-03,5.243440145236955008e-02,-4.164241352429994693e-08,-1.956099194373677949e-02
3.535860616392486055e-02,-1.634134556192897759e-04,5.051135550724553114e-02,-3.314570488357023088e-04,-1.819697162520793332e-02
3.984559539001256145e-02,-1.093136846842716764e-05,4.349327721880372200e-02,-7.940171154238589990e-03,-2.095080424370012601e-02
3.779405013751001990e-02,-1.400842426721825333e-07,4.220825533605812585e-02,-3.248413051657494163e-03,-1.170294578470998208e-02
4.732978277371518994e-02,-4.591001763846585507e-07,4.441407766613750252e-02,-2.944994966488649244e-04,-1.672894630239996072e-02
4.706495004994861592e-02,-7.071017150319674465e-08,3.639473854149796045e-02,-5.181678706055151506e-08,-5.502658630181259287e-03
4.826030497987171541e-02,-6.210234460293122021e-08,2.796648742813266295e-02,-1.571553461819618085e-04,-8.639298625965543404e-03
3.937515007553511748e-02,-3.420818937032732593e-08,3.772569800388621275e-02,-1.714099818709630325e-04,-4.672325784580489728e-03
3.699456013429806844e-02,-4.349852625249959419e-08,3.149985062548241177e-02,-1.365175272462322228e-04,-1.482019202620518238e-03
3.739320418649718508e-02,-8.084856394831422644e-07,3.590544227912288028e-02,-4.953200387601737215e-05,-3.203780582359557318e-04
4.365588928540421049e-02,-1.310214831256486320e-06,3.211059920615912111e-02,-3.159205378467129163e-03,-5.294860186882450678e-03
3.162943753346479647e-02,-2.385716718578698584e-07,3.630700087178276997e-02,-8.554491594421585743e-03,-8.672674337193961996e-03
2.944340475659338804e-02,-1.216199061664260423e-07,3.126624480078208507e-02,-1.633020996964013732e-02,-8.957475612631788514e-03
3.433649085162149284e-02,-6.779286074014520981e-08,2.439497631544779860e-02,-9.321697437135447947e-03,-5.751927003942563718e-03
3.893191473586744833e-02,-2.041594102688866124e-07,1.829817447673367722e-02,-7.168772190834629687e-03,-7.892013105460764927e-03
3.730035657446767461e-02,-3.085132397217859420e-08,1.658462640481345868e-02,-7.878563819958673761e-03,-4.090773775177075113e-03
3.680532078129283846e-02,-1.770381443638009616e-08,1.448092699322874044e-02,-3.245094419958340906e-04,-9.903548475279065914e-05
3.634534472810278111e-02,-2.612099303558207785e-08,1.435117683382097298e-03,-7.744519568288884756e-04,-2.707889929116877144e-06
4.604329950616130318e-02,-5.857843180993690764e-07,2.036374422119547191e-04,-5.058448914781720103e-03,-2.681722474742037203e-05
4.845283011749335761e-02,-2.738317388349119743e-07,6.557373979386309541e-05,-1.378777770647933616e-02,-2.598877589560923904e-05
4.536634263693362090e-02,-3.910559645970717573e-07,9.234043144828328251e-05,-1.599475296460715901e-02,-7.176729109069754718e-06
4.390984971601571973e-02,-5.576476931716240850e-07,3.110132889290696058e-06,-1.495833739441575216e-02,-1.004759940909124538e-06
4.695460026918903129e-02,-4.376120829294182248e-07,2.877981479035970589e-06,-1.652652685254310874e-02,-1.445975675894201422e-06
4.179795941932100412e-02,-2.196809307676816611e-07,3.888152811347482903e-05,-7.391357137002071455e-03,-3.622506085824624575e-07
4.637617599988942685e-02,-4.296080595296231198e-07,2.320882350617811236e-06,-1.118156808417757400e-02,-4.959935574740774141e-08
4.721072322125657861e-02,-4.782946276673467983e-07,5.174764770554173729e-07,-1.271883075193325739e-02,-2.823999129704236175e-08
5.206490441867445140e-02,-3.753498245094363521e-07,1.493918731462138028e-07,-1.256405016181223397e-02,-2.440876116026928801e-08
4.820628219766143890e-02,-1.338935357760285381e-06,3.428187512957678289e-07,-1.553208331716389619e-02,-1.891354455623854264e-08
3.946086430493402769e-02,-4.804587308052798356e-07,1.026908286376057130e-08,-2.256299975695603283e-02,-1.514961096784183010e-08
2.762770991444903068e-02,-2.037470187253584813e-08,3.009116063317197693e-08,-1.544216949854622899e-02,-1.127694588937655244e-08
1.986346241223077916e-02,-2.908044681553053089e-09,6.787989608393458051e-09,-1.304709263710706474e-02,-1.645792951386724281e-08
1.837096439212047155e-02,-7.489042206068026883e-10,6.760264714815738481e-09,-1.208678634311028885e-02,-4.479649672575687970e-08
1.987720646210793668e-02,-1.747624250202848178e-09,-2.808295892450827385e-09,-9.148065106797219001e-03,-8.995842446343501231e-09
1.938938188488380232e-02,5.773895638985093335e-09,-8.519806054973100575e-09,-1.374202487610852105e-02,-1.301324620379340680e-08
1.393702098323130849e-02,1.057433248958568912e-06,-4.291529333475033399e-08,-1.223398447453971985e-02,-2.902409401789616096e-08
9.562212576428504376e-03,1.387941938001627536e-06,-2.272525872731439859e-08,-9.647490497322785269e-03,-9.742283015690151813e-09
5.887023271207986533e-03,1.291894151297650103e-08,-4.809292339111161806e-08,-1.409242402876751017e-02,-6.373386156447654566e-09
3.474315793564892139e-03,4.521345270792335760e-08,-4.643214606493672412e-08,-6.084378888835485777e-03,-2.964555003384718020e-10
9.690875347209552612e-03,4.367892730702512770e-09,-3.142356092710643645e-03,-1.555883230832308221e-02,9.472561685933418905e-09
5.275706953020452283e-03,8.664616159222145061e-09,-5.398792478208582456e-03,-1.199416414023740662e-02,1.488728491339459792e-08
2.503489842769086957e-03,9.864075346982229941e-09,-8.749044826214521370e-03,-9.200983307443897849e-03,4.832179891820720276e-08
1.135228155834312400e-02,-6.520675512380217095e-09,-2.208587387462896887e-02,-1.893156710395069511e-02,4.675490289550017843e-08
5.412352145591162872e-03,-6.051548099265751546e-09,-2.404148177713491888e-02,-1.631237938995971568e-02,3.489803137911321900e-08
1.410625541882511939e-03,-5.306982611921119584e-09,-1.658107965523685987e-02,-1.707508465253930116e-02,3.784390009078458016e-08
2.439810166902224402e-03,-1.189485257224067326e-08,-1.721374650672693324e-02,-1.574659234042409886e-02,2.011579356114104004e-08
4.766468940431108146e-04,-1.757438392994165915e-08,-1.935773717568466806e-02,-8.630526043470868741e-03,6.529691869400938188e-05
5.872763544770494179e-05,-1.248675577285080021e-08,-2.205947947505007903e-02,-9.077787234149344367e-03,1.959771612915360260e-05
3.855420465145910513e-07,-4.168217848260336232e-09,-2.261928251361653222e-02,-5.611840603287220411e-03,1.166827925156532195e-04
1.346887495236765698e-07,4.791362369683769572e-09,-2.730751127711539966e-02,-4.195753254786391620e-03,6.301589051840569887e-05
2.657727823339008480e-08,7.587637569915272512e-09,-3.025290239471718073e-02,-3.035613704765359726e-03,5.269597803243973502e-04
1.004389206196289941e-08,5.873836058337129444e-09,-3.180947548152170817e-02,-7.536143408053247797e-03,1.516353520641553702e-04
5.653110892074245722e-09,9.053755508096413419e-09,-3.361799526592897103e-02,-7.713560566610793388e-03,1.936895481122597980e-04
5.171293849297776417e-09,5.399267124955949760e-09,-4.120825952367045131e-02,-6.060350474225656946e-03,6.771317603482658815e-04
7.134814443867327054e-09,1.148527338599744464e-08,-4.799471609649953036e-02,-4.475074434344468270e-03,6.734485108264100554e-05
3.820478516898691897e-09,2.893453443536545974e-09,-5.316980450613648101e-02,-1.061966963256017089e-02,7.989477341646648184e-05
-7.425650359053369385e-10,9.105591410703602374e-10,-4.510852375333482267e-02,-1.737738109939130846e-02,2.218669208847378428e-05
-2.133297651131220505e-09,5.073109957629872254e-09,-4.826172376256427504e-02,-2.360818109907969822e-02,1.188828966095914192e-06
4.052647634165482679e-09,-3.928171261497351095e-09,-4.776087854213279665e-02,-1.651772810414980919e-02,4.408463897970678607e-05
5.212148996116693215e-10,1.382843187661993538e-09,-4.813680472864353965e-02,-2.022301063751518260e-02,1.471485036268987579e-05
-9.209389596618351711e-10,-9.329912145545028658e-05,-2.440771335855530344e-05,-4.204634726971718400e-05,-3.277316192782514515e-04
2.868433353591525185e-09,-9.807574130103716321e-04,-1.042926310365505285e-05,-3.453403314272022757e-04,-4.815191109604618699e-03
1.280319381543344766e-08,-9.851069923687078705e-03,-4.751435892486789215e-07,-1.616550846293285861e-05,-7.988416382419441519e-03
9.306187234405817435e-09,-1.675284839771620446e-02,-7.598610280852520658e-07,-5.396524729903253774e-08,-1.000853473543768333e-03
9.649480978063739633e-09,-1.149830320423302424e-02,-4.221419537379837261e-04,-1.043419842083010817e-03,-1.195656765492177434e-02
2.240656313350631863e-08,-1.481058448313231639e-04,-1.597007790383836185e-03,-1.253976818171071003e-03,-1.362786642414097991e-02
1.039685256184720718e-08,-1.529228648315541730e-05,-2.017256543728370826e-05,-7.359578404784665559e-05,-1.362807301325341669e-02
1.068612427097630567e-08,-1.423765696335522080e-04,-2.749024994266339918e-03,-2.478066054734321799e-03,-2.021300704550222510e-02
1.606914855443270542e-08,-3.742678466222873633e-06,-1.269982688577199308e-02,-1.205475746630000830e-02,-2.517252756368214620e-02
7.929986606595581425e-08,-2.239167002219878354e-06,-2.277482885200042551e-02,-1.881422268869097428e-02,-3.083907510439219332e-02
3.084432307288903982e-08,-3.841077969723205597e-06,-1.888976240093124051e-02,-1.260876611505621324e-02,-3.235669156864377088e-02
6.988375574841213717e-08,-2.865536679841296664e-03,-2.916082135536905012e-02,-1.869897073594044279e-02,-3.403496724444200067e-02
1.476401534987177193e-08,-1.426884766678937575e-03,-4.274952064491104042e-02,-1.713558396239402148e-02,-3.644726140841391543e-02
1.146192999880277900e-07,-4.534186841047122517e-03,-5.308826291258723212e-02,-2.411777154393973319e-02,-3.356383350364089413e-02
1.570723196194651408e-02,-9.995803377888554803e-03,-4.716222723204478717e-02,-2.386094392550607707e-02,-4.650070159967202577e-02
1.362836453518504777e-02,-1.292953896112978771e-02,-4.971477069772896329e-02,-1.766408590481161056e-02,-4.011583565763814779e-02
1.160806451584546635e-08,-7.442656555430545925e-03,-5.171082080762064159e-02,-2.170114665687621763e-02,-4.373418062181207849e-02
6.834583747390761477e-08,-6.342205205346462989e-03,-5.436711777421367880e-02,-1.369293863130898077e-02,-4.319347297810761238e-02
5.487411568750559000e-03,-8.862096643071061541e-03,-4.591378004059157997e-02,-2.038783839218282629e-02,-3.443042675493480226e-02
5.489940427644709152e-03,-1.861954095181536303e-02,-5.072769620840357485e-02,-1.872251540238576567e-02,-2.449309120340605397e-02
6.627434685757371650e-03,-9.042363993100543951e-03,-4.384835945012572483e-02,-1.499430856717529591e-02,-3.116649765946741257e-02
1.231854198230471556e-02,-5.256161064148750194e-03,-4.759329797177359184e-02,-1.460777585917988515e-02,-2.279786152558345436e-02
1.133955987427531786e-02,-9.301046254070577390e-03,-4.379080972846712688e-02,-8.888079721722237647e-03,-2.117089992801245851e-02
7.008514710360961436e-03,-1.396598682984885598e-02,-4.883931767093584869e-02,-1.611118628175542064e-02,-1.927208593139692269e-02
1.021817655902710828e-02,-9.715580331234544703e-03,-6.108833491335959043e-02,-2.038561753235690333e-02,-2.433435713146692159e-02
9.237957994601617845e-03,-6.500057133187113034e-05,-6.165772128917371836e-02,-1.228862375233692565e-02,-1.630492239887926589e-02
2.966832893934720061e-03,-9.569164564408938272e-05,-5.743026106213257320e-02,-1.619547097060410404e-02,-2.452529344586910215e-02
3.091880327780325210e-04,-6.067694683452360890e-03,-5.841633953519175665e-02,-1.473160018406420579e-02,-2.335319370644693346e-02
1.340305856447044092e-05,-3.189271530086262136e-05,-6.397172826671171375e-02,-1.554958350297352271e-02,-2.864570633202126113e-02
3.282199122709776335e-03,-1.850244710660280318e-04,-6.783459548526057925e-02,-2.079367535769302208e-02,-3.664896472471770167e-02
1.603687148131980372e-08,-2.720797414490175426e-06,-6.005626814106018729e-02,-2.058166114467327792e-02,-3.795054666614677830e-02
2.756174360065401025e-09,-3.443768287221569644e-06,-6.074103979092276145e-02,-1.826916041716788661e-02,-3.725790891949552763e-02
-3.020707363185310650e-09,-2.609805994917941855e-08,-6.668629448420056172e-02,-2.435718908697687146e-02,-3.892822996057473950e-02
-9.591901895696478010e-10,-1.069943643185011190e-08,-7.081699875557850854e-02,-2.151720673703070089e-02,-4.296083870692508216e-02
-1.203620070807045928e-09,-9.287829239894866684e-09,-7.127082472570274441e-02,-1.792104081223989606e-02,-4.430163692527805397e-02
2.197110109237669468e-09,-1.790714736509030484e-08,-7.935372093628866030e-02,-8.776012104968419075e-03,-3.355595110367132206e-02
-7.386008126667169742e-10,-1.538904071669396500e-08,-9.043430143657812947e-02,-2.741811815425607146e-02,-4.259574118300014228e-02
1.763356461466520200e-08,-1.128252706073262027e-08,-1.026820742777729417e-01,-2.934901888705638770e-02,-3.185333728664564018e-02
1.481183778495098089e-05,-1.481682252245302575e-05,-9.665030475468294746e-02,-1.392580594017209066e-02,-2.543174523826356379e-02
3.622142206126324286e-07,-3.933343353346455129e-03,-9.305721702717840993e-02,-1.411956908370108101e-02,-1.316526099854905055e-02
2.888535445223326480e-07,-6.141618412711288486e-03,-8.964282116764554775e-02,-5.422295774159341386e-03,-8.450715108866347497e-03
3.758980843929928245e-06,-3.754123398108203356e-03,-8.228815213064144540e-02,6.358232926520711974e-09,-1.830212725015464012e-04
4.098937860795046785e-07,-5.894910557094252407e-03,-7.547213663802529449e-02,2.458140198901804466e-04,-2.606363848131795702e-09
1.451142978771500025e-05,-3.658956485378112716e-02,-8.044967750982755239e-02,3.725987980534165717e-02,1.025483054330794698e-07
7.008528400573979282e-09,-4.110936867403233025e-02,-7.721090003761925391e-02,6.897437262917675838e-02,2.612100554094401870e-06
-1.078208610534403759e-07,-3.024005539412837756e-02,-6.911780769529056456e-02,1.080823515523294809e-01,7.203758956926936935e-05
-6.205988467861837757e-07,-1.951038818826478227e-02,-4.587769529853102241e-02,1.383571167108841593e-01,1.730629792415209914e-04
-1.886666279981150656e-07,-1.538859631839100545e-02,-1.612320713394240282e-02,1.683748474907197645e-01,1.107736831455274386e-02
-2.852030028655183000e-07,-1.269979544429834838e-03,-4.163073481021658910e-04,1.825976270146042468e-01,2.278304726443371175e-02
-9.879877232272273284e-07,-6.338664307348904084e-07,1.548941872737444062e-08,1.844349108403738335e-01,2.624673226003815599e-02
-1.912128030582257781e-04,4.874804085115306889e-04,4.071265455450106780e-07,1.734747771407071926e-01,8.421664773993299069e-04
-1.287725299746457844e-02,2.373390021516029111e-02,1.445428039953057253e-06,1.719829836056231409e-01,1.041394194848184907e-04
-3.074052792782144827e-02,6.591654947001303333e-02,6.836800846439446007e-06,1.627966476428753806e-01,7.072305399529568629e-07
-4.271348667869918903e-02,9.022844945619909462e-02,3.009026999081826126e-05,1.383881021541433776e-01,-9.483505341396841272e-09
-6.125211291565735988e-02,1.244520229654719062e-01,4.624264073245723262e-05,1.058792533308008238e-01,-9.527565128195172171e-09
-6.944092185608423395e-02,1.553340436086197429e-01,1.491564549542638655e-08,7.121801810890251994e-02,8.429812560393874145e-10
-5.769946850678719236e-02,1.794600524693318877e-01,-1.321065009606730637e-08,1.498873015362149272e-02,-1.158100108737314250e-08
-3.648053548459480322e-02,1.941939237675948393e-01,-9.396498354193296000e-07,-8.529474329016861069e-09,2.369442415563805839e-04
-3.860531367732783839e-03,1.885231716577642214e-01,-4.331946965496555601e-05,-5.565052809382899915e-05,2.603669672498922644e-02
9.534926651246455860e-07,1.715972795103534732e-01,-5.482705322368139822e-04,-4.321333215763408994e-03,5.652278167804625914e-02
1.138187590463138132e-04,1.528540713367568527e-01,-2.456938497726811332e-02,-2.731113057151776310e-02,8.059135121576782579e-02
1.119423113936976640e-02,1.323650852542945233e-01,-2.236634078685501709e-02,-3.820485444365508132e-02,9.113201021263628299e-02
3.312198964821627678e-02,9.365101529794571389e-02,-2.087991711872794198e-02,-3.291439040871341898e-02,1.070996957736577715e-01
4.002732698749373458e-02,3.912293159898053846e-02,-2.280519470227279286e-02,-1.506038985484276470e-02,1.326093973260277503e-01
2.564043296192951640e-02,1.108094315431437269e-03,-2.523115650383416300e-02,-1.283423815405853631e-03,1.464128479562557261e-01
1.464392361987603385e-02,2.164588626680548278e-07,-4.374977452478213718e-07,1.739025454663636340e-06,1.638454384622024806e-01
1.305224839351830672e-03,-7.763919276277651566e-04,1.615043785627931048e-10,5.540259987968749415e-04,1.678602097753383593e-01
2.477486855364653229e-04,-3.646107269305469412e-02,1.322434467382819619e-08,1.737587297944548359e-02,1.700015413981287304e-01
6.927061805476748650e-05,-5.482220090821347119e-02,3.344658541938648231e-07,3.523452525963469834e-02,1.625117784672959198e-01
6.892477661432428783e-06,-6.742323377190946598e-02,6.561968732288370138e-07,4.460937651433506679e-02,1.585836772864590294e-01
7.449008955051669530e-08,-7.865999788324767872e-02,2.849258251342662185e-05,4.253726927042360967e-02,1.447345926903392532e-01
-4.250797123166508151e-02,-8.930404362722915712e-02,6.778205327318028296e-05,3.798488445477536668e-02,1.419448636775582639e-01
-6.247071557454381141e-02,-8.656961585426167782e-02,7.294874719442321655e-05,2.553603957920120779e-02,1.177216392172381054e-01
-8.088813199467652371e-02,-7.763539771393836164e-02,9.984147206104307740e-03,1.148328024784154612e-02,1.016276539424079695e-01
-9.677669675441873121e-02,-6.975003373830367115e-02,2.622244362664272882e-02,3.606330582982384845e-04,8.980589221086389407e-02
-1.088066719559122736e-01,-5.738854782281797157e-02,3.492160597319640680e-02,-1.563376925055747305e-09,7.409688834196806462e-02
-1.189248795311921708e-01,-4.162993497075632987e-02,3.690697820048858407e-02,-9.935596512238331569e-08,4.209343698218237506e-02
-1.230308042179537598e-01,-3.098498565139246042e-02,3.220056074345019337e-02,-5.079167890026173948e-06,2.443399120433387486e-02
-1.189268433257562457e-01,-1.601545272405004855e-02,4.539266574862672182e-02,-8.186662201361223959e-05,1.208444137273297905e-03
-1.208432426994453940e-01,-1.319602113416147929e-02,4.120811697811406493e-02,-7.161876978859515758e-04,6.891499018922357103e-04
-1.167130348155473313e-01,-8.232710860624326650e-04,4.358994025921758553e-02,-1.129825911522956000e-02,1.226220939979616963e-04
-1.055609201539011305e-01,-9.103132136484246863e-05,4.141128507095163946e-02,-1.572476434369411008e-02,2.552492064455698695e-05
-9.340185162398982610e-02,-1.454869324962060548e-05,5.695588577002565212e-02,-1.647078601415739169e-02,4.895833354004588659e-06
-7.534360350533704509e-02,-1.109717518300223975e-04,5.800883616817303912e-02,-2.747659443849371705e-02,1.286109015770840898e-06
-7.141277120299918679e-02,-7.027917820380165934e-05,5.984952611965996955e-02,-4.510579781254055176e-02,2.627260094859915384e-08
-6.101109441202293843e-02,-2.190431800333801139e-04,7.091028590880743554e-02,-4.234635474750032130e-02,-2.760745921041905891e-08
-5.016152304431900633e-02,-1.957004752946249330e-04,8.359505360141061825e-02,-3.566973370462395154e-02,-1.625805551267141963e-02
-3.988527349684765216e-02,-1.060743066076757363e-02,7.278566617438088360e-02,-3.435891588404004632e-02,-1.407559584312573393e-02
-3.368963254614122660e-02,-1.200497349501183052e-02,6.157769430596599786e-02,-4.447498872595630898e-02,-1.777009989026777717e-02
-3.052375429031188234e-02,-2.627004146772434975e-03,6.842982621401116905e-02,-3.271660917369670352e-02,-9.029906861529971365e-03
-2.851426928669442001e-02,-8.426928863273357726e-04,8.072135158565850455e-02,-2.669618994394154163e-02,-1.342732386092247536e-02
-2.861870848487842525e-02,-7.790325310360083841e-03,7.502808006781508388e-02,-2.752833359597412280e-02,-9.483274076107746711e-03
-3.700961097541333178e-02,-2.757570793360175285e-04,7.609331900615477762e-02,-2.052271433907633391e-02,-1.065395796737002992e-02
-2.321363009471156744e-02,-2.875836911042891839e-03,7.625493462139830425e-02,-2.374031255135031562e-02,-1.881819713108011730e-02
-2.389832009518514169e-02,-1.525669813284611428e-03,8.581620960415284327e-02,-2.153394913817396894e-02,-2.056835141638768336e-02
-1.126811130226709930e-02,-1.727397299515662362e-03,8.693576437428658654e-02,-2.254727298297200602e-02,-1.980267786065140895e-02
-5.261945412966574642e-03,-2.177377057555985436e-06,8.648850674460356602e-02,-1.884871826150201143e-02,-1.789397598167104600e-02
-3.496738755887978615e-04,-2.713372506542540222e-08,8.760726936844345780e-02,-8.921600225239526699e-03,-9.423115644691284001e-03
-6.514557350246517013e-07,-1.181521084936532297e-08,9.269068621437501210e-02,-9.960239915263159605e-03,-1.307320389996870398e-02
-4.493371731305138286e-08,-5.321197045564880480e-08,9.268313443914107108e-02,-1.737704957893943924e-03,-4.856136368819983715e-03
-7.594648532293405705e-09,-8.810330269029504761e-08,8.815904791126662199e-02,-1.342043606046150125e-03,-1.091208480468277252e-02
9.475116861163261121e-09,-3.511089785999569410e-08,8.766257031583811477e-02,-8.872541895893040266e-05,-1.115376500116793679e-02
7.666556137842841026e-03,-3.239647476203693641e-08,8.351819041836300306e-02,-4.997340189307733407e-05,-7.080405785133066753e-03
1.283095747677350830e-02,-4.611484804714767225e-06,6.659185438278149294e-02,-1.881989299102144672e-04,-8.099177408951907433e-04
2.129494414098876895e-02,-8.097105278917845781e-07,6.284666707488301141e-02,-2.873271950740060839e-04,-4.517281718985342344e-03
2.891530585820729221e-02,-6.534390444299310869e-07,6.712893469430843141e-02,-5.408096446159527610e-06,-7.710089056166936385e-03
2.601792718338403684e-02,-2.834670358655256495e-08,7.027980414387367814e-02,-2.224714739420575422e-06,-1.071427027872488662e-02
2.952433994343977089e-02,-4.565985668654680620e-08,6.888218904677551047e-02,-4.101416553544132495e-08,-4.664860795775963194e-03
3.705849176734353490e-02,-3.869334051724315440e-08,6.139208614441789974e-02,-4.786193575748129996e-08,-1.019927592289563041e-02
3.892047769462793350e-02,-3.848665081935723102e-08,6.072912426136936603e-02,-4.193421667121593258e-07,-2.263816294430651133e-02
3.395914458430623895e-02,-9.755128201700482339e-08,6.661798189935706771e-02,-2.479290651671514373e-07,-2.261471313643689460e-02
2.728426652931256399e-02,-5.418569554482735277e-08,6.124401651997547075e-02,-1.696224981489628024e-07,-1.773415350136483409e-02
2.435110480420418777e-02,-6.169043799957485084e-07,5.794003137577460189e-02,-2.290070047434956689e-06,-2.498784236992010813e-02
2.083749409977385739e-02,-5.527930722338980918e-08,5.803169091390348450e-02,-7.157618208910933870e-08,-2.645103632968848900e-02
1.962544555115081427e-02,-1.900453545854950928e-08,7.206464438674822781e-02,-3.814207022052365221e-08,-2.280979698443724724e-02
1.899135806200794030e-02,-3.421912961178920161e-07,6.461712448026978028e-02,-3.090359132848385230e-08,-1.967919460354228961e-02
2.428758212573299546e-02,-3.546102398209602577e-07,5.078326898652827520e-02,-2.691433073954861999e-08,-2.472145438184789740e-02
3.015238742559427781e-02,-1.082945118919241042e-06,4.490274660873063567e-02,-1.846916023907422502e-08,-1.393623743785786170e-02
3.037277514620720029e-02,-1.622456375772253243e-06,5.653893046684641682e-02,-2.424694999148015312e-09,-9.393769910773081683e-03
4.294545613403127210e-02,-1.020225558589106865e-03,4.771319891625612486e-02,7.094350571372489782e-12,-1.391968451288263728e-02
3.976984209554292743e-02,-8.916527514879848439e-05,4.754243759009114251e-02,-4.354186132745696757e-09,-2.005817262816722915e-02
4.435508594083230338e-02,-4.846644623409299114e-06,4.852378383151828567e-02,-5.534947409626542058e-09,-2.501828738534335808e-02
4.595394899668878153e-02,-5.338688631836578198e-07,5.523151129460832087e-02,-1.013575507554487694e-08,-2.176194723420970395e-02
5.134173152461606049e-02,-6.357085048773125570e-06,4.779877801519945291e-02,-9.956305396615585254e-09,-1.726722013787702556e-02
5.177963319487039612e-02,-3.466792181906394293e-07,3.580250977727522654e-02,-1.939655433004382862e-08,-1.634322974603616072e-02
4.099684415635054119e-02,-2.461654550503872806e-08,3.103411829951320186e-02,-6.994804027981043129e-03,-2.279035795351971525e-02
4.831403607738907896e-02,-4.400504050683718773e-08,3.367740081201041347e-02,-9.727473618581082559e-03,-2.399583454879755315e-02
5.499097965530608950e-02,-2.669223682926247824e-06,3.220020978585556165e-02,-5.920733897234321634e-03,-1.590780982861491472e-02
5.510743727419761817e-02,-7.210868640179887165e-07,2.209607739049142955e-02,-7.551625085475717827e-03,-1.305751610546198802e-02
5.574122435657172941e-02,-2.186176707460464234e-07,1.300625212455840986e-02,-8.687967853863396220e-03,-9.966861204010466976e-03
4.947258870705596029e-02,-2.283309534676609157e-07,1.242333764025933297e-02,-1.091894139052901336e-02,-1.209583394276712159e-02
4.575983212201856914e-02,-2.990643113372933903e-07,2.147739277737918673e-03,-1.415080384772225176e-02,-3.784575230094213739e-03
4.668068895839121851e-02,-2.610039146334985665e-08,5.761968652103735718e-05,-1.666063975537576333e-02,-9.976536513091143615e-03
4.776155356218616393e-02,-1.635385654146522505e-08,9.473544671521041687e-07,-1.000178029416633196e-02,-9.010294383573359128e-03
3.698779312023453558e-02,-1.260617706915543326e-08,5.788000443135133432e-06,-8.382742223997432032e-03,-8.127820320856921771e-03
4.535275227730365538e-02,-2.730708246908343219e-08,1.816211095583390856e-08,-1.069758115124884619e-02,-5.690622403139366722e-04
3.435119397211390535e-02,-1.176020458698790613e-08,1.116288366091303244e-09,-1.356159429612550926e-02,-9.366171273791360418e-04
3.836323384404996539e-02,-1.234171625589057017e-08,-3.508849655942647736e-09,-7.548094878098984134e-03,-1.346965353712644233e-04
3.925178210851680560e-02,-1.176656387495165785e-08,-1.750833156796172671e-08,-1.580834170668076952e-02,-2.486176179721620848e-05
3.245678923997703108e-02,-2.008755578390533668e-08,-4.677360708111115135e-07,-1.580987614827902843e-02,-5.387032106901839626e-07
2.118404027182228463e-02,-1.104367908648076995e-08,-1.576091313124779487e-05,-1.793300801716275761e-02,-6.146776128136164541e-07
2.073345243741828853e-02,-1.263262981890746198e-08,-9.083502532441042237e-05,-1.419969302499789546e-02,-1.781427768508148870e-07
1.601353042472745264e-02,-1.859407134050878442e-07,-1.800258416702901028e-04,-1.109439850120145371e-02,-1.053747829576915539e-08
1.180729980007258484e-02,-1.419323489929521002e-05,-3.916580314545742986e-03,-7.306094252977594558e-03,-1.070352179612534459e-09
2.503906949426597597e-02,-3.739256143086492327e-05,-1.970951352580055035e-02,-1.747279601253032277e-02,-6.101486536976894829e-09
2.820275668416876574e-02,-1.435340820376521791e-05,-2.132052032025416599e-02,-1.152473357539070785e-02,-3.213662351192297897e-09
1.735286685851729696e-02,-6.414314822443716857e-06,-1.416365331537872141e-02,-8.615863658073277809e-03,-5.090482365666322182e-09
2.328653359235004910e-02,-5.821384429629938427e-06,-2.306182848045948072e-02,-2.090268313713241136e-02,-8.400044666594521197e-09
1.081121992436106204e-02,-2.934326714118793416e-08,-2.350165792726380265e-02,-2.790717611163462397e-02,-1.461450661333714626e-08
1.766343009455843133e-02,-1.638505148956454650e-08,-2.835101765024076667e-02,-2.642344608911454534e-02,-7.720190580621477847e-09
1.379412643936645672e-02,-1.461088945783381856e-08,-1.688922564676914595e-02,-2.176631576737986934e-02,-6.843654549047953001e-09
8.216292661504068576e-03,-6.714470191818149139e-07,-2.393321233593469557e-02,-2.795929763339094834e-02,5.711396378147416469e-09
5.459708710369487808e-03,-1.684723215198160939e-08,-2.659621231773068653e-02,-2.652675188575176479e-02,1.507833052893819133e-08
6.950986160527936573e-03,-2.926859393012526955e-08,-2.121119359277552976e-02,-2.117205096922888594e-02,1.584731862652435553e-08
9.815679126963246237e-03,-2.245342235976893761e-08,-2.391725669045602007e-02,-1.157126411667633824e-02,1.351384511744849957e-08
8.012588976808631552e-03,-3.315748393082886802e-07,-2.106426383435573355e-02,-1.754787519781514371e-02,1.292412707054825871e-08
5.929139782428523818e-03,-1.202553099128994102e-08,-3.005831588459407719e-02,-1.736330970940890700e-02,5.243027027057442327e-09
5.154508274406609768e-03,-5.347179854314729678e-09,-3.753950037705976878e-02,-2.297434083173780991e-02,-2.972476462436128387e-09
2.908830597006479245e-03,-1.279140982962236687e-08,-3.590968541018033783e-02,-3.034533895163379208e-02,-7.920845623916976821e-09
5.159465349902759776e-03,-2.462484691557783221e-08,-3.603965763264140032e-02,-3.156161566858645129e-02,-5.617254946697307842e-09
1.947816142777365371e-05,-8.237162915908159089e-10,-3.824833918311044967e-02,-3.298507936030620202e-02,-1.162290290227639747e-08
1.783378042339408342e-07,-4.255436456658697272e-09,-3.770602771565196437e-02,-2.754980908301211950e-02,-4.649641528863060592e-09
4.896442158998271603e-07,-6.525253850912029046e-10,-3.523474599013260572e-02,-2.620168869418796134e-02,-7.837167328608926263e-10
2.675368702064655915e-08,-9.384409977304160662e-09,-4.085832208687299044e-02,-1.810027771008126604e-02,1.514844216579451770e-07
1.714974025338406086e-08,-6.837676558973156069e-09,-4.122345878445881490e-02,-1.612404027281223035e-02,4.712688148057468109e-07
7.426976469942659552e-09,2.659557017858857281e-09,-4.110353491994836461e-02,-6.139647543768732112e-03,2.051393399232619225e-08
3.042784941374203211e-09,4.546435597170574650e-09,-3.230960690537596630e-02,-5.273918989067637522e-03,1.394514108413838537e-08
1.466826783333290249e-09,-3.376467634581449438e-09,-4.059918921407430770e-02,-1.025981390224797729e-02,4.696262948839991662e-07
-1.976639362871422452e-08,4.325054744978243509e-09,-3.612683004287021993e-02,-1.558186690812837956e-02,1.121581624184389772e-08
-8.300024608935013893e-06,8.621463467615457574e-11,-4.423046129107469776e-02,-2.772918042451481824e-02,5.213098227183785326e-09
-2.670152026448920885e-05,2.369065969856533388e-09,-3.292094319027844690e-02,-1.289499876099698197e-02,3.517906828129405539e-09
-2.536979976304563629e-06,-5.488264046249289179e-09,-3.470871789022954984e-02,-1.500593848808340174e-02,9.487000884121933437e-10
-1.498943448769005425e-08,-7.384836278109200655e-09,-3.344714808020954333e-02,-1.132363317785125070e-02,5.991166546352402992e-09
-6.335216139173857877e-06,-6.295635224197386356e-09,-3.526532987640124822e-02,-2.288551873902195180e-02,3.497458674766835186e-09
-3.181613526454041740e-06,-9.019423230064007214e-09,-3.826856074234868954e-02,-2.840996202884301172e-02,-4.201488396223625243e-12
-2.575077477495027555e-09,-3.351204703992864074e-06,-5.228839407208637352e-02,-2.441835762900563395e-02,8.226091128924276534e-08
-1.696424570660499723e-05,-2.170745623006671850e-08,-4.613653663418845058e-02,-3.631695825381792836e-02,4.508966425981201322e-09
-7.319893845343269009e-06,-2.102594202719484032e-10,-3.625156778317203260e-02,-3.324523485645610593e-02,-1.188151863037129163e-09
-5.643269885138225355e-06,5.668895818275875736e-09,-3.659896351777149753e-02,-2.663265498964664107e-02,4.546712015626288106e-09
-1.151235196937900506e-08,3.566705068114801350e-09,-3.981748924248033894e-02,-2.325535726850671767e-02,4.661505202432076525e-09
-5.263650421805769941e-09,-2.199750987856228623e-06,-8.728082822305539596e-05,-1.666165474404051382e-06,-6.576164373319013517e-03
-3.079447439006256977e-09,-8.657442695562837174e-06,-1.708412771809804788e-05,-1.913203187437719495e-06,-1.579910218610871761e-02
1.996591867601163697e-10,-2.594973634338440063e-05,-7.155708842841271050e-06,-2.791023017551197796e-06,-1.369856674042208705e-02
3.329777413544903086e-09,-3.726998642524039808e-05,-3.110378104838494779e-05,-7.198365929069402438e-05,-2.310393339295309031e-02
1.265137655665917817e-08,-5.914916780345334183e-05,-3.469278724907910619e-04,-2.506231150192252122e-04,-2.747411011494868549e-02
5.028911034313056855e-08,-4.169374115358433740e-03,-5.347499905202448937e-03,-2.507510152284315379e-04,-2.511297313907825957e-02
2.265580378874113037e-08,-9.456055450706558983e-04,-8.145790187044187405e-03,-1.970331268334519614e-03,-2.867190556538910459e-02
2.072867404130017028e-08,-1.353550391470977076e-04,-1.137511300990165335e-02,-1.503465190540696230e-04,-3.174626165484054768e-02
4.246400754166129203e-08,-4.784672284820632370e-04,-3.098321684112297428e-04,-1.439971178438282935e-04,-3.879446052792438759e-02
8.777788645928467021e-09,-7.480703944992861149e-05,-5.534262391748576149e-03,-1.993760313198695189e-04,-3.569949836759087752e-02
-2.438518364509888485e-09,-8.539414848394238571e-07,-3.692686626933598497e-03,-2.318733047415693754e-05,-2.944484557006745232e-02
5.750493803767937178e-11,-2.773241696430900517e-05,-5.469268174039313563e-03,-8.653730386180228523e-05,-3.108259187082616434e-02
1.664726290894831698e-09,-1.655849029267398654e-03,-9.572565745476576196e-03,-1.744481562248330806e-06,-2.682115950350181383e-02
3.663147143262374889e-09,-1.967110829341517549e-03,-2.092576853113655225e-02,-4.177692806465174947e-09,-2.480767384649447405e-02
6.713408219620976137e-09,-8.206656659930278500e-03,-2.022562325243886308e-02,-4.189404716876288037e-08,-3.234227348354861559e-02
8.503704531561788988e-09,-6.933752291292579958e-03,-2.494414564285412847e-02,-3.065716857991316653e-05,-3.482331812388774622e-02
7.760149663869727987e-09,-9.165743217361230211e-03,-3.688181640606454093e-02,-8.104180722283287378e-05,-2.672919115595265988e-02
9.918273868774927304e-09,-1.557570213558793527e-02,-3.721670516148478658e-02,-1.201371950645243258e-04,-2.688444706208867677e-02
2.447249543827698689e-08,-1.437645900213056077e-02,-3.629353582875408102e-02,-2.062894522480348929e-03,-3.000244032608142403e-02
7.883933549277986896e-03,-2.191661684939885321e-02,-4.984236097708246577e-02,-5.562999474779101346e-03,-2.638043640163055537e-02
1.234861141008423979e-02,-2.439738736981399495e-02,-4.157310390961155983e-02,-6.918432566751188048e-03,-3.817817471610959051e-02
7.314608757867886724e-03,-1.544445477526090564e-02,-2.983493611117577632e-02,-9.518585975567839599e-03,-3.697919236276757393e-02
2.569764918008938900e-08,-6.872751713968045136e-03,-2.556348141572377733e-02,-8.186005137428141454e-03,-5.098560841379034397e-02
2.478767505720617895e-08,-3.415756606425425328e-03,-2.198070772531169129e-02,-1.209499733044470775e-02,-5.980944295642243169e-02
7.504587339056060906e-07,-4.463411684211274905e-03,-3.470980380072980626e-02,-1.234753925654692892e-02,-5.123520709361970016e-02
2.521443890275666937e-03,-4.228011314010651084e-03,-3.989914303490098985e-02,-3.871504988567081498e-03,-4.812928977642773332e-02
1.804838309096955598e-02,-2.842492154620088283e-03,-4.207611165999292774e-02,-7.118281522042301489e-03,-4.450957373529484951e-02
8.059698787419369848e-03,-6.236061111683639975e-03,-5.084371266132015760e-02,-6.530458794311510065e-03,-3.810538755723637261e-02
5.829726003099134149e-03,-6.789576683317447188e-03,-5.830178101332642027e-02,-5.694174094230797407e-03,-3.155197127183598238e-02
8.103310145236167564e-03,-7.353449609824242936e-03,-5.566229575901861931e-02,-3.584529812795475383e-03,-3.421761153430764868e-02
4.600847372675250917e-07,-3.707967319130831951e-03,-5.302148547552400226e-02,-7.612395234166340714e-04,-3.651881179761322371e-02
2.996887575627354934e-07,-3.606755261835457079e-03,-6.243612399868173068e-02,-1.608679340692928633e-04,-3.223546759305359610e-02
7.756159689076394167e-08,-7.556351681371104717e-03,-6.977280585083917019e-02,-4.180377981758157794e-07,-3.318727860315285466e-02
1.469580274661665480e-08,-1.467356610869767486e-02,-7.512846265939519819e-02,-7.726044434293639059e-08,-3.508394226281028039e-02
1.310366247509935988e-08,-9.553046854656447109e-03,-7.756955113523621159e-02,-1.852981736753704591e-07,-3.617450731887550397e-02
1.211249283541058405e-08,-3.336692426695168825e-03,-8.632912573152835833e-02,-1.247033223209148035e-03,-2.931848763809562566e-02
4.296943268828282263e-09,-5.678810570231607006e-03,-9.436155613805993769e-02,-1.007833441172245950e-03,-2.383354443153238092e-02
1.792349973884987739e-09,-4.952378257659787938e-03,-1.051033478356060841e-01,-2.870806301622603274e-08,-1.916787683976937939e-02
3.403786584576411847e-09,-8.102756821409467375e-03,-8.514500740285048386e-02,-8.773889506093982706e-09,-1.797984563571822930e-02
3.209545911968594861e-09,-1.278910479363763904e-02,-8.790674534503303827e-02,-1.207386551395562675e-08,-1.502501097747347379e-02
7.308776573852464546e-08,-2.553186413676433730e-02,-9.165755443186859863e-02,-2.348011399088259270e-09,-1.086804015117949843e-02
8.764774122573879874e-08,-2.329053778067743941e-02,-7.768197336625301541e-02,1.823948611323477503e-06,-6.995840054534993406e-03
1.043377140945040706e-08,-2.608325313389593669e-02,-6.244998340454795821e-02,2.145569117485674349e-03,-1.098366985553501929e-02
5.641143255776763898e-09,-3.819337839655843891e-02,-5.340391390760959589e-02,3.900165599863564952e-02,-6.696290110255145718e-08
-4.221635239151154416e-08,-5.473287877077127883e-02,-5.909628378579530328e-02,7.404414013837445907e-02,-3.851784373196282070e-09
-2.518390331113535949e-07,-5.640419326278293954e-02,-4.795232478883269117e-02,1.155106511946926845e-01,3.910473108523636768e-07
-1.144127288475572019e-06,-4.369699121377398909e-02,-2.787101400280386082e-02,1.480277519857025048e-01,2.511913215068533238e-06
-8.176147055343750817e-07,-3.500763728999898433e-02,-2.071506218885042338e-03,1.693605770713901559e-01,5.446537218270128527e-06
-8.252203058649536448e-07,-1.517041164738072191e-02,1.365861365715576562e-07,1.944220023228258321e-01,4.223914574410386497e-04
-1.657907246720900070e-06,-1.010799428002140919e-02,6.501750818303636164e-06,2.038580237466436351e-01,4.347528997318372661e-03
-7.382558999363900555e-05,2.847294850160963198e-08,4.139289806009936192e-04,1.986613173312075653e-01,1.041676019121864722e-05
-3.596708121277132110e-03,4.115834413405915909e-03,1.291511390146069665e-02,1.929451350067052096e-01,6.634898465968638752e-08
-2.513161736814019387e-02,5.029614471358027916e-02,1.964744562539416997e-02,1.779345241401885658e-01,-1.534554364090138535e-08
-4.572867298003079756e-02,9.365342284419701790e-02,1.932531640716683360e-02,1.581362745872569309e-01,-3.443582150254721911e-08
-6.853788171015449959e-02,1.445141504567059587e-01,1.827774433854781680e-02,1.185091742442339335e-01,-2.230470002168363039e-08
-7.536504764446279314e-02,1.928729043565567958e-01,1.250113472405996878e-03,6.388055983497603618e-02,-3.648902947074846280e-08
-5.206358464354639976e-02,2.241884062636001762e-01,6.658450023548543136e-07,3.505345684158907467e-03,-2.384029897042960311e-08
-1.302214903395507682e-02,2.299358679496653901e-01,-4.817990960542135789e-09,-7.597589306469972362e-05,9.934784945357466243e-03
5.498015786208848686e-06,2.230786326660383345e-01,-9.007646349093014816e-05,-1.311802660323693227e-02,4.418328783119752218e-02
2.074674633953917015e-03,1.995459887793894771e-01,-1.753905137557669469e-02,-4.607745986982117459e-02,8.090461450797821474e-02
3.360581065879927193e-02,1.618939298019393680e-01,-3.082858150625003221e-02,-6.817671127415438070e-02,1.003180823181285819e-01
6.265286115243061393e-02,1.130635005170598784e-01,-4.859021798941295239e-02,-7.576894925543908865e-02,1.196468964200790019e-01
6.966436585337749954e-02,7.679117112796986222e-02,-4.434479419094475988e-02,-7.231143300577654032e-02,1.268956069798636566e-01
6.905435621252550837e-02,3.411476392297218413e-02,-4.346695742154348119e-02,-6.236490917269283535e-02,1.383808937700069797e-01
5.956335901598332205e-02,2.981418105807517481e-04,-5.131576755948729501e-02,-4.713152081500535800e-02,1.449877707412039751e-01
4.615477694750073911e-02,-1.310208412104564246e-07,-4.831764424134414593e-02,-1.583391553090647205e-02,1.552515095510624277e-01
1.677309119483643904e-02,-2.724315080568478695e-03,-3.515672624457389511e-02,1.103274213534824241e-08,1.498563793057323401e-01
1.267558940986368479e-03,-2.664529377817711694e-02,-2.922670571627622102e-02,1.194650256488173141e-07,1.478934301896930315e-01
3.810778480452462337e-05,-5.700943320629901778e-02,-1.099437751378224045e-08,3.464878724780902085e-07,1.466623988152493396e-01
2.978085979462433382e-06,-7.289888488051028681e-02,-4.630267023796970292e-09,4.156865169397131216e-07,1.428337702523343744e-01
9.208225064285710841e-08,-7.559140551548761133e-02,7.026057364882356078e-09,1.896894919581162689e-07,1.394323962974426956e-01
-3.059401795390213930e-08,-7.446785069925791756e-02,5.589287784419425707e-09,1.469441823331196291e-08,1.258022488833314689e-01
-6.936819627350539197e-02,-7.241620795442310632e-02,3.905148999391670279e-09,-1.709266505284696330e-07,1.118787948591221659e-01
-9.300744378859888972e-02,-6.455600568502434244e-02,2.343897647286575260e-09,-1.082959431032054135e-05,9.855209792744989983e-02
-1.123645749584793879e-01,-5.070288431421336728e-02,1.046904442685773747e-08,-3.902099619654429891e-04,7.315749405028597330e-02
-1.285572757706374691e-01,-2.875605992813658543e-02,9.956392592448323447e-09,-3.435119978833651219e-03,5.322819745353241788e-02
-1.415204796739711890e-01,-2.326591050303810412e-03,8.128994455642331555e-09,-6.492074600379086312e-03,2.700860484761012648e-02
-1.435858181036368530e-01,-2.058758184812203298e-04,-2.082693682835222912e-08,-1.547117722371424593e-02,1.268669222875499700e-02
-1.539402857352867582e-01,2.570434636865597359e-09,-4.834407592472699809e-08,-1.762096513305472581e-02,1.850535273757524185e-03
-1.564667933723346560e-01,1.820100304691185731e-08,-1.088954913668802817e-07,-3.131661550553518913e-02,1.881111586511023215e-04
-1.470682747750613195e-01,2.588973225412554385e-08,-1.220730287549049915e-07,-3.428236451464557882e-02,3.894178483553747348e-05
-1.379180673806406354e-01,5.143186543248990780e-08,-1.112728771126903986e-07,-2.561923109226098283e-02,1.512836268296255703e-05
-1.357370500422874493e-01,1.595505277986673414e-07,-1.748300664505944682e-08,-2.787302920013324734e-02,1.925016445818440540e-06
-1.310328270197068379e-01,5.938409859727170215e-07,-9.386970644528598640e-10,-2.679517794184263502e-02,3.659791991565401639e-07
-1.153299334919093005e-01,4.956760851770459018e-08,7.713627864542960242e-10,-2.879822257145513500e-02,4.952763608317056376e-08
-1.038648704547547597e-01,2.756608782255607876e-08,7.334977637125863012e-10,-3.105404715206880328e-02,1.466830241175293601e-09
-9.206065856513820367e-02,2.048018118600431276e-08,1.811658526592311728e-07,-3.654743315526618602e-02,-4.096110476039478004e-02
-8.015903361547169204e-02,7.887684510265320902e-09,2.065874094879494027e-02,-4.001823979905319573e-02,-4.242823795655052688e-02
-6.492534233475337480e-02,1.764051696738112565e-10,2.869007675388291281e-02,-3.565440333727536854e-02,-3.870230081560275398e-02
-5.377597990156957053e-02,-1.455807572461429904e-08,2.970776373845553098e-02,-2.485613884011887362e-02,-3.778475994230091894e-02
-4.789436144714929317e-02,-1.201632475991157323e-06,3.593782755215828295e-02,-2.374191788208104836e-02,-2.771157848098179666e-02
-4.465170442823743202e-02,-3.437194742672314784e-05,4.428121769466539237e-02,-1.355643098800271389e-02,-1.556794098030910532e-02
-4.252060900258631398e-02,-7.966835598050755205e-04,5.215825375483109511e-02,-9.435316964408678800e-03,-5.876369652546296722e-03
-3.236441468207566091e-02,-5.485442742559399482e-03,4.789498676247067738e-02,-1.073438773127936933e-04,-4.312198520103630110e-05
-2.512674857027503983e-02,-8.336330011943178303e-04,5.696086191357772194e-02,-6.518066344291411731e-07,-3.875378797894030856e-08
-1.659487240576427644e-02,-6.308018892124408290e-04,5.306688227882629810e-02,-2.278733199856114128e-06,-1.467536344561638441e-08
-3.649799589958779649e-04,-7.144434257662301939e-03,4.678204373140155276e-02,-5.507189031415123537e-08,-9.467353774324219444e-09
-1.893568058090607548e-05,-5.549820039757111245e-03,4.344806753546237577e-02,-1.506126194033058451e-08,-2.557394847847685446e-09
-1.040825049232838528e-07,-3.979862693562196416e-04,5.342100652439747688e-02,-2.091614563165123258e-08,-1.358326594224561967e-08
-6.674036627115227800e-09,-9.472277890377568471e-05,5.206249972783882907e-02,-3.646863740722733583e-08,-1.082801836120323542e-07
7.964657073633720942e-10,-5.945258650065535314e-05,5.519070272333995164e-02,-3.285452228725932445e-08,-2.350921303045376666e-08
1.437733044332155607e-08,-7.298967942707363732e-04,5.265884104972096136e-02,-1.569286463066250681e-08,-1.527221942614373792e-08
2.279288678399454858e-04,-9.690462417096390305e-05,5.749567221761054531e-02,-2.799737279197664474e-08,-1.501352012321598743e-07
1.028020292557618037e-02,-2.994978775857457952e-04,6.019039428078359899e-02,-7.099274476634412113e-07,-1.971124809381967307e-05
1.854844701546699490e-02,-3.455055161536596010e-03,5.184579692985592098e-02,-1.385032683891289095e-06,-2.660878948261637166e-04
1.776440156892836186e-02,-8.366123676098607270e-03,4.672846700657248831e-02,-3.694596034445926817e-08,-1.857983473972881026e-03
3.196569279392022511e-02,-1.121336894626130155e-02,5.261592115504885869e-02,-1.452637168988639844e-05,-1.308425560756881767e-02
3.610274992317044629e-02,-6.354642567994247745e-03,5.672460023083313735e-02,-8.782186076848791151e-05,-2.184495041939839635e-02
3.818603987827537405e-02,-1.511009028876171209e-02,5.542967237133554492e-02,-3.330536720769363074e-08,-1.235017397349758191e-02
3.318626288425004234e-02,-7.838071107331295168e-03,5.929721007680521794e-02,-1.608721452918420349e-08,-8.848299693385694789e-03
2.337586143805491651e-02,-6.911611858803318566e-05,7.361786407010371958e-02,-2.996001556457609940e-08,-1.465179023508134115e-02
2.943995103177429046e-02,-6.209002391932498099e-04,7.141022491807530459e-02,-3.094030034906343640e-08,-1.315462767306452806e-02
3.549410043935866121e-02,-6.981419838616795791e-03,6.663765456354317496e-02,-1.656999503801879313e-08,-1.039311104203912914e-02
3.982371265184839887e-02,-9.686309244743177699e-03,6.395337303223261327e-02,-1.974785034282315633e-09,-6.686891598772020176e-03
4.398602585134781667e-02,-8.237009386103217104e-03,6.372532109664635902e-02,-5.937960462890466451e-09,-1.495728101929725065e-02
5.017177313974770930e-02,-1.166885898250039945e-02,6.027828309635409332e-02,-2.187565549296900898e-08,-1.431850924545573049e-02
4.785938913853081400e-02,-1.099830132817082758e-02,5.566422889514663352e-02,-9.894120659837614722e-09,-1.117362476078691963e-02
5.137477661047734623e-02,-1.220822391961396726e-02,5.262539150503350860e-02,3.432708959254931692e-09,-3.741345017733406410e-03
4.938853545644825149e-02,-9.295442986003793484e-03,5.084951141147444481e-02,2.485087422042590000e-09,-6.057464428270074169e-03
4.702863928942275368e-02,-9.641554714351283084e-03,4.886585015911884544e-02,5.288896884688908834e-09,-2.011149026708806877e-03
4.432946692765822594e-02,-1.567064740062938839e-03,4.334176953555683720e-02,4.090055824508618890e-09,-6.113522600671748375e-04
4.613431556549330709e-02,-5.466282194811429400e-03,4.112223436355444406e-02,5.500754289394582722e-09,-2.732429243378023224e-03
4.382324380356598242e-02,-4.373607512980843409e-03,4.654703349275050167e-02,3.490631343382424806e-09,-1.513049242550275255e-03
4.302794283312536688e-02,-1.124132916616706274e-04,4.132210971439773117e-02,-1.098651469777992353e-08,-1.201518687493787971e-02
4.642860624866115837e-02,-3.375739646071049954e-03,3.964150216686811862e-02,-1.267107347779439440e-08,-1.111790803022803115e-02
3.733573313349287937e-02,-3.676832591958546954e-03,4.281420675429806894e-02,-1.618113420671325644e-08,-1.085098313824360040e-02
4.199478216598749591e-02,-4.049820821457842811e-04,4.853688686163806082e-02,-8.195740037149976251e-08,-1.502281702665752942e-02
3.908359289531577324e-02,-8.044178553182919746e-04,4.539000184513922176e-02,-8.786784815773680769e-04,-1.108213709627967405e-02
4.385124518097526652e-02,-4.071142392711081352e-03,3.770900593348711083e-02,-5.767169688751524505e-03,-4.561336773073229600e-03
4.408885103448778597e-02,-2.205959307276246940e-03,3.697823819401881151e-02,-1.823159955736913199e-03,-9.258810983903745934e-03
3.657298346350574408e-02,-1.935327877446050231e-06,4.014607148158109984e-02,-1.434823905416398541e-03,-1.318199119857272478e-02
3.749338232804897558e-02,-2.573026974570098816e-05,3.343348885966501011e-02,-1.072541992973301619e-02,-1.957086518928868174e-02
3.242676970235223305e-02,-2.201804824160340331e-06,3.315203188283542129e-02,-3.684621465360220748e-03,-1.107456786749167268e-02
3.227991537947478423e-02,-4.002440957298395542e-06,2.912301847334211602e-02,-2.813603937166905735e-04,-6.878526274948567644e-03
3.023086348701307935e-02,-1.021471501954365726e-06,2.666711124119797161e-02,-3.943993915241171934e-04,-1.664101112856844174e-03
2.779727702811054038e-02,-2.356920389917594543e-07,2.510837926315625385e-02,-6.432209444932548851e-04,-1.769662382096505177e-04
3.462100678746515836e-02,-4.767559269492653578e-07,2.332612864610803319e-02,-1.262187363007277133e-03,-1.783879127064700383e-04
3.018388596120149051e-02,-1.042389652679863915e-07,1.111993250439749850e-02,-1.456032941615889489e-04,-6.752836465608677444e-05
2.870318385782767712e-02,-1.586224033316364163e-08,1.490113067051702933e-02,-1.931817372882182766e-03,-3.106577124634558981e-04
3.164767347057447638e-02,-1.497009310709050878e-08,4.220950417278575414e-04,-1.243740687460597252e-02,-2.149795556337652784e-04
3.062545489658188499e-02,-1.383589586013827929e-08,3.965641025826587099e-06,-1.346683466530598262e-02,-1.522913593598535431e-05
3.934179712898625003e-02,-1.820921854326550291e-08,2.166127776038732131e-06,-8.303680432341342330e-03,-3.212595194769652773e-05
4.069818291689704381e-02,-2.110087797916898388e-08,1.194356609394567842e-06,-1.417747611783179255e-02,-3.543599692557466811e-04
4.001189538663985773e-02,-1.504815223528158150e-08,9.601315968771005535e-08,-1.623702132673885551e-02,-2.248680961498240400e-05
3.339072789809348352e-02,-2.190961045369304517e-08,2.537946183092826998e-08,-2.359464958874028795e-02,-4.445624576512308531e-05
3.086076713774399752e-02,-2.240812196312838488e-08,1.053061994969607292e-08,-1.664717637019155760e-02,-1.101980771595270461e-05
3.063556175775916657e-02,-2.942070526143103592e-08,9.843363664383482172e-08,-1.530411483884899608e-02,-4.633565832163100986e-06
2.323641612803098097e-02,-3.742238742660339600e-08,4.221136752881892252e-09,-2.264174407436377046e-02,-6.492824862650514199e-06
2.908399132486284150e-02,-2.056414460720018088e-07,1.210191733663746703e-08,-2.721761077112437241e-02,-9.527295482311748520e-06
2.761758186503161100e-02,-7.644454007648723008e-06,1.894869019786245642e-09,-2.707885186146009177e-02,-4.263406626898733531e-07
2.274157923736716547e-02,-3.248622128504533083e-07,3.702773760354960389e-09,-2.326083767596854798e-02,-6.559228791636146056e-08
1.033011815174854180e-02,-2.035449358736226842e-08,5.651198622144548188e-09,-2.432282892843622493e-02,-4.649047289797499065e-08
7.867922367216307125e-03,-8.375853033383434061e-09,2.652611442816647808e-10,-2.075005589253324165e-02,-1.768896967557308425e-08
9.384351807538670459e-03,-8.020806490640466937e-09,-1.665517264493233971e-09,-1.221195749542937706e-02,-7.434544211853195789e-09
1.360869702088890638e-02,-6.012685138567918447e-09,4.593370668412281942e-09,-8.577912407698831329e-03,-3.180659294141038610e-09
1.895097444325548677e-02,-9.077257126804930075e-09,-6.223660986868096151e-09,-1.259383241702313055e-02,-1.917341818715415971e-09
1.773925506412382669e-02,-6.199184498327839376e-09,-2.031492398007012128e-08,-1.227323036726146732e-02,5.601529761887056186e-09
1.724289540257471082e-02,-6.563922927415472354e-09,-8.710141236926450674e-06,-1.086267329074752652e-02,2.970786970347572382e-09
1.548766432806687569e-02,-4.023582991636700669e-10,-8.745977447123628507e-06,-1.672255586250244799e-02,-2.879170184512043254e-09
7.165946506086454289e-03,-3.452672008266638776e-09,-1.263969148884140687e-05,-2.232801072394144382e-02,-2.218135736833239941e-09
6.586937212410883544e-04,-8.906154132626881911e-09,-1.049522074738169428e-04,-2.412532742558960372e-02,-2.074533134958530827e-09
2.631030394449735917e-04,-1.266405485801458792e-08,-4.949982155308370671e-03,-1.662282003286483928e-02,6.508857422470573717e-09
1.108591121638685803e-03,-2.010382308045195932e-08,-1.644637654061466671e-03,-1.917616829120074445e-02,4.197947251091595841e-09
4.647346332892864432e-03,-1.526705279112964328e-08,-9.247939127874913942e-03,-2.374687577514994485e-02,4.520451547303116699e-09
4.506912447323062343e-03,-2.836615273930621789e-08,-2.076275319180132667e-02,-2.969569381543662664e-02,6.763055306656122379e-09
1.973904756476759122e-03,-3.529415385946906254e-08,-2.668083356071789328e-02,-2.749981318315109641e-02,1.378602771124099316e-08
7.519347966473274251e-04,-1.196078116337788873e-08,-2.599402567786044532e-02,-2.056853951189355906e-02,3.844561645605224888e-08
9.186361187083797060e-05,-4.228879413857367816e-09,-2.672273563819511227e-02,-2.504653392566885683e-02,2.842931213016585077e-07
1.791892768212563014e-05,-3.296410395111993219e-09,-3.096180237705078997e-02,-2.673865369780282011e-02,7.448603216806687869e-06
1.980032825122915816e-07,2.392812481757339024e-09,-2.518098473635987586e-02,-1.006971378326831923e-02,5.225210397445092993e-05
8.943813603051788264e-08,5.052039607947431111e-09,-2.085501582214324690e-02,-1.339520442200588073e-02,1.301108145068903089e-05
2.927279756045618924e-08,2.722396226101988690e-10,-2.690113444881976623e-02,-1.691497161252307133e-02,1.220413194983891906e-04
1.828965466478261777e-08,-8.950862123555108719e-11,-2.795709470812151112e-02,-1.449300503766387874e-02,6.362766622087565982e-05
1.286376511527501313e-08,-4.011259775276978111e-09,-3.811442619912761703e-02,-1.629207967538779528e-02,5.071737427166012107e-05
1.426253035744276112e-09,7.192607567444620477e-09,-2.933392174927228896e-02,-1.671930773716103630e-02,8.507210585959147300e-06
7.177669376942287800e-10,6.027249117501144914e-09,-2.885854024566422704e-02,-1.855425666011331978e-02,5.532745419435179370e-06
-8.793617889830368404e-09,2.015791780603986225e-08,-2.814392785719802698e-02,-1.876221349577870609e-02,9.915925570336066685e-06
-2.024781745496469972e-06,4.963215631168530840e-08,-2.789456126755404317e-02,-1.337574803007218760e-02,1.303013557796834815e-06
-1.205381525536018855e-05,2.273434954449302824e-07,-2.506885976795740489e-02,-1.467790193156567891e-02,1.396134374530584396e-08
-5.543065070284267699e-07,3.355771677307869246e-07,-3.128047076255322662e-02,-1.635615616238622963e-02,5.653793567026573304e-09
