-1.794229131935024327e-02,2.879467911664088803e-02,-3.795949552201006126e-03,6.471766029312852817e-03,1.720571010065045616e-05
-2.670086601189275433e-02,2.820139975102815139e-02,-2.613048792528869547e-03,4.553749200327509086e-03,1.319038340358364550e-05
-3.401908263400150317e-02,1.619075876137304748e-02,-1.275533762086618793e-05,-1.231264389914053101e-09,3.475813029712705350e-06
-3.204028248268208506e-02,2.356524067661544541e-02,-1.021918886551004002e-07,1.501375046593314165e-03,-2.312038306180533980e-09
-1.569043005028970816e-02,2.539521526591053194e-02,-2.891649530400142637e-10,1.183600743460881850e-02,-8.964716730741052427e-05
-1.029369421710884559e-02,2.288540321111384723e-02,1.372389278770352406e-03,4.133982758748509871e-05,-2.371498902396022751e-06
-2.367307299504071635e-02,1.688498961976153331e-02,3.335491404977874553e-08,4.650346458916520317e-04,-1.594695133188913592e-08
-2.537239089415155996e-02,2.869322945743759193e-02,2.819676770041162905e-03,2.124180823915061862e-03,-6.717054319347411442e-03
-1.874929725046932394e-02,1.487871602723429137e-02,4.329994740126603605e-07,1.015543012862217542e-02,-1.766549236784080180e-05
-1.063986637531123651e-02,2.265666022374927466e-02,5.952615899857716629e-03,3.249536012769604736e-03,2.070426259779390167e-08
-1.049839789074238396e-02,1.880295989805612702e-02,1.261906194082878380e-02,2.530655644004392506e-05,-2.045446894702901395e-06
-3.401654454474498795e-02,7.115809381920397934e-03,1.088898886643044697e-02,7.023605166019989082e-05,-3.741928856992529726e-03
-2.934534213686151513e-02,3.019495885873572059e-03,3.444898742681165322e-03,7.597080254397522991e-03,-1.568595865163483274e-02
-2.955994261230194056e-02,1.302080030925935154e-02,2.607613105830435072e-03,-7.546745741607245707e-09,-2.630963764319484491e-03
-3.462328102573799388e-02,8.716180741102816723e-03,8.632745595531867572e-03,-1.169740254356190602e-05,-6.306208750776235231e-03
-4.087623229174211503e-02,4.097454813832485283e-03,6.204605742449070295e-03,2.819007067628303348e-09,-2.285773518618589972e-03
-3.442948106836368066e-02,9.815183356977985260e-03,1.984039653615455975e-06,7.458350156117967387e-03,-3.671529456678744498e-03
-4.071005712957942446e-02,-3.434212316942817248e-09,2.589660624201540217e-07,6.590680352037542149e-03,-1.495024714717435440e-08
-4.710413008169160587e-02,8.917621859687349661e-03,6.045619906155404477e-06,5.907009420646958629e-03,-9.690995457702465911e-09
-5.532919049954952012e-02,1.873430445067112912e-02,5.240306502617012377e-05,-2.939001758816873920e-09,-5.577525357884556184e-09
-6.037199299712734529e-02,5.516688431980243737e-03,5.266306464893549909e-06,3.611101424033099239e-03,-1.349560993501162473e-07
-6.120380767534618766e-02,8.140180319192247618e-03,3.790041715076605637e-03,-5.881604258769035327e-06,-1.317831744686426093e-08
-7.518028757471850732e-02,-1.809136442781610872e-08,3.908461899131301197e-08,-1.220252644660897186e-05,-3.056693105019275165e-09
-8.070301008889908811e-02,1.114474515401681076e-02,5.792100827523707224e-03,-1.578340052304291475e-05,-1.551132721419785364e-06
-7.807521272694108172e-02,1.341163902625176936e-02,3.383513974555256692e-03,-2.633183196079571199e-06,-1.201785033267579222e-08
-7.830587981436724909e-02,-5.207919239808485963e-08,5.645151435192952285e-05,-2.284401903298787222e-08,4.454441561305913559e-10
-8.232911648609111954e-02,1.407651092048949407e-02,1.086104858880853158e-07,-5.796355935734345068e-05,-3.362460812496144551e-09
-8.177215148379286813e-02,2.257093965831807880e-02,2.188864020726508618e-03,-1.465730895268819618e-05,-1.755593095972517040e-09
-8.152227811846253502e-02,1.136670158513164268e-02,2.014898733579457318e-04,-5.522714583566074382e-06,-2.009358450293247918e-06
-8.212927779807947803e-02,8.790439820158571887e-10,6.808054156246258968e-06,-9.099796755811626842e-06,-6.058603254527976230e-07
-8.073444585381647776e-02,1.413991337250673080e-02,6.109889644421584096e-03,-3.477740277141170471e-05,-1.164577560819062602e-06
-8.257112127078784780e-02,1.778839406279720398e-02,1.074752986862143739e-02,-7.625940936409420705e-05,-2.920379615889945020e-04
-7.931879677926220729e-02,1.056089123429075191e-10,1.999479567768307179e-05,-4.605605245905124447e-07,-6.831582169971425061e-03
-8.403951975853821144e-02,-3.727645348054303352e-07,-4.025947742316660339e-06,-3.624714764872910631e-05,-9.883190500234733007e-05
-8.094579530806451928e-02,-2.542955908614908843e-07,-2.182433262732840885e-09,-1.021739504061916362e-03,-7.405380133458760483e-09
-9.764537166655123945e-02,-4.703939910195510568e-05,5.756910195248056190e-08,-7.651376060548248113e-06,-1.018000973063370037e-05
-1.018523768489544290e-01,-5.140634571351227660e-05,-6.698365240526775975e-03,-3.614865275980474447e-07,-1.642644978843244701e-07
-1.024534533569014111e-01,-1.821183527282067233e-05,-9.962864352907026613e-04,-1.112917730543601114e-04,-3.878513340330572877e-09
-1.090906933448125421e-01,-1.576674396180552905e-03,-4.546256163646908779e-03,-1.989587277810918561e-05,-9.384661394774933922e-09
-1.085319569325183670e-01,1.110975244080973013e-09,1.016657949792071280e-06,-1.456902640441964762e-02,-1.010207759281214689e-06
-1.016316805437268017e-01,-5.539402818184250739e-09,6.013714083097719719e-06,-2.106874014738016956e-02,-1.311296727494161280e-06
-9.182768005362818009e-02,-8.594846653092640468e-04,6.096902184055385913e-03,-3.432075232674049181e-02,-6.022748758648768160e-07
-6.915856749706292272e-02,-5.865896073022945354e-07,2.582577051960442335e-02,-6.465375882036573929e-02,1.970941170395062308e-02
-7.313287103620028096e-02,2.599656713561649887e-02,2.995591314775650910e-02,-8.312698786846095533e-02,4.324132326913782826e-02
-7.863748733943579095e-02,5.712184611550860658e-02,2.420960127482938221e-02,-8.623088458160813041e-02,8.519982673956838504e-02
-5.794129466402740680e-02,5.671524644037426871e-02,1.736744407972744611e-02,-8.770625948906803082e-02,1.207982856575425673e-01
-3.226013405701358416e-02,6.350124383802673023e-02,2.698444195418675529e-02,-9.467245360178319635e-02,1.472015810731615582e-01
-4.007131492075901441e-03,5.175897102188239257e-02,2.246394131681686904e-02,-5.757733518578966869e-02,1.674289652488521463e-01
-1.127943242625421317e-09,3.843695189443823573e-02,1.587118008666016031e-02,-3.520614752791911828e-02,1.785209794660399807e-01
2.257511235748303757e-02,2.451488707508923109e-08,1.137904642105823025e-02,-2.478028532357293492e-02,2.056903306125961450e-01
1.948167199726296220e-02,-2.305356344759105862e-06,1.517446426249133618e-05,-5.311150991222898625e-03,2.063105462871495099e-01
1.073979320894413378e-02,-2.728312946386902537e-04,-4.593465725121224918e-03,-1.254670271407606777e-04,2.104777200384206348e-01
2.198568379268216882e-02,-4.278245883035713742e-04,-1.225038740188109411e-02,-1.217180603800518994e-05,2.102285011178147422e-01
2.094974107366663965e-02,-1.385823722665621358e-02,-1.293756715604322226e-02,-1.153956128449540053e-06,2.013679105027422755e-01
-1.571383443090467151e-09,-6.497444603066439284e-02,-3.440462920098039112e-02,-2.536186067545378523e-09,1.710695072625424418e-01
-3.911136901546762781e-06,-1.047257166529922123e-01,-4.328173726700162288e-02,-8.237202923468069107e-10,1.423154492618171896e-01
7.600354901044233004e-07,-1.527459503363050863e-01,-4.089123805893952329e-02,4.200662925243625732e-09,9.959746421317203224e-02
1.415742539565749772e-04,-1.942781972797413548e-01,-2.083949499010076881e-02,-1.125969209131909717e-07,7.143243646323912954e-02
2.916658275134399129e-04,-2.177761387643159796e-01,-2.371578431577283325e-07,-2.491059080773347907e-05,2.306794258941031669e-02
7.814268077966199551e-04,-2.092732136675946597e-01,8.544602217536610353e-03,-3.351294966144328924e-03,-5.520399332516829662e-03
2.032704786628719215e-02,-1.961535029880165093e-01,3.080376891742679299e-02,-3.124210376339409751e-11,-2.495009874612635556e-02
1.251695607041392738e-02,-1.933673574020407515e-01,4.524028413713510055e-02,-1.784080886911103281e-02,-4.767116395139345958e-02
2.579101239325912870e-02,-1.760760612574096273e-01,5.470787715693525843e-02,-4.249988465682186939e-02,-5.257004265773196350e-02
2.170389702952932320e-02,-1.625796392821807768e-01,4.916332941814163110e-02,-4.729109383486370527e-02,-5.933299419496410737e-02
2.510224485492247928e-02,-1.472694173589609301e-01,3.891960680463755345e-02,-6.235275345472710007e-02,-5.007381766133919831e-02
4.090904207944202203e-02,-1.030657491767379419e-01,4.935325961366677366e-02,-8.514683922714039177e-02,-4.565113949909501562e-02
5.708766012519024546e-02,-6.884975338663300304e-02,5.432420780650758230e-02,-1.002726005795625958e-01,-4.593177897203008786e-02
5.663487130977988560e-02,-3.832182834128252530e-02,5.002600557970244416e-02,-1.064457315475705879e-01,-4.402382790914154131e-02
7.340452738082281492e-02,2.604494116326121289e-07,3.367034182455864305e-02,-1.020576004859764241e-01,-3.571679758816474065e-02
7.434140146740779442e-02,1.492127644952259127e-03,1.824586493601048146e-02,-1.041053508326547500e-01,-2.449816421067463681e-02
6.225066311734808039e-02,1.186014032021245022e-02,3.265082687520757568e-08,-9.868612105366966758e-02,-2.297624465199447907e-02
4.047917960533843618e-02,1.342066725636306516e-02,-9.162497369513826137e-03,-8.236207180314611409e-02,-1.923321785694942151e-02
3.433483234601775874e-02,7.903526377047104604e-03,-4.254069249251095364e-02,-7.333676881105034850e-02,-2.034423150847454106e-02
1.541941954396314554e-02,5.070878564982297942e-03,-5.704304891274437211e-02,-7.444941488141441910e-02,-2.288838957865301990e-02
5.120135084691844300e-03,9.701446958998181935e-03,-8.001537977509808053e-02,-6.823934558496147496e-02,-1.978620740135337772e-02
1.417302093105608479e-07,1.550769632536482673e-02,-1.108180082372892811e-01,-5.475185858745797163e-02,-1.387464795064830177e-02
-5.807514003306547042e-04,1.722634490054073256e-07,-1.467788512313398797e-01,-4.054892066718674554e-02,-1.002779511765173812e-02
-4.221745713340860177e-03,-2.528789192268877488e-07,-1.680291470735386372e-01,-3.304903178208903891e-02,-3.039603044872613968e-03
-1.752500641311487680e-09,-8.737823654429545742e-03,-1.788451297957869002e-01,-3.895583304881360814e-02,-9.066349066693266939e-09
8.637102774029688128e-09,-7.708700979771506735e-03,-1.921446400126671505e-01,-2.498072018310195166e-02,-4.044633419149904267e-09
1.692237845566116782e-09,-3.453671046266415523e-02,-1.974690262739894897e-01,-1.335466843934240803e-02,-1.059006125312695004e-09
1.201719120153064387e-07,-3.902096265499739591e-02,-1.887112873813086011e-01,-1.830890452097781035e-02,-3.358446369514343940e-09
2.147742344856034862e-06,-3.138585458616760526e-02,-1.806228809046804551e-01,-1.894452146609934898e-02,-2.296895648537266986e-07
-2.196263691946481176e-08,-2.005588103400796421e-02,-1.690218714415837042e-01,-8.231951773459655203e-03,-4.618226056267993670e-08
2.173966856830301831e-07,-1.684850346308564700e-02,-1.633914035676014564e-01,-9.861265639899587432e-06,-7.021528284708198349e-10
2.259442273137884683e-07,-9.886659210339149642e-03,-1.421599929447539823e-01,-1.454121157020252816e-04,8.024534332638261807e-09
1.263374006189065316e-04,-9.975844922148938143e-03,-1.112027197366206727e-01,-4.877450658075179092e-06,7.834426101760344664e-06
4.660249545425125192e-03,-2.758231541627813413e-09,-8.751440145922131930e-02,3.755472589082388055e-03,7.255828679239855599e-06
9.342570232590309554e-03,1.417646218544525067e-07,-8.692458183403477257e-02,1.267298307217556291e-02,8.139949946761959821e-06
2.139305979024169052e-02,3.936837903504257843e-03,-6.705949756417171892e-02,3.383789347819714331e-03,1.454036959079022643e-05
1.779838702115671759e-02,4.513258563190324264e-03,-5.083300034987475735e-02,8.183257817925901692e-03,4.584319627744941859e-03
2.170049000672668107e-02,5.507904069474299676e-03,-4.984583266181477623e-02,1.841621115379486751e-02,4.309296094322071641e-03
3.253520456606005806e-02,1.076146618072429742e-02,-5.740377175078973521e-02,2.992461624113966837e-02,4.247921588088605580e-03
3.703496277323933134e-02,2.023382982532484844e-02,-5.336250404524352231e-02,2.503444967377969552e-02,8.688954581376164693e-03
4.561137681979577502e-02,1.963856270979727828e-02,-4.630131766833323059e-02,2.525511739075965087e-02,9.776779727719148161e-03
3.576441692403239947e-02,5.430975619479492221e-03,-5.667208235109519321e-02,3.370336330839391464e-02,3.360349750769089146e-03
5.071940215682628483e-02,6.170657541881415138e-03,-6.084741698226690115e-02,3.822503075999352656e-02,1.160518909243197421e-05
4.827580349009147342e-02,4.880712141272949524e-05,-7.199113754310651481e-02,3.058310812616251567e-02,6.247397649144139503e-03
4.147966091283288720e-02,1.065853472049083468e-06,-5.669383543994709757e-02,3.428797856593057691e-02,7.385628339389905921e-03
3.482804264317148485e-02,1.302960744915279776e-04,-5.712056196118289048e-02,4.322699361376045740e-02,3.406807031038508980e-03
3.600399759482240253e-02,6.586244705887809789e-03,-5.462271700170841932e-02,3.906984256141047412e-02,3.762317536350434092e-06
3.462339392710395841e-02,2.677088304417870462e-03,-4.110990230604419371e-02,2.942424924591167598e-02,3.293297257573812121e-05
2.225384848815806921e-02,4.964240554823136691e-09,-3.933036567601733841e-02,4.119515508661639874e-02,1.690114046887366112e-07
1.064195962660301892e-02,6.485548651248867558e-09,-3.039357238699721617e-02,4.457827348249732147e-02,1.050216270960853488e-07
2.117668078076936564e-02,8.258984653668543789e-06,-1.597935585840498315e-02,3.936362002893934592e-02,3.721726304530957522e-08
1.735415120733407868e-02,3.226464228280822265e-03,-8.197642989162838220e-03,4.343266553273460173e-02,2.220870722440793252e-08
1.239511746887231661e-02,6.813538604530974808e-07,-2.971730250104887439e-03,4.349215919351605286e-02,2.296005421484398029e-09
5.529258577296283263e-03,5.775688482285905832e-03,-6.626869753670783759e-08,4.838169395158826297e-02,-3.431648311237442319e-03
1.582203959875829943e-02,1.352703890301537072e-02,-2.210115908653228510e-05,5.400330513339945265e-02,-8.284505389377314382e-08
1.839585353893617020e-02,2.627593619087681409e-03,-4.733674435428007339e-08,5.797873185750661296e-02,3.313993310936116690e-09
1.601724510051761100e-02,2.153943991019357032e-03,-1.957104580995166443e-09,6.237721496625182188e-02,5.575247404322133424e-09
1.299290386845347242e-02,2.417240564976320255e-03,-5.025611269391784487e-10,6.953570134913962530e-02,3.099675954306840663e-08
2.424833005060748198e-02,3.095605151502526641e-03,-2.959421403151102439e-06,8.063997919685396421e-02,2.170119760053766246e-07
3.290181692115008716e-02,2.520202659847502538e-02,1.391228213968280711e-05,6.693898009481105693e-02,1.258474766283337103e-08
1.805068357861155590e-02,1.564944415300567257e-02,-1.170339705316953176e-08,6.800012777704506073e-02,8.772883906355789068e-09
1.377929965086508758e-02,1.041131790913901560e-02,-4.063375825628741469e-08,7.071535179034382779e-02,4.302369918813314655e-09
2.254052910101967191e-02,1.350674575300851894e-02,8.147412963545866907e-09,7.708078867625108022e-02,3.973516667917668760e-09
2.070052786791167984e-02,2.086200776624642927e-02,1.704978423073893766e-09,7.333480785770429833e-02,4.387125352177228970e-08
9.393575515002782969e-03,8.490230705975912798e-03,-8.243167208390034179e-08,6.813592434697467171e-02,1.757778848164942565e-08
-3.133926000179818187e-08,1.505760862205250510e-02,-5.054691388998210488e-10,6.928602263117160376e-02,1.728917658168082823e-08
-9.245159139970785807e-08,1.923284036141156145e-02,1.420399500492333211e-04,6.745988104158834320e-02,2.904654167720829202e-09
-2.358171357809684277e-05,1.064005015947694366e-02,1.630735055141045069e-03,6.095356054490684572e-02,5.763977896715453492e-08
-6.556334486238242086e-05,3.514973695773019236e-09,2.783029632254978639e-03,6.003246021637156232e-02,4.544185812210903591e-09
-9.059798260170342718e-03,1.197842464687629171e-08,5.047322424380752681e-03,5.703612814521450552e-02,-5.555483332647801668e-05
-1.944461947187509608e-03,-3.373616869242123158e-09,5.722201276710799051e-05,5.741810335462147613e-02,-4.009704993289779640e-04
-3.370583123372104545e-05,-9.552343488088272028e-10,7.307584342040787835e-03,5.604139025757347292e-02,2.920355751259694252e-09
-1.656535899111186323e-03,-5.767132692025989721e-08,1.930961127189240872e-02,4.506865521118313261e-02,-7.912875916258824008e-06
-1.329588094917966536e-03,-1.463438818940304226e-05,1.903995924460218786e-02,5.220123829799915016e-02,-4.391604228937015194e-04
-4.143741918193613933e-08,-5.283337039185615504e-06,1.625859304841010058e-02,6.165115381284008711e-02,-5.173196073976753240e-03
-2.455463808851268570e-09,-3.967592331044999379e-09,1.280632777110438450e-02,5.790037205880575050e-02,-5.060744953970282810e-03
2.120847450786796441e-08,-9.191948200561813349e-09,1.130306040855660714e-02,6.485349122341900474e-02,1.460105427193320789e-08
-3.632567583143943081e-09,6.689152663516171891e-06,1.156036780778254246e-02,6.857703883348445495e-02,-7.334977669353240547e-08
-2.212513814902824042e-09,5.577050609171784416e-08,-1.428716558060797013e-07,7.954271014782450522e-02,-1.007754755474181023e-09
-1.072954934122060796e-08,-1.735387181247427133e-06,-2.519305776648852240e-08,7.510888741654575540e-02,4.041654311776866225e-09
-1.186264130361050595e-08,1.034511004922070835e-07,4.566251443983523894e-03,6.132374169305835482e-02,3.126382535557433224e-09
-1.816467995658694105e-07,-3.625491106545653976e-08,4.677055388201788698e-03,7.177272911010010303e-02,9.488992047277744714e-08
-1.316643240856114639e-07,-6.051823208802105392e-03,4.129611714100409926e-03,6.873898902177365267e-02,1.941419489641385053e-09
3.206156546378205566e-09,-8.636502830059819709e-05,9.331010527311896230e-03,4.649267854554323121e-02,2.314743796419086100e-09
-1.606890935494239345e-07,-4.996737823924676976e-03,1.935834862466189984e-04,4.375911006195839364e-02,1.697010815756888176e-09
-7.875400577213715475e-03,-1.344247680429538905e-03,1.228830349016815301e-02,4.471735199121976145e-02,-5.718957114962187546e-03
-7.581715302185775690e-03,-1.334655540062278101e-02,4.757774998443485212e-03,4.850205383904129808e-02,-1.410161299375791571e-03
-2.779966735523230030e-03,-1.413018788422273041e-02,1.226636751819846528e-02,3.777209172905381801e-02,-4.255412823265879163e-03
-5.673404377432009205e-03,-1.562787204067602603e-02,2.717000435720063820e-02,2.747754762304761497e-02,-1.067715865316243686e-03
-8.471906476982442660e-03,-1.640388567079171037e-02,2.065235174782815292e-02,3.102175520183311774e-02,-4.542338651227523227e-03
-6.600799768366224203e-07,-1.601389157661931018e-02,1.434491047555960276e-02,3.598503330612074641e-02,-4.768212236270260272e-03
-1.585203164641259212e-05,-3.276450101280908855e-02,1.617596973768155311e-02,3.433432415305056468e-02,-1.154267531074174707e-03
-1.775057789268685371e-05,-2.609240179322715528e-02,1.652086239368573059e-02,2.151318666346279870e-02,-5.541211584384054048e-03
-2.438514777746360774e-04,-2.465115923872028894e-02,1.335498748779720933e-02,2.794336926008396046e-02,-3.434396849778540654e-03
-1.711795835061166428e-08,-2.282939194253569282e-02,4.495683625546530691e-03,3.280728312716834488e-02,-3.021551149631995737e-04
-3.030572912164032020e-08,-2.229709160134391022e-02,5.922171656927016563e-10,2.680991906222660731e-02,-1.210728636905865319e-08
-6.079889785785470398e-09,-1.921377651833473463e-02,-4.155046485462277324e-08,2.917275160127404121e-02,1.196239960853842282e-07
1.067643306591629900e-09,-3.296297903202236208e-03,-2.814638708704421242e-05,2.291533102034200298e-02,4.471540379778430401e-06
2.956901072657512937e-10,-1.070363347400006201e-02,-6.847804483862218392e-03,2.816573969533653007e-02,1.136585299217290880e-07
-1.355881133385060410e-09,-8.427928346693125058e-03,-1.480283678682208566e-04,1.589686432657706414e-02,4.569285828879828020e-07
-1.884463193659478574e-08,-4.196277004233398347e-03,-2.928360923452477324e-03,5.770688373568374531e-03,3.640077537730167549e-05
-2.905497562499110816e-04,-2.170674623506923043e-02,-4.566573061105471364e-03,2.353627994944269483e-02,4.298093481486665434e-05
-1.252895394174277031e-05,-3.344765967471594048e-02,-6.268063015178800858e-03,2.846483405329966812e-02,3.607411828140288831e-05
3.100631463415641504e-09,-2.531677908639142979e-02,-1.691767055201892373e-03,9.633264354362430781e-03,1.246070785685561479e-03
1.763836189888494935e-07,-3.130183902375587718e-02,-4.007086347861663814e-09,6.870034247772690943e-03,8.696424438878639501e-03
-3.998305185810394373e-04,-2.462471158470789720e-02,-4.884040710393937983e-08,2.192766837842822971e-03,3.631348780492261234e-07
-3.992375174560656124e-03,-2.893687883023526516e-02,-3.400754240478463643e-06,2.670881460756785973e-03,-1.335595074398384470e-06
-3.980680169449787864e-03,-3.478818307125329523e-02,-8.450112684214408539e-09,8.270727352104885032e-04,3.615426955752747369e-06
-1.278795142176936822e-02,-2.216456428130234024e-02,-7.980531987164274644e-09,1.231779310132887102e-05,5.178363142953450955e-07
-2.103543482219296518e-02,-1.982990078428771216e-02,-3.518340641439654980e-07,1.717103106743294964e-03,-1.378704164617819447e-09
-1.380103274559597859e-02,-3.300402614762946996e-02,-6.065433031169707723e-03,1.542623559790014948e-02,-8.656310432297923371e-09
-2.248873418116618603e-02,-3.438357016987370063e-02,-9.483211487782683809e-06,7.329594198989900986e-03,-3.679398323651254341e-07
-2.050656945131186515e-02,-2.592593195228538872e-02,-1.051967219234551443e-08,2.159784520289521174e-07,-1.038542322172042278e-07
-2.575661320604605981e-02,-1.995525196382081853e-02,-8.794419987086467456e-06,1.492260745587084951e-05,-1.021368260447092221e-09
-1.451395677276145352e-02,-2.124977397154652337e-02,-4.437028189225269981e-03,8.028015257484295128e-07,-1.424911512287160684e-07
-2.220483137350535638e-02,-2.300088145389180688e-02,-5.315466653339019631e-03,-1.122176139664576396e-08,-2.961001319175041564e-05
-2.373120024274536291e-02,-3.125888976194685781e-02,-1.072559411779859528e-02,-8.060273471513144785e-07,-7.142654732946987848e-06
-2.117378328771511720e-02,-1.988677421387468128e-02,-1.732263778628201356e-02,2.065677482349629886e-08,-4.052406042804450110e-06
-1.429422611354155999e-02,-8.141377758480771235e-03,-1.912298106343206586e-02,-1.620705502606290117e-08,-9.284234963189766919e-05
-2.124033891026743531e-02,-8.199555643214255160e-03,-1.740023789557986270e-02,-6.534461097818653440e-03,-1.095640045754067118e-08
-3.909470443712854265e-02,-1.640309602752625454e-02,-1.836011915061278033e-02,-1.757191601599184926e-03,-3.063598921562708574e-09
-4.226741016418425478e-02,-1.266184065888259838e-02,-1.352843385452349827e-02,-4.139807999490358222e-03,-5.843831868729328235e-06
-4.521560818863804704e-02,-1.281328750905989800e-02,-2.080158950451522354e-02,-1.149150087944948457e-03,-5.887233722177125382e-05
-4.649907978582346058e-02,-1.078839274097979049e-02,-2.059555619741647303e-02,-9.946627571517945368e-03,-1.582156956397433149e-06
-3.751741451548060158e-02,-1.810731047878003368e-04,-1.937050831381828889e-02,-2.010417118290231189e-02,-6.581457081327496461e-08
-4.093817566929362078e-02,-8.130179533458354061e-04,-1.924924493547069959e-02,-1.658825422218677265e-02,-8.969155159629541252e-06
-3.586973529653925997e-03,1.164437502076717638e-02,-8.466313685512704735e-08,7.022921720982838735e-06,-3.322485613211752448e-04
-7.748745185274200087e-03,1.460122245617029302e-02,4.758209064046248060e-09,7.778488491483093008e-03,-2.759187507720242336e-03
-5.156710476220627092e-05,2.464981937739412626e-02,-1.390111152060562560e-08,1.108648755547284558e-02,1.296088100296216306e-09
-5.146074331746987757e-05,2.957385243881024625e-02,-4.034297909269155253e-08,6.240446207887767789e-05,1.019656873045847906e-04
-1.989066793565913427e-02,1.895117337345475494e-02,-1.903681075493508313e-05,-8.989150222897319076e-09,2.028056090853780531e-03
-2.426550053552183062e-02,9.213262932738792294e-03,4.142999171191282034e-10,1.865658098806238872e-03,7.871089358492008164e-03
-1.552802872033304596e-02,1.598912558820447458e-02,1.867914394052157966e-07,5.419764046144872303e-03,4.176172275649929553e-04
-2.667069364359702516e-02,1.420839641396084811e-02,1.315693471117244617e-05,1.010531604389380616e-03,4.691740636278672074e-05
-4.611872503071678953e-02,1.683812341214597974e-09,1.102042333473547090e-08,5.107613706638514166e-05,-7.832103432761447815e-09
-5.738218540429834008e-02,-7.250964207653168262e-06,-4.487160540419588987e-09,7.643817937796401965e-03,-3.509804373795770427e-03
-5.697131132291495537e-02,-6.228783805896709729e-06,-6.863711443987318050e-08,1.429922832658102154e-02,-7.587930878329175559e-03
-6.296189030952940857e-02,-2.475897536926776100e-08,-3.737965025167069811e-04,1.575604211050117777e-08,-8.979005993734606728e-04
-6.613615518131896187e-02,-2.916204591962203413e-09,-1.785400025324017327e-04,-2.273924499047595824e-07,-2.145433808768082510e-05
-5.733924941983476603e-02,-5.096513607293732592e-09,-6.131558082470793451e-09,8.629776033444296783e-10,-2.959823889387094994e-05
-6.280888004550090609e-02,-1.702592454792927742e-05,-2.401708345896110919e-08,1.077396540940678618e-02,-6.269286362459778174e-05
-6.734134090620660928e-02,-6.202725469524004734e-09,-1.411861945908893611e-05,3.713704663214163902e-09,-4.787401371421706269e-09
-6.127505624781068999e-02,1.027824105053779143e-02,-1.244919301498442765e-02,-6.840923167483650078e-08,-7.215332583487768234e-09
-6.811280620408723119e-02,9.983717032998221802e-03,-4.455187424278981949e-03,-1.613265099807299759e-08,-7.564612543508466082e-06
-6.213078790454246159e-02,6.433486577049112032e-03,-1.450663063030543584e-02,1.844083779427789851e-02,-2.299572075733397633e-04
-6.676737193180333485e-02,-4.814113489702853636e-10,-7.422468067836825341e-03,1.012427340258251901e-02,-2.289716220216220222e-04
-7.261811647155022587e-02,-2.308854613024411380e-08,-3.032368251106109993e-03,3.177218675730808864e-03,-3.689526168907534057e-04
-7.429269991123850503e-02,-3.737293165452072776e-09,2.003389826675340532e-05,9.383554856316034254e-03,-2.213293755470129454e-03
-7.363336879579426841e-02,2.213215504979921916e-09,4.978264206398913781e-06,1.770765944774216338e-02,-6.255618081968092152e-03
-8.005731472057125986e-02,7.089998995276921759e-10,3.195522102404587975e-09,1.732910572679213335e-08,-2.567518265048979263e-03
-9.422009643603203310e-02,-4.190035386936837361e-09,-1.831812725915690681e-05,-2.275783820107786174e-08,-2.086682677147128201e-05
-9.644609169362529377e-02,-1.367746203943397475e-05,-5.060102351526848697e-05,-1.072383743310815719e-09,-2.365379114875807340e-05
-9.049278969124216476e-02,-1.584406827761419002e-06,-7.384594717711050497e-04,1.859399803160672812e-02,-3.955602048090077830e-03
-9.277548590581197185e-02,-2.260136251910636724e-05,-3.827986064096368583e-08,7.480075753373379398e-03,-5.476986989635739770e-04
-9.934999145057958614e-02,-6.621018583059050028e-06,-5.739302476675344459e-05,-1.362302313369022565e-09,-1.521594441676271106e-03
-1.040007326424504663e-01,4.653137720160033081e-10,-6.961377359830578967e-09,-7.350052236680926127e-09,-1.573752186916579573e-02
-8.917396099809769827e-02,7.740160562457177023e-04,-3.087519900956580115e-03,6.889565156377295933e-03,-1.278403910774860396e-02
-1.033432938865392198e-01,-4.385550055399069932e-09,-1.430736427989792855e-03,-4.547303253648068835e-07,-1.138221933622247765e-02
-1.174047841748436238e-01,-6.577503748739865981e-08,-2.364160096777868838e-03,-6.290066065084598437e-05,-5.087756151898496955e-03
-1.180834499058118076e-01,-2.183641982175257629e-08,-1.308868263249643362e-03,-3.153403392996176579e-05,-5.711798318790794842e-05
-1.076822535913041917e-01,5.955482469989596510e-03,-7.070286951644647912e-03,-3.283278653299450713e-04,-6.080206968496727424e-05
-1.155285758088600567e-01,-7.740778638721060596e-07,-4.234578424369602953e-03,-1.349036936194905612e-02,-2.935570250617777592e-03
-1.288249005907720901e-01,-1.724145235874247929e-04,-9.309745835546083190e-03,-1.699106459389841325e-02,-3.321774817490439485e-03
-1.244179446888206558e-01,-1.338831454515075105e-02,-1.226683055639186948e-02,-1.006080652020702182e-02,-8.337347159295353111e-03
-1.048302875989771815e-01,-1.033642352906916778e-02,9.646816162877922209e-07,-1.385814117174956513e-02,-1.152923844625224938e-02
-1.040408707635238905e-01,-8.000221427268836699e-03,-6.541725487824291808e-07,-2.487096671047983251e-02,-4.422480377790085140e-03
-1.133491964495045301e-01,-1.307645104985036971e-02,8.877485233574818189e-08,-3.493483224594391007e-02,-1.208195444869354261e-03
-8.614575006962252313e-02,-2.828666914429639467e-02,1.049265332787012450e-02,-2.221164679569564634e-02,-2.725309644076737235e-04
-6.813115304026026720e-02,-2.368916867762169837e-02,1.499556786269323934e-02,-3.620181337356508794e-02,-9.873462821521063878e-07
-6.933559908733873123e-02,-1.829270799210095403e-05,3.067074491712767914e-02,-7.511192170191478834e-02,3.932845803820868291e-02
-5.277251334551277817e-02,2.627719340802514916e-02,2.006570490671704191e-02,-9.541754675256651497e-02,8.266715082199932452e-02
-3.463140176344670779e-02,3.722102548902773977e-02,1.078506669004359458e-02,-8.862714678589203587e-02,1.262283130392519714e-01
-2.355777728027423981e-02,2.907956722712477793e-02,3.450943361802911134e-03,-5.991149031577257950e-02,1.408147959545055783e-01
-1.490115418536546322e-03,2.994931254160868375e-02,2.033808486842537261e-02,-4.355895753605758258e-02,1.618742660471359784e-01
-2.741253021866202956e-08,-3.381934044920417031e-07,9.046707898104593484e-03,-2.219551628903392027e-02,1.909446889356170574e-01
1.979869068908877289e-02,-4.533817531739212290e-06,1.779437913432732859e-04,-4.311167699930390854e-03,1.873951737545821727e-01
2.389519138132359735e-02,-3.393183444929389041e-03,-4.968312900994045973e-09,-6.946976243952135386e-06,1.880614382474485036e-01
2.037451894100303015e-02,-2.179823775842076351e-03,-1.810754830802779880e-02,-2.211827442331944487e-03,1.952159159368983266e-01
1.700929417148686756e-02,-1.623408284955515576e-02,-2.594563884213856031e-02,-1.410672766699120066e-04,1.946033516284849108e-01
1.629426074872131897e-02,-3.448732745020756385e-02,-3.786113068185435054e-02,-1.982384289487642070e-09,1.703268875842262886e-01
1.185909481319745310e-03,-7.554011666756391130e-02,-5.226945264258183593e-02,2.845025345074332287e-02,1.385722846629204308e-01
-6.470710634211277422e-03,-1.077938724203969106e-01,-5.600121629343329105e-02,6.397743667974644430e-09,1.112575216959057339e-01
-3.425132983707477458e-02,-1.502346666104744377e-01,-5.266018891186181189e-02,-3.778935785469088254e-10,8.375643645116745417e-02
-3.359412504633165625e-02,-1.706657165033422796e-01,-4.277435625510548484e-02,-1.510147626324725480e-09,5.646730310939159642e-02
-2.690128838691837471e-02,-1.744526206581968608e-01,-2.532783655713000820e-02,-2.500847222371132381e-10,2.793225257233405978e-02
6.030017183037490008e-10,-1.613144597701783867e-01,-5.385313176535463410e-03,-2.883814262899702611e-03,-1.129743956726032254e-05
2.442110233208754281e-06,-1.526202547669860410e-01,1.896640154682090217e-04,-3.152446441692781376e-02,-5.928356343235428871e-03
2.379864964899976686e-04,-1.391260055727975009e-01,2.842962727117558444e-02,-3.842442633294957527e-02,-1.946153008072902535e-02
2.898194685389046069e-03,-1.270667616267934785e-01,3.738170902140696555e-02,-4.643265356086116735e-02,-2.186155819033601747e-02
1.264864422134323943e-02,-1.014099292821491055e-01,4.974959658976062932e-02,-7.859859677394435973e-02,-1.935954139652375575e-02
1.915480355943980154e-02,-6.936404133919872594e-02,4.132162217591411890e-02,-1.062664979154420292e-01,-1.133966937783205398e-02
3.576104434783429487e-02,-4.236062158740767913e-02,4.016194066322490569e-02,-1.234022840685405770e-01,-1.387182216026031523e-04
5.771314124490980330e-02,-1.217645011987780225e-02,4.124763415032926123e-02,-1.213857814519350847e-01,-6.929469634322442904e-08
6.119125114139576521e-02,7.969333837575242122e-03,4.455591709498933628e-02,-1.338349558032653763e-01,-8.496995586703045355e-09
6.899881892395218208e-02,3.622034053824754740e-02,3.888246286835803783e-02,-1.497690857353419225e-01,1.799157322565951827e-03
5.712774048610715777e-02,4.311718018561507687e-02,2.609271593921101695e-02,-1.429183348649359087e-01,1.121079675215164897e-09
5.895623701406506323e-02,4.884455539499229365e-02,2.476679936657768953e-08,-1.232443407640928107e-01,3.921385266005447917e-05
5.551525187945956230e-02,6.206123919461071364e-02,-1.405570150668911632e-02,-1.367667706623030277e-01,1.850201478008487767e-04
2.982459948522753201e-02,5.017577709775861150e-02,-4.138752257618218133e-02,-1.291815987184891934e-01,3.632836372113776717e-09
2.174924671558900457e-02,4.868846477688013735e-02,-6.843054701995240907e-02,-1.110153753908959123e-01,-1.134059546387454164e-08
3.547709908103814647e-02,4.451664631552779139e-02,-1.031090579467379836e-01,-9.092137623669162283e-02,-8.595887854660177906e-09
3.861051676799238247e-02,3.741812648982551642e-02,-1.144328480828540884e-01,-9.028724214267119796e-02,-1.928553347477531909e-08
2.102089507105257479e-02,2.693556009493710407e-02,-1.374966845934958992e-01,-7.548719060109566892e-02,-2.253851884035975358e-03
2.663103605427699291e-02,1.017864170979773490e-02,-1.581515383223040805e-01,-5.411082570074994547e-02,-2.925638096062695929e-03
3.153428197970416236e-02,2.668231909337813890e-03,-1.652438560451874316e-01,-1.976522819988547897e-02,2.264966713505937520e-09
2.908085467782711014e-02,5.389029846375225155e-03,-1.605712756290824383e-01,-2.853417135647318137e-02,3.998380443213773870e-07
2.902233028625548703e-02,2.884543533950108835e-07,-1.472407608979644233e-01,-1.082501349596141221e-02,7.215591399643113266e-09
3.935992369551277043e-02,3.948551819545961111e-05,-1.337784851172818812e-01,-1.752134921664541569e-08,6.051759817710566125e-09
5.690072550741863411e-02,7.181131504464067193e-03,-1.127848183823972061e-01,3.437103482693421638e-03,2.292134472093211024e-09
5.468526375330308442e-02,8.831947208539425026e-03,-9.318876835054011598e-02,1.091939541837780303e-02,1.338728799910159932e-09
4.402007306688266591e-02,1.377562002303977465e-03,-8.169223832140938557e-02,2.065726121935318460e-02,-1.888875637465713825e-02
6.470542926975177134e-02,4.078382325618048337e-03,-5.579840887704878155e-02,3.824907032443774363e-02,-1.947580915769278262e-02
7.045674744108483545e-02,2.712691777541222527e-03,-4.123298331203976291e-02,4.401864481167278020e-02,-3.298287470624666068e-02
5.825804695380246839e-02,1.507805560462250314e-05,-2.757556046198287453e-02,2.783454901768898232e-02,-3.145843479320063751e-02
5.391497297686647511e-02,6.608134560605663770e-05,-2.055357778960438878e-02,1.557672362191170161e-02,-3.921202678080280141e-02
6.029643861276927364e-02,1.317702740064998225e-07,-2.241735822505660277e-03,1.966428866401208689e-02,-4.021742889424738399e-02
7.810571443159999849e-02,2.600318307552526464e-05,-3.436439564195706980e-03,2.723263745438526950e-02,-3.285617051568876651e-02
8.021347064733100329e-02,8.987557354424503169e-05,-4.011723968045410892e-05,5.831582705106542683e-03,-3.638736620967821661e-02
7.458099794039588226e-02,1.604734193558881140e-07,-1.231141570584148718e-04,7.960778937756700369e-03,-3.745548706817170004e-02
7.434764372059510240e-02,1.398724786045077364e-06,-7.698116216377821495e-05,1.797813065283081213e-02,-3.738970006384085415e-02
8.588763333064458605e-02,1.242398285868645715e-07,-1.359077839126314816e-02,3.704321417004399070e-02,-3.891131552576210240e-02
8.267552315935838836e-02,3.094529716155699464e-05,-1.440174910756329002e-02,3.163013459978939595e-02,-3.933068463999939840e-02
7.883864110949127812e-02,4.597240248985044152e-07,-2.585171370799650703e-02,3.887146022515185900e-02,-2.924668295733463472e-02
8.237150609862566031e-02,-4.673225622240928575e-11,-2.819096986710957833e-02,5.066645931414288234e-02,-1.381490326639904336e-02
8.817168206919419327e-02,-9.405718989039829614e-03,-3.381472961880265665e-02,7.689323612812516695e-02,2.114874839030162382e-09
8.940575540139389377e-02,4.235449617565552297e-09,-2.647332770016869868e-02,5.582229571316565941e-02,1.730627192665613205e-08
8.035271953265481215e-02,-4.649915113092214065e-09,-1.491894459205690519e-02,5.868921758769221619e-02,7.092311714494012890e-07
8.720476929384823883e-02,3.040477870975956710e-08,-5.766141883881417022e-09,5.975900270272064413e-02,2.814089419815884718e-07
8.457212999782960650e-02,1.026541739096985782e-02,7.027272493121762359e-07,6.684947373601690668e-02,1.896274178040681604e-06
6.314346591369815465e-02,2.314296851344152701e-03,1.870158048001739227e-05,6.568831120012465219e-02,9.367508581364256557e-06
4.789150685295715665e-02,-4.586027240964188971e-06,1.011631755557524173e-02,7.143603879437013249e-02,1.399146183626317551e-06
5.550221982290097500e-02,6.732245630867706724e-06,1.525811822021930914e-02,7.888051006441437751e-02,5.180188521114897394e-04
5.883653472651060451e-02,2.057889522277808053e-03,1.482458207983303362e-02,8.793822126611404444e-02,8.791009684352535380e-03
4.898911100706011129e-02,2.464254509267025659e-08,2.141465195845547106e-02,8.505563752300428215e-02,6.367792093454196362e-03
4.935299398933144094e-02,6.081635207655502334e-03,2.794717817090263887e-02,7.280421806940724772e-02,2.363806825251782255e-03
4.999467391070205186e-02,2.568410396611619986e-04,2.732819569272226454e-02,8.007647283591233511e-02,1.709172413630283629e-04
4.891736249362730465e-02,6.331206456095393037e-03,5.488543172430533634e-03,8.518977995722580576e-02,2.425946148390975375e-05
4.538069735889294770e-02,6.777044528743753939e-03,1.292404472113718381e-02,7.333366024473110534e-02,1.536098563014689133e-05
3.013850841034125538e-02,1.469927972296894902e-03,1.105992613782997083e-02,6.529953903855657826e-02,5.331161317398931402e-06
3.542129898383997860e-02,2.705916963817764676e-05,9.675994180935001618e-03,7.443077751804014208e-02,1.635919902697649989e-05
3.995489504857741014e-02,1.089722870840639285e-05,3.440928092859643449e-05,8.344339781749099405e-02,4.557358851976218708e-07
3.342276538179329154e-02,4.880993108845902047e-03,4.511604527208935394e-05,5.980108282929014890e-02,2.919159361121768126e-08
1.207102230255629842e-02,7.552961910224842076e-03,1.336572384459259048e-05,6.040836837745446747e-02,9.657377111678811085e-07
8.796843713249720073e-03,1.270243049227677209e-02,-8.801349539010320199e-10,6.505721185670952644e-02,6.854341654364098247e-06
2.266317594125505722e-02,1.065068562151239885e-02,2.339507292950388268e-09,7.474713708743591090e-02,1.489496899884450889e-05
1.217668246849698890e-02,1.886873186411715947e-02,5.946927332038750083e-03,6.914965697342861928e-02,2.676208404283174878e-03
6.154426821612463818e-10,1.064858900192382218e-02,6.979154843423259619e-03,6.510421643148722737e-02,5.234241108707666720e-03
-1.653227580143742134e-09,6.223367591628554626e-05,6.350093316949427871e-03,7.610583066988646506e-02,7.423122979828268748e-03
1.300276234704246352e-02,2.020047295292759504e-03,1.048991071772678758e-02,9.086426793301367877e-02,3.437103795968713630e-03
-3.377202665844034482e-09,6.433336371638106468e-05,1.442518246569163276e-02,7.642029826232794865e-02,2.587591654117328208e-03
-9.193670702028490358e-06,2.940817172083064733e-10,1.501983843664008930e-02,7.564688441130117125e-02,2.042676560179036184e-03
-4.119023815951555082e-08,1.021436891158114282e-07,1.448237141164183950e-02,7.816035857253267327e-02,1.442022375897069596e-06
-2.704183852712756655e-09,4.057812363808468645e-03,1.422069399747243577e-02,8.098904519802378743e-02,2.188562550591054178e-09
2.907955291530525943e-09,3.177236687998728683e-03,2.613519285162897721e-02,6.434031113521088141e-02,9.508924494557542067e-11
-4.914791181016425352e-05,3.072650336039752212e-08,2.442485107446170853e-02,5.309448914498858529e-02,-2.327953791542848854e-03
-5.132887427459922967e-05,1.877554294840576743e-07,2.039450119171579145e-02,5.640737278538944521e-02,-6.519691210827256028e-03
-1.190471450663385807e-05,2.173559480520011402e-08,1.168943892014056608e-02,6.397407465478611999e-02,-6.541259057241077118e-03
-1.080127353724583128e-02,-3.841524760737855329e-03,3.175841132875179712e-05,5.091182551131422096e-02,-6.508533975475414360e-03
-3.233277384105259777e-02,-2.100673130119079177e-02,6.114966537094702643e-05,6.250585917983629558e-02,-7.101089896281637115e-03
-3.929124133169694527e-02,-2.127580868890359064e-02,-3.827066730839721716e-10,5.563570927426813445e-02,-5.939527501581987751e-03
-3.297395663489330331e-02,-8.642225737587045167e-03,-2.537864153815472864e-03,6.296371943299851337e-02,-5.119607820107925991e-03
-4.480983285927527676e-02,-1.717594786617187425e-02,-1.655839544482834186e-04,5.403918928324451254e-02,-9.473207078125931921e-03
-4.813297955322014959e-02,-2.458394331672951461e-02,-8.469876924431164744e-03,3.857544916688409459e-02,-5.784679449768765237e-04
-3.363892761978577034e-02,-2.402654881880451204e-02,-5.877626181102645411e-03,4.330859560878171782e-02,-1.106127203371467369e-08
-2.514291354867903908e-02,-2.713081308903204578e-02,-9.579046080475949604e-03,4.184132529277252710e-02,-2.394866116309811443e-03
-3.171606018475937178e-02,-2.196891851717756861e-02,-1.605641163294395379e-02,2.405539037356175386e-02,-3.229721417739895586e-04
-3.063577090159435093e-02,-1.667756929854504952e-02,-1.685988131972660994e-02,1.979960562545018260e-02,-1.195662009498403678e-08
-2.675588856259660669e-02,-1.464735878078146820e-02,-9.693521031943565930e-03,2.087220319990350237e-02,-6.288536779978684655e-07
-1.613166093266136386e-02,-3.054786957253746195e-03,-6.144176869971481464e-03,1.467844759233699614e-02,-3.939355098206379780e-07
-2.336503855367750779e-02,-1.707875466604946019e-02,-6.207717459001046989e-03,1.150909034222338118e-02,-3.692912428427769630e-08
-3.932973818332619054e-02,-3.306021971052240660e-02,-1.390170892105808314e-04,8.830470483065767928e-03,-3.387763915648067935e-06
-3.211376225052094829e-02,-3.822813915433975057e-02,-1.577911679938049207e-07,2.145032085874477509e-02,-3.703561460460826535e-06
-2.673516679391588560e-02,-4.789972133193933640e-02,-3.560010258877628489e-04,3.687934033610945628e-02,-1.793090075031858052e-07
-4.150034364834759987e-02,-5.423337876031016080e-02,-4.435758884735708021e-03,2.302677472373771544e-02,-2.532433736490034169e-08
-4.053066719493224335e-02,-4.850199854724458054e-02,-3.986135874104078315e-04,1.181292774956057418e-02,-1.151669972256587263e-08
-3.936531959192585833e-02,-5.392189641811342971e-02,-9.815073937722535260e-06,4.448366438511680565e-03,-1.866629717533433834e-07
-2.874661416478366260e-02,-4.934292966738330899e-02,-8.284095406039075626e-03,1.720498484807747933e-02,2.742530240528100510e-09
-3.265943168729674995e-02,-3.887737539301150402e-02,-9.131073880873573703e-03,1.096439129329451929e-02,-1.025714262643268291e-05
-3.188675276404720482e-02,-5.408201658118437505e-02,-8.009129619682853890e-03,5.097779907360589641e-03,-3.029520301397793902e-07
-2.204363546453324066e-02,-4.113596530033337278e-02,-1.188003436620234518e-03,5.147584606808845058e-05,-1.725404176809815537e-08
-1.589560636239836441e-02,-2.723172337600806084e-02,-1.088249853803847401e-02,9.667677935886234350e-03,5.364566037431276173e-09
-1.817108818551869259e-02,-1.357707410642136625e-02,-1.819102141296293287e-02,2.803386497956254081e-03,2.536410335484999085e-05
-3.321290042666866227e-02,-2.112772665430016558e-02,-1.959923679687035694e-02,2.334550547933933199e-05,4.265793779043620285e-09
-3.721856389657140357e-02,-2.488256038584189117e-02,-2.832995134375790314e-02,7.624505702108100129e-03,-2.628756210040261982e-09
-4.149298505310099888e-02,-2.613534580927127926e-02,-3.413576673542377538e-02,2.227006165994784015e-02,-1.943832282929902391e-09
-5.504259757053300839e-02,-3.594784609036783679e-02,-3.580591659976791602e-02,1.760451377413852284e-02,7.027182909328312036e-09
-5.569865393916272056e-02,-3.322573571083348859e-02,-3.691772778889154671e-02,1.122902352623787042e-02,7.291016492015858601e-03
-4.682618199806128784e-02,-2.947678715913096617e-02,-4.262807592183390226e-02,4.952482148035338566e-03,1.032603107747823851e-02
-4.461331550653709066e-02,-3.578712792097691470e-02,-3.924218077481155670e-02,7.224434463372393471e-03,1.530594910414751278e-02
-3.875886930230549449e-02,-2.228734067730391358e-02,-3.285627287467685065e-02,-6.470059279716345279e-08,2.434545453071681326e-02
-4.830594789664906935e-02,-1.918710795226617402e-02,-2.929234156509406481e-02,-3.150887062951108954e-03,2.530001414398615894e-02
-4.415719207261679935e-02,-3.024903291170862388e-02,-3.697432678652016330e-02,-6.175266226632378852e-09,2.830135309674789920e-02
-3.466399318967521709e-02,-2.437224039784444823e-02,-3.496059212051596393e-02,-4.472287161455895610e-08,1.145501107268943365e-02
-4.908687920147072892e-02,-2.141035892344377717e-02,-3.073983038233551318e-02,-1.051670950992487008e-03,1.162986602979481851e-02
-6.145450338047601241e-02,-2.682508248985410182e-02,-4.380916224832853006e-02,-8.189880706088939550e-06,1.224582452667455530e-02
-6.233963164893772946e-02,-2.757630196751566232e-02,-4.282949185223666050e-02,-1.650825783542320979e-08,-2.127420808366007860e-09
-5.704294984860219103e-02,-2.115378345039065078e-02,-5.429519884789130169e-02,-7.119599329063983321e-10,-3.355312318609384550e-08
-6.598289266416269838e-02,-2.677336481737693091e-02,-5.659400565243201398e-02,-4.130703661558363175e-09,1.140360845921970465e-11
-5.893080256413488205e-02,-1.761832096711140119e-02,-5.372306773868249646e-02,-4.642202725106051102e-07,5.317355630422037580e-10
-5.987487907920522462e-02,-2.502752150087973748e-02,-5.942656241826888008e-02,-2.920464261116519724e-09,7.783866238188334903e-03
-5.529716185296624370e-02,-3.228592503095679273e-02,-6.915833959676115361e-02,1.079334061590578840e-02,1.560851409396034686e-02
-5.603067874484761457e-02,-1.848000233120502406e-02,-5.968864386459849652e-02,-7.610737237466672761e-09,1.063014476879106142e-02
-6.021001287783333406e-02,-1.791196783532572265e-02,-6.802605520409986395e-02,-4.114581293504064285e-09,7.878340116425745984e-09
-4.891045296114303331e-02,-3.037471264836130377e-02,-6.267271983344574471e-02,6.746330787008426345e-03,-1.127139329849958216e-08
-3.766222032678558790e-02,-3.159780475222015439e-02,-5.539672668565350649e-02,7.164652167078549880e-10,-1.547938540412579783e-08
-4.353626705838099797e-02,-3.997260712256717891e-02,-5.257350580908799753e-02,4.404011793220693772e-10,5.912742938193267827e-09
-1.477595537055171639e-02,1.150430937632966263e-02,2.155613765658323234e-08,-2.331895494599375366e-05,-1.346556181278436294e-05
-2.001582384690374014e-02,1.899672486965324288e-05,1.109329535060483892e-09,2.423655365140961311e-10,-5.941084453959914920e-03
-2.148611457654260246e-02,4.533757360391239659e-03,-4.665788231058845497e-08,3.666219506112325301e-03,-1.093504525519240628e-02
-1.234304456346971973e-02,1.271000978273577504e-02,-2.746840344527231398e-08,4.280951077366207912e-03,-9.161037388953746294e-03
-2.139222076140723239e-02,1.466463424401650943e-02,3.439575806410792444e-05,2.539732688161292547e-03,-7.794883408800741369e-03
-2.890235781316374125e-02,1.965210352957302148e-02,9.364085396238076495e-03,3.649010776252371250e-03,-9.492250992009261881e-03
-3.089730398889476912e-02,2.143800908211339340e-02,1.081441846271082767e-03,1.135336133194442048e-03,-4.832150139745943450e-03
-3.041956953647122902e-02,1.980397482213261048e-02,8.688062972312346824e-03,3.831293715305723446e-03,-5.308779101918341132e-05
-3.119097699800290821e-02,2.716321329066583717e-02,1.438558454126655575e-02,1.208234929112056086e-02,-4.086142771260303634e-04
-3.558644278933804916e-02,2.626406490697293789e-02,4.568523482841040811e-04,8.354139446376765421e-03,-1.185721413761581461e-03
-2.768142972666418414e-02,2.147949899822631376e-02,4.409979485101209464e-08,6.621851697324968380e-03,2.401330894843706050e-07
-2.742463574736941564e-02,2.514190108147906430e-02,6.839717203603368372e-08,8.611088207037032082e-04,3.060722591721461242e-06
-4.060407992509966479e-02,1.859806948836208174e-02,1.121052341567774268e-03,4.737475870611956792e-05,4.656369338067744218e-09
-5.011757493343700631e-02,-4.695806222712492582e-08,6.075120831183196748e-03,-1.854584690467436482e-09,4.543077908119124569e-03
-4.197359729834812536e-02,1.858585060232931241e-02,8.417857385384377999e-03,-4.401003380624418548e-09,1.404866074293585853e-08
-4.725890972938001644e-02,1.943042021837096747e-02,7.724548113222937454e-03,1.113051322415511240e-08,4.308072030989884733e-03
-4.710151290924233930e-02,2.429380310907192086e-02,3.819682334898095392e-03,-1.169780588777563962e-08,6.506250794112560312e-03
-5.699904792431247785e-02,1.562985672064391013e-02,4.504495337195457605e-09,-5.938013462461668813e-07,5.312018552244042978e-03
-5.721644473704439599e-02,2.420152071168501715e-02,-1.532851111250793616e-08,-2.864769734517392206e-09,3.549611534977861423e-04
-5.820795032816018788e-02,3.418217533341404851e-02,1.630852862597386342e-09,-8.192795013159102000e-09,6.149332239449806312e-05
-5.794548153134463503e-02,2.858337478166830467e-02,-5.367570576810664118e-08,3.125310407191818395e-09,1.651043305914677312e-05
-4.999724925546800147e-02,1.998403540230715703e-02,-3.427474394469848147e-08,1.069168272986441119e-02,-2.615313614999383064e-06
-5.348897089351129647e-02,2.210874441525180825e-02,-6.373215855522670906e-09,1.802563562592957719e-02,-4.396720628062898894e-08
-5.597251440844016462e-02,2.221609713411703754e-02,-2.570319942320194446e-06,1.937134576434989403e-02,-7.466324407133709824e-08
-6.782514689188688661e-02,1.481952781682779711e-02,-1.410879433350256803e-03,1.970194745576966597e-02,-2.250672041695280974e-07
-8.950670959487984357e-02,1.669679113927862238e-02,-6.345230002422814000e-03,7.704467749137349809e-03,-1.014905062813269750e-03
-8.586567950008597294e-02,2.210100087491950402e-02,-1.861722752309280526e-03,6.965627678869781843e-09,-3.377879050818368800e-04
-8.520541276280468868e-02,9.376709916388607791e-03,-1.163685102383501223e-02,-1.915256632088642981e-09,-4.209842031066405622e-05
-9.036390453336271000e-02,1.414443815056356385e-02,-4.533581742693191738e-03,-7.306920656772129661e-06,-1.061304268498084441e-07
-9.345408390759289696e-02,8.564347052856316478e-03,5.269313446884242800e-09,-5.503814947499738262e-06,-1.964854516245904655e-08
-8.625566929674102767e-02,-6.307628816953414166e-10,3.194124663047569711e-05,-1.485446312654095008e-06,-2.034702288786354170e-07
-8.590560543322459108e-02,1.733138297625726187e-02,2.951333104890248391e-03,-1.329817564206078407e-03,-9.071231151264537170e-08
-9.885531826443538783e-02,1.222064767647450603e-02,1.115401547287381323e-05,-7.942389114028837807e-03,-2.787733641779667849e-07
-1.080887291354811902e-01,-2.679105710053178183e-09,9.777960356108013850e-08,-1.348954020724833953e-02,-3.978251380637003863e-08
-9.700744043877916611e-02,-5.826128002452636636e-09,2.233839065995770920e-06,-1.394551915291032673e-02,-1.030362932336683015e-06
-1.068043220445164948e-01,-1.118402423953500711e-06,-1.916371891940026078e-07,-1.524024252516283442e-02,-3.531489063280881011e-06
-1.158427177641795092e-01,-1.361178384824495943e-04,-1.372803257958027371e-05,-2.257550012495703612e-02,-6.934219407138693833e-07
-1.202121036739396409e-01,-2.001630371908894208e-03,-7.567641955901640780e-03,-2.259335930391864755e-02,-1.836599201676365849e-06
-8.765440233662487313e-02,-6.849990720209826089e-09,-5.087718326070375316e-03,-1.090879768444785909e-02,-4.494811920735669597e-04
-7.892328170290989486e-02,8.465251630587930856e-03,-3.659344594706345641e-05,-3.031038813104149077e-02,-2.669354515914409368e-03
-1.004575264327481621e-01,1.122953392909283553e-02,-5.578344566824056021e-06,-3.159790898369660428e-02,-7.130320203144966881e-03
-7.740606257265006396e-02,1.126067675270443205e-03,-5.620215934406829273e-07,-3.160520607954468014e-02,-4.988855207199711754e-03
-4.921275662566691050e-02,1.368022182206887066e-02,7.512716940977237071e-08,-4.232542721164151561e-02,7.064901297016848266e-10
-2.857178671666547182e-02,4.236663743452055708e-02,1.778176785963909073e-05,-4.357250226829303269e-02,5.038470824349549487e-02
-3.101048850934749052e-02,7.939020324534037942e-02,4.353237188401189867e-03,-4.852973937950100236e-02,9.057712863676753434e-02
-2.465247949927018914e-02,8.566994289931083306e-02,2.113568866489635937e-05,-4.481653623000157044e-02,1.295869493088551427e-01
-1.113532297805796753e-02,8.556124466082427882e-02,2.095760586498377539e-05,-3.781807229460706216e-02,1.524191710269524602e-01
-2.781372785535651121e-05,8.147418564080922965e-02,2.441727246939370680e-05,-1.620839772331127138e-02,1.732130905404614118e-01
-5.361367431409343703e-09,5.656400262500542453e-02,3.745943202090769037e-05,-2.996651355289134617e-04,1.921613089360932058e-01
2.567898695362686237e-02,3.502126072598709533e-02,3.554070697666637129e-04,-9.596116902014180708e-05,2.031782862209682849e-01
3.046989764019353286e-02,2.178893060676339449e-02,2.824940717579538284e-09,-2.205686344342082963e-07,1.945317708292751135e-01
2.932507963304981785e-02,-1.080881623091178901e-05,-6.178219010136428574e-03,-4.672872784382335354e-07,1.988086294436336166e-01
2.937697156124490644e-02,-1.766916345806103419e-04,-1.012614338485909316e-02,-1.258890238443231295e-05,1.960130725839045740e-01
9.338528896395675155e-03,-2.171785381890598346e-02,-1.007433319242971928e-02,-9.868850733524944834e-06,1.792637530166514837e-01
8.541189535188700027e-03,-5.949864292206117483e-02,-3.119139817678888774e-02,-3.303505540364077141e-08,1.421819054544171679e-01
4.576643249352412311e-05,-1.155354989818486305e-01,-4.005340744730265246e-02,-8.552512875231237054e-09,1.039414210334164979e-01
2.687363472937972462e-06,-1.741644650835768304e-01,-2.831731562468359220e-02,-2.446595258025532069e-06,6.778849813345770581e-02
1.054139604307368227e-06,-2.190687244436446968e-01,-1.864723274850700954e-02,-2.308452594780416767e-04,2.795378031825513157e-02
2.552615423370953795e-04,-2.271304215578009711e-01,-4.394062869494096531e-09,-2.124811041292113279e-03,-2.160635024429843291e-03
1.111441865746882725e-03,-2.350702551405392804e-01,1.486897574746409191e-02,-1.402603425153781114e-02,-3.111189424617178886e-02
6.998350530302122931e-03,-2.271294995448765730e-01,3.950129612225709158e-02,-2.379134136378005873e-02,-4.314450531690493251e-02
4.560128844854617787e-03,-2.068448051971700230e-01,5.377445509595301515e-02,-3.694915967422628816e-02,-6.432926806123023811e-02
8.264737094236054155e-03,-1.878446448755216602e-01,5.145261400093430887e-02,-3.437499710628501293e-02,-6.907622874721539019e-02
1.790124875958216261e-02,-1.725785051677741488e-01,4.815707500655869167e-02,-4.222945286212034799e-02,-5.762136770233480115e-02
1.557603061057261963e-02,-1.352153968914022175e-01,3.850593654623383350e-02,-5.864437962207533217e-02,-5.907646203056120954e-02
2.520864612426063425e-02,-1.007091613395052765e-01,4.367566758300726881e-02,-6.774847405109755971e-02,-4.909479170944858195e-02
3.956872381520985110e-02,-6.225483197650736461e-02,3.270876386753784892e-02,-7.213734036812698147e-02,-4.092090177126538053e-02
4.627262697453499857e-02,-1.686967221076485571e-02,1.713734048814822761e-02,-8.654105785835902731e-02,-3.462194437773195854e-02
4.598140316307344766e-02,2.547477483423603480e-04,1.092822208807392795e-02,-9.224734936398767959e-02,-3.446296306754523947e-02
3.891746898052303449e-02,8.891665055184464622e-03,1.395958344127534326e-08,-8.870797602857162512e-02,-2.982645060634809761e-02
4.218900439135599839e-02,2.497527219791865344e-02,-5.762658474051584809e-03,-8.961451317776407410e-02,-4.035692516790091722e-02
2.834241244987407288e-02,2.989791979915350575e-02,-2.592830237074531322e-02,-8.874130038033270496e-02,-3.243837982801449360e-02
4.162949255653117589e-03,1.320547355953427884e-02,-5.507284334411108317e-02,-8.452114045521828822e-02,-2.787367347612378782e-02
3.024892335133816253e-06,2.917169285602852838e-02,-8.028298928559375602e-02,-8.534702952229332451e-02,-2.524629518824186153e-02
3.830064892825867269e-03,3.830707742043195502e-02,-1.067657918199209632e-01,-7.629876947626186567e-02,-2.570148263158095539e-02
1.403929592762500966e-07,3.036566455362060130e-02,-1.286746162440143837e-01,-6.804035893935669876e-02,-1.845067358999188945e-02
-6.396817794132580403e-09,3.506521126838682887e-05,-1.483498711778633850e-01,-5.809974051193753097e-02,-9.514562868573862853e-03
-9.856346781400619761e-03,1.728159789262009446e-08,-1.503855308511949096e-01,-5.758350671837939722e-02,-9.450743656504516713e-03
-6.031322855343803149e-03,9.368533590121525836e-11,-1.663866669173798829e-01,-5.356920691815725277e-02,-5.558306916826355916e-06
-1.797649018062123100e-02,-1.667629991912083012e-02,-1.846802686493701773e-01,-4.071214359137543398e-02,9.329389061383054390e-10
-2.388143549402845650e-02,-2.791478837342041205e-02,-1.848633702442611937e-01,-3.167330467053525167e-02,4.962956570861824963e-03
-2.765641588883264654e-02,-2.926752926552727424e-02,-1.777233660543008353e-01,-2.646431001375310760e-02,5.994565392937822347e-03
-1.582511343560143516e-02,-2.150696149447280103e-02,-1.735401678178522533e-01,-6.985159985695431860e-03,4.834965352674660866e-06
-8.596618726443705852e-03,-1.717495028216744005e-02,-1.615451436721734579e-01,-1.623708364678289919e-03,1.109834724851816264e-04
-1.874876365940399831e-02,-2.273124106845578196e-02,-1.497019769424564606e-01,-1.739460106644980398e-08,2.022708702864346383e-03
-1.768617914365498006e-02,-1.638616279243920032e-02,-1.256605648020256150e-01,-8.381455949355102529e-08,4.830152515784359550e-03
-6.282107675023620737e-08,-1.860394908410945447e-08,-1.149520100476104090e-01,2.207135953677301974e-09,3.603137654798297361e-03
8.337927816612759023e-07,4.888411675757535199e-06,-1.050966713268298158e-01,8.998987314296507181e-03,7.490526733281196135e-03
1.026508752344658230e-04,3.822009921534795309e-06,-7.948255651178201542e-02,7.099965077474717362e-03,6.879156140769328472e-03
1.818914446694605384e-03,7.359206410495127127e-06,-6.553885773904125078e-02,1.055248106374120746e-02,7.888446256471114278e-05
1.821665239639486122e-02,8.685100078247963082e-03,-6.692331153498601304e-02,1.323920469706743770e-02,3.011983517380717647e-07
4.023271787827849277e-02,2.296129447298542528e-02,-5.788047591870889436e-02,1.958929023672957136e-03,7.984253498034362035e-05
4.745985407344891632e-02,1.940651220415809050e-02,-5.551684119301378978e-02,2.199885499597894253e-03,2.790308845460854996e-03
2.891180360183897430e-02,7.176898116100328268e-03,-5.540688018016986377e-02,1.396626592808188072e-02,2.549852283823279137e-03
4.465374734652861888e-02,9.000809068693048018e-03,-5.465118088805129282e-02,2.202426457707634330e-02,4.833462134784774662e-03
5.757871459891463622e-02,1.693307458905389529e-02,-5.673407144500169225e-02,1.452903714126332554e-02,1.323843862061094452e-02
4.997844096417272675e-02,6.222063073621652944e-03,-4.611330911312952474e-02,1.431437577716890459e-02,2.112161331586314555e-02
5.235397273418539166e-02,5.972172695785643983e-05,-4.024163274184862360e-02,1.012216156357814353e-02,2.494392099746521249e-02
6.584936821579673305e-02,4.410312796930287321e-08,-3.274500806466135172e-02,2.274696610564893445e-02,2.467505685961386350e-02
5.864399242748456059e-02,-7.946369091848042249e-06,-2.600316280771912403e-02,1.881707827747318082e-02,3.172567269906532983e-02
5.430772779800995681e-02,-4.971594155362440114e-03,-2.343828577533491747e-02,2.361667522031260513e-02,3.015546602495723302e-02
4.603824033592027187e-02,-1.797538649682140985e-03,-1.972420012524445446e-02,2.029465081408965074e-02,2.034725479453692795e-02
4.456339734771595090e-02,-1.173198573842059155e-04,-1.099262414290630430e-02,3.240142059468782004e-02,1.388052402202938351e-02
3.944888161445398583e-02,-2.337017450751139725e-06,-8.119582026611914249e-03,3.985833450601899280e-02,5.603944925979593809e-03
3.279695330921828661e-02,1.874532888098650503e-05,-1.603666852201683039e-03,4.037974404872261835e-02,6.951601230347723712e-05
2.231154499130811805e-02,2.961628952359614748e-08,-3.486927909425827539e-07,3.781480790818841919e-02,6.153699549630769347e-06
2.276319528919837701e-02,-1.916037943982420205e-06,-6.943097015048178082e-09,5.423068483176486654e-02,5.958538515509178971e-09
3.790675136894749303e-02,3.623265844182838540e-05,6.312475650035478253e-03,5.027930856395682047e-02,6.510796003075334125e-09
3.729214369043942767e-02,8.088056988962243413e-03,2.092091980684890676e-02,4.477719133989671585e-02,6.238323144927855821e-08
3.918779916552148079e-02,6.058711584432242662e-03,1.874921646634317846e-02,4.539620874305279330e-02,2.207416696350050588e-05
4.888771374308550216e-02,8.303389360028559695e-04,7.139909769666273262e-03,6.079613630814313663e-02,5.087921568703683290e-05
4.726841031751542743e-02,8.529351352146000848e-03,3.528394986491156359e-03,6.477188129719659015e-02,4.882398539525984252e-04
3.416846635392349618e-02,4.471906583052289059e-03,3.117272979590721398e-03,5.848766768591852350e-02,6.559789314384534796e-03
3.339089005066202265e-02,8.815354481891923139e-03,1.596716890715999329e-02,6.170135119937258938e-02,2.182754509875727434e-03
3.523555556962483515e-02,9.338180655432836222e-03,1.535483366974564091e-02,7.070376479507257950e-02,5.623381825957439131e-05
2.645200947599943980e-02,1.149219445868972928e-02,2.648647054271889567e-02,5.994155842004449120e-02,2.973926620329757234e-05
1.741523732632068583e-02,-9.434337103587834923e-10,3.216818217287138043e-02,5.787641755895600593e-02,2.473171122092194130e-03
9.882577412578768053e-03,1.900407158506848232e-10,3.246747203664501757e-02,5.574644321108685602e-02,4.416512863640647754e-03
1.677486244579051711e-02,9.914538261756946930e-04,2.984276795667348964e-02,5.245947500936397334e-02,1.426189677029772538e-03
1.594407740263441980e-02,7.991805213888786286e-03,2.543741547858319532e-02,4.600461141747753252e-02,1.665489871361587517e-03
3.469550527919441782e-09,1.599141011295249779e-03,1.812325467414353450e-02,4.443158967366567236e-02,8.839197599576504303e-05
6.097032753856392734e-03,5.530726802131943030e-03,2.557588629183823320e-02,4.728337920210078787e-02,4.198093673617889432e-05
1.709827086569060822e-02,8.774392436505068851e-03,2.761385358698799017e-02,4.998515309313558003e-02,2.287865649148088733e-08
1.268644734461328236e-02,2.645582139565471648e-05,2.754794296736187004e-02,4.873246802648602272e-02,4.466649133100412337e-05
2.742197632806536025e-09,3.252871370841898835e-05,2.065321552341118846e-02,4.992497161581820053e-02,3.425267444093423887e-04
1.210759367432971062e-09,5.604523070507974328e-09,1.749048410327460820e-02,4.710111919562980781e-02,8.070914411427266248e-06
1.173372812213015377e-02,6.384139206881410161e-05,1.743155641924711355e-02,5.262551567950316672e-02,1.690091446807165137e-07
1.306618313006495391e-02,1.590168151655222198e-02,1.683397718653988767e-02,4.424272853506023423e-02,7.084582384327022116e-09
-3.061848929748679079e-09,1.121788820156728941e-02,1.243917318859150134e-02,4.681432105901439655e-02,-3.394526722962696805e-09
-5.561157510712797796e-09,3.085528429646083315e-06,6.819523474055479845e-03,4.861114234097179548e-02,7.586974346934587736e-08
1.027023645899367051e-09,3.076441625312520432e-06,-2.099693066212763948e-09,6.015710959089044102e-02,1.256696931123289677e-07
1.078314544752803250e-08,6.127619144493028601e-03,-8.666406996630083074e-09,6.117144152134387086e-02,1.135766348686003830e-06
1.893551500893055543e-08,5.730750567608010944e-05,-1.124683978477258039e-05,6.265526281660593888e-02,4.477827291905335637e-06
-2.345349774200378463e-08,-1.589202910106417158e-03,-1.335791395049074594e-05,6.888863274370514433e-02,2.951170123681438968e-05
1.863342399220252379e-03,-7.787680409358398908e-04,-9.491335698562072197e-07,7.387648534258790811e-02,6.906426971833311875e-08
6.348334342571941916e-03,-1.514688295031761360e-05,-6.518238877459774575e-08,7.094798723205932023e-02,2.815502202711679950e-09
5.423729978303932185e-03,-2.532675637983303196e-03,4.519690871859254360e-09,6.348276686772703903e-02,9.189307146456174523e-10
-9.095370369449115898e-10,-2.241977431144842950e-02,-3.931244270595013058e-08,6.171839245244084560e-02,-1.951969021054493991e-09
3.174052081537876882e-07,-2.620895077272996504e-02,-1.421747360915079929e-09,6.770139001244834809e-02,-5.132135355834247827e-03
-2.837635230509070135e-08,-1.957356397076958146e-02,4.864043820278152012e-03,5.867004617747014622e-02,-6.582189501525656516e-03
-9.383238337529859439e-04,-3.341714830799549785e-02,3.412417288740591600e-08,5.627638569615599218e-02,-9.243214897734965824e-04
-8.057912894271539173e-03,-2.959690563475270500e-02,1.533892120504017922e-04,6.149468927762020282e-02,-1.040817653604058984e-03
-2.025412375181771807e-03,-1.571902277450910532e-02,1.666093754971719745e-04,5.707992090541942620e-02,-7.405520452493437322e-03
-9.951961335967565521e-06,-1.179163934398414978e-02,1.326653243493270067e-05,5.176019791123676050e-02,-8.080502391191670894e-03
-9.680589745797591947e-03,-1.116953596021374485e-02,-2.399696059805925670e-07,5.635995422099093766e-02,-2.253442244019670387e-03
-6.372334037388182292e-03,-2.155509351858514097e-02,-8.980511154743331560e-09,4.933745441926477848e-02,-2.125360686811565269e-03
-5.230243241442008862e-06,-2.237613094670913225e-02,-1.843067823310324341e-08,5.752761395097327063e-02,-9.139484291113860251e-03
-3.273203007710777900e-03,-1.982130428522144508e-02,-3.422839037018682366e-05,4.817110892514270964e-02,-2.108894438731502641e-08
-1.226431382675674184e-02,-1.756811012778660905e-02,-2.684467886259799468e-05,4.547114986243930984e-02,-6.685152698654579826e-09
-5.715525720108276773e-03,-3.350865653550444412e-03,-6.498718176160036343e-08,2.939110602936150646e-02,-9.752212011386907921e-05
-1.782351492629811700e-08,-2.755021676902441076e-03,-6.282791355889560253e-03,3.453457442579659781e-02,8.864206148650864649e-09
-2.630303085220023236e-08,-6.554620998704675967e-03,-1.669727476338020086e-02,3.526214925294490765e-02,-4.519214142889659916e-09
-6.437126492104885099e-03,-2.081733408446143421e-02,-9.617076958364207881e-03,2.535445257039796799e-02,-7.616439905777413463e-06
-1.017252782540157927e-07,-1.968693124652267853e-02,-1.002197013531536162e-03,2.121317301858932983e-02,-6.034608875478493960e-09
3.234320239759791177e-03,-9.419652142915265272e-03,-5.615424596385695204e-08,1.369097792932873897e-02,-3.699542544232950155e-04
2.568414968196195292e-03,-6.299653927981419682e-03,-3.621467840521518889e-08,1.390252486928643914e-02,-4.114182172618495136e-10
1.460314921920447418e-04,-2.106723372568496469e-02,2.171141920406047125e-09,1.362296643660204989e-02,4.519076353628546195e-09
2.556791153507869256e-08,-2.053628689243709379e-02,2.431209982625777877e-04,1.823448632611896327e-03,-1.503790805061922082e-08
6.692185307318861777e-09,-2.413209072942228139e-02,-4.278567435385344871e-09,1.635155220130379145e-02,-6.023772163979884730e-07
-2.891529070128532209e-03,-3.677960983129743844e-02,-8.547645163910912144e-08,1.750652510829989877e-02,-3.623722640455156218e-06
-4.448780786006405197e-03,-2.069113722761389135e-02,-1.417747173175252306e-09,8.799936313667815202e-03,-1.139691053837945653e-04
-2.820799201423587581e-03,-8.855941095645991981e-03,3.837207489666200212e-08,2.206424582265059751e-03,-2.877826402192338998e-04
-7.457419185338961046e-03,-5.328633012741100863e-03,-2.862342930789230275e-10,1.988189533277356577e-02,-5.012910957149704742e-03
-6.457478273327114417e-03,-1.107349184433163714e-02,-8.143304648178742706e-09,1.748851825274781030e-02,-5.437202392943148914e-05
-2.511737324693382248e-02,-1.608525609032311968e-02,-5.517879008873789563e-03,2.415414545750070238e-02,-1.091264279838576078e-05
-3.423622877885108828e-02,-2.581649156163912801e-02,-1.131670499665885128e-02,1.971127731103350378e-02,-3.646179963841473582e-04
-3.234776464802730650e-02,-3.288565730806761178e-02,-3.598437883733484732e-03,1.800081735647168779e-02,-1.668066171211774308e-04
-3.929967935280339469e-02,-2.200039102019978043e-02,-7.064867904373898534e-03,8.321400818224211973e-03,-2.738262521851424908e-03
-4.307979346401576842e-02,-2.117260492023396307e-02,-1.095070320241108182e-02,5.812991074108295718e-05,-4.137134542094719585e-03
-4.442032288950534952e-02,-4.011667770822224810e-02,-1.755227018124593322e-02,9.894902736602793208e-04,-2.387693740287266753e-05
-3.297444189597945052e-02,-2.763184956056967748e-02,-2.252435167817264453e-02,3.300815239183393248e-07,-1.324990196727166381e-05
-3.286056428207099339e-02,-2.599576252027053710e-02,-2.681515379704248192e-02,-3.659433518907721054e-06,-3.641739402668625044e-08
-4.690945790182171615e-02,-3.458465286068319183e-02,-2.919814698968097727e-02,-1.499777219358280878e-07,-4.137994617797912446e-05
-4.722874676275235634e-02,-4.147063909208004162e-02,-2.778173248440526585e-02,-1.231668612597828718e-05,-1.194486112102862439e-07
-3.153554754159765272e-02,-3.966589630698329899e-02,-3.321804176710500822e-02,-6.448267805523250952e-08,-3.060834288077892154e-07
-2.251165451253662325e-02,-1.985252765265542452e-02,-2.468457750175380092e-02,-6.516282283897958071e-03,-5.610071159164269510e-07
-2.375620532591500231e-02,-2.516589368401840263e-02,-1.868514491054522331e-02,-1.019613516880127878e-02,-2.111564838244224296e-05
-2.075142506804529899e-02,-3.178516233820329051e-02,-2.797702882438240016e-02,-2.518829853585028821e-03,-3.811469536909978381e-07
-1.770818636843122726e-02,-3.668596509139394196e-02,-2.655314535022026273e-02,7.884867128053320585e-06,-1.421141497736801847e-05
-2.506680887688372827e-02,-2.796026842821430075e-02,-2.202990626443743910e-02,-2.149042831051715323e-09,-1.459752393489373008e-04
