1.039390502315688134e-08,1.635334884606664402e-03,6.851580171782742721e-09,4.361477322330664002e-04,-2.068088152808520569e-02
1.373768903871043350e-08,6.092929094995780739e-04,1.455443720629178842e-08,1.463658118167300440e-03,-1.793256869421069877e-02
3.858235954847313604e-08,9.240163309285966638e-06,1.114729244022214637e-08,6.943285916947473674e-04,-1.852354220377363386e-02
2.399994093597729932e-06,8.299362136706404067e-07,2.698745939036664425e-08,4.966166408971821843e-04,-2.534237237313845606e-02
3.527168350613968492e-06,6.347118080077609305e-07,3.503131170946819782e-05,3.459235845694643287e-04,-2.481370805184617695e-02
3.450099179412001460e-05,4.032645426231074373e-06,3.863593742183335210e-08,1.411006864915890667e-04,-2.289936991941463745e-02
3.757493010348931768e-04,2.596715189871228775e-05,1.652829862295039477e-05,3.605359580901117394e-04,-2.941180770586591595e-02
3.342810648595229486e-03,3.769744873162327221e-05,2.343983316139060951e-04,9.534870096856381833e-04,-3.401355293291027232e-02
3.526824429882416140e-03,7.082972476834260846e-06,6.370106976544790019e-05,4.636215874514465355e-04,-3.192490536646060140e-02
1.377669076059744729e-02,4.190810393835218452e-03,1.214965689079612306e-03,8.615354952483023424e-03,-2.931786519485064801e-02
1.258549707063427378e-02,2.979017407878675749e-03,1.153743032074650622e-08,1.380158749073961272e-02,-1.993952702005974062e-02
1.445319148467494666e-02,5.143603482649571415e-03,1.982694309514226888e-08,2.660514004070629185e-02,-2.290416421731266208e-02
1.734358824680067371e-02,5.604941969004455238e-03,3.056126172264008279e-08,3.189989190229501614e-02,-2.277668993939930067e-02
9.895438052355631439e-03,1.262086007710402219e-02,1.528149353213107962e-08,3.050971433686031770e-02,-2.152618423592771169e-02
8.870869513450915442e-03,1.157499070913439385e-02,2.530417115718966886e-09,3.096046412244049528e-02,-1.653230811833330052e-02
8.272512529467770936e-03,4.887123337400391641e-03,-6.965570204081295524e-10,3.156454511720898498e-02,-2.595122401927311626e-02
5.671321482980779503e-03,7.641240310554755187e-03,-1.025453011775853769e-09,3.127202829156106034e-02,-3.064987340539767138e-02
4.282996062510102632e-04,8.063009414663881678e-04,-4.453158683221400497e-08,3.161576861120937720e-02,-2.362320515983146185e-02
2.797292184686731888e-03,1.098126684725830556e-03,-6.919002128330476357e-08,3.521361125210879794e-02,-2.838081452201420690e-02
6.443255803401645720e-03,4.046275848569335677e-03,-2.213338604077968228e-07,4.458532787068064662e-02,-2.631650692778924119e-02
3.549717813321130906e-03,4.338330647557261770e-03,-2.342392244204636106e-07,4.199745732493299216e-02,-3.015669321872996994e-02
3.306690242900119439e-03,7.613366206329684124e-03,-1.514630581636984705e-07,4.572319368249520843e-02,-2.992721789176861977e-02
8.253030303635932544e-04,2.622597252934964155e-03,-2.702696418121749661e-07,5.098391328358486962e-02,-3.297847039280466658e-02
3.408715734557855176e-03,1.564997131818913253e-03,-3.274008227247004760e-07,5.852307926624849416e-02,-3.054048475364012916e-02
5.258178962089018332e-03,4.090806079662040635e-03,-3.520508240117107637e-07,5.526737925386496220e-02,-3.044512778715422266e-02
4.634291466816523389e-03,4.571856328263909988e-03,-1.410761690269136411e-07,5.815212446390879281e-02,-3.499875530257117590e-02
4.863448132282032475e-04,4.288797363927173562e-03,-2.669184378242592541e-07,6.461570106611096154e-02,-2.979544289580008179e-02
5.522964856474081759e-03,7.389962918094559498e-03,-1.930358563251808877e-07,6.949554973188755425e-02,-2.936012543192764376e-02
2.975394268597030163e-03,1.536061222679692591e-02,-4.113082979760304385e-08,7.016305332067633571e-02,-3.765703556174596067e-02
2.912363326333338668e-03,9.323185693529982901e-03,-9.787526154100065984e-08,6.479830200608267810e-02,-3.327852358991215120e-02
1.192936521898103029e-02,1.212053762285172226e-02,-1.625377840290617335e-07,6.780545521281376720e-02,-3.430480061420580068e-02
1.254920744793046154e-02,1.771822770719057999e-02,-2.264988240293300699e-07,7.200499771544252581e-02,-3.238679880042075881e-02
5.864265643821472279e-03,8.700541921651814767e-03,-2.670057776630782366e-07,6.748139825758854571e-02,-3.091790618979900832e-02
3.550941216261396870e-04,1.034624377069362792e-07,-1.651599431704124771e-07,6.934384894956617529e-02,-2.825767458713965632e-02
1.183372028855843929e-04,3.704100513976138811e-08,-5.152114535937442573e-07,7.303130119761415406e-02,-1.968074636005277822e-02
5.426262874961513888e-04,6.532146952663205474e-08,-1.286953979784371251e-07,7.426880339236958950e-02,-3.240803621980251764e-02
1.867541296584805015e-03,1.565194029771915133e-08,-5.869089415630935430e-08,7.834960829200277033e-02,-4.398052815171283464e-02
6.059418816120166681e-03,1.191677740886063658e-08,-1.701162717846292141e-07,8.770574719010067188e-02,-3.831985980697815569e-02
4.537190288315298692e-03,5.916949019229409069e-08,-8.159793905149334466e-07,7.644178056658364195e-02,-4.241521713396698146e-02
1.237944831917287220e-04,7.333369513764256819e-08,-5.004680526094195570e-06,7.791372351696299048e-02,-4.129729352813275162e-02
5.138798501724872267e-08,6.377226421731488869e-03,-1.565930454092344474e-05,7.820599369187114513e-02,-3.551751884442301554e-02
1.547718810879632032e-08,4.779809142459817695e-03,-2.373551198784427507e-04,7.083827401785434963e-02,-3.402476006143684284e-02
8.652067126562020364e-09,1.826860882152280333e-02,-1.113592461973458847e-02,5.799445689278642097e-02,-2.785265495449369688e-02
4.877747178500655281e-08,3.965069960067827554e-02,-5.183640017629909114e-02,6.773633871397091721e-02,-1.054329420934940927e-02
6.929681629609109621e-08,5.623350088905843674e-02,-8.636759322082337986e-02,6.665916453334477798e-02,-2.099404341075103084e-03
1.419534124009670401e-07,5.307827641538934854e-02,-1.253057842804095601e-01,6.158322025612285311e-02,-1.555947770929724608e-06
1.004625016850906842e-06,4.363569388003109978e-02,-1.544483136423464020e-01,4.882962212500951971e-02,-1.462360653201482628e-07
2.184229358900649124e-05,3.221300280274044803e-02,-1.661061271081293034e-01,-6.424412173895257710e-09,-1.770974716583866153e-08
1.025923730548989124e-04,2.059231413609799706e-07,-1.825065846987107276e-01,-5.742257215831360110e-08,1.962801312374696551e-03
1.118849947983508303e-05,-1.178429801921279691e-07,-1.933507617836933146e-01,-1.184073748878325605e-06,1.302392828850917547e-02
4.101243467365480985e-07,-1.205732826692777339e-05,-1.848355294809079785e-01,-1.998124170864128558e-04,3.643391627349706170e-07
-6.749441976659102454e-04,-7.271145249578296957e-03,-1.759827269653654880e-01,-1.644371105219153426e-03,-2.802458489811135202e-06
-1.760787650272528301e-02,-5.310076328274550284e-02,-1.732793325975841014e-01,-5.546412801129916442e-03,-2.584860435459138195e-06
-3.446112730291136378e-02,-8.755048731498350778e-02,-1.581846319121298916e-01,-1.136440588211514759e-02,-2.629159026641676989e-06
-4.723319154608943138e-02,-1.353037812924490213e-01,-1.226208918631612327e-01,-1.385186685624101299e-02,-2.100623307465935676e-06
-4.502416925812439269e-02,-1.758074369617897703e-01,-6.650451948943927882e-02,-1.360271826716779806e-03,-6.135455217405404610e-07
-4.135115036515074616e-02,-2.079102566163875954e-01,1.688672433163734967e-08,-1.215181709169271476e-04,-9.195500788689913404e-07
-1.415614695650201267e-02,-2.319509678273370679e-01,1.323186056691499544e-04,-1.165815781291419450e-06,1.557678318543101163e-07
1.392230230392920645e-08,-2.198871660915167059e-01,7.764746087782248805e-03,-2.685374776689020253e-08,3.005759992076029175e-02
5.126466094941993978e-05,-1.913606441407185721e-01,3.961681463887243432e-02,2.334661599469199569e-03,6.620175534792215044e-02
1.472561024479204610e-02,-1.636507310594589315e-01,5.849286684563163863e-02,1.246630373517336292e-02,9.857728078296300323e-02
4.586998713161401231e-02,-1.149292012364370730e-01,7.455306843368934844e-02,3.376239159721748651e-02,1.262702961457021489e-01
5.760010233477191877e-02,-6.753560625072847767e-02,7.731065062054330583e-02,4.301960133964929933e-02,1.425793979693131541e-01
6.187606111760216715e-02,-2.126867532970665858e-02,6.767603700213727091e-02,3.931579184948157807e-02,1.448793484446937452e-01
4.832893796098598066e-02,-7.096971034769801229e-05,4.414838866726424060e-02,3.886124732118656500e-02,1.533683531324827043e-01
3.031090930236189293e-02,2.108718042699418856e-04,1.547072485019022024e-02,3.048359951881159449e-02,1.633004116918451154e-01
3.468986750212989679e-03,8.574045280232187038e-03,-3.976724349757001918e-08,1.907732585147690549e-02,1.699676454298225670e-01
1.266469486728881097e-04,3.846470541157511608e-02,-4.774242492503256520e-06,2.067651010158803870e-02,1.689032197059139873e-01
5.320631079766188855e-07,6.026445161655302057e-02,-8.588499323478240093e-06,1.728323891367301266e-08,1.600153356663463755e-01
-2.900199676170241002e-07,7.007781655989196723e-02,-1.263026746898896280e-05,-7.477682588378003797e-10,1.500881690200961405e-01
-9.548914233483070044e-03,7.671635079640307109e-02,-2.343950435294376783e-06,8.592625656351724906e-10,1.302581653469526424e-01
-3.664343741658634968e-02,7.953618518994365338e-02,-1.474941438323216522e-07,2.107384789745260148e-08,1.098699658019854641e-01
-7.214450464534739871e-02,6.907567580841279808e-02,-2.067608147309228831e-08,1.100203530695423432e-08,9.433578512252843717e-02
-8.505586460155829809e-02,6.023717121725362389e-02,3.200669720829238912e-09,2.264267176484238636e-08,7.235121460230996282e-02
-1.005438283948313638e-01,5.052998369407392387e-02,3.271150691204333812e-08,2.046811595515680088e-08,4.513600650815161736e-02
-1.174556458056679326e-01,3.170872055998137651e-02,2.096346905908344493e-02,1.724502353825081257e-08,2.659414399475994520e-02
-1.348402725545355674e-01,1.747528998159129238e-02,2.962530770418589365e-02,1.293166446730392292e-08,3.555912350734165717e-03
-1.505072889675014014e-01,5.757841186008811523e-04,3.230430999645327733e-02,1.064979727511689771e-08,1.742005728801363743e-04
-1.642012355940045965e-01,5.346719786321686650e-10,2.664006607022375780e-02,7.340191651015181986e-09,4.605473836304498767e-06
-1.746868490672064123e-01,-2.012794965945750796e-08,3.143724780992918771e-02,7.603822016659716281e-09,3.892945744587173855e-08
-1.718842597031733643e-01,-9.412979769902871114e-08,3.455779688876488981e-02,5.102050857274042298e-09,-1.755323179937824012e-04
-1.680242178142004883e-01,-1.613337742004824098e-07,4.038844090153740490e-02,1.210396408742296085e-09,-4.410940460498034149e-03
-1.543078086088181256e-01,-1.057435812193318356e-07,3.867653127269151531e-02,1.334462095152736302e-09,-1.252985602323379404e-02
-1.390001037617031032e-01,-4.437646912143502447e-08,3.754823097995037273e-02,4.123749481566183061e-11,-2.037890122922476899e-02
-1.246407577846154191e-01,-2.125718182215698371e-08,4.105093011110916290e-02,-4.764048178981639402e-09,-3.052933512382492720e-02
-1.072261974037741900e-01,-1.447915274653933940e-09,4.496548932639917590e-02,-8.246494803929196010e-09,-3.898908597740900761e-02
-9.433692725610962060e-02,7.630860551385469646e-09,3.686206648809767922e-02,-5.756124054156296767e-08,-3.571153637895879002e-02
-7.455840951314135490e-02,4.950332014980587588e-08,3.547700474737123383e-02,-2.782433532649479860e-02,-3.929576493754493444e-02
-7.156076726645645147e-02,1.499905696370968449e-07,3.528898550422569780e-02,-3.761055954764222498e-02,-4.447177699373548732e-02
-6.373264484918736428e-02,1.456864846375908963e-05,2.918016451851361895e-02,-3.780073499745406629e-02,-4.085910958388844216e-02
-4.612948334493399694e-02,7.552866016256530388e-06,2.786477407054447838e-02,-3.126254445880027183e-02,-3.861493748237936757e-02
-4.441233702907822906e-02,1.432209018274458751e-05,2.122008267483741287e-02,-3.585408821227228232e-02,-3.521811961522895718e-02
-4.128281390081931651e-02,1.026131673389588670e-04,1.468741049804601038e-02,-3.901163341263486767e-02,-2.380697001729836781e-02
-3.771681909141312572e-02,1.700994989843172865e-03,1.516477434274529287e-02,-4.647621365150206296e-02,-2.100720002708551457e-02
-2.260160226859731294e-02,6.508701996399775605e-03,9.887443191965867781e-03,-4.759844146068217818e-02,-1.124706936275664780e-02
-7.836871876864274361e-03,9.097772697539710518e-03,1.367977964094166561e-02,-4.679134980736248534e-02,-3.667563123599628782e-03
-1.466906324924294311e-03,1.101996981974584858e-02,1.101623140115325300e-03,-5.261034676882576228e-02,-9.362150702240484531e-05
-2.307980454263791788e-04,1.307704121351922766e-02,3.660537688913581729e-03,-6.121409918691014113e-02,-4.873819055101584474e-04
-1.386807799677192755e-07,1.341953629865101985e-02,1.971580925042829783e-03,-6.434734977086535579e-02,-2.304024102797686490e-04
-9.019441628316782633e-09,1.444754078767537288e-02,8.966219435409237409e-03,-5.856431558336396698e-02,-3.063849555859631327e-03
2.226197239448592030e-09,1.499792098645526435e-02,8.629537894459658742e-03,-6.702346116810573018e-02,-6.030846756173946673e-03
5.499790715714666494e-05,9.355320958153641800e-03,4.918158952089028008e-03,-6.604910953969121701e-02,-2.773574300448381456e-03
5.088377603554940232e-03,1.201438825547105314e-02,1.321987031614569284e-02,-6.063523845912553029e-02,-6.916674093563113246e-03
1.422018232311617059e-02,9.224872902036541228e-03,1.380088033015291170e-02,-5.230519315736464891e-02,-6.409726881717191585e-03
1.509919762175846933e-02,8.379821526270106458e-03,6.352399846771415032e-03,-5.641783216943600798e-02,-8.418507600036000474e-03
2.211438556440918982e-02,1.895740755604063618e-02,9.729264496859853228e-03,-5.842269258476104343e-02,-8.384262785910564023e-03
2.130203214370742990e-02,1.487908357791558646e-02,1.455953122886103701e-03,-5.888991419621424778e-02,-5.076714899485665171e-03
2.000549378696905162e-02,1.128421132848378937e-02,4.251941330640716921e-04,-5.759614283650877492e-02,-1.022349085262471390e-02
2.318733893764298240e-02,1.639953287379133234e-02,2.068620743908162682e-03,-5.979211515374929786e-02,-1.083003191944116421e-02
2.619954333564311622e-02,1.238566205334609531e-02,9.440508374359165265e-05,-6.159083035070813533e-02,-4.061672544303470030e-03
2.964458136024042401e-02,1.390687209490896158e-02,4.229997954781995534e-05,-6.293137355981080761e-02,-3.009561339800497209e-03
3.509758634994349091e-02,1.206549178044365178e-02,2.914233086508749438e-05,-5.850077405461103636e-02,-8.277914326652507926e-03
3.198844862849396092e-02,7.285435513176991180e-03,4.394259847088446990e-05,-6.966986153194139331e-02,-1.513115833652791710e-02
2.743044751983547344e-02,7.432977878991361802e-03,1.018324800142403923e-05,-6.490799401308930405e-02,-1.057973492941628041e-02
2.337601628717586935e-02,8.198767051864930570e-04,2.170980505903871523e-05,-5.887483310212592025e-02,-1.424086377958148908e-02
1.834441148703550711e-02,2.973168576027734617e-03,2.371580113651315278e-05,-5.596881859401824089e-02,-1.346611807027422482e-02
2.720376001566216992e-02,1.275323761588061273e-02,1.352067062437965100e-04,-5.563021908893365369e-02,-1.212295759835070770e-02
3.026646541166315083e-02,1.682997527494249634e-02,4.938110808767026390e-05,-5.697212515558936624e-02,-1.216374113930418673e-02
3.157636768495887536e-02,1.248207654331531281e-02,4.531400941409801422e-05,-5.784743303907914636e-02,-1.202915961736450087e-02
4.087497097547668906e-02,1.954277039239911765e-02,3.675268754580222289e-04,-5.201048877845840246e-02,-1.085670903609315188e-02
4.160123087407302522e-02,8.511204953218300812e-03,1.987002372273271970e-04,-5.312495632778395371e-02,-1.184446116904663664e-02
4.275304749901802370e-02,8.804018728586939305e-03,6.273223811321885189e-03,-5.098728748882654788e-02,-1.414603111722640902e-02
3.969158013002577201e-02,1.105738092314058568e-04,1.391252575468319118e-02,-5.022269687187974618e-02,-1.279613996784705401e-02
4.539075545086692504e-02,9.225634206529703928e-06,1.868265995269131896e-02,-4.213908174710528226e-02,-1.239615320714218885e-02
4.212232636462590052e-02,2.662819556323616291e-07,1.049216197898670579e-02,-3.885311192120572549e-02,-3.201193532795245603e-03
5.094061463600418893e-02,5.974496712650129624e-07,5.787947051539950143e-03,-4.215709137206527513e-02,-5.789862970131675300e-03
5.066296203825079725e-02,1.150468288814345907e-07,3.758531228120183076e-04,-3.378126040717707723e-02,-2.133673701676282175e-04
5.102278942619083851e-02,1.288038001561137397e-07,2.121080933382014054e-03,-2.482035685151757001e-02,-4.442314156509472099e-04
4.244508418038021175e-02,6.666328379338317771e-08,2.486559438894467376e-03,-3.486081256531200351e-02,-1.509575607807353635e-04
4.054618228772304683e-02,7.658545962467048456e-08,2.203932210454030965e-03,-2.924913143166773394e-02,-2.102180875006080492e-05
3.882008286913956469e-02,7.848165734262954485e-07,1.114557648000732027e-03,-3.271153375015523751e-02,-1.156410108663820235e-06
4.691025090158536248e-02,1.843498572474632707e-06,5.904227332157301403e-03,-2.819636630266081703e-02,-1.446582563668730528e-04
3.447982879536785894e-02,7.440435243561623285e-07,9.785503036626426801e-03,-3.183950491862053145e-02,-7.611343363994896522e-04
3.251404303201289869e-02,4.304448500266556496e-07,1.970093989445020899e-02,-2.764409531527748168e-02,-2.187743524743031819e-03
3.542828488179809027e-02,2.226358183377166525e-07,1.278591488948461856e-02,-2.121328930268140053e-02,-2.284598727614292645e-04
3.864414479337301145e-02,8.089302329602562376e-07,9.200366150918334873e-03,-1.600311158954914603e-02,-7.314510857077296917e-04
3.768242457930814915e-02,8.629241699526505270e-08,1.140786585065789276e-02,-1.368982132109033099e-02,-7.056396326385886352e-05
3.685074691098929461e-02,3.571292079511742893e-08,2.279228690266248570e-03,-1.343285757627465764e-02,-1.627824333920944270e-07
3.584272671848755254e-02,7.506153509401691969e-08,2.428057316585349040e-03,-1.144759941915274911e-03,-1.497493288523269546e-08
4.647476031923473971e-02,1.686722804940333427e-06,4.389290494440470022e-03,-8.725348751322108977e-05,-1.730487558878149380e-08
4.884050370696459142e-02,2.811145985598597248e-06,1.338018455645227645e-02,-1.749552856172424809e-06,-1.949995189482039895e-08
4.574715230994674114e-02,4.754479520689711189e-06,1.661145481499437526e-02,-1.898181080190069185e-06,-1.039442132092682967e-08
4.311124193747883221e-02,4.642598473002467507e-06,1.544012721903453671e-02,-1.678311321680140324e-08,3.028736751467254444e-10
4.742134707693345524e-02,6.427624339673528806e-06,1.551095077677023398e-02,-1.116862105934763534e-08,1.548144475451117186e-09
4.063681195983837730e-02,3.699718096655997709e-06,5.289488362086570972e-03,-1.905680090440691877e-07,1.111433385191338209e-08
4.617374880294924933e-02,6.396073847455983403e-06,1.019243669878316244e-02,-9.463639313741210766e-09,2.761432050143192134e-07
4.679564025752996209e-02,6.675631190109576355e-06,9.348407329095836937e-03,3.253076574995462339e-10,1.694063293665691312e-05
5.011974102154403976e-02,6.907425716888647501e-06,1.185073331446121099e-02,3.037315500134940274e-09,2.813081108558336044e-05
4.497966030918761071e-02,5.547807560082920584e-05,1.759281207827897986e-02,-6.873920147059914958e-10,3.591136408865863920e-06
3.921561860274848377e-02,8.321864023915962307e-06,2.525217025879888250e-02,2.508773652559890046e-08,6.576421258754436232e-06
2.835733530232321595e-02,1.526204157494348426e-07,1.592884869283323068e-02,1.047662684372777672e-08,1.038567270561218197e-05
2.064167631868023614e-02,1.172431327854494851e-08,1.146710097711831425e-02,2.630502834838108304e-08,4.479881546379219040e-07
1.743523884727718465e-02,9.731531066439993943e-09,1.217482546970964641e-02,2.140748975973065245e-08,2.022908061523725045e-08
1.857095493944406137e-02,7.471960788385353285e-09,1.014594775879643952e-02,7.650659837385437177e-08,4.823887063511735662e-06
1.813137609831570393e-02,-7.933443517437552683e-10,1.473673974862062253e-02,3.247604598738872551e-07,4.686480922723793442e-08
1.475193364346047420e-02,-8.914814118724008123e-08,1.283171887486777088e-02,5.473619208730703771e-05,4.474321122928297473e-09
9.130601765527089977e-03,-1.189622007196956530e-07,9.585274218397762946e-03,3.501461319230430266e-07,1.591505366407079416e-08
4.338220285789759316e-03,-6.888289174021434734e-09,1.347827070298113911e-02,1.463142485414813500e-05,3.773050351159195796e-08
1.910610756114883898e-03,-2.718490272667925680e-08,3.270926532044168226e-03,2.842137461818455783e-05,6.944549684113126738e-06
6.202516977278756116e-03,-1.717945235859042181e-09,1.439383184632316709e-02,7.248759009801916675e-03,1.112022537440728829e-04
2.506064390985150627e-03,-6.772693459212073465e-09,8.981164480946676396e-03,9.669509694485035195e-03,2.766874915016592123e-04
1.457520203899412671e-03,-1.762232809733389524e-08,8.677047567912392692e-03,1.137981537706674907e-02,7.980503812980581412e-04
8.455956855196858357e-03,4.500342371247483699e-09,1.891681355863881683e-02,2.515854849368970650e-02,5.789524344563267994e-04
2.928172743943840712e-03,2.723048514739386949e-09,1.546730018901080334e-02,2.641755230213674310e-02,2.960733894799027523e-04
6.330417159708222200e-04,3.397135045799492260e-09,1.621488190318898584e-02,1.830521748796078499e-02,1.623154431315979105e-04
2.141483816956414425e-03,1.074441987571915534e-08,1.309996669519011836e-02,1.925411015076633134e-02,1.269178619884996738e-05
1.569942852370117528e-04,1.562527044071343217e-08,7.143270164917850384e-03,2.079905788538792197e-02,3.613166080756400060e-04
9.543209714807792283e-06,9.560802866248761641e-09,8.070382307067313493e-03,2.456829297687087438e-02,1.127931598495194877e-04
2.073781313943014979e-08,7.886110512765007299e-10,2.941214379093826797e-03,2.521665177050601628e-02,4.217105383388279963e-04
1.130681301965004260e-08,-1.346707456668086520e-08,3.595773085288786908e-03,2.842843328422613863e-02,2.623987414022629374e-04
2.480435229687951715e-09,-1.826130474483054889e-08,1.253785498569939556e-03,3.099662397942532996e-02,1.087817758199211785e-03
-7.206683718296037099e-09,-1.499542362466019857e-08,5.431957367014797304e-03,3.330705393828458510e-02,2.424933850072131061e-04
-1.455819735042670304e-07,-1.687830566555359582e-08,3.166439821108940015e-03,3.569933063925185418e-02,1.419377451293153116e-04
-5.729452977382676087e-07,-1.335496801225925264e-08,8.735352866454659181e-08,4.277299505783917211e-02,3.627435786584283094e-04
-1.693046854906736018e-08,-2.359150722500786906e-08,1.387977655687701479e-07,4.918977837799163449e-02,1.505070336332742501e-05
-5.884848508804935580e-07,-1.155531910578967274e-08,4.375863098594863845e-03,5.599368514218176773e-02,9.019023428650690106e-06
-1.634899316422158198e-05,-7.113849790803162898e-09,1.262625814688581212e-02,4.824988468089959348e-02,2.172796544511208879e-06
-1.207786731625931367e-05,-1.416165660944246628e-08,2.156585484301509412e-02,5.042174132127889841e-02,5.383481151021526014e-08
-1.549464290486950616e-07,-2.751586865829755627e-09,1.403844871391059755e-02,4.942857156242835837e-02,2.571101383719440855e-06
-4.076414508134529961e-07,-8.264872633332896131e-09,1.754782368434925494e-02,5.026043809278996771e-02,9.115150301909647123e-07
1.277956132206668404e-08,1.497912813262599794e-04,2.456871951387805964e-05,5.828742384921388421e-05,-1.560321905139383947e-03
7.685518418798198367e-08,8.501325382370296781e-04,2.362240440496265429e-04,3.453326992854035150e-05,-7.922316923208884767e-03
2.831382353395061957e-05,9.321547001715800584e-03,6.418071648114618619e-08,6.070762449537696531e-06,-9.422957640575926538e-03
5.334728076538223926e-07,1.627630935146960958e-02,7.663917647691214229e-09,1.904589689204691143e-06,-1.705160825211246177e-03
5.370884520130032547e-06,1.225686843609854332e-02,5.885103239426204573e-08,1.105586570583037614e-03,-1.095644987325260743e-02
1.179716698323161807e-03,2.968314496050658015e-04,1.484137133038812345e-03,2.183461868713293830e-03,-1.333550365640241708e-02
1.367239777638139231e-04,1.049814821357100587e-05,2.815525184134938996e-04,9.851940744221540679e-05,-1.258638893935394229e-02
1.893020524096509442e-04,2.185551753582194517e-04,3.653324296319781107e-03,5.230274419771015725e-03,-1.822927610574018309e-02
1.025424346579866192e-03,5.024514175711269013e-07,1.038276288113665000e-02,1.338843828339855366e-02,-2.462127376944984319e-02
7.427904983634142817e-03,1.757400106540328049e-07,1.836943381553637900e-02,2.483738751663634378e-02,-2.998522734956264243e-02
5.289154956883644274e-03,1.592672617499167419e-07,1.307515357004402148e-02,2.087691457369030001e-02,-3.078828754660097380e-02
7.519848775650187292e-03,3.839229964849110322e-03,2.060822143764067318e-02,3.257756004074964518e-02,-3.262151991907901588e-02
1.413341626939141477e-03,8.037616580883395236e-04,2.022477486969312399e-02,4.289473596156488655e-02,-3.787070451020433520e-02
8.694997067255473208e-03,4.526314519965672981e-03,2.890163562729251845e-02,5.316633600099517076e-02,-3.649160063310319391e-02
1.973126880428799704e-02,1.089379009896190506e-02,3.406358941876370255e-02,4.673178607381122535e-02,-4.786089566030228559e-02
1.602126733309241005e-02,1.349274420319640858e-02,6.888957019562798197e-08,4.765157920554165955e-02,-4.075607998665357196e-02
7.452801712745255394e-03,8.478286845971998859e-03,5.022433237659239706e-08,5.155100617021054349e-02,-4.457298175527555500e-02
1.016500513666699322e-02,7.099431188188337107e-03,1.122794345178133745e-08,5.471082152238559287e-02,-4.283276680877257797e-02
9.186626396999991728e-03,1.010969902674832381e-02,8.410133011201383307e-08,4.723239030606065508e-02,-3.593548803798074509e-02
8.388870474952200493e-03,1.973494313585935633e-02,2.940653871825384133e-08,5.122496014650557150e-02,-2.534809686670302931e-02
8.356775755358357774e-03,9.435788571765387281e-03,2.543225513682891904e-08,4.259748580053779321e-02,-3.125667180240942339e-02
1.497582972920224673e-02,5.926613422950226771e-03,2.999882488185648967e-08,4.790296514431827829e-02,-2.156765796298976481e-02
1.256627272829298828e-02,8.541135353376080180e-03,3.759771433992630102e-09,4.349995703343623177e-02,-2.122671412284275749e-02
9.617213745895020552e-03,1.391044063967600275e-02,9.052334095947406816e-09,4.885155332371405451e-02,-2.080380854253128728e-02
1.100357653836780102e-02,1.084710376821228402e-02,1.416953822038168118e-08,6.051503189327211985e-02,-2.628777413983766909e-02
1.054648087445144398e-02,5.049342368569221589e-08,3.664443995283937113e-09,6.042394556596290128e-02,-1.674401311851541133e-02
6.527652982484613738e-03,7.081762315136878612e-08,9.394526475643983203e-09,5.699378062506556958e-02,-2.468697443422101720e-02
5.602865616817585999e-03,5.829962702663918535e-03,6.653231801623088363e-09,5.939134234824715308e-02,-2.195256453140831399e-02
3.840656317016071398e-03,1.631899264523877872e-08,5.680726511865805186e-09,6.457062643865027485e-02,-2.846194442465890470e-02
7.074694409140726802e-03,1.845284577301453980e-08,1.702999637702647443e-08,6.926974448885472868e-02,-3.599389693784395272e-02
1.517632443883667902e-06,5.217940700036276927e-09,1.660192004095333461e-08,6.007536315553245465e-02,-3.746684278558553433e-02
4.786808681667604396e-08,4.027729570975312173e-09,2.380873858696565951e-08,6.146186237293736060e-02,-3.794618304198110748e-02
1.734918523298991648e-08,-3.228582900644490046e-09,2.238218016791798925e-07,6.745484070667233378e-02,-4.168914636071559959e-02
2.890047835257656189e-08,-8.625835253227725131e-09,4.035725762634149189e-08,7.066422923493485830e-02,-4.542541652351177878e-02
2.224002471610102982e-08,-9.024988356778343283e-09,4.025036105656002521e-09,7.272217752949174108e-02,-4.716240483274162371e-02
2.466548929795207448e-08,-7.190451353419845208e-09,-5.260805039460029714e-09,8.033943875799938461e-02,-3.642654529834959271e-02
1.896778353144938404e-08,-9.279115731255279573e-09,1.362662056479324597e-08,9.132862534292704448e-02,-4.652002403478822101e-02
5.472056480266565009e-08,-1.214849776041900123e-08,1.457750860826800980e-08,1.039996157710939423e-01,-3.650604241120707083e-02
3.645544159308383020e-03,3.795535512499892386e-09,-1.225051579986976652e-08,9.878483256136408319e-02,-2.680428004753786578e-02
3.065414961655630892e-07,1.659226019177286246e-08,-3.005069944414536108e-08,9.570508934275827329e-02,-1.401428267293191102e-02
1.918398197522121958e-07,7.317995383380245051e-08,-1.020004584867686000e-07,9.233806330914989813e-02,-7.800835518753717820e-03
1.035903425083259505e-05,4.398035869661608144e-03,-6.215190364572708198e-06,8.314510230693782089e-02,-2.365527656545203430e-04
3.639662907077239775e-08,5.287403995061170162e-03,-3.400200865529282718e-03,7.544367898995173183e-02,-1.133284567874774160e-08
5.725645512208045268e-07,3.401579143847784092e-02,-4.432851296439495326e-02,7.928233768443822271e-02,1.810731120390810204e-07
7.606854979416555419e-08,3.856924303749619670e-02,-7.410141135167312709e-02,7.409468399698519725e-02,5.988493947393774065e-07
9.561826378718992802e-08,2.769288819708432339e-02,-1.126908797146658758e-01,5.892531616245198084e-02,4.725691484470478210e-05
1.204525915006316224e-07,1.605817147540431455e-08,-1.422628655352755900e-01,3.039087787626646928e-02,1.205895787773105497e-04
2.968662333066163545e-06,-1.070196341332996633e-08,-1.690996641136029155e-01,-2.062921043656242188e-08,1.868615125635137222e-02
5.260047948381017769e-06,-2.035806462040073440e-07,-1.830109459790703885e-01,-5.736831727865206533e-07,3.175806112859634600e-02
6.107257221066553807e-07,-5.178095729026261929e-06,-1.832584696732157681e-01,-1.244822766939427197e-04,3.793660972015801269e-02
-6.241329163648133560e-04,-5.380540761242332687e-03,-1.704948641578679369e-01,-7.547415210439114945e-03,-1.773486874062562830e-07
-1.948825270094414405e-02,-3.523821493155260970e-02,-1.691155317783638590e-01,-1.023000487235182013e-02,-3.529165887940793829e-07
-3.442338606417830182e-02,-7.501703873951162671e-02,-1.608860190971384552e-01,-1.573106192988144372e-02,-1.672421927561725879e-06
-4.344193473132620942e-02,-9.751028031571062904e-02,-1.349745514235732580e-01,-1.611487629818426567e-02,-3.547842750223581977e-06
-5.954882676639575156e-02,-1.300844293805811513e-01,-9.800606083158924786e-02,-1.428210712856983929e-02,-8.349162878172824424e-07
-6.699292264293701948e-02,-1.592207115761567204e-01,-5.900554833594835735e-02,-1.403291704096468607e-04,-3.557420114279448118e-08
-5.544694108808949362e-02,-1.816979958522757232e-01,-8.140643326183853396e-09,-9.396087167699768069e-07,-3.765838108185777800e-07
-3.722318400226549279e-02,-1.945034273361658517e-01,2.090302473000678574e-05,-9.977721848971167895e-08,-8.566457450524793637e-08
-1.071435504794142519e-02,-1.882044805702186852e-01,1.633402876787477418e-03,-1.279578219880002658e-08,2.668842037932780270e-02
-4.053851416905390173e-05,-1.695454206467708058e-01,1.668211566559035450e-02,7.879947682375900567e-08,5.746934151321683032e-02
3.159655344934215226e-08,-1.487641467614699287e-01,3.877307802134855041e-02,2.413042531960316039e-02,8.209539573620873443e-02
6.783517328218412927e-04,-1.275325084807570064e-01,4.420014316753836242e-02,2.562316060369896481e-02,9.382206230956036119e-02
1.528786764708645399e-02,-8.851084095554676012e-02,3.602049922609253801e-02,2.467138546083473896e-02,1.106490807153275718e-01
1.741757770962718693e-02,-3.251126648784317952e-02,1.792501117531860449e-02,2.754729191681346348e-02,1.374122891006324398e-01
1.002458330815146235e-03,-1.498685690436986318e-04,1.479694510561557807e-03,2.538643832116906432e-02,1.488436432364518003e-01
7.266602961964591361e-05,-6.658753532215034124e-08,-5.898567695946206073e-06,1.992340575855414478e-02,1.663204150111967650e-01
2.208417267520373378e-06,3.237724305706038159e-03,-2.175206920404112575e-03,6.677282154251793327e-09,1.696995500944664670e-01
1.421014015756688515e-07,3.816150923310717563e-02,-2.162626236255019152e-02,-1.073941092239339851e-08,1.717770392287017722e-01
-4.192357023431485718e-07,5.513597163138591467e-02,-3.928505841793364373e-02,-2.500633219787091228e-07,1.628437686620878566e-01
-6.940991246391876174e-03,6.690170405456241642e-02,-4.784369653767296671e-02,-1.013618816053580326e-06,1.592371383872284163e-01
-3.429561000772499146e-02,7.914359757051910027e-02,-4.422705591197339386e-02,-7.692587523867973549e-05,1.436584965560933069e-01
-6.196945115900899526e-02,8.951149590207793660e-02,-3.949778100343630943e-02,-2.062984139083877844e-04,1.382487799231566783e-01
-7.796122645437589260e-02,8.664021350744643968e-02,-2.757626810781429669e-02,-3.177056226577040375e-04,1.109709744382509217e-01
-9.227630226538550973e-02,7.810146593881560351e-02,-1.142657984286753192e-02,-9.184315202292320235e-03,9.076060448107046985e-02
-1.053606273921952191e-01,6.982111442314933858e-02,-7.611372704981851037e-04,-2.566167516772031518e-02,7.582692457113544837e-02
-1.132466341066444421e-01,5.829229403569412271e-02,-5.259982240655498033e-06,-3.355207247747014898e-02,5.730137383939856721e-02
-1.219297083796761633e-01,4.302239352627539037e-02,-2.041961740354250421e-08,-3.421822848428467817e-02,1.875292473495702647e-02
-1.241377333767279267e-01,3.320286585912513022e-02,1.596500541217623039e-08,-3.101462110474978787e-02,1.057507907563929673e-03
-1.183570994837361834e-01,2.003443912055618420e-02,3.864640007818944518e-04,-4.441813573943629440e-02,1.403219437239376815e-07
-1.205849026676462238e-01,1.964770784837610584e-02,3.486734149392421191e-03,-4.158233325408326048e-02,4.057406339662866353e-08
-1.148317417670580431e-01,5.527591308030558627e-03,1.396565064193676375e-02,-4.658458802263393261e-02,-2.406042674738990231e-08
-1.048770771714934574e-01,1.185191527127358408e-03,1.802528659283213902e-02,-4.187005408307238608e-02,-1.848083848293749330e-05
-9.299925974958146713e-02,3.963221044970691512e-04,1.951441816868345822e-02,-5.739056590049101958e-02,-1.287207417786701187e-04
-7.446617130136354290e-02,1.730917391721090463e-03,3.068766214840477208e-02,-5.835925067265884669e-02,-3.480257080399421226e-04
-6.864140702581909836e-02,1.713404858870050135e-03,4.726526851911977412e-02,-6.002687272178004046e-02,-1.302803378527560285e-02
-5.798196829377536693e-02,4.067592672395136180e-03,4.429199877964155874e-02,-6.931407699030768532e-02,-2.600137059013710866e-02
-4.670451338267486013e-02,3.042315535784431875e-03,3.785638178631434148e-02,-8.161786637583492987e-02,-1.833942738495469155e-02
-3.738016157614591772e-02,1.627281209463932524e-02,3.723981749468537744e-02,-7.102663067635679728e-02,-1.508456596204873178e-02
-3.135024908504141505e-02,1.597254119370921169e-02,4.518074110963490181e-02,-6.003371357649449347e-02,-1.875006471515296494e-02
-2.611357208652277315e-02,6.374524451243181178e-03,3.251799274933255685e-02,-6.603535839066519697e-02,-8.481267775671192874e-03
-2.447780243016819610e-02,3.432576487526377892e-03,2.903693762264824077e-02,-7.771711413500331789e-02,-1.434834090227816127e-02
-2.361681118864698142e-02,1.114621731590805485e-02,2.766206998774980996e-02,-7.005000310683227871e-02,-1.069405222217217552e-02
-3.188523203847739435e-02,1.724631401723667476e-03,2.104492705696177704e-02,-7.262841991164586952e-02,-1.209328204200874404e-02
-1.738506007362965178e-02,5.074893575180995306e-03,2.560766178883762054e-02,-7.268856371444039344e-02,-1.947157464508068522e-02
-1.774944099414608317e-02,3.926081169870533107e-03,2.508786647980648654e-02,-8.246913356077506529e-02,-2.325407066436959574e-02
-4.071666264480583962e-03,4.347261515770471305e-03,2.599691174781413455e-02,-8.430292867096739196e-02,-2.079960125583404928e-02
-1.784517348045527516e-04,8.911459936325430051e-05,2.309995691710387336e-02,-8.230292741956445057e-02,-1.911853668291465733e-02
-4.817977284404914408e-06,2.290562108176195044e-06,1.363919536985615244e-02,-8.421816164318524089e-02,-1.197524510574441217e-02
-1.748016507892380828e-08,2.835194448706540840e-07,1.605310967540446096e-02,-9.112114663042265861e-02,-1.516691487167447054e-02
-6.797582530864994669e-09,4.140422928627432397e-06,7.508164182633261276e-03,-9.233913400334783916e-02,-3.796379159575496813e-03
7.322947017746777164e-09,5.568456238612785132e-06,7.590456869184246044e-03,-8.932419199129448817e-02,-7.620204807807260533e-03
1.584599526762959978e-03,1.268329068224530206e-06,3.756968818889675973e-03,-8.624423875229367265e-02,-5.780513135686889820e-03
1.153767880271712280e-02,4.234150741703962817e-07,4.369999580304402033e-03,-8.229600424430440209e-02,-1.771486824287042336e-03
1.588458579897130199e-02,5.544626760502004316e-05,5.832801237076222674e-03,-6.699910616499121785e-02,-7.649470207585778059e-05
2.487083918446400185e-02,5.540931721682472176e-06,8.056265197426663513e-03,-6.330251408959690351e-02,-4.770090922108011959e-04
3.244605878324308135e-02,6.228573612223152902e-06,1.077392942959847291e-03,-6.557206427788803138e-02,-5.370046319890538601e-04
2.872576723870708809e-02,2.580301614353043566e-07,2.443362175008211186e-03,-6.898792711803962419e-02,-3.423784407113941112e-03
3.251458947297321961e-02,4.012318687489446792e-07,2.746422475994139169e-04,-7.001699006710332407e-02,-3.788611569457953662e-04
3.815756422049524504e-02,3.326346853767625140e-07,2.502623085507175928e-04,-6.326914847558867683e-02,-2.877028756498443540e-03
4.062410041695411339e-02,4.331380453998733239e-07,8.954371876264268859e-04,-6.138234599456603852e-02,-1.396410897084079776e-02
3.560928368512665532e-02,2.414662323342303967e-06,4.327262741962599121e-03,-6.514016939573803733e-02,-1.510341345645496366e-02
2.972725834314453308e-02,5.448725170286800124e-07,4.489048205002763720e-03,-5.912096600249359957e-02,-1.233388560929351598e-02
2.639306372283971650e-02,7.030640315449186542e-06,6.190644904412981493e-03,-5.718247527211355041e-02,-2.233690092175361769e-02
2.427233762358650682e-02,5.343739944512748245e-07,2.757409413438734365e-03,-5.620987695567780662e-02,-2.381454006376336127e-02
2.350099084671895475e-02,9.016200451369457730e-08,1.130586702519691122e-03,-6.994109703554031443e-02,-1.986972640433843848e-02
2.347357945321622286e-02,2.358517427574972909e-06,1.003305533459145906e-03,-6.240818865497271134e-02,-1.683791673952462348e-02
2.877793102635447728e-02,2.414258621104470973e-06,2.215954605370940023e-03,-4.914470355116816458e-02,-2.030486300925884308e-02
3.435037838298307666e-02,8.492541318769578309e-06,5.346043691677681252e-04,-4.311864965817913814e-02,-1.055524959042297359e-02
3.385559141840632780e-02,6.446440339209215998e-06,1.970194378508230291e-06,-5.499991085750574604e-02,-5.127880881033262429e-03
4.365656893147522311e-02,2.633813880214593527e-03,3.815760461443286641e-06,-4.701277886436640990e-02,-7.620380030260307663e-03
4.280684092039438449e-02,3.474923080999718856e-04,3.999465916487227263e-05,-4.662209195934353956e-02,-1.256822708269835290e-02
4.817409220238771245e-02,2.051643033624251625e-05,1.687586937436407397e-05,-4.721890606129139356e-02,-1.699542525243526864e-02
4.810981999010403160e-02,3.856326929463622206e-06,1.194496604115957044e-04,-5.415237682937919239e-02,-1.265150079972370521e-02
5.171904237270521371e-02,1.463381326116724338e-05,6.102107105646285400e-04,-4.912275016270638284e-02,-7.631938278189611541e-03
5.229096816462422415e-02,1.207395243051288561e-06,2.993105863659489222e-03,-3.609662246902672900e-02,-9.215509929421663096e-03
4.406875229373183323e-02,6.120208686230853993e-08,1.106682809344506670e-02,-3.024394361579283569e-02,-1.504360057092089635e-02
4.960290219771806841e-02,1.038237149706921461e-07,1.414324020434297793e-02,-3.184314025031976386e-02,-1.847368632194518190e-02
5.652165499506755370e-02,8.058966436665169946e-06,9.300894617849955748e-03,-3.072272571472093802e-02,-1.014298827399542392e-02
5.714468464123453190e-02,5.602531031284388721e-07,9.988665546023281147e-03,-2.024213811001361260e-02,-6.852158314065413119e-03
5.803841751093705148e-02,2.878000853409943551e-07,1.237226562603835345e-02,-9.352880171366756770e-03,-2.152461105990551016e-03
5.156893116439702912e-02,5.922425582215738956e-07,1.444750701939266462e-02,-7.512348155335395877e-03,-4.537833613016933020e-03
4.769652369976556255e-02,4.485221798344611902e-07,1.809415738807544985e-02,-3.658566097625550796e-04,-9.735065025758577137e-06
4.812010866043660295e-02,4.159721924557500038e-08,2.050710649010360417e-02,-9.884934388756200545e-08,-7.820358820768079063e-04
4.893809902907347159e-02,3.015954914982604503e-08,1.135281036137539105e-02,-1.879893686154795653e-08,-3.982906411911213938e-04
3.922026381528528199e-02,2.356296074509591799e-08,1.103494475725447753e-02,-2.328174449818721308e-08,-2.605326976644655379e-04
4.632330968398375159e-02,4.596937972070964106e-08,1.487671606572304843e-02,-5.735948216975072216e-10,-6.538655906212864990e-07
3.552496659960042297e-02,2.307495572730727079e-08,1.536881188440982274e-02,1.509753311468481399e-08,-1.761226278801925055e-05
4.013802083608940946e-02,2.231182804267778778e-08,7.301786389244731279e-03,3.111087197908634494e-08,-4.537219856380138726e-07
4.086260237247688748e-02,2.154341134891187799e-08,1.556526259592626305e-02,1.378580030053532909e-06,-6.662643401243779528e-08
3.255489790098940739e-02,4.253686042246063452e-08,1.657008842821605654e-02,1.213212312977895077e-05,-1.275771873396306202e-08
2.240180583768772160e-02,1.826313620500170959e-08,1.756098772351152859e-02,1.003683633679139630e-04,-1.873805736542062823e-08
2.144251830107860371e-02,2.530691748048633098e-08,1.361786647594009046e-02,5.591491772894894002e-04,-8.893515271043706652e-09
1.504045134719651268e-02,5.408579420842850585e-07,1.223174910791343870e-02,1.259516968375700829e-03,1.935194609547072081e-08
1.085220869765482661e-02,1.054203539867508042e-04,6.559804070299563722e-03,5.157351092507167847e-03,6.328413780322148501e-07
2.309174543542721197e-02,5.120744914066797287e-04,1.560013043508610107e-02,2.220944786624760164e-02,5.074840363401112749e-07
2.570585037689256808e-02,8.840020231727387632e-05,7.533574964664126704e-03,2.286820730353223211e-02,6.820971584356360149e-06
1.645108773947663930e-02,4.815909554237388242e-05,3.988716032060265690e-03,1.618558092267159687e-02,1.028419758880873888e-06
2.305232057673188215e-02,1.505978606596043300e-04,1.868372065292345577e-02,2.622272716247463567e-02,9.044286763415327050e-08
1.132383812483553701e-02,3.512414237370975478e-08,2.610304125194665495e-02,2.779132853510939138e-02,1.611651662742774351e-08
1.808872723219534517e-02,1.372226712118739048e-08,2.356139589976004659e-02,3.156487553239897825e-02,1.574080674846240052e-07
1.333586724944486185e-02,1.653730654272321810e-08,1.745341062150995368e-02,1.874504375945497403e-02,1.024033079469526950e-07
6.815767395104955183e-03,9.235638277983718625e-06,2.619430066020149786e-02,2.649517532175919843e-02,3.718176079119722748e-05
4.429567253939791643e-03,1.406684710844178386e-08,2.593720916341731020e-02,2.813095002875506956e-02,8.111013606701877789e-05
5.496797007766324357e-03,4.348794167028372342e-08,1.751013014383218103e-02,2.224547388919139584e-02,5.726211490512805733e-05
8.124205497284721009e-03,3.309449943672831685e-08,6.723647992133638396e-03,2.668228119142266111e-02,9.632444362589333926e-05
7.018360566232358273e-03,1.456620092285699335e-05,1.510539955385472449e-02,2.396563166983572274e-02,3.092702882774806155e-06
4.399063052525532466e-03,9.670854858854247416e-09,1.477685742122562818e-02,3.258376948312560750e-02,2.553290755755565884e-07
4.670989518487724500e-03,1.556190018621415689e-10,2.006763307734490617e-02,4.094257495696579374e-02,2.722307468620478861e-08
4.779093356705993619e-03,9.727347860658097345e-09,2.706902433921731452e-02,3.897241203411832416e-02,5.723910244345010362e-09
5.401992431108553795e-03,1.951253856446484954e-08,2.864004145831368017e-02,3.968212810651938760e-02,9.584866660921522857e-09
6.476091051440892472e-07,-5.489257567992042489e-09,2.835967968643555645e-02,4.102190609092291190e-02,-4.951208533272676167e-09
3.366687317370108176e-08,-1.003531898592676196e-09,2.428147135878439347e-02,4.174363637105091979e-02,-1.895835641196479488e-09
3.902994997134239720e-08,-5.552164092664635171e-09,2.394475398301089061e-02,3.833047273692570533e-02,6.174221297584955839e-09
5.041963275752131383e-09,2.803406770495179912e-09,1.479824408272425139e-02,4.344519273431610151e-02,4.284925376565007064e-07
-1.153061472930451805e-09,-1.061772103026571135e-09,1.318161337069241774e-02,4.158143993370832375e-02,2.784073755802008101e-07
-8.755814646079056791e-09,-1.132621865792703992e-08,3.850365079274844626e-03,3.990193498004217243e-02,2.949849228812796663e-08
-6.933886543956239747e-08,-1.327968944099430921e-08,4.422596307219126867e-03,3.198573196580838801e-02,1.200389547001022371e-08
-6.228036539496721727e-07,-3.623222545186762793e-09,2.317240823168065191e-07,4.078924064657866305e-02,5.287881422610574425e-08
-4.672296451293315561e-05,-1.280626777974857546e-08,1.354687797529502066e-02,3.616242600034564464e-02,-1.394552710170445304e-09
-3.527765092519828530e-05,-6.298749091257888872e-09,2.563109304797934335e-02,4.650360765328525464e-02,-1.597163047936107810e-08
-8.045534907700634293e-05,-7.548115811462597118e-09,9.295858235080738455e-03,3.566206985394757001e-02,-2.620320218348809330e-08
-9.707121309729036912e-06,1.085876885485570381e-09,1.284141401113395899e-02,3.581729837187769272e-02,-4.343845965079814992e-08
-1.746781760060993674e-05,3.942064146032368234e-09,8.562734483107653505e-03,3.477734107893212800e-02,-1.116178607600628690e-08
-2.810937021393955691e-05,3.439658973590804949e-09,1.916635483242169757e-02,3.649086357676051967e-02,-3.908124789859847377e-08
-1.149863581400796551e-05,6.292883974535387035e-09,2.407247975424690531e-02,3.840552209128050842e-02,-8.822260387508077350e-08
-7.395035755510585244e-06,7.474756763950513012e-08,2.088950588580942153e-02,5.318907987016785466e-02,1.075793025784422278e-08
-7.899355608555589270e-05,1.715136739284754842e-08,3.134906558876369986e-02,4.757461186518503055e-02,-3.950911060566930944e-08
-2.348662812676160746e-05,-1.169330193156158863e-09,2.792904595976114859e-02,3.704368054999376825e-02,-2.330711145315625973e-05
-2.579338222502557492e-05,-1.140394392262861528e-08,2.183520140494599193e-02,3.940971339162199771e-02,-4.420628974449681153e-08
-1.106780295582311990e-06,-1.045114171889917208e-08,1.684926557913811462e-02,3.985522117312841062e-02,-2.282251990138936178e-08
1.369346072740191806e-08,7.557303452489822501e-07,1.988098797052069972e-08,1.930591722301663903e-04,-7.429641999870209915e-03
4.188240506736970926e-08,2.310530311153425295e-06,6.699894848109060527e-07,4.684674532358457311e-05,-1.699186506315393183e-02
1.826081931769222351e-06,9.369532244280019250e-06,2.667871170294169178e-07,2.199945601795450791e-05,-1.508644665810437470e-02
6.811308867545523343e-05,2.478955526005594115e-05,5.719321793723445451e-05,8.578670313288678899e-05,-2.405424308155979657e-02
1.168686570089675063e-03,6.765863233696442838e-05,1.349664111040466466e-04,8.804720445659464014e-04,-2.773692891898209972e-02
5.539423140849692936e-03,2.270199270937731540e-03,1.256748367385231580e-04,6.483254034816729287e-03,-2.477285713419154212e-02
7.434006915130152160e-03,5.106805360460750509e-04,1.617968904849277661e-07,1.107277744635042083e-02,-2.850778097321694099e-02
9.887869200779211484e-03,2.145598250832997410e-05,1.936349680132687607e-08,1.187238609675118038e-02,-3.234521551378698873e-02
1.301989871565097448e-02,1.452070690626241166e-04,5.284642749955251297e-08,3.268628144076915422e-04,-3.845707678598576928e-02
4.591938978850287553e-03,8.787003306621821104e-06,5.049531280095166498e-08,5.837200048117391002e-03,-3.496475354861374590e-02
1.886453592826175675e-06,1.112289103219404024e-07,8.133461802535795693e-09,3.811268138311404031e-03,-3.018992673745542199e-02
1.262927917739431927e-04,3.706362407077044740e-06,4.693960197451710739e-09,5.438193024919264588e-03,-3.176917645884386882e-02
4.681034392185346712e-05,6.728739916308769603e-04,-1.218221297988159561e-08,8.413568782330117096e-03,-2.719193548638581398e-02
1.290301609489196680e-04,6.107092153275370206e-04,-2.573520656566493600e-07,1.817940965559932190e-02,-2.320136517102166021e-02
8.182811796247452208e-04,6.190313528935536234e-03,-7.775223939142558529e-08,2.120953408279867280e-02,-3.034467821405341728e-02
2.375466854506212006e-03,5.464898665549385720e-03,-2.592504672225124669e-08,2.604715689990718883e-02,-3.457896798734844818e-02
3.733988541678860988e-04,7.432135927249643691e-03,-3.339192814190992373e-08,3.623033535295790836e-02,-2.709064897138039121e-02
1.049727817167829904e-04,1.376578734036878159e-02,-2.951133724994211505e-08,3.599056485533589506e-02,-2.949374053388170019e-02
4.881002454300304577e-03,1.321206396734786459e-02,-8.047525760048309369e-09,3.706871837125903096e-02,-3.225580683153981415e-02
9.597766351567251636e-03,2.061509557647248081e-02,-1.277208725533709571e-08,5.013453748728263076e-02,-2.823363954038766999e-02
1.280829275060303175e-02,2.275135226461264329e-02,-5.644991888690170571e-09,4.082690397173027730e-02,-3.831349460946053415e-02
1.046512870214911899e-02,1.363437539356226677e-02,9.140261356500588318e-09,3.085454291791413575e-02,-3.712585991252926459e-02
1.043950183973871293e-02,4.792967509147700970e-03,-1.369063101332041181e-09,2.644923081845159188e-02,-5.060656322924558109e-02
1.259250363819661503e-02,2.447653964779508608e-03,1.672204667498069065e-08,2.228391738825130294e-02,-5.770862968509407609e-02
1.492085870286309623e-02,4.090069499431340898e-03,5.365762467007130603e-09,3.426667556897656369e-02,-5.086753764014018825e-02
1.259381097456730228e-02,3.172946982303308846e-03,-1.577855886122880579e-08,3.977635003304774014e-02,-4.778186721622652844e-02
1.931486032347371276e-02,1.783775172350629459e-03,-2.353118022943946250e-08,4.320747714605153306e-02,-4.325091416611498429e-02
8.815111588350724517e-03,5.038504511373026462e-03,-3.089393677389305318e-08,4.986231643918978551e-02,-3.742176468529202077e-02
7.724010201869250386e-03,6.701084989250016485e-03,-6.408173445061343374e-08,5.788548543564224491e-02,-3.132883944654089869e-02
1.195001304996754464e-02,7.763642020137376427e-03,-8.790282987180252474e-08,5.616313639647359940e-02,-3.513926267293496913e-02
6.797647802023909502e-03,3.109538217722581949e-03,-2.538414171503696368e-07,5.413476544168124155e-02,-3.717767460262345891e-02
3.494446847848573477e-03,3.377512616203376134e-03,-1.050227519265134337e-06,6.371046602786734070e-02,-3.267682420732606619e-02
2.065557671225562962e-03,8.911999813528062933e-03,-3.255528192015962960e-06,7.103755257933842826e-02,-3.424612120817516897e-02
1.472726137292054203e-07,1.605752957389565416e-02,-5.120052128511474382e-06,7.516383311284259572e-02,-3.839702940808152609e-02
9.004389856626764701e-08,6.861090485474453431e-08,-3.699932176230579491e-06,7.913229952227934794e-02,-3.955129910742568450e-02
3.785474168522079961e-08,2.344557067439247424e-08,-1.514032009776042686e-06,8.813730144865430938e-02,-3.386580354776989182e-02
1.844937537120880669e-08,2.037920024006268740e-08,-1.713044980802686383e-06,9.490383541868387118e-02,-2.926831500041014028e-02
1.070741939860237169e-08,1.800346244147263658e-08,-5.816226504288363797e-06,1.038613687667950120e-01,-2.306532421522061380e-02
1.074818665355459242e-08,1.042332940136831733e-02,-1.290017097700738002e-05,8.493716690769222144e-02,-2.048063998374015371e-02
9.628988797466075594e-09,1.451332353131114944e-02,-1.399470943676509855e-05,8.738751387340963628e-02,-1.954612469450571835e-02
3.917887726871780129e-08,2.611267311341813543e-02,-1.818606427721224035e-05,9.054587390013220383e-02,-1.491877765099626149e-02
2.922733129437444622e-08,2.263459932819924039e-02,-6.321693452337368057e-04,7.621915905617077103e-02,-8.297724133005772440e-03
2.992948223578820847e-08,2.434552922673682840e-02,-1.219966812968854494e-02,5.908792487885458633e-02,-1.149740924670719644e-02
1.265489752412174794e-07,3.410023121926635675e-02,-4.900019195031966868e-02,4.893421151242149936e-02,-4.402336266882385732e-03
8.683896540958243854e-07,4.879663682200926361e-02,-7.977687694887417025e-02,5.274910317415294064e-02,-7.638450849443820159e-04
6.745695766097233612e-07,5.076122200575636234e-02,-1.187306142955873167e-01,3.751378718034321935e-02,-3.473999487914367459e-06
5.029363821653026425e-07,3.813180827656175581e-02,-1.526117889533972205e-01,-4.830596220789655938e-09,-3.015069300908450632e-06
6.470321707633950570e-06,2.767595397546839670e-02,-1.707962995392558192e-01,-3.143525952167207737e-08,-1.515332880642124423e-06
7.573697859693752990e-06,5.181766776990782891e-08,-1.960642373714678033e-01,-8.234917114607554964e-05,5.198885134619152075e-03
2.470862746291613214e-06,-4.843163053156160849e-08,-2.029565978818810568e-01,-2.591129822584271707e-03,2.079839072932971808e-02
-4.598742334232475181e-09,-3.370443705466647297e-05,-1.981728590833697901e-01,-3.039365319540291571e-02,-1.648076994105252658e-06
-7.944693657624570318e-03,-1.715648669229904652e-02,-1.917951365316165613e-01,-4.593432611478134170e-02,-8.398918430608712081e-06
-2.911852577657715602e-02,-6.042926136496232919e-02,-1.728600885195681891e-01,-4.579343844148688752e-02,-1.545681013638503524e-05
-4.707249685550064788e-02,-1.006584683015976228e-01,-1.522704505596404190e-01,-4.020874792548211757e-02,-2.271897506071871194e-05
-6.687914079132299683e-02,-1.501503926373422282e-01,-1.109415301658291941e-01,-3.195606646366423720e-02,-2.560936081745254136e-06
-7.352439722941447875e-02,-1.974022305349037998e-01,-5.176293282349345853e-02,-1.260709703866447207e-02,-1.016298050277205331e-06
-5.196839325223993195e-02,-2.250418454570699278e-01,2.454439151399030013e-06,-4.687348852718640634e-05,-3.647686659997569891e-07
-1.650117167658394363e-02,-2.288068663642890965e-01,1.323493813842348352e-03,-4.861236387473647538e-08,1.191343132591794751e-02
1.081670009065977815e-08,-2.194900766531378833e-01,2.717779610626274572e-02,4.128426515645273069e-07,4.278880241076661595e-02
1.162337466716710223e-04,-1.949236675311339373e-01,5.710850726933928284e-02,2.156299864385017792e-02,8.270888235491793972e-02
1.854941820472270214e-02,-1.553485562986152979e-01,7.496645686926306507e-02,3.812158614549139568e-02,1.028470544341468923e-01
4.712341515899951677e-02,-1.070032811958823160e-01,8.157699046986434388e-02,5.776963799048485254e-02,1.245021985257800945e-01
5.431853336034624113e-02,-7.080605425252883833e-02,7.391724642362162978e-02,5.286082028842534891e-02,1.300470433123303848e-01
5.412308887763304932e-02,-2.699425314561481812e-02,6.102163411238083895e-02,4.915113780477124023e-02,1.415243797786004398e-01
4.269416687657381915e-02,-1.626713609949609560e-05,4.501293332709611211e-02,5.534838414343330043e-02,1.479213575012719439e-01
2.394300402564645061e-02,3.509912647498509902e-04,1.514437647682022152e-02,4.966158964028481726e-02,1.573143096142917696e-01
5.730264357151214523e-04,7.809632123543700823e-03,4.998653083178117797e-08,3.486030520046903836e-02,1.513440062283425147e-01
8.423704692690545302e-06,3.090932044997211220e-02,-9.598098377007354358e-07,2.833944178495147528e-02,1.497920542271560240e-01
1.299611851732370223e-07,5.948772160499418010e-02,-7.654483155078752179e-06,1.699354878330220850e-02,1.465018634939576070e-01
-3.977744849266751430e-06,7.321812729110641071e-02,-1.344274686152196087e-05,1.155668157474309433e-02,1.423775910764982500e-01
-2.656805996259313171e-02,7.482225579782428304e-02,-9.363236341785875468e-06,9.257213629302456338e-09,1.359547651645547639e-01
-4.966651288622014881e-02,7.366964704115284979e-02,-2.177878102292510455e-06,1.338334604068869264e-08,1.184155436896084795e-01
-7.510037576250930269e-02,7.332573416477458639e-02,-9.331933169685596414e-08,1.382683326275689450e-08,1.009261888567303672e-01
-9.847425660912188794e-02,6.616685054330381788e-02,-1.226999010764567524e-08,1.781592874539785010e-08,8.353605575142365736e-02
-1.156287770556520128e-01,5.303507805781949164e-02,5.308619086547350704e-09,5.853815552244668519e-09,5.340664392903111263e-02
-1.302224334303987152e-01,3.323260570851579304e-02,6.762453917196155217e-08,5.025595675613720413e-09,2.827194499562456914e-02
-1.415310621199931673e-01,8.605467232558018306e-03,9.367118848599885472e-03,2.252568936602995501e-09,2.688994727746358074e-03
-1.435469713712944351e-01,2.195598895902766898e-03,1.899033413564317485e-02,9.137555468155666732e-09,1.778291482693358631e-04
-1.524958878312906718e-01,1.211085434037677343e-08,1.913023132325350484e-02,1.083287295193088124e-08,1.188992003083421596e-06
-1.531061169398489352e-01,-5.879169763685502642e-09,3.217771506876643955e-02,1.122731964090854924e-08,-7.997946945960517094e-08
-1.452031545757875297e-01,-8.536085562341095782e-09,3.545817569926816570e-02,1.036365889317716101e-08,-3.500585138358994469e-03
-1.386300120846039874e-01,-1.533900708133559578e-08,2.736201577273560462e-02,8.324649162411653114e-09,-8.742214222167312213e-03
-1.345658936463715871e-01,-2.110633010482228252e-08,2.834260993708065737e-02,3.558414680106389160e-09,-2.183292431746121365e-02
-1.291410960809709629e-01,-2.454082238520078012e-08,2.768242808459249471e-02,-2.265210375342155395e-09,-2.897110355188997621e-02
-1.139270430656701555e-01,-8.594315600291957116e-09,3.231436507978158179e-02,-2.805117341095780703e-09,-3.715283147235027422e-02
-1.023565241022921929e-01,-5.964979810403607057e-09,3.406763875829195432e-02,-1.394576753147356216e-09,-3.751404484320835370e-02
-8.947324459579411582e-02,-9.294621344209933326e-10,3.742858044335364842e-02,-2.525784686846817557e-08,-4.653070232707452042e-02
-7.606906319221466706e-02,1.947123321823763613e-08,3.991169796775664858e-02,-1.905304024050380282e-07,-4.710680529439708469e-02
-6.163026538224693901e-02,2.605041666245006709e-07,3.862677354649114714e-02,-3.302241539404744686e-02,-3.970069796496518422e-02
-5.013448377389834176e-02,1.168164837493828849e-05,2.866803215403794861e-02,-3.237581584652251404e-02,-3.865934291080810881e-02
-4.566892693824952526e-02,1.470372008757513170e-04,2.885879441385040892e-02,-3.749477778665797484e-02,-2.932671719048796435e-02
-4.270873357692604733e-02,9.748724934868236705e-04,1.977285893075383938e-02,-4.516350673091383550e-02,-1.802916836929195285e-02
-3.877799226639203067e-02,5.543111182765582054e-03,1.637841856337647964e-02,-5.290012532331576922e-02,-9.181577141378899701e-03
-2.953034496121109340e-02,7.466495697734238518e-03,5.153121202765848473e-03,-4.815181034922696307e-02,-5.361595805075234809e-04
-2.296836724882840575e-02,1.872513491240523865e-03,1.308443267991803779e-04,-5.606969464447647544e-02,-1.828423416993041822e-05
-1.329648892192613306e-02,2.338472488899001871e-03,4.446151704934993482e-04,-5.253773530488399512e-02,-1.889790063038526606e-06
-2.850060055848098787e-04,8.340787708168572942e-03,9.471055692351570640e-05,-4.806410571075733079e-02,-4.373034384659885674e-07
-3.881421553247195084e-06,4.915080449122993626e-03,2.601104343753042091e-07,-4.573943458725927141e-02,-1.167797927694607144e-08
-1.641251367779290870e-08,1.025629107033977508e-03,7.152172032337336038e-06,-5.370707701183956295e-02,-2.691152655398777172e-08
-5.083657394833980174e-10,4.282648104341661515e-04,1.537945435064641845e-04,-5.430216153216985836e-02,-1.002799015549481344e-07
1.299358953123998817e-08,3.803895388072772439e-04,1.420549387957578669e-04,-5.796157844758742517e-02,-1.197669711708678507e-08
1.105872228596366255e-05,2.186189211128823466e-03,1.035609155094872422e-05,-5.357374144808027538e-02,-1.618514560426837680e-09
3.031053331856812562e-03,4.598289428921791726e-04,1.242112145946103858e-04,-5.710934150441283885e-02,-9.054304937775342549e-09
1.479794636811373847e-02,1.050641178176192712e-03,1.815585881116145309e-03,-5.959652549603314253e-02,-4.664952475576366948e-07
2.162955893062564611e-02,5.108755477268354592e-03,5.502978249410250648e-03,-5.169244625729339099e-02,-2.259846617630137416e-05
2.047541744922571141e-02,9.289384029168026857e-03,3.425858393223807081e-04,-4.711322021615073352e-02,-1.310341516837207115e-04
3.357582451881627184e-02,1.237785775863639928e-02,7.599345094071592067e-03,-5.294103839243696763e-02,-7.018189579225108179e-03
3.857941594261127954e-02,7.359250969069080529e-03,1.005206871829588192e-02,-5.580576239043704562e-02,-1.632638506434532996e-02
3.849571410337926380e-02,1.497619544404267360e-02,1.509957654972147404e-03,-5.571982601269363788e-02,-6.899130870429382063e-03
3.452867203872957841e-02,8.030306230895650765e-03,2.154610369507116039e-04,-5.884568313686607682e-02,-3.992537426898722097e-03
2.800112378621857218e-02,1.773286752962363090e-04,4.431813040104411812e-04,-7.132636791562810274e-02,-9.346839512576992151e-03
3.439544625882165474e-02,1.055497524682305925e-03,6.487217627958222731e-04,-7.135181083741426455e-02,-8.612975054453211182e-03
3.826381345787224081e-02,7.698103584026798688e-03,4.780512189870504518e-04,-6.811461373349203541e-02,-4.278347474986609993e-03
4.084144325562630989e-02,9.362527279196775770e-03,6.079781539225543208e-05,-6.516568394838249956e-02,-2.091944679114172978e-03
4.574368681026400041e-02,8.651636228753393706e-03,1.329530223172365724e-04,-6.261807071959388238e-02,-7.878620024137786629e-03
5.204352567462882523e-02,1.281107173867356876e-02,9.121849570083608158e-04,-5.818282654202441145e-02,-7.145248678253749916e-03
4.998800133180483773e-02,1.229914629622924811e-02,1.044373659030698853e-03,-5.484979594351309384e-02,-3.149766306131744978e-03
5.246347434102729274e-02,1.261131698517330320e-02,2.304577836129531913e-05,-5.319782087151399969e-02,-2.511349827898883415e-04
5.112515205359113163e-02,1.011125722185700869e-02,2.426559756638245664e-05,-4.924659856085809168e-02,-6.970958064388070152e-04
4.736482722319539790e-02,9.502356418781839065e-03,4.334855145820425118e-06,-4.721949034221732677e-02,-1.766247221956923359e-04
4.542841969450102380e-02,2.508897493724985325e-03,5.464017815304550321e-06,-4.290210395192613213e-02,-2.455720346034601250e-05
4.419020024541119029e-02,6.153620163867175308e-03,4.995004061366753667e-07,-4.181908886706085793e-02,-2.117837792031079900e-04
4.262715610178034048e-02,4.397205772646325776e-03,2.394877058149019072e-06,-4.566897555989742757e-02,-7.534558642809398277e-05
4.458841850859073669e-02,2.932336450990016179e-04,5.021855854579003030e-04,-4.004792882816430449e-02,-4.511787136999564213e-03
4.680728891878553621e-02,4.254721257833496244e-03,1.046205826592415313e-03,-3.959725981083588725e-02,-3.060577709959372197e-03
3.764178170754964997e-02,3.615388439556517248e-03,3.844664517471702990e-04,-4.306569807012871481e-02,-2.963999660470936336e-03
4.357363911551117436e-02,2.860601880556398898e-04,2.190832879591772444e-03,-4.597696477214649469e-02,-6.900710344405844125e-03
4.064975456831720901e-02,8.105816965718711442e-04,7.823002682095896165e-03,-4.057561213272971312e-02,-2.256956022053193105e-03
4.372051628714557908e-02,5.063608604571280883e-03,1.116586227204592607e-02,-3.462458982254684042e-02,-2.810946520344341113e-04
4.551077412728775362e-02,2.813449879258171030e-03,7.644372569376127816e-03,-3.510632614505989485e-02,-2.334784262918668078e-03
4.071602975391361984e-02,1.338189394485582620e-06,6.727066511783139600e-03,-3.650470492817148305e-02,-6.160966734705314307e-03
4.057989136789049572e-02,3.235557687733125483e-05,1.677201707240220246e-02,-2.873371699216570319e-02,-1.176364194897154547e-02
3.527773043449541901e-02,3.476098209371329311e-06,8.273509172240936863e-03,-3.046221151705126584e-02,-2.096324096240788880e-03
3.343397422973531236e-02,8.040110216932020955e-06,3.300969731349255847e-03,-2.775321771299621085e-02,-4.357687676208905772e-04
3.169698550946661170e-02,1.836298092629705852e-06,2.367876528586906545e-03,-2.426476753117446164e-02,-3.639360435173949216e-05
2.964376979308438326e-02,3.750588582786482811e-07,3.873672776707097389e-03,-2.317340943069102002e-02,-1.714511734394344932e-06
3.521067558252952839e-02,1.296958995428833136e-06,4.912342456199685764e-03,-2.104823589112662235e-02,-5.153696605744410417e-07
3.038716182777969135e-02,2.725234401379936769e-07,1.296148434478535403e-03,-9.312264009642228640e-03,-9.472273949060923878e-08
3.078007886956107483e-02,5.001590428925259146e-08,3.983353015272929863e-03,-1.096957597227388691e-02,-5.336147698712014044e-07
3.331812843125513124e-02,6.283775887239301333e-08,1.254272040314307300e-02,-5.499195266475594292e-05,-9.792529226851444061e-07
3.266929900678956084e-02,5.037808036081177785e-08,1.407236060562062907e-02,-1.663573653230788926e-08,-7.034467582210974183e-08
4.013358818241100079e-02,5.289234960681408924e-08,7.929794270637346293e-03,-1.626539029567950735e-08,-2.956394576220697328e-08
4.204828376269631462e-02,7.600802412512882468e-08,1.364788711845454916e-02,-9.595620461382441295e-09,-1.232845903422602094e-07
4.064735536043476150e-02,4.408974469776321371e-08,1.701892230450268231e-02,-5.760032873018915769e-11,-6.468293339418564774e-08
3.401824540641678468e-02,8.926054539839367319e-08,2.572912465992660547e-02,5.139140676462210795e-09,-1.242220095643507013e-07
3.115584831028894372e-02,6.381729621331522567e-08,1.845430477049958551e-02,1.253742779554893525e-08,-3.208216111093287172e-08
3.110846154435635905e-02,1.125815307552154204e-07,1.600150208995277865e-02,3.623474314736083052e-09,-2.157155532398207863e-08
2.503974429740047150e-02,5.103123940127365932e-07,2.202517288687316777e-02,2.055492029959580696e-08,-6.997805530367774337e-08
3.110847948753622458e-02,2.016639754474700274e-05,2.518281758203834084e-02,1.560911228856367423e-08,-3.706610330407070536e-08
2.664394061073344783e-02,2.652015924262666373e-04,2.580945683626734502e-02,3.404059046860810901e-08,-5.873384211818727572e-09
2.131134990781101066e-02,1.596688952908321420e-05,2.182916376002118353e-02,2.896294946712243745e-08,6.518655283015658948e-09
1.128846110069467792e-02,2.280488145253259359e-07,2.285776684667194941e-02,2.219733114786935713e-08,8.129270552097975459e-09
9.352504085074365286e-03,2.653349133187094098e-08,2.063899288950431579e-02,3.184847304838799815e-08,1.723014731386278448e-08
9.365136714244257088e-03,1.964660991541196653e-08,1.333815496216344404e-02,4.746011491705492373e-08,1.324636073646179761e-07
1.248976245670198673e-02,1.507733105847178573e-08,1.072317713949064513e-02,2.662203166707695789e-08,3.580276890975936361e-05
1.695839496634584526e-02,2.321308596640269466e-08,1.412147322787691769e-02,2.046150748983543426e-07,5.822537573966802958e-05
1.494113128985623089e-02,1.515919051046433416e-08,1.315208314467152494e-02,3.161793174742409943e-06,4.969659111092312835e-04
1.406261635217139969e-02,1.388007552432353555e-08,9.900371898499319909e-03,4.607407328101266637e-04,1.939773793232757687e-04
1.399255767306334733e-02,4.907559067837628026e-09,1.608991360605880466e-02,4.243435720219610342e-04,3.340199663151227523e-06
7.060267441182222978e-03,1.129805946731561784e-08,2.210575050546586054e-02,2.318452026275687227e-04,3.111540971138601116e-06
7.543217599716825527e-04,2.597917193536612439e-08,2.285730337158686787e-02,1.488782514708915589e-03,1.085281584209140260e-07
1.534326782470519775e-04,3.463365391630892935e-08,1.613422890640108312e-02,8.050383315744801330e-03,2.494401556048815702e-06
9.210926260572798938e-04,4.520530169932400023e-07,1.817948647867304729e-02,6.496060358239184526e-03,3.755541423610869042e-07
3.410929261040198182e-03,1.231024989839662715e-07,2.190744703924643946e-02,1.356547404652465143e-02,3.076970328582929956e-07
1.811963514839488301e-03,1.638399731992481035e-06,2.829800488911797182e-02,2.185556564720632020e-02,9.040459242426674053e-07
1.259042380141557052e-03,5.135981808619417152e-08,2.604766620948828493e-02,2.866101250190013217e-02,9.997308475602742205e-06
4.705647402611592587e-04,1.236318493242840887e-08,1.892890841385527073e-02,2.865508961253069795e-02,6.428862912771965193e-05
4.622684831129487985e-06,4.707609726338934051e-09,2.416734301914814573e-02,2.988044249755258952e-02,2.100588715705714997e-05
6.089498279486531752e-08,2.364851240515321837e-09,2.715827968562898112e-02,3.336925791148461634e-02,3.081852737296752971e-05
1.093381892224113372e-08,-8.075958492511198735e-09,1.053333920606056018e-02,2.640211984657951996e-02,1.209037276620861896e-04
9.266988857310936699e-09,-1.088074306728362782e-08,1.398329532742686836e-02,2.486022083199453808e-02,4.411352460991691844e-05
7.900495676748107290e-10,-3.283005648086716020e-09,1.584589360536299563e-02,3.047146853259084104e-02,1.809829630542721221e-04
-2.201786016691801731e-09,-3.269427233377508532e-09,1.349620398734534960e-02,2.869336994392509763e-02,9.078252082845511084e-05
-8.157059920022364080e-09,-3.782455536746339004e-10,1.578029890309810487e-02,3.833680858008624986e-02,2.507192047730273136e-05
-7.001969962680813669e-07,-1.381743602268798653e-08,1.512305980397962192e-02,3.020356558967491820e-02,2.792177707088263638e-06
-1.286246700000988554e-06,-1.164229972300149289e-08,1.685002655416398612e-02,2.955754671078266588e-02,8.275158580216788001e-07
-2.935908894516486381e-05,-2.738597781363128208e-08,1.848144951443522754e-02,2.897113442688071389e-02,1.654008317017308862e-06
-5.310512269273511590e-05,-5.918401536400300959e-08,1.302083529952355496e-02,2.708719093189133897e-02,3.558578103359057862e-08
-4.831791478654097661e-05,-1.447101248853638913e-07,1.437798612872611542e-02,2.518604003599040145e-02,-4.487493462219552114e-09
-2.176997972035289008e-06,-2.352224028859903112e-07,1.655247781052762712e-02,3.201544436512115260e-02,-1.770584250580629268e-08
